2017-12-22 05:33:19,0,0,3,0.0,3417.9,0,0.0,0.0,24.8,0,
2017-12-22 05:33:47,0,0,3,0.4,3419.2,23.9,0.0,0.0,24.6,0,
2017-12-22 05:33:50,0,0,3,0.4,3419.1,23.4,0.0,0.0,24.6,0,
2017-12-22 05:33:53,0,0,3,0.5,3419.2,23.8,0.0,0.0,24.6,0,
2017-12-22 05:33:56,0,0,3,0.5,3419.4,23.8,0.0,0.0,24.7,0,
2017-12-22 05:33:59,0,0,3,0.6,3419.5,23.6,0.0,0.0,24.7,0,
2017-12-22 05:34:02,0,0,3,0.6,3419.5,23.4,0.0,0.0,24.7,0,
2017-12-22 05:34:05,0,0,3,0.7,3419.7,23.1,0.0,0.0,24.7,0,
2017-12-22 05:34:08,0,0,3,0.7,3419.8,23.7,0.0,0.0,24.7,0,
2017-12-22 05:34:12,0,0,3,0.8,3419.8,22.9,0.0,0.0,24.7,0,
2017-12-22 05:34:15,0,0,3,0.8,3420.0,24.2,0.0,0.0,24.7,0,
2017-12-22 05:34:18,0,0,3,0.9,3419.9,23.9,0.0,0.0,24.7,0,
2017-12-22 05:34:21,0,0,3,0.9,3420.0,23.8,0.0,0.0,24.7,0,
2017-12-22 05:34:24,0,0,3,1.0,3420.1,23.5,0.0,0.0,24.7,0,
2017-12-22 05:34:25,0,0,3,1.0,3420.2,22.9,0.0,0.0,24.7,1,时间到
2017-12-22 05:34:29,0,1,2,0.0,3420.1,0,0.0,0.0,24.7,0,
2017-12-22 05:34:51,0,1,2,0.4,3502.5,40001.7,266.7,930.2,24.8,0,
2017-12-22 05:34:54,0,1,2,0.4,3506.8,40001.7,266.7,930.2,24.8,0,
2017-12-22 05:34:58,0,1,2,0.5,3510.7,40001.9,333.4,1164.2,24.8,0,
2017-12-22 05:35:01,0,1,2,0.5,3514.5,40002.1,333.4,1164.2,24.8,0,
2017-12-22 05:35:04,0,1,2,0.6,3518.2,40003.2,400.0,1398.7,24.8,0,
2017-12-22 05:35:07,0,1,2,0.6,3521.5,39999.5,400.0,1398.7,24.8,0,
2017-12-22 05:35:11,0,1,2,0.7,3524.8,40000.1,466.7,1633.6,24.8,0,
2017-12-22 05:35:14,0,1,2,0.7,3527.8,40000.3,466.7,1633.6,24.8,0,
2017-12-22 05:35:17,0,1,2,0.8,3530.4,40000.0,533.4,1868.9,24.8,0,
2017-12-22 05:35:20,0,1,2,0.8,3533.2,40000.3,533.4,1868.9,24.8,0,
2017-12-22 05:35:23,0,1,2,0.9,3535.7,40000.5,600.0,2104.5,24.8,0,
2017-12-22 05:35:27,0,1,2,0.9,3538.1,40000.8,600.0,2104.5,24.8,0,
2017-12-22 05:35:30,0,1,2,1.0,3540.2,40000.7,666.7,2340.4,24.8,0,
2017-12-22 05:35:33,0,1,2,1.0,3542.2,40001.1,666.7,2340.4,24.8,0,
2017-12-22 05:35:36,0,1,2,1.1,3543.9,40001.0,733.4,2576.6,24.9,0,
2017-12-22 05:35:39,0,1,2,1.1,3545.6,40001.3,733.4,2576.6,24.9,0,
2017-12-22 05:35:42,0,1,2,1.2,3547.1,40001.5,800.0,2813.0,24.9,0,
2017-12-22 05:35:45,0,1,2,1.2,3548.4,40001.5,800.0,2813.0,25.0,0,
2017-12-22 05:35:48,0,1,2,1.3,3549.9,40001.7,866.7,3049.6,25.0,0,
2017-12-22 05:35:51,0,1,2,1.4,3551.3,40001.7,933.4,3286.4,25.0,0,
2017-12-22 05:35:54,0,1,2,1.4,3552.6,40001.8,933.4,3286.4,24.9,0,
2017-12-22 05:35:58,0,1,2,1.5,3553.7,40001.7,1000.1,3523.3,24.9,0,
2017-12-22 05:36:01,0,1,2,1.5,3554.9,40002.0,1000.1,3523.3,24.9,0,
2017-12-22 05:36:04,0,1,2,1.6,3556.1,40002.0,1066.7,3760.4,24.9,0,
2017-12-22 05:36:07,0,1,2,1.6,3557.1,40002.0,1066.7,3760.4,24.9,0,
2017-12-22 05:36:10,0,1,2,1.7,3558.2,40001.8,1133.4,3997.6,24.9,0,
2017-12-22 05:36:13,0,1,2,1.7,3559.1,40002.0,1133.4,3997.6,24.9,0,
2017-12-22 05:36:17,0,1,2,1.8,3560.0,40001.8,1200.1,4234.9,24.9,0,
2017-12-22 05:36:20,0,1,2,1.8,3561.0,40002.2,1200.1,4234.9,24.9,0,
2017-12-22 05:36:23,0,1,2,1.9,3561.8,40001.5,1266.8,4472.4,24.9,0,
2017-12-22 05:36:26,0,1,2,1.9,3562.7,40002.5,1266.8,4472.4,25.0,0,
2017-12-22 05:36:29,0,1,2,2.0,3563.6,40002.4,1333.4,4710.0,24.9,0,
2017-12-22 05:36:32,0,1,2,2.0,3564.5,40002.5,1333.4,4710.0,24.9,0,
2017-12-22 05:36:35,0,1,2,2.1,3565.5,40002.4,1400.1,4947.6,24.9,0,
2017-12-22 05:36:39,0,1,2,2.1,3566.4,40002.5,1400.1,4947.6,24.9,0,
2017-12-22 05:36:42,0,1,2,2.2,3567.2,40002.0,1466.8,5185.4,24.9,0,
2017-12-22 05:36:45,0,1,2,2.2,3567.9,40002.0,1466.8,5185.4,24.9,0,
2017-12-22 05:36:48,0,1,2,2.3,3568.8,40002.2,1533.4,5423.3,24.9,0,
2017-12-22 05:36:52,0,1,2,2.4,3569.6,40002.4,1600.1,5661.3,24.9,0,
2017-12-22 05:36:55,0,1,2,2.4,3570.4,40002.1,1600.1,5661.3,24.9,0,
2017-12-22 05:36:58,0,1,2,2.5,3571.2,40002.4,1666.8,5899.4,24.9,0,
2017-12-22 05:37:01,0,1,2,2.5,3572.0,40002.5,1666.8,5899.4,24.9,0,
2017-12-22 05:37:04,0,1,2,2.6,3572.9,40002.5,1733.5,6137.6,24.8,0,
2017-12-22 05:37:07,0,1,2,2.6,3573.5,40002.5,1733.5,6137.6,24.8,0,
2017-12-22 05:37:10,0,1,2,2.7,3574.5,39999.8,1800.1,6376.0,24.8,0,
2017-12-22 05:37:13,0,1,2,2.7,3575.2,39999.8,1800.1,6376.0,24.8,0,
2017-12-22 05:37:17,0,1,2,2.8,3576.1,39999.8,1866.8,6614.3,24.8,0,
2017-12-22 05:37:20,0,1,2,2.8,3577.0,39999.9,1866.8,6614.3,24.8,0,
2017-12-22 05:37:23,0,1,2,2.9,3577.7,40000.0,1933.5,6852.8,24.8,0,
2017-12-22 05:37:26,0,1,2,2.9,3578.4,40000.2,1933.5,6852.8,24.8,0,
2017-12-22 05:37:29,0,1,2,3.0,3579.3,39999.7,2000.2,7091.4,24.8,0,
2017-12-22 05:37:32,0,1,2,3.0,3580.1,40000.0,2000.2,7091.4,24.7,0,
2017-12-22 05:37:35,0,1,2,3.1,3580.8,39999.8,2066.8,7330.1,24.8,0,
2017-12-22 05:37:38,0,1,2,3.1,3581.5,40000.0,2066.8,7330.1,24.7,0,
2017-12-22 05:37:41,0,1,2,3.2,3582.4,40000.1,2133.5,7568.9,24.7,0,
2017-12-22 05:37:44,0,1,2,3.2,3583.2,40000.0,2133.5,7568.9,24.7,0,
2017-12-22 05:37:47,0,1,2,3.3,3584.1,40000.2,2200.1,7807.8,24.7,0,
2017-12-22 05:37:51,0,1,2,3.3,3584.9,40000.2,2200.1,7807.8,24.7,0,
2017-12-22 05:37:54,0,1,2,3.4,3585.7,39999.7,2266.8,8046.8,24.7,0,
2017-12-22 05:37:57,0,1,2,3.4,3586.5,40000.0,2266.8,8046.8,24.7,0,
2017-12-22 05:38:00,0,1,2,3.5,3587.1,39999.3,2333.5,8285.9,24.6,0,
2017-12-22 05:38:03,0,1,2,3.5,3588.0,40000.0,2333.5,8285.9,24.6,0,
2017-12-22 05:38:06,0,1,2,3.6,3588.8,39999.8,2400.1,8525.1,24.6,0,
2017-12-22 05:38:09,0,1,2,3.6,3589.6,40000.0,2400.1,8525.1,24.6,0,
2017-12-22 05:38:12,0,1,2,3.7,3590.3,40000.3,2466.8,8764.5,24.6,0,
2017-12-22 05:38:15,0,1,2,3.7,3591.3,40000.0,2466.8,8764.5,24.6,0,
2017-12-22 05:38:18,0,1,2,3.8,3592.2,40000.2,2533.5,9003.9,24.6,0,
2017-12-22 05:38:21,0,1,2,3.9,3592.9,40000.2,2600.1,9243.4,24.6,0,
2017-12-22 05:38:24,0,1,2,3.9,3593.6,40000.3,2600.1,9243.4,24.6,0,
2017-12-22 05:38:27,0,1,2,4.0,3594.4,40000.0,2666.8,9483.0,24.6,0,
2017-12-22 05:38:30,0,1,2,4.0,3595.3,40000.2,2666.8,9483.0,24.6,0,
2017-12-22 05:38:33,0,1,2,4.1,3596.1,40000.2,2733.5,9722.8,24.6,0,
2017-12-22 05:38:36,0,1,2,4.1,3596.9,40000.0,2733.5,9722.8,24.6,0,
2017-12-22 05:38:40,0,1,2,4.2,3597.8,40000.0,2800.1,9962.6,24.6,0,
2017-12-22 05:38:43,0,1,2,4.2,3598.5,40000.7,2800.1,9962.6,24.6,0,
2017-12-22 05:38:46,0,1,2,4.3,3599.3,40000.5,2866.8,10202.6,24.7,0,
2017-12-22 05:38:49,0,1,2,4.3,3600.1,40000.0,2866.8,10202.6,24.7,0,
2017-12-22 05:38:52,0,1,2,4.4,3601.0,40000.0,2933.5,10442.6,24.7,0,
2017-12-22 05:38:55,0,1,2,4.4,3601.6,40000.3,2933.5,10442.6,24.7,0,
2017-12-22 05:38:58,0,1,2,4.5,3602.7,40000.1,3000.2,10682.8,24.6,0,
2017-12-22 05:39:01,0,1,2,4.5,3603.3,40000.0,3000.2,10682.8,24.6,0,
2017-12-22 05:39:04,0,1,2,4.6,3604.2,39999.9,3066.8,10923.0,24.6,0,
2017-12-22 05:39:08,0,1,2,4.6,3605.0,40000.2,3066.8,10923.0,24.6,0,
2017-12-22 05:39:11,0,1,2,4.7,3605.8,40000.2,3133.5,11163.4,24.6,0,
2017-12-22 05:39:14,0,1,2,4.7,3606.6,40000.5,3133.5,11163.4,24.7,0,
2017-12-22 05:39:17,0,1,2,4.8,3607.5,40000.3,3200.2,11403.9,24.7,0,
2017-12-22 05:39:20,0,1,2,4.8,3608.3,40000.3,3200.2,11403.9,24.7,0,
2017-12-22 05:39:23,0,1,2,4.9,3609.0,40000.6,3266.8,11644.5,24.6,0,
2017-12-22 05:39:27,0,1,2,4.9,3609.8,40000.2,3266.8,11644.5,24.7,0,
2017-12-22 05:39:30,0,1,2,5.0,3610.9,40000.1,3333.5,11885.1,24.7,0,
2017-12-22 05:39:33,0,1,2,5.0,3611.6,40000.3,3333.5,11885.1,24.7,0,
2017-12-22 05:39:36,0,1,2,5.1,3612.4,40000.5,3400.2,12125.9,24.7,0,
2017-12-22 05:39:39,0,1,2,5.1,3613.1,40000.6,3400.2,12125.9,24.7,0,
2017-12-22 05:39:42,0,1,2,5.2,3613.9,40000.3,3466.8,12366.8,24.7,0,
2017-12-22 05:39:45,0,1,2,5.2,3614.9,40000.0,3466.8,12366.8,24.7,0,
2017-12-22 05:39:48,0,1,2,5.3,3615.6,40000.3,3533.5,12607.8,24.7,0,
2017-12-22 05:39:51,0,1,2,5.3,3616.4,40000.1,3533.5,12607.8,24.7,0,
2017-12-22 05:39:54,0,1,2,5.4,3617.2,39999.8,3600.2,12848.9,24.7,0,
2017-12-22 05:39:58,0,1,2,5.5,3617.9,40000.2,3666.8,13090.1,24.7,0,
2017-12-22 05:40:01,0,1,2,5.5,3618.8,40000.0,3666.8,13090.1,24.7,0,
2017-12-22 05:40:04,0,1,2,5.6,3619.5,40000.0,3733.5,13331.4,24.7,0,
2017-12-22 05:40:07,0,1,2,5.6,3620.2,40000.0,3733.5,13331.4,24.7,0,
2017-12-22 05:40:10,0,1,2,5.7,3621.1,40000.0,3800.2,13572.8,24.7,0,
2017-12-22 05:40:13,0,1,2,5.7,3621.8,40000.3,3800.2,13572.8,24.7,0,
2017-12-22 05:40:16,0,1,2,5.8,3622.5,40000.0,3866.8,13814.3,24.7,0,
2017-12-22 05:40:19,0,1,2,5.8,3623.4,40000.3,3866.8,13814.3,24.7,0,
2017-12-22 05:40:22,0,1,2,5.9,3624.1,40000.2,3933.5,14055.9,24.8,0,
2017-12-22 05:40:25,0,1,2,5.9,3624.8,40000.0,3933.5,14055.9,24.7,0,
2017-12-22 05:40:28,0,1,2,6.0,3625.7,40000.7,4000.2,14297.6,24.8,0,
2017-12-22 05:40:32,0,1,2,6.0,3626.3,39999.9,4000.2,14297.6,24.8,0,
2017-12-22 05:40:35,0,1,2,6.1,3627.2,40000.1,4066.8,14539.4,24.8,0,
2017-12-22 05:40:38,0,1,2,6.1,3627.9,40000.2,4066.8,14539.4,24.8,0,
2017-12-22 05:40:41,0,1,2,6.2,3628.7,40000.3,4133.5,14781.2,24.8,0,
2017-12-22 05:40:44,0,1,2,6.2,3629.4,40000.3,4133.5,14781.2,24.8,0,
2017-12-22 05:40:47,0,1,2,6.3,3630.1,40000.0,4200.2,15023.2,24.8,0,
2017-12-22 05:40:51,0,1,2,6.3,3631.1,40000.0,4200.2,15023.2,24.7,0,
2017-12-22 05:40:54,0,1,2,6.4,3631.6,40000.3,4266.8,15265.3,24.8,0,
2017-12-22 05:40:57,0,1,2,6.4,3632.4,40000.0,4266.8,15265.3,24.8,0,
2017-12-22 05:41:00,0,1,2,6.5,3633.1,40000.3,4333.5,15507.5,24.7,0,
2017-12-22 05:41:03,0,1,2,6.5,3633.9,40000.2,4333.5,15507.5,24.7,0,
2017-12-22 05:41:06,0,1,2,6.6,3634.4,39999.7,4400.2,15749.8,24.8,0,
2017-12-22 05:41:09,0,1,2,6.7,3635.4,40000.2,4466.8,15992.1,24.7,0,
2017-12-22 05:41:13,0,1,2,6.7,3636.0,40000.2,4466.8,15992.1,24.8,0,
2017-12-22 05:41:16,0,1,2,6.8,3636.6,40000.5,4533.5,16234.6,24.8,0,
2017-12-22 05:41:19,0,1,2,6.8,3637.4,40000.7,4533.5,16234.6,24.8,0,
2017-12-22 05:41:22,0,1,2,6.9,3638.1,40000.6,4600.2,16477.1,24.8,0,
2017-12-22 05:41:25,0,1,2,6.9,3638.8,40000.8,4600.2,16477.1,24.8,0,
2017-12-22 05:41:28,0,1,2,7.0,3639.5,40000.6,4666.8,16719.7,24.8,0,
2017-12-22 05:41:31,0,1,2,7.0,3640.1,40000.6,4666.8,16719.7,24.7,0,
2017-12-22 05:41:34,0,1,2,7.1,3641.0,40000.2,4733.5,16962.4,24.7,0,
2017-12-22 05:41:38,0,1,2,7.1,3641.6,40000.5,4733.5,16962.4,24.7,0,
2017-12-22 05:41:41,0,1,2,7.2,3642.4,40000.6,4800.2,17205.3,24.8,0,
2017-12-22 05:41:44,0,1,2,7.2,3643.1,40000.3,4800.2,17205.3,24.8,0,
2017-12-22 05:41:47,0,1,2,7.3,3643.6,40000.0,4866.8,17448.1,24.8,0,
2017-12-22 05:41:50,0,1,2,7.3,3644.4,40000.0,4866.8,17448.1,24.8,0,
2017-12-22 05:41:53,0,1,2,7.4,3645.1,40000.8,4933.5,17691.1,24.8,0,
2017-12-22 05:41:57,0,1,2,7.4,3645.8,40000.5,4933.5,17691.1,24.8,0,
2017-12-22 05:42:00,0,1,2,7.5,3646.4,40000.3,5000.2,17934.2,24.7,0,
2017-12-22 05:42:03,0,1,2,7.5,3647.2,40000.5,5000.2,17934.2,24.7,0,
2017-12-22 05:42:06,0,1,2,7.6,3647.8,40000.6,5066.8,18177.4,24.7,0,
2017-12-22 05:42:09,0,1,2,7.7,3648.6,40000.8,5133.5,18420.6,24.8,0,
2017-12-22 05:42:13,0,1,2,7.7,3649.3,40000.8,5133.5,18420.6,24.8,0,
2017-12-22 05:42:16,0,1,2,7.8,3649.7,40000.5,5200.2,18663.9,24.8,0,
2017-12-22 05:42:19,0,1,2,7.8,3650.5,40000.5,5200.2,18663.9,24.8,0,
2017-12-22 05:42:22,0,1,2,7.9,3651.1,40000.5,5266.9,18907.3,24.8,0,
2017-12-22 05:42:25,0,1,2,7.9,3651.8,40000.5,5266.9,18907.3,24.8,0,
2017-12-22 05:42:28,0,1,2,8.0,3652.4,40000.5,5333.5,19150.8,24.8,0,
2017-12-22 05:42:31,0,1,2,8.0,3653.0,40000.3,5333.5,19150.8,24.8,0,
2017-12-22 05:42:34,0,1,2,8.1,3653.6,40000.3,5400.2,19394.4,24.8,0,
2017-12-22 05:42:37,0,1,2,8.1,3654.3,40000.3,5400.2,19394.4,24.8,0,
2017-12-22 05:42:41,0,1,2,8.2,3654.9,40000.3,5466.9,19638.0,24.8,0,
2017-12-22 05:42:44,0,1,2,8.2,3655.4,40000.7,5466.9,19638.0,24.8,0,
2017-12-22 05:42:47,0,1,2,8.3,3656.1,40001.1,5533.5,19881.8,24.8,0,
2017-12-22 05:42:50,0,1,2,8.3,3656.9,40000.6,5533.5,19881.8,24.8,0,
2017-12-22 05:42:53,0,1,2,8.4,3657.4,40000.3,5600.2,20125.6,24.8,0,
2017-12-22 05:42:56,0,1,2,8.4,3658.1,40000.8,5600.2,20125.6,24.8,0,
2017-12-22 05:43:00,0,1,2,8.5,3658.8,40000.5,5666.9,20369.5,24.8,0,
2017-12-22 05:43:03,0,1,2,8.5,3659.2,40000.7,5666.9,20369.5,24.8,0,
2017-12-22 05:43:06,0,1,2,8.6,3660.0,40000.7,5733.5,20613.4,24.8,0,
2017-12-22 05:43:09,0,1,2,8.6,3660.6,40000.2,5733.5,20613.4,24.8,0,
2017-12-22 05:43:12,0,1,2,8.7,3661.3,40000.7,5800.2,20857.5,24.8,0,
2017-12-22 05:43:16,0,1,2,8.8,3661.8,40000.7,5866.9,21101.6,24.7,0,
2017-12-22 05:43:19,0,1,2,8.8,3662.4,40000.3,5866.9,21101.6,24.8,0,
2017-12-22 05:43:22,0,1,2,8.9,3662.9,40000.3,5933.5,21345.8,24.7,0,
2017-12-22 05:43:25,0,1,2,8.9,3663.6,40000.3,5933.5,21345.8,24.7,0,
2017-12-22 05:43:28,0,1,2,9.0,3664.1,40000.3,6000.2,21590.1,24.7,0,
2017-12-22 05:43:31,0,1,2,9.0,3664.7,40000.5,6000.2,21590.1,24.7,0,
2017-12-22 05:43:34,0,1,2,9.1,3665.3,40000.2,6066.9,21834.4,24.6,0,
2017-12-22 05:43:37,0,1,2,9.1,3665.9,40000.2,6066.9,21834.4,24.6,0,
2017-12-22 05:43:40,0,1,2,9.2,3666.5,40000.3,6133.5,22078.9,24.6,0,
2017-12-22 05:43:43,0,1,2,9.2,3667.1,40000.3,6133.5,22078.9,24.7,0,
2017-12-22 05:43:46,0,1,2,9.3,3667.5,40000.0,6200.2,22323.3,24.7,0,
2017-12-22 05:43:49,0,1,2,9.3,3668.2,40000.3,6200.2,22323.3,24.7,0,
2017-12-22 05:43:53,0,1,2,9.4,3668.8,40000.2,6266.9,22567.9,24.7,0,
2017-12-22 05:43:56,0,1,2,9.4,3669.3,40000.5,6266.9,22567.9,24.7,0,
2017-12-22 05:43:59,0,1,2,9.5,3669.8,40000.2,6333.5,22812.6,24.7,0,
2017-12-22 05:44:02,0,1,2,9.5,3670.3,40000.8,6333.5,22812.6,24.7,0,
2017-12-22 05:44:05,0,1,2,9.6,3671.0,40000.8,6400.2,23057.3,24.7,0,
2017-12-22 05:44:08,0,1,2,9.6,3671.4,40000.5,6400.2,23057.3,24.6,0,
2017-12-22 05:44:11,0,1,2,9.7,3671.9,40000.3,6466.9,23302.1,24.6,0,
2017-12-22 05:44:14,0,1,2,9.7,3672.4,40000.3,6466.9,23302.1,24.6,0,
2017-12-22 05:44:17,0,1,2,9.8,3672.9,40000.5,6533.5,23546.9,24.6,0,
2017-12-22 05:44:20,0,1,2,9.8,3673.4,40000.5,6533.5,23546.9,24.6,0,
2017-12-22 05:44:24,0,1,2,9.9,3674.0,40000.8,6600.2,23791.9,24.6,0,
2017-12-22 05:44:27,0,1,2,9.9,3674.6,40000.6,6600.2,23791.9,24.6,0,
2017-12-22 05:44:30,0,1,2,10.0,3675.0,40000.3,6666.9,24036.8,24.6,0,
2017-12-22 05:44:33,0,1,2,10.0,3675.7,40000.5,6666.9,24036.8,24.6,0,
2017-12-22 05:44:36,0,1,2,10.1,3676.2,40000.2,6733.6,24281.9,24.6,0,
2017-12-22 05:44:40,0,1,2,10.2,3676.6,40000.3,6800.2,24527.0,24.6,0,
2017-12-22 05:44:43,0,1,2,10.2,3677.1,40000.5,6800.2,24527.0,24.6,0,
2017-12-22 05:44:46,0,1,2,10.3,3677.7,40000.3,6866.9,24772.2,24.6,0,
2017-12-22 05:44:49,0,1,2,10.3,3678.1,40000.2,6866.9,24772.2,24.7,0,
2017-12-22 05:44:52,0,1,2,10.4,3678.7,40001.0,6933.6,25017.4,24.7,0,
2017-12-22 05:44:55,0,1,2,10.4,3679.0,40000.5,6933.6,25017.4,24.7,0,
2017-12-22 05:44:58,0,1,2,10.5,3679.5,40000.5,7000.2,25262.7,24.7,0,
2017-12-22 05:45:02,0,1,2,10.5,3680.0,40000.5,7000.2,25262.7,24.7,0,
2017-12-22 05:45:05,0,1,2,10.6,3680.5,40000.7,7066.9,25508.1,24.6,0,
2017-12-22 05:45:08,0,1,2,10.6,3681.0,40000.8,7066.9,25508.1,24.7,0,
2017-12-22 05:45:11,0,1,2,10.7,3681.6,40000.6,7133.6,25753.5,24.6,0,
2017-12-22 05:45:15,0,1,2,10.7,3681.9,40001.2,7133.6,25753.5,24.7,0,
2017-12-22 05:45:18,0,1,2,10.8,3682.4,40000.7,7200.2,25999.0,24.6,0,
2017-12-22 05:45:21,0,1,2,10.8,3682.8,40000.6,7200.2,25999.0,24.6,0,
2017-12-22 05:45:24,0,1,2,10.9,3683.4,40000.6,7266.9,26244.5,24.6,0,
2017-12-22 05:45:27,0,1,2,10.9,3683.7,40000.2,7266.9,26244.5,24.6,0,
2017-12-22 05:45:30,0,1,2,11.0,3684.1,40000.7,7333.6,26490.1,24.6,0,
2017-12-22 05:45:33,0,1,2,11.0,3684.7,40000.7,7333.6,26490.1,24.6,0,
2017-12-22 05:45:36,0,1,2,11.1,3685.2,40000.8,7400.2,26735.8,24.6,0,
2017-12-22 05:45:39,0,1,2,11.1,3685.5,40000.6,7400.2,26735.8,24.6,0,
2017-12-22 05:45:42,0,1,2,11.2,3685.8,40000.7,7466.9,26981.5,24.6,0,
2017-12-22 05:45:45,0,1,2,11.3,3686.4,40000.5,7533.6,27227.3,24.6,0,
2017-12-22 05:45:49,0,1,2,11.3,3686.9,40000.5,7533.6,27227.3,24.6,0,
2017-12-22 05:45:52,0,1,2,11.4,3687.1,40000.2,7600.2,27473.1,24.7,0,
2017-12-22 05:45:55,0,1,2,11.4,3687.6,40000.8,7600.2,27473.1,24.7,0,
2017-12-22 05:45:58,0,1,2,11.5,3687.9,40000.3,7666.9,27719.0,24.7,0,
2017-12-22 05:46:01,0,1,2,11.5,3688.4,40000.5,7666.9,27719.0,24.7,0,
2017-12-22 05:46:04,0,1,2,11.6,3688.9,40000.8,7733.6,27964.9,24.7,0,
2017-12-22 05:46:07,0,1,2,11.6,3689.1,40000.7,7733.6,27964.9,24.6,0,
2017-12-22 05:46:10,0,1,2,11.7,3689.7,40001.0,7800.2,28210.9,24.7,0,
2017-12-22 05:46:13,0,1,2,11.7,3690.1,40000.7,7800.2,28210.9,24.6,0,
2017-12-22 05:46:16,0,1,2,11.8,3690.4,40000.5,7866.9,28456.9,24.6,0,
2017-12-22 05:46:19,0,1,2,11.8,3690.8,40000.7,7866.9,28456.9,24.7,0,
2017-12-22 05:46:22,0,1,2,11.9,3691.2,40000.5,7933.6,28703.0,24.6,0,
2017-12-22 05:46:25,0,1,2,11.9,3691.5,40000.7,7933.6,28703.0,24.6,0,
2017-12-22 05:46:28,0,1,2,12.0,3691.9,40000.5,8000.3,28949.1,24.6,0,
2017-12-22 05:46:32,0,1,2,12.0,3692.3,40000.7,8000.3,28949.1,24.6,0,
2017-12-22 05:46:35,0,1,2,12.1,3692.8,40000.3,8066.9,29195.3,24.6,0,
2017-12-22 05:46:38,0,1,2,12.1,3693.2,40000.8,8066.9,29195.3,24.6,0,
2017-12-22 05:46:41,0,1,2,12.2,3693.6,40000.8,8133.6,29441.5,24.6,0,
2017-12-22 05:46:44,0,1,2,12.2,3693.9,40000.7,8133.6,29441.5,24.6,0,
2017-12-22 05:46:47,0,1,2,12.3,3694.3,40000.8,8200.3,29687.8,24.6,0,
2017-12-22 05:46:50,0,1,2,12.3,3694.8,40000.6,8200.3,29687.8,24.6,0,
2017-12-22 05:46:53,0,1,2,12.4,3695.2,40000.5,8266.9,29934.1,24.6,0,
2017-12-22 05:46:56,0,1,2,12.4,3695.4,40000.5,8266.9,29934.1,24.6,0,
2017-12-22 05:46:59,0,1,2,12.5,3695.9,40000.5,8333.6,30180.5,24.6,0,
2017-12-22 05:47:03,0,1,2,12.5,3696.2,40000.5,8333.6,30180.5,24.6,0,
2017-12-22 05:47:06,0,1,2,12.6,3696.7,40000.3,8400.3,30427.0,24.6,0,
2017-12-22 05:47:09,0,1,2,12.6,3696.8,40000.7,8400.3,30427.0,24.6,0,
2017-12-22 05:47:12,0,1,2,12.7,3697.4,40000.3,8466.9,30673.4,24.6,0,
2017-12-22 05:47:15,0,1,2,12.7,3697.7,40000.5,8466.9,30673.4,24.6,0,
2017-12-22 05:47:18,0,1,2,12.8,3698.1,40000.3,8533.6,30920.0,24.6,0,
2017-12-22 05:47:21,0,1,2,12.8,3698.4,40000.6,8533.6,30920.0,24.6,0,
2017-12-22 05:47:24,0,1,2,12.9,3698.9,40000.5,8600.3,31166.5,24.6,0,
2017-12-22 05:47:27,0,1,2,13.0,3699.2,40000.5,8666.9,31413.1,24.7,0,
2017-12-22 05:47:30,0,1,2,13.0,3699.5,40000.5,8666.9,31413.1,24.7,0,
2017-12-22 05:47:33,0,1,2,13.1,3699.9,40000.3,8733.6,31659.8,24.7,0,
2017-12-22 05:47:36,0,1,2,13.1,3700.1,40000.5,8733.6,31659.8,24.7,0,
2017-12-22 05:47:39,0,1,2,13.2,3700.4,40000.7,8800.3,31906.5,24.7,0,
2017-12-22 05:47:43,0,1,2,13.2,3700.9,40000.7,8800.3,31906.5,24.7,0,
2017-12-22 05:47:46,0,1,2,13.3,3701.3,40000.8,8867.0,32153.2,24.6,0,
2017-12-22 05:47:49,0,1,2,13.3,3701.6,40000.7,8867.0,32153.2,24.6,0,
2017-12-22 05:47:52,0,1,2,13.4,3701.9,40000.5,8933.6,32400.0,24.6,0,
2017-12-22 05:47:55,0,1,2,13.4,3702.4,40000.3,8933.6,32400.0,24.7,0,
2017-12-22 05:47:58,0,1,2,13.5,3702.7,40000.3,9000.3,32646.9,24.7,0,
2017-12-22 05:48:01,0,1,2,13.5,3703.0,40000.5,9000.3,32646.9,24.7,0,
2017-12-22 05:48:04,0,1,2,13.6,3703.5,40000.5,9067.0,32893.8,24.7,0,
2017-12-22 05:48:07,0,1,2,13.6,3703.6,40000.5,9067.0,32893.8,24.7,0,
2017-12-22 05:48:10,0,1,2,13.7,3704.1,40000.1,9133.6,33140.7,24.7,0,
2017-12-22 05:48:13,0,1,2,13.7,3704.4,40000.5,9133.6,33140.7,24.7,0,
2017-12-22 05:48:16,0,1,2,13.8,3704.9,40000.6,9200.3,33387.7,24.7,0,
2017-12-22 05:48:19,0,1,2,13.8,3705.2,40000.5,9200.3,33387.7,24.7,0,
2017-12-22 05:48:22,0,1,2,13.9,3705.5,40000.2,9267.0,33634.7,24.7,0,
2017-12-22 05:48:26,0,1,2,13.9,3705.8,40000.5,9267.0,33634.7,24.7,0,
2017-12-22 05:48:29,0,1,2,14.0,3706.2,40000.8,9333.6,33881.8,24.7,0,
2017-12-22 05:48:32,0,1,2,14.0,3706.4,40000.3,9333.6,33881.8,24.7,0,
2017-12-22 05:48:35,0,1,2,14.1,3706.9,40000.8,9400.3,34128.9,24.7,0,
2017-12-22 05:48:38,0,1,2,14.1,3707.1,40000.5,9400.3,34128.9,24.7,0,
2017-12-22 05:48:41,0,1,2,14.2,3707.4,40000.5,9467.0,34376.1,24.7,0,
2017-12-22 05:48:44,0,1,2,14.2,3707.8,40000.6,9467.0,34376.1,24.7,0,
2017-12-22 05:48:47,0,1,2,14.3,3708.1,40000.0,9533.6,34623.3,24.7,0,
2017-12-22 05:48:50,0,1,2,14.3,3708.7,40000.5,9533.6,34623.3,24.7,0,
2017-12-22 05:48:53,0,1,2,14.4,3708.9,40000.0,9600.3,34870.5,24.7,0,
2017-12-22 05:48:57,0,1,2,14.4,3709.2,40000.5,9600.3,34870.5,24.7,0,
2017-12-22 05:49:00,0,1,2,14.5,3709.5,40000.3,9667.0,35117.8,24.7,0,
2017-12-22 05:49:03,0,1,2,14.5,3709.9,40000.5,9667.0,35117.8,24.7,0,
2017-12-22 05:49:06,0,1,2,14.6,3710.4,40000.1,9733.6,35365.2,24.7,0,
2017-12-22 05:49:09,0,1,2,14.7,3710.7,40000.6,9800.3,35612.6,24.7,0,
2017-12-22 05:49:12,0,1,2,14.7,3711.1,40000.3,9800.3,35612.6,24.7,0,
2017-12-22 05:49:15,0,1,2,14.8,3711.5,40000.3,9867.0,35860.0,24.7,0,
2017-12-22 05:49:19,0,1,2,14.8,3711.8,40000.5,9867.0,35860.0,24.7,0,
2017-12-22 05:49:22,0,1,2,14.9,3711.9,40000.0,9933.6,36107.5,24.7,0,
2017-12-22 05:49:25,0,1,2,14.9,3712.5,40000.3,9933.6,36107.5,24.7,0,
2017-12-22 05:49:28,0,1,2,15.0,3712.8,40000.3,10000.3,36355.0,24.7,0,
2017-12-22 05:49:31,0,1,2,15.0,3713.2,40000.3,10000.3,36355.0,24.6,0,
2017-12-22 05:49:34,0,1,2,15.1,3713.5,40000.1,10067.0,36602.5,24.6,0,
2017-12-22 05:49:37,0,1,2,15.1,3713.7,40000.1,10067.0,36602.5,24.6,0,
2017-12-22 05:49:40,0,1,2,15.2,3714.0,40000.3,10133.6,36850.2,24.6,0,
2017-12-22 05:49:43,0,1,2,15.2,3714.6,40000.2,10133.6,36850.2,24.6,0,
2017-12-22 05:49:47,0,1,2,15.3,3714.9,40000.3,10200.3,37097.8,24.6,0,
2017-12-22 05:49:50,0,1,2,15.3,3715.1,40000.3,10200.3,37097.8,24.6,0,
2017-12-22 05:49:53,0,1,2,15.4,3715.4,40000.5,10267.0,37345.5,24.6,0,
2017-12-22 05:49:56,0,1,2,15.4,3715.9,40000.3,10267.0,37345.5,24.6,0,
2017-12-22 05:49:59,0,1,2,15.5,3716.3,40000.3,10333.6,37593.2,24.6,0,
2017-12-22 05:50:02,0,1,2,15.5,3716.6,40000.0,10333.6,37593.2,24.6,0,
2017-12-22 05:50:05,0,1,2,15.6,3716.9,40000.3,10400.3,37841.0,24.6,0,
2017-12-22 05:50:08,0,1,2,15.6,3717.4,40000.5,10400.3,37841.0,24.6,0,
2017-12-22 05:50:11,0,1,2,15.7,3717.7,40000.3,10467.0,38088.9,24.6,0,
2017-12-22 05:50:14,0,1,2,15.7,3717.8,40000.5,10467.0,38088.9,24.6,0,
2017-12-22 05:50:17,0,1,2,15.8,3718.2,40000.3,10533.7,38336.7,24.6,0,
2017-12-22 05:50:21,0,1,2,15.8,3718.6,40000.7,10533.7,38336.7,24.6,0,
2017-12-22 05:50:24,0,1,2,15.9,3719.1,40000.5,10600.3,38584.7,24.6,0,
2017-12-22 05:50:27,0,1,2,15.9,3719.3,40000.0,10600.3,38584.7,24.6,0,
2017-12-22 05:50:30,0,1,2,16.0,3719.8,40000.5,10667.0,38832.6,24.6,0,
2017-12-22 05:50:33,0,1,2,16.0,3720.0,40000.1,10667.0,38832.6,24.7,0,
2017-12-22 05:50:36,0,1,2,16.1,3720.5,40000.3,10733.7,39080.6,24.6,0,
2017-12-22 05:50:39,0,1,2,16.2,3720.8,40000.2,10800.3,39328.7,24.6,0,
2017-12-22 05:50:42,0,1,2,16.2,3721.2,40000.0,10800.3,39328.7,24.6,0,
2017-12-22 05:50:45,0,1,2,16.3,3721.6,40000.5,10867.0,39576.8,24.6,0,
2017-12-22 05:50:48,0,1,2,16.3,3721.8,40000.2,10867.0,39576.8,24.7,0,
2017-12-22 05:50:52,0,1,2,16.4,3722.2,40000.3,10933.7,39825.0,24.7,0,
2017-12-22 05:50:55,0,1,2,16.4,3722.5,40000.2,10933.7,39825.0,24.7,0,
2017-12-22 05:50:58,0,1,2,16.5,3722.8,40000.3,11000.3,40073.1,24.7,0,
2017-12-22 05:51:01,0,1,2,16.5,3723.2,39999.8,11000.3,40073.1,24.7,0,
2017-12-22 05:51:04,0,1,2,16.6,3723.6,40000.2,11067.0,40321.4,24.7,0,
2017-12-22 05:51:07,0,1,2,16.6,3723.9,40000.2,11067.0,40321.4,24.7,0,
2017-12-22 05:51:10,0,1,2,16.7,3724.4,40000.0,11133.7,40569.7,24.7,0,
2017-12-22 05:51:13,0,1,2,16.7,3724.7,39999.9,11133.7,40569.7,24.6,0,
2017-12-22 05:51:16,0,1,2,16.8,3725.2,39999.8,11200.3,40818.0,24.6,0,
2017-12-22 05:51:19,0,1,2,16.8,3725.6,40000.3,11200.3,40818.0,24.6,0,
2017-12-22 05:51:22,0,1,2,16.9,3725.9,40000.3,11267.0,41066.4,24.7,0,
2017-12-22 05:51:25,0,1,2,16.9,3726.1,40000.1,11267.0,41066.4,24.7,0,
2017-12-22 05:51:28,0,1,2,17.0,3726.5,40000.2,11333.7,41314.8,24.7,0,
2017-12-22 05:51:31,0,1,2,17.0,3726.9,40000.0,11333.7,41314.8,24.6,0,
2017-12-22 05:51:34,0,1,2,17.1,3727.1,40000.0,11400.3,41563.3,24.6,0,
2017-12-22 05:51:37,0,1,2,17.1,3727.5,40000.0,11400.3,41563.3,24.7,0,
2017-12-22 05:51:41,0,1,2,17.2,3727.9,39999.7,11467.0,41811.8,24.6,0,
2017-12-22 05:51:44,0,1,2,17.2,3728.3,39999.9,11467.0,41811.8,24.7,0,
2017-12-22 05:51:47,0,1,2,17.3,3728.8,40000.0,11533.7,42060.4,24.6,0,
2017-12-22 05:51:50,0,1,2,17.3,3729.1,40000.0,11533.7,42060.4,24.6,0,
2017-12-22 05:51:53,0,1,2,17.4,3729.5,39999.8,11600.3,42309.0,24.6,0,
2017-12-22 05:51:56,0,1,2,17.4,3729.9,40000.0,11600.3,42309.0,24.6,0,
2017-12-22 05:51:59,0,1,2,17.5,3730.2,40000.0,11667.0,42557.7,24.7,0,
2017-12-22 05:52:03,0,1,2,17.5,3730.6,40000.0,11667.0,42557.7,24.7,0,
2017-12-22 05:52:06,0,1,2,17.6,3731.0,40000.0,11733.7,42806.4,24.7,0,
2017-12-22 05:52:09,0,1,2,17.6,3731.3,40000.0,11733.7,42806.4,24.8,0,
2017-12-22 05:52:12,0,1,2,17.7,3731.8,40000.0,11800.3,43055.2,24.7,0,
2017-12-22 05:52:15,0,1,2,17.7,3732.1,40000.0,11800.3,43055.2,24.7,0,
2017-12-22 05:52:18,0,1,2,17.8,3732.5,40000.1,11867.0,43304.0,24.8,0,
2017-12-22 05:52:21,0,1,2,17.8,3732.9,40000.0,11867.0,43304.0,24.8,0,
2017-12-22 05:52:25,0,1,2,17.9,3733.2,40000.1,11933.7,43552.8,24.8,0,
2017-12-22 05:52:28,0,1,2,18.0,3733.8,40000.0,12000.3,43801.7,24.7,0,
2017-12-22 05:52:31,0,1,2,18.0,3734.0,40000.0,12000.3,43801.7,24.7,0,
2017-12-22 05:52:34,0,1,2,18.1,3734.4,40000.1,12067.0,44050.7,24.7,0,
2017-12-22 05:52:37,0,1,2,18.1,3734.8,39999.8,12067.0,44050.7,24.8,0,
2017-12-22 05:52:40,0,1,2,18.2,3735.2,40000.2,12133.7,44299.7,24.7,0,
2017-12-22 05:52:43,0,1,2,18.2,3735.6,40000.1,12133.7,44299.7,24.7,0,
2017-12-22 05:52:46,0,1,2,18.3,3735.9,40000.0,12200.3,44548.8,24.7,0,
2017-12-22 05:52:50,0,1,2,18.3,3736.4,40000.0,12200.3,44548.8,24.7,0,
2017-12-22 05:52:53,0,1,2,18.4,3736.9,40000.0,12267.0,44797.9,24.8,0,
2017-12-22 05:52:56,0,1,2,18.4,3737.1,40000.2,12267.0,44797.9,24.8,0,
2017-12-22 05:52:59,0,1,2,18.5,3737.6,40000.2,12333.7,45047.1,24.8,0,
2017-12-22 05:53:02,0,1,2,18.5,3738.1,40000.3,12333.7,45047.1,24.8,0,
2017-12-22 05:53:05,0,1,2,18.6,3738.5,40000.1,12400.3,45296.3,24.7,0,
2017-12-22 05:53:09,0,1,2,18.6,3738.7,40000.1,12400.3,45296.3,24.8,0,
2017-12-22 05:53:12,0,1,2,18.7,3739.4,40000.2,12467.0,45545.5,24.8,0,
2017-12-22 05:53:15,0,1,2,18.7,3739.6,40000.3,12467.0,45545.5,24.8,0,
2017-12-22 05:53:18,0,1,2,18.8,3740.1,39999.8,12533.7,45794.8,24.8,0,
2017-12-22 05:53:21,0,1,2,18.9,3740.5,40000.2,12600.3,46044.2,24.8,0,
2017-12-22 05:53:25,0,1,2,18.9,3741.1,40000.2,12600.3,46044.2,24.8,0,
2017-12-22 05:53:28,0,1,2,19.0,3741.4,40000.3,12667.0,46293.6,24.7,0,
2017-12-22 05:53:31,0,1,2,19.0,3741.7,40000.0,12667.0,46293.6,24.8,0,
2017-12-22 05:53:34,0,1,2,19.1,3742.3,40000.0,12733.7,46543.1,24.8,0,
2017-12-22 05:53:37,0,1,2,19.1,3742.6,39999.9,12733.7,46543.1,24.7,0,
2017-12-22 05:53:41,0,1,2,19.2,3743.2,40000.0,12800.3,46792.7,24.7,0,
2017-12-22 05:53:44,0,1,2,19.2,3743.4,40000.2,12800.3,46792.7,24.7,0,
2017-12-22 05:53:47,0,1,2,19.3,3744.0,40000.0,12867.0,47042.2,24.8,0,
2017-12-22 05:53:50,0,1,2,19.3,3744.3,39999.5,12867.0,47042.2,24.8,0,
2017-12-22 05:53:53,0,1,2,19.4,3744.9,40000.0,12933.7,47291.9,24.7,0,
2017-12-22 05:53:56,0,1,2,19.4,3745.1,40000.0,12933.7,47291.9,24.8,0,
2017-12-22 05:53:59,0,1,2,19.5,3745.6,40000.3,13000.3,47541.6,24.8,0,
2017-12-22 05:54:03,0,1,2,19.5,3746.2,40000.5,13000.3,47541.6,24.8,0,
2017-12-22 05:54:06,0,1,2,19.6,3746.4,40000.3,13067.0,47791.3,24.8,0,
2017-12-22 05:54:09,0,1,2,19.6,3747.0,40000.1,13067.0,47791.3,24.8,0,
2017-12-22 05:54:12,0,1,2,19.7,3747.3,40000.2,13133.7,48041.1,24.8,0,
2017-12-22 05:54:15,0,1,2,19.7,3747.7,40000.0,13133.7,48041.1,24.8,0,
2017-12-22 05:54:18,0,1,2,19.8,3748.2,39999.9,13200.3,48290.9,24.8,0,
2017-12-22 05:54:21,0,1,2,19.8,3748.6,39999.9,13200.3,48290.9,24.8,0,
2017-12-22 05:54:24,0,1,2,19.9,3749.1,40000.0,13267.0,48540.9,24.8,0,
2017-12-22 05:54:28,0,1,2,20.0,3749.6,39999.8,13333.7,48790.8,24.8,0,
2017-12-22 05:54:31,0,1,2,20.0,3749.9,40000.3,13333.7,48790.8,24.8,0,
2017-12-22 05:54:34,0,1,2,20.1,3750.5,40000.2,13400.3,49040.9,24.8,0,
2017-12-22 05:54:37,0,1,2,20.1,3750.8,40000.0,13400.3,49040.9,24.7,0,
2017-12-22 05:54:40,0,1,2,20.2,3751.3,40000.0,13467.0,49290.9,24.7,0,
2017-12-22 05:54:43,0,1,2,20.2,3751.8,39999.8,13467.0,49290.9,24.7,0,
2017-12-22 05:54:46,0,1,2,20.3,3752.1,40000.1,13533.7,49541.1,24.7,0,
2017-12-22 05:54:49,0,1,2,20.3,3752.5,39999.9,13533.7,49541.1,24.7,0,
2017-12-22 05:54:52,0,1,2,20.4,3753.0,39999.8,13600.3,49791.3,24.6,0,
2017-12-22 05:54:55,0,1,2,20.4,3753.5,39999.5,13600.3,49791.3,24.6,0,
2017-12-22 05:54:58,0,1,2,20.5,3753.9,39999.7,13667.0,50041.5,24.6,0,
2017-12-22 05:55:01,0,1,2,20.5,3754.3,40000.0,13667.0,50041.5,24.6,0,
2017-12-22 05:55:04,0,1,2,20.6,3754.9,39999.8,13733.7,50291.8,24.6,0,
2017-12-22 05:55:07,0,1,2,20.6,3755.2,39999.7,13733.7,50291.8,24.6,0,
2017-12-22 05:55:11,0,1,2,20.7,3755.7,40000.0,13800.3,50542.2,24.6,0,
2017-12-22 05:55:14,0,1,2,20.7,3756.1,40000.1,13800.3,50542.2,24.6,0,
2017-12-22 05:55:17,0,1,2,20.8,3756.5,40000.3,13867.0,50792.6,24.7,0,
2017-12-22 05:55:20,0,1,2,20.8,3757.1,40000.0,13867.0,50792.6,24.7,0,
2017-12-22 05:55:23,0,1,2,20.9,3757.5,39999.8,13933.7,51043.1,24.7,0,
2017-12-22 05:55:26,0,1,2,20.9,3757.9,39999.9,13933.7,51043.1,24.7,0,
2017-12-22 05:55:29,0,1,2,21.0,3758.4,40000.0,14000.3,51293.7,24.7,0,
2017-12-22 05:55:33,0,1,2,21.0,3759.1,40000.0,14000.3,51293.7,24.7,0,
2017-12-22 05:55:36,0,1,2,21.1,3759.5,39999.7,14067.0,51544.3,24.8,0,
2017-12-22 05:55:39,0,1,2,21.1,3759.9,40000.0,14067.0,51544.3,24.8,0,
2017-12-22 05:55:42,0,1,2,21.2,3760.3,39999.5,14133.7,51794.9,24.8,0,
2017-12-22 05:55:45,0,1,2,21.3,3761.0,40000.2,14200.3,52045.7,24.8,0,
2017-12-22 05:55:49,0,1,2,21.3,3761.3,39999.7,14200.3,52045.7,24.8,0,
2017-12-22 05:55:52,0,1,2,21.4,3762.0,40000.2,14267.0,52296.5,24.8,0,
2017-12-22 05:55:55,0,1,2,21.4,3762.3,40000.1,14267.0,52296.5,24.8,0,
2017-12-22 05:55:58,0,1,2,21.5,3762.7,40000.3,14333.7,52547.3,24.8,0,
2017-12-22 05:56:01,0,1,2,21.5,3763.4,39999.9,14333.7,52547.3,24.8,0,
2017-12-22 05:56:04,0,1,2,21.6,3763.8,39999.7,14400.3,52798.2,24.8,0,
2017-12-22 05:56:07,0,1,2,21.6,3764.2,39999.7,14400.3,52798.2,24.8,0,
2017-12-22 05:56:10,0,1,2,21.7,3764.7,39999.5,14467.0,53049.2,24.8,0,
2017-12-22 05:56:13,0,1,2,21.7,3765.3,40000.0,14467.0,53049.2,24.8,0,
2017-12-22 05:56:16,0,1,2,21.8,3765.8,40000.0,14533.7,53300.2,24.8,0,
2017-12-22 05:56:19,0,1,2,21.8,3766.3,40000.0,14533.7,53300.2,24.8,0,
2017-12-22 05:56:23,0,1,2,21.9,3766.8,39999.6,14600.3,53551.3,24.8,0,
2017-12-22 05:56:26,0,1,2,21.9,3767.2,39999.6,14600.3,53551.3,24.8,0,
2017-12-22 05:56:29,0,1,2,22.0,3767.8,39999.5,14667.0,53802.5,24.8,0,
2017-12-22 05:56:32,0,1,2,22.0,3768.1,39999.8,14667.0,53802.5,24.8,0,
2017-12-22 05:56:35,0,1,2,22.1,3768.8,40000.0,14733.7,54053.7,24.8,0,
2017-12-22 05:56:38,0,1,2,22.1,3769.3,40000.0,14733.7,54053.7,24.8,0,
2017-12-22 05:56:42,0,1,2,22.2,3769.8,39999.7,14800.3,54305.0,24.8,0,
2017-12-22 05:56:45,0,1,2,22.2,3770.2,39999.5,14800.3,54305.0,24.8,0,
2017-12-22 05:56:48,0,1,2,22.3,3770.9,39999.8,14867.0,54556.4,24.8,0,
2017-12-22 05:56:51,0,1,2,22.3,3771.3,39999.7,14867.0,54556.4,24.8,0,
2017-12-22 05:56:55,0,1,2,22.4,3771.8,39999.5,14933.7,54807.8,24.8,0,
2017-12-22 05:56:58,0,1,2,22.5,3772.3,39999.9,15000.3,55059.3,24.8,0,
2017-12-22 05:57:01,0,1,2,22.5,3772.9,39999.8,15000.3,55059.3,24.8,0,
2017-12-22 05:57:04,0,1,2,22.6,3773.5,39999.7,15067.0,55310.8,24.8,0,
2017-12-22 05:57:07,0,1,2,22.6,3774.1,39999.7,15067.0,55310.8,24.8,0,
2017-12-22 05:57:10,0,1,2,22.7,3774.6,39999.7,15133.7,55562.5,24.8,0,
2017-12-22 05:57:13,0,1,2,22.7,3775.1,39999.8,15133.7,55562.5,24.7,0,
2017-12-22 05:57:16,0,1,2,22.8,3775.6,39999.8,15200.3,55814.2,24.8,0,
2017-12-22 05:57:20,0,1,2,22.8,3776.2,39999.5,15200.3,55814.2,24.8,0,
2017-12-22 05:57:23,0,1,2,22.9,3776.7,39999.5,15267.0,56065.9,24.7,0,
2017-12-22 05:57:26,0,1,2,22.9,3777.3,39999.8,15267.0,56065.9,24.8,0,
2017-12-22 05:57:29,0,1,2,23.0,3777.8,39999.6,15333.7,56317.8,24.8,0,
2017-12-22 05:57:32,0,1,2,23.0,3778.3,39999.5,15333.7,56317.8,24.8,0,
2017-12-22 05:57:36,0,1,2,23.1,3779.0,39999.7,15400.3,56569.7,24.8,0,
2017-12-22 05:57:39,0,1,2,23.1,3779.6,39999.3,15400.3,56569.7,24.8,0,
2017-12-22 05:57:42,0,1,2,23.2,3780.0,39999.7,15467.0,56821.6,24.8,0,
2017-12-22 05:57:45,0,1,2,23.2,3780.5,39999.5,15467.0,56821.6,24.8,0,
2017-12-22 05:57:48,0,1,2,23.3,3781.1,39999.6,15533.7,57073.7,24.8,0,
2017-12-22 05:57:51,0,1,2,23.4,3781.7,39999.8,15600.3,57325.8,24.8,0,
2017-12-22 05:57:55,0,1,2,23.4,3782.4,39999.7,15600.3,57325.8,24.8,0,
2017-12-22 05:57:58,0,1,2,23.5,3782.9,39999.6,15667.0,57578.0,24.8,0,
2017-12-22 05:58:01,0,1,2,23.5,3783.5,39999.3,15667.0,57578.0,24.8,0,
2017-12-22 05:58:04,0,1,2,23.6,3784.0,39999.3,15733.6,57830.2,24.8,0,
2017-12-22 05:58:07,0,1,2,23.6,3784.6,39999.5,15733.6,57830.2,24.8,0,
2017-12-22 05:58:10,0,1,2,23.7,3785.2,39999.5,15800.3,58082.5,24.8,0,
2017-12-22 05:58:14,0,1,2,23.7,3785.8,39999.5,15800.3,58082.5,24.8,0,
2017-12-22 05:58:17,0,1,2,23.8,3786.2,39999.7,15867.0,58334.9,24.8,0,
2017-12-22 05:58:20,0,1,2,23.8,3787.0,39999.6,15867.0,58334.9,24.8,0,
2017-12-22 05:58:23,0,1,2,23.9,3787.6,40000.0,15933.6,58587.4,24.8,0,
2017-12-22 05:58:26,0,1,2,23.9,3788.1,39999.7,15933.6,58587.4,24.9,0,
2017-12-22 05:58:29,0,1,2,24.0,3788.7,39999.7,16000.3,58840.0,24.9,0,
2017-12-22 05:58:33,0,1,2,24.0,3789.4,39999.8,16000.3,58840.0,24.8,0,
2017-12-22 05:58:36,0,1,2,24.1,3789.9,39999.5,16067.0,59092.6,24.9,0,
2017-12-22 05:58:39,0,1,2,24.1,3790.6,39999.8,16067.0,59092.6,24.8,0,
2017-12-22 05:58:42,0,1,2,24.2,3791.2,39999.7,16133.6,59345.3,24.9,0,
2017-12-22 05:58:45,0,1,2,24.3,3791.6,39999.5,16200.3,59598.1,24.9,0,
2017-12-22 05:58:49,0,1,2,24.3,3792.3,39999.7,16200.3,59598.1,24.9,0,
2017-12-22 05:58:52,0,1,2,24.4,3792.9,39999.5,16267.0,59850.9,24.9,0,
2017-12-22 05:58:55,0,1,2,24.4,3793.5,39999.6,16267.0,59850.9,24.8,0,
2017-12-22 05:58:58,0,1,2,24.5,3794.2,39999.7,16333.6,60103.9,24.8,0,
2017-12-22 05:59:01,0,1,2,24.5,3794.7,39999.0,16333.6,60103.9,24.8,0,
2017-12-22 05:59:05,0,1,2,24.6,3795.3,39999.5,16400.3,60356.9,24.8,0,
2017-12-22 05:59:08,0,1,2,24.6,3796.1,39999.6,16400.3,60356.9,24.8,0,
2017-12-22 05:59:11,0,1,2,24.7,3796.7,39999.5,16467.0,60609.9,24.8,0,
2017-12-22 05:59:14,0,1,2,24.7,3797.2,39999.6,16467.0,60609.9,24.8,0,
2017-12-22 05:59:17,0,1,2,24.8,3797.8,39999.5,16533.6,60863.1,24.8,0,
2017-12-22 05:59:20,0,1,2,24.8,3798.6,40000.0,16533.6,60863.1,24.8,0,
2017-12-22 05:59:23,0,1,2,24.9,3799.0,39999.5,16600.3,61116.3,24.8,0,
2017-12-22 05:59:26,0,1,2,24.9,3799.8,39999.7,16600.3,61116.3,24.8,0,
2017-12-22 05:59:29,0,1,2,25.0,3800.2,39999.5,16667.0,61369.7,24.8,0,
2017-12-22 05:59:33,0,1,2,25.0,3801.0,39999.6,16667.0,61369.7,24.8,0,
2017-12-22 05:59:36,0,1,2,25.1,3801.6,39999.7,16733.6,61623.1,24.8,0,
2017-12-22 05:59:39,0,1,2,25.1,3802.4,39999.5,16733.6,61623.1,24.8,0,
2017-12-22 05:59:42,0,1,2,25.2,3803.0,39999.7,16800.3,61876.5,24.8,0,
2017-12-22 05:59:45,0,1,2,25.2,3803.4,39999.3,16800.3,61876.5,24.8,0,
2017-12-22 05:59:48,0,1,2,25.3,3804.1,39999.8,16867.0,62130.1,24.8,0,
2017-12-22 05:59:51,0,1,2,25.3,3804.8,39999.7,16867.0,62130.1,24.8,0,
2017-12-22 05:59:54,0,1,2,25.4,3805.5,39999.8,16933.6,62383.8,24.8,0,
2017-12-22 05:59:57,0,1,2,25.4,3805.9,39999.2,16933.6,62383.8,24.8,0,
2017-12-22 06:00:00,0,1,2,25.5,3806.6,39999.7,17000.3,62637.5,24.8,0,
2017-12-22 06:00:04,0,1,2,25.6,3807.5,39999.7,17067.0,62891.3,24.8,0,
2017-12-22 06:00:07,0,1,2,25.6,3808.1,39999.7,17067.0,62891.3,24.8,0,
2017-12-22 06:00:10,0,1,2,25.7,3808.8,39999.7,17133.6,63145.3,24.8,0,
2017-12-22 06:00:13,0,1,2,25.7,3809.3,39999.6,17133.6,63145.3,24.8,0,
2017-12-22 06:00:16,0,1,2,25.8,3810.2,39999.3,17200.3,63399.2,24.8,0,
2017-12-22 06:00:20,0,1,2,25.8,3810.8,39999.7,17200.3,63399.2,24.8,0,
2017-12-22 06:00:23,0,1,2,25.9,3811.5,39999.3,17267.0,63653.3,24.8,0,
2017-12-22 06:00:26,0,1,2,25.9,3812.2,39999.5,17267.0,63653.3,24.8,0,
2017-12-22 06:00:29,0,1,2,26.0,3812.9,39999.5,17333.6,63907.5,24.8,0,
2017-12-22 06:00:32,0,1,2,26.0,3813.7,39999.8,17333.6,63907.5,24.8,0,
2017-12-22 06:00:35,0,1,2,26.1,3814.4,39999.7,17400.3,64161.7,24.8,0,
2017-12-22 06:00:38,0,1,2,26.1,3815.0,39999.5,17400.3,64161.7,24.8,0,
2017-12-22 06:00:42,0,1,2,26.2,3815.7,39999.7,17467.0,64416.1,24.8,0,
2017-12-22 06:00:45,0,1,2,26.2,3816.4,39999.5,17467.0,64416.1,24.8,0,
2017-12-22 06:00:48,0,1,2,26.3,3817.0,39999.6,17533.6,64670.5,24.8,0,
2017-12-22 06:00:51,0,1,2,26.3,3817.8,39999.6,17533.6,64670.5,24.8,0,
2017-12-22 06:00:54,0,1,2,26.4,3818.4,39999.3,17600.3,64925.0,24.8,0,
2017-12-22 06:00:57,0,1,2,26.5,3819.2,39999.7,17666.9,65179.6,24.8,0,
2017-12-22 06:01:01,0,1,2,26.5,3819.9,39999.3,17666.9,65179.6,24.8,0,
2017-12-22 06:01:04,0,1,2,26.6,3820.7,39999.3,17733.6,65434.3,24.8,0,
2017-12-22 06:01:07,0,1,2,26.6,3821.5,39999.7,17733.6,65434.3,24.8,0,
2017-12-22 06:01:10,0,1,2,26.7,3822.2,39999.2,17800.3,65689.1,24.8,0,
2017-12-22 06:01:14,0,1,2,26.7,3822.8,39999.5,17800.3,65689.1,24.8,0,
2017-12-22 06:01:17,0,1,2,26.8,3823.6,39999.5,17866.9,65944.0,24.8,0,
2017-12-22 06:01:20,0,1,2,26.8,3824.2,39999.6,17866.9,65944.0,24.8,0,
2017-12-22 06:01:23,0,1,2,26.9,3825.0,39999.5,17933.6,66198.9,24.8,0,
2017-12-22 06:01:26,0,1,2,26.9,3825.9,39999.5,17933.6,66198.9,24.8,0,
2017-12-22 06:01:29,0,1,2,27.0,3826.5,39999.2,18000.3,66454.0,24.8,0,
2017-12-22 06:01:32,0,1,2,27.0,3827.3,39999.3,18000.3,66454.0,24.8,0,
2017-12-22 06:01:36,0,1,2,27.1,3828.0,39999.3,18066.9,66709.2,24.8,0,
2017-12-22 06:01:39,0,1,2,27.1,3828.7,39999.7,18066.9,66709.2,24.8,0,
2017-12-22 06:01:42,0,1,2,27.2,3829.5,39999.7,18133.6,66964.4,24.8,0,
2017-12-22 06:01:45,0,1,2,27.2,3830.0,39999.2,18133.6,66964.4,24.9,0,
2017-12-22 06:01:48,0,1,2,27.3,3830.8,39998.5,18200.3,67219.7,24.9,0,
2017-12-22 06:01:51,0,1,2,27.3,3831.8,39999.2,18200.3,67219.7,24.9,0,
2017-12-22 06:01:55,0,1,2,27.4,3832.4,39999.2,18266.9,67475.2,24.9,0,
2017-12-22 06:01:58,0,1,2,27.5,3833.3,39999.7,18333.6,67730.7,24.9,0,
2017-12-22 06:02:01,0,1,2,27.5,3834.1,39999.3,18333.6,67730.7,24.9,0,
2017-12-22 06:02:04,0,1,2,27.6,3834.7,39999.7,18400.3,67986.4,24.9,0,
2017-12-22 06:02:07,0,1,2,27.6,3835.6,39999.5,18400.3,67986.4,24.9,0,
2017-12-22 06:02:10,0,1,2,27.7,3836.3,39999.7,18466.9,68242.1,24.9,0,
2017-12-22 06:02:14,0,1,2,27.7,3837.1,39999.5,18466.9,68242.1,24.9,0,
2017-12-22 06:02:17,0,1,2,27.8,3837.9,39999.3,18533.6,68497.9,24.9,0,
2017-12-22 06:02:20,0,1,2,27.8,3838.6,39999.5,18533.6,68497.9,24.9,0,
2017-12-22 06:02:23,0,1,2,27.9,3839.2,39999.5,18600.3,68753.8,24.9,0,
2017-12-22 06:02:26,0,1,2,27.9,3840.2,39999.2,18600.3,68753.8,24.9,0,
2017-12-22 06:02:29,0,1,2,28.0,3841.0,39999.3,18666.9,69009.9,24.9,0,
2017-12-22 06:02:32,0,1,2,28.0,3841.6,39999.8,18666.9,69009.9,24.9,0,
2017-12-22 06:02:35,0,1,2,28.1,3842.4,39999.6,18733.6,69266.0,25.0,0,
2017-12-22 06:02:38,0,1,2,28.1,3843.2,39999.2,18733.6,69266.0,25.0,0,
2017-12-22 06:02:41,0,1,2,28.2,3843.9,39999.3,18800.2,69522.2,25.0,0,
2017-12-22 06:02:44,0,1,2,28.2,3844.6,39998.7,18800.2,69522.2,25.0,0,
2017-12-22 06:02:47,0,1,2,28.3,3845.5,39999.2,18866.9,69778.6,25.0,0,
2017-12-22 06:02:51,0,1,2,28.3,3846.4,39999.2,18866.9,69778.6,25.0,0,
2017-12-22 06:02:54,0,1,2,28.4,3847.1,39999.5,18933.6,70035.0,25.0,0,
2017-12-22 06:02:57,0,1,2,28.4,3848.0,39999.5,18933.6,70035.0,25.0,0,
2017-12-22 06:03:00,0,1,2,28.5,3848.8,39999.6,19000.2,70291.5,25.0,0,
2017-12-22 06:03:03,0,1,2,28.5,3849.6,39999.2,19000.2,70291.5,25.0,0,
2017-12-22 06:03:06,0,1,2,28.6,3850.3,39999.5,19066.9,70548.2,25.0,0,
2017-12-22 06:03:09,0,1,2,28.6,3851.1,39999.5,19066.9,70548.2,24.9,0,
2017-12-22 06:03:12,0,1,2,28.7,3852.0,39999.1,19133.6,70804.9,24.9,0,
2017-12-22 06:03:16,0,1,2,28.8,3852.9,39999.2,19200.2,71061.8,24.9,0,
2017-12-22 06:03:19,0,1,2,28.8,3853.6,39999.2,19200.2,71061.8,24.8,0,
2017-12-22 06:03:22,0,1,2,28.9,3854.5,39999.3,19266.9,71318.7,24.8,0,
2017-12-22 06:03:25,0,1,2,28.9,3855.4,39999.3,19266.9,71318.7,24.8,0,
2017-12-22 06:03:28,0,1,2,29.0,3856.1,39998.9,19333.6,71575.8,24.8,0,
2017-12-22 06:03:31,0,1,2,29.0,3857.0,39999.2,19333.6,71575.8,24.8,0,
2017-12-22 06:03:34,0,1,2,29.1,3857.7,39999.3,19400.2,71832.9,24.8,0,
2017-12-22 06:03:38,0,1,2,29.1,3858.5,39999.3,19400.2,71832.9,24.8,0,
2017-12-22 06:03:41,0,1,2,29.2,3859.5,39999.3,19466.9,72090.2,24.8,0,
2017-12-22 06:03:44,0,1,2,29.2,3860.2,39999.5,19466.9,72090.2,24.9,0,
2017-12-22 06:03:47,0,1,2,29.3,3861.0,39999.5,19533.5,72347.6,24.8,0,
2017-12-22 06:03:50,0,1,2,29.3,3861.8,39999.5,19533.5,72347.6,24.9,0,
2017-12-22 06:03:53,0,1,2,29.4,3862.7,39999.3,19600.2,72605.0,24.9,0,
2017-12-22 06:03:56,0,1,2,29.4,3863.7,39999.2,19600.2,72605.0,24.9,0,
2017-12-22 06:03:59,0,1,2,29.5,3864.5,39999.0,19666.9,72862.6,24.9,0,
2017-12-22 06:04:02,0,1,2,29.5,3865.2,39999.0,19666.9,72862.6,24.9,0,
2017-12-22 06:04:05,0,1,2,29.6,3866.2,39999.3,19733.5,73120.3,24.9,0,
2017-12-22 06:04:08,0,1,2,29.6,3867.1,39999.5,19733.5,73120.3,24.9,0,
2017-12-22 06:04:12,0,1,2,29.7,3867.9,39999.2,19800.2,73378.1,24.9,0,
2017-12-22 06:04:15,0,1,2,29.7,3868.8,39999.0,19800.2,73378.1,24.9,0,
2017-12-22 06:04:18,0,1,2,29.8,3869.6,39999.2,19866.9,73636.0,24.9,0,
2017-12-22 06:04:21,0,1,2,29.8,3870.5,39999.2,19866.9,73636.0,25.0,0,
2017-12-22 06:04:24,0,1,2,29.9,3871.3,39999.2,19933.5,73894.1,25.0,0,
2017-12-22 06:04:27,0,1,2,30.0,3872.2,39999.2,20000.2,74152.2,25.0,0,
2017-12-22 06:04:30,0,1,2,30.0,3873.2,39999.5,20000.2,74152.2,25.0,0,
2017-12-22 06:04:34,0,1,2,30.1,3874.1,39999.2,20066.9,74410.4,25.0,0,
2017-12-22 06:04:37,0,1,2,30.1,3875.0,39999.3,20066.9,74410.4,25.0,0,
2017-12-22 06:04:40,0,1,2,30.2,3875.7,39999.3,20133.5,74668.8,25.0,0,
2017-12-22 06:04:43,0,1,2,30.2,3876.5,39999.3,20133.5,74668.8,25.0,0,
2017-12-22 06:04:46,0,1,2,30.3,3877.4,39999.2,20200.2,74927.3,25.0,0,
2017-12-22 06:04:49,0,1,2,30.3,3878.1,39999.2,20200.2,74927.3,25.0,0,
2017-12-22 06:04:52,0,1,2,30.4,3879.1,39999.3,20266.9,75185.9,25.0,0,
2017-12-22 06:04:55,0,1,2,30.4,3880.1,39999.3,20266.9,75185.9,25.0,0,
2017-12-22 06:04:58,0,1,2,30.5,3880.9,39999.2,20333.5,75444.6,25.0,0,
2017-12-22 06:05:01,0,1,2,30.5,3881.9,39999.1,20333.5,75444.6,25.0,0,
2017-12-22 06:05:05,0,1,2,30.6,3882.8,39999.0,20400.2,75703.4,25.0,0,
2017-12-22 06:05:08,0,1,2,30.6,3883.7,39999.2,20400.2,75703.4,24.9,0,
2017-12-22 06:05:11,0,1,2,30.7,3884.8,39999.2,20466.8,75962.4,24.9,0,
2017-12-22 06:05:14,0,1,2,30.7,3885.7,39998.7,20466.8,75962.4,25.0,0,
2017-12-22 06:05:17,0,1,2,30.8,3886.5,39999.1,20533.5,76221.4,24.9,0,
2017-12-22 06:05:20,0,1,2,30.8,3887.3,39998.8,20533.5,76221.4,24.9,0,
2017-12-22 06:05:24,0,1,2,30.9,3888.3,39999.0,20600.2,76480.6,25.0,0,
2017-12-22 06:05:27,0,1,2,30.9,3889.3,39998.8,20600.2,76480.6,25.0,0,
2017-12-22 06:05:30,0,1,2,31.0,3890.1,39999.0,20666.8,76739.9,25.0,0,
2017-12-22 06:05:33,0,1,2,31.0,3890.9,39999.0,20666.8,76739.9,25.0,0,
2017-12-22 06:05:36,0,1,2,31.1,3891.8,39998.2,20733.5,76999.3,25.0,0,
2017-12-22 06:05:39,0,1,2,31.1,3892.8,39998.8,20733.5,76999.3,25.0,0,
2017-12-22 06:05:42,0,1,2,31.2,3893.8,39999.0,20800.2,77258.8,25.0,0,
2017-12-22 06:05:45,0,1,2,31.2,3894.8,39998.7,20800.2,77258.8,25.0,0,
2017-12-22 06:05:48,0,1,2,31.3,3895.7,39997.7,20866.8,77518.4,24.9,0,
2017-12-22 06:05:51,0,1,2,31.4,3896.7,39997.8,20933.5,77778.2,25.0,0,
2017-12-22 06:05:54,0,1,2,31.4,3897.6,39997.8,20933.5,77778.2,24.9,0,
2017-12-22 06:05:57,0,1,2,31.5,3898.5,39997.3,21000.1,78038.1,24.9,0,
2017-12-22 06:06:01,0,1,2,31.5,3899.4,39997.9,21000.1,78038.1,24.9,0,
2017-12-22 06:06:04,0,1,2,31.6,3900.1,39696.8,21066.5,78296.8,24.9,0,
2017-12-22 06:06:07,0,1,2,31.6,3900.1,38617.0,21066.5,78296.8,25.0,0,
2017-12-22 06:06:10,0,1,2,31.7,3900.0,37678.9,21129.4,78542.1,25.0,0,
2017-12-22 06:06:13,0,1,2,31.7,3899.9,36648.5,21129.4,78542.1,25.0,0,
2017-12-22 06:06:16,0,1,2,31.8,3899.9,35997.2,21189.7,78777.3,25.0,0,
2017-12-22 06:06:19,0,1,2,31.8,3899.9,35296.5,21189.7,78777.3,25.0,0,
2017-12-22 06:06:22,0,1,2,31.9,3900.1,34755.7,21247.6,79003.3,25.0,0,
2017-12-22 06:06:25,0,1,2,31.9,3899.9,33992.1,21247.6,79003.3,25.0,0,
2017-12-22 06:06:29,0,1,2,32.0,3900.1,33387.3,21303.7,79222.1,25.0,0,
2017-12-22 06:06:32,0,1,2,32.0,3900.0,32806.9,21303.7,79222.1,25.0,0,
2017-12-22 06:06:35,0,1,2,32.1,3900.0,32316.0,21358.0,79433.7,25.0,0,
2017-12-22 06:06:38,0,1,2,32.1,3900.2,31753.2,21358.0,79433.7,25.0,0,
2017-12-22 06:06:41,0,1,2,32.2,3899.8,31043.6,21410.4,79638.0,25.0,0,
2017-12-22 06:06:44,0,1,2,32.2,3900.1,30596.0,21410.4,79638.0,25.0,0,
2017-12-22 06:06:47,0,1,2,32.3,3900.0,30199.1,21461.1,79835.8,25.0,0,
2017-12-22 06:06:50,0,1,2,32.3,3900.0,29541.3,21461.1,79835.8,25.0,0,
2017-12-22 06:06:53,0,1,2,32.4,3899.8,29094.8,21510.3,80027.7,25.0,0,
2017-12-22 06:06:56,0,1,2,32.4,3900.1,28721.7,21510.3,80027.7,25.0,0,
2017-12-22 06:07:00,0,1,2,32.5,3899.9,28223.1,21557.8,80213.0,25.0,0,
2017-12-22 06:07:03,0,1,2,32.5,3899.9,27800.8,21557.8,80213.0,25.0,0,
2017-12-22 06:07:06,0,1,2,32.6,3899.9,27318.2,21604.1,80393.3,25.0,0,
2017-12-22 06:07:09,0,1,2,32.6,3900.0,26853.5,21604.1,80393.3,25.0,0,
2017-12-22 06:07:12,0,1,2,32.7,3899.8,26372.1,21648.8,80567.8,25.0,0,
2017-12-22 06:07:16,0,1,2,32.8,3900.1,25992.1,21692.2,80737.1,25.0,0,
2017-12-22 06:07:19,0,1,2,32.8,3899.9,25525.7,21692.2,80737.1,25.0,0,
2017-12-22 06:07:22,0,1,2,32.9,3900.1,25144.3,21734.3,80901.3,25.0,0,
2017-12-22 06:07:25,0,1,2,32.9,3900.1,24708.0,21734.3,80901.3,25.0,0,
2017-12-22 06:07:28,0,1,2,33.0,3899.9,24337.6,21775.0,81060.0,25.0,0,
2017-12-22 06:07:32,0,1,2,33.0,3900.0,23974.4,21775.0,81060.0,25.0,0,
2017-12-22 06:07:35,0,1,2,33.1,3900.1,23627.6,21814.7,81214.7,25.0,0,
2017-12-22 06:07:38,0,1,2,33.1,3899.9,23156.1,21814.7,81214.7,25.0,0,
2017-12-22 06:07:41,0,1,2,33.2,3900.0,22799.9,21852.9,81364.0,25.0,0,
2017-12-22 06:07:44,0,1,2,33.2,3900.0,22404.2,21852.9,81364.0,25.0,0,
2017-12-22 06:07:47,0,1,2,33.3,3900.0,22067.4,21890.2,81509.2,25.0,0,
2017-12-22 06:07:51,0,1,2,33.3,3900.0,21791.7,21890.2,81509.2,25.0,0,
2017-12-22 06:07:54,0,1,2,33.4,3900.1,21369.6,21926.3,81650.2,25.0,0,
2017-12-22 06:07:57,0,1,2,33.4,3900.0,21040.2,21926.3,81650.2,24.9,0,
2017-12-22 06:08:00,0,1,2,33.5,3900.0,20724.5,21961.4,81786.9,24.9,0,
2017-12-22 06:08:03,0,1,2,33.5,3899.9,20413.6,21961.4,81786.9,24.9,0,
2017-12-22 06:08:06,0,1,2,33.6,3900.1,20159.0,21995.4,81919.6,24.9,0,
2017-12-22 06:08:09,0,1,2,33.7,3900.1,19759.0,22028.4,82048.1,24.9,0,
2017-12-22 06:08:12,0,1,2,33.7,3900.0,19461.5,22028.4,82048.1,24.9,0,
2017-12-22 06:08:15,0,1,2,33.8,3899.9,19220.1,22060.4,82173.0,24.9,0,
2017-12-22 06:08:19,0,1,2,33.8,3899.8,18884.5,22060.4,82173.0,24.9,0,
2017-12-22 06:08:22,0,1,2,33.9,3900.0,18563.3,22091.4,82293.9,24.9,0,
2017-12-22 06:08:25,0,1,2,33.9,3900.1,18324.0,22091.4,82293.9,24.9,0,
2017-12-22 06:08:28,0,1,2,34.0,3900.1,18048.9,22121.5,82411.2,24.8,0,
2017-12-22 06:08:31,0,1,2,34.0,3900.1,17778.8,22121.5,82411.2,24.8,0,
2017-12-22 06:08:34,0,1,2,34.1,3899.9,17469.0,22150.8,82525.6,24.8,0,
2017-12-22 06:08:37,0,1,2,34.1,3899.9,17171.3,22150.8,82525.6,24.9,0,
2017-12-22 06:08:40,0,1,2,34.2,3900.0,16950.2,22179.3,82636.6,24.9,0,
2017-12-22 06:08:44,0,1,2,34.2,3899.9,16696.6,22179.3,82636.6,24.9,0,
2017-12-22 06:08:47,0,1,2,34.3,3899.8,16405.9,22206.8,82744.1,24.9,0,
2017-12-22 06:08:50,0,1,2,34.3,3899.9,16161.5,22206.8,82744.1,24.9,0,
2017-12-22 06:08:53,0,1,2,34.4,3899.9,15920.0,22233.6,82848.6,24.9,0,
2017-12-22 06:08:56,0,1,2,34.4,3899.9,15683.8,22233.6,82848.6,25.0,0,
2017-12-22 06:09:00,0,1,2,34.5,3900.0,15447.9,22259.6,82950.0,25.0,0,
2017-12-22 06:09:03,0,1,2,34.5,3899.9,15217.7,22259.6,82950.0,25.0,0,
2017-12-22 06:09:06,0,1,2,34.6,3900.1,14996.4,22284.9,83048.7,25.0,0,
2017-12-22 06:09:09,0,1,2,34.6,3900.1,14804.0,22284.9,83048.7,25.0,0,
2017-12-22 06:09:12,0,1,2,34.7,3900.0,14545.9,22309.5,83144.7,25.0,0,
2017-12-22 06:09:16,0,1,2,34.8,3900.1,14363.8,22333.5,83238.0,25.0,0,
2017-12-22 06:09:19,0,1,2,34.8,3899.9,14043.2,22333.5,83238.0,24.9,0,
2017-12-22 06:09:22,0,1,2,34.9,3900.1,13833.5,22356.6,83328.2,24.9,0,
2017-12-22 06:09:25,0,1,2,34.9,3900.1,13667.3,22356.6,83328.2,24.9,0,
2017-12-22 06:09:28,0,1,2,35.0,3900.0,13429.7,22379.1,83416.2,24.9,0,
2017-12-22 06:09:31,0,1,2,35.0,3899.9,13255.9,22379.1,83416.2,24.9,0,
2017-12-22 06:09:34,0,1,2,35.1,3900.1,13058.5,22401.1,83501.9,24.9,0,
2017-12-22 06:09:38,0,1,2,35.1,3900.0,12862.4,22401.1,83501.9,24.9,0,
2017-12-22 06:09:41,0,1,2,35.2,3899.9,12703.0,22422.4,83584.7,24.9,0,
2017-12-22 06:09:44,0,1,2,35.2,3900.1,12518.9,22422.4,83584.7,24.8,0,
2017-12-22 06:09:47,0,1,2,35.3,3899.9,12294.7,22442.9,83664.8,24.9,0,
2017-12-22 06:09:50,0,1,2,35.3,3900.0,12171.4,22442.9,83664.8,24.8,0,
2017-12-22 06:09:53,0,1,2,35.4,3900.1,11929.9,22463.0,83743.2,24.9,0,
2017-12-22 06:09:57,0,1,2,35.4,3899.9,11720.9,22463.0,83743.2,24.9,0,
2017-12-22 06:10:00,0,1,2,35.5,3900.1,11575.5,22482.5,83819.2,24.9,0,
2017-12-22 06:10:03,0,1,2,35.5,3900.1,11373.2,22482.5,83819.2,24.9,0,
2017-12-22 06:10:06,0,1,2,35.6,3900.0,11231.4,22501.4,83892.9,24.8,0,
2017-12-22 06:10:09,0,1,2,35.6,3899.9,11091.1,22501.4,83892.9,24.9,0,
2017-12-22 06:10:13,0,1,2,35.7,3899.8,10897.5,22519.8,83964.8,24.8,0,
2017-12-22 06:10:15,0,1,2,35.8,3899.9,10762.0,22537.8,84034.8,24.8,0,
2017-12-22 06:10:18,0,1,2,35.8,3899.9,10574.9,22537.8,84034.8,24.8,0,
2017-12-22 06:10:22,0,1,2,35.9,3899.9,10518.5,22555.3,84103.2,24.8,0,
2017-12-22 06:10:25,0,1,2,35.9,3900.1,10440.6,22555.3,84103.2,24.8,0,
2017-12-22 06:10:28,0,1,2,36.0,3900.0,10334.7,22572.5,84170.3,24.8,0,
2017-12-22 06:10:31,0,1,2,36.0,3899.9,10154.2,22572.5,84170.3,24.8,0,
2017-12-22 06:10:34,0,1,2,36.1,3900.0,10002.7,22589.2,84235.4,24.8,0,
2017-12-22 06:10:35,0,1,2,36.1,3900.1,9977.1,22589.2,84235.4,24.8,5,终止电流到
2017-12-22 06:10:37,0,1,2,36.1,3891.8,4.7,22589.2,84235.4,24.8,5,终止电流到
2017-12-22 06:10:40,0,1,2,36.2,3890.7,4.3,22589.2,84235.4,24.8,5,终止电流到
2017-12-22 06:10:43,0,1,2,36.2,3890.0,3.9,22589.2,84235.4,24.8,5,终止电流到
2017-12-22 06:10:46,0,1,2,36.3,3889.1,4.1,22589.2,84235.4,24.8,5,终止电流到
2017-12-22 06:10:50,0,1,2,36.3,3888.5,5.0,22589.2,84235.4,24.8,5,终止电流到
2017-12-22 06:10:53,0,1,2,36.4,3888.0,4.7,22589.2,84235.5,24.8,5,终止电流到
2017-12-22 06:10:56,0,1,2,36.4,3887.6,3.6,22589.2,84235.5,24.8,5,终止电流到
2017-12-22 06:10:59,0,1,2,36.5,3887.4,4.3,22589.2,84235.5,24.8,5,终止电流到
2017-12-22 06:11:02,0,1,2,36.5,3886.9,5.1,22589.2,84235.5,24.8,5,终止电流到
2017-12-22 06:11:07,0,2,3,0.0,3886.4,0,0.0,0.0,24.8,0,
2017-12-22 06:11:30,0,2,3,0.4,3885.2,23.4,0.0,0.0,24.8,0,
2017-12-22 06:11:33,0,2,3,0.4,3884.8,23.6,0.0,0.0,24.7,0,
2017-12-22 06:11:36,0,2,3,0.5,3884.9,24.7,0.0,0.0,24.8,0,
2017-12-22 06:11:39,0,2,3,0.5,3884.8,23.5,0.0,0.0,24.8,0,
2017-12-22 06:11:42,0,2,3,0.6,3884.5,23.3,0.0,0.0,24.8,0,
2017-12-22 06:11:45,0,2,3,0.6,3884.3,23.9,0.0,0.0,24.8,0,
2017-12-22 06:11:49,0,2,3,0.7,3884.5,23.9,0.0,0.0,24.8,0,
2017-12-22 06:11:52,0,2,3,0.7,3884.4,23.4,0.0,0.0,24.8,0,
2017-12-22 06:11:55,0,2,3,0.8,3884.1,23.2,0.0,0.0,24.8,0,
2017-12-22 06:11:58,0,2,3,0.8,3884.0,23.3,0.0,0.0,24.8,0,
2017-12-22 06:12:01,0,2,3,0.9,3884.1,23.2,0.0,0.0,24.8,0,
2017-12-22 06:12:04,0,2,3,0.9,3883.9,24.0,0.0,0.0,24.8,0,
2017-12-22 06:12:07,0,2,3,1.0,3883.9,24.4,0.0,0.0,24.7,0,
2017-12-22 06:12:08,0,2,3,1.0,3883.8,23.4,0.0,0.0,24.8,1,时间到
2017-12-22 06:12:12,0,3,4,0.0,3883.6,0,0.0,0.0,24.8,0,
2017-12-22 06:12:34,0,3,4,0.4,3832.4,-40000.5,266.7,1024.4,24.7,0,
2017-12-22 06:12:38,0,3,4,0.4,3830.0,-40001.0,266.7,1024.4,24.8,0,
2017-12-22 06:12:41,0,3,4,0.5,3827.8,-40000.7,333.3,1279.6,24.8,0,
2017-12-22 06:12:44,0,3,4,0.5,3825.5,-40001.4,333.3,1279.6,24.7,0,
2017-12-22 06:12:47,0,3,4,0.6,3823.5,-40000.5,400.0,1534.5,24.7,0,
2017-12-22 06:12:50,0,3,4,0.6,3821.7,-40001.3,400.0,1534.5,24.7,0,
2017-12-22 06:12:53,0,3,4,0.7,3819.8,-40001.0,466.7,1789.2,24.8,0,
2017-12-22 06:12:56,0,3,4,0.7,3817.8,-40001.5,466.7,1789.2,24.8,0,
2017-12-22 06:13:00,0,3,4,0.8,3816.1,-40001.0,533.4,2043.7,24.8,0,
2017-12-22 06:13:03,0,3,4,0.8,3814.5,-40001.3,533.4,2043.7,24.8,0,
2017-12-22 06:13:06,0,3,4,0.9,3812.8,-40000.7,600.0,2298.0,24.8,0,
2017-12-22 06:13:09,0,3,4,0.9,3811.3,-40001.4,600.0,2298.0,24.8,0,
2017-12-22 06:13:12,0,3,4,1.0,3809.7,-40001.0,666.7,2552.0,24.8,0,
2017-12-22 06:13:15,0,3,4,1.0,3808.3,-40001.3,666.7,2552.0,24.8,0,
2017-12-22 06:13:18,0,3,4,1.1,3806.7,-40000.3,733.4,2805.9,24.8,0,
2017-12-22 06:13:22,0,3,4,1.1,3805.2,-40000.5,733.4,2805.9,24.8,0,
2017-12-22 06:13:25,0,3,4,1.2,3803.8,-40000.6,800.0,3059.6,24.8,0,
2017-12-22 06:13:28,0,3,4,1.2,3802.3,-40000.3,800.0,3059.6,24.7,0,
2017-12-22 06:13:31,0,3,4,1.3,3801.1,-40000.5,866.7,3313.1,24.8,0,
2017-12-22 06:13:34,0,3,4,1.3,3799.7,-40000.6,866.7,3313.1,24.8,0,
2017-12-22 06:13:37,0,3,4,1.4,3798.2,-40000.3,933.4,3566.4,24.8,0,
2017-12-22 06:13:40,0,3,4,1.5,3796.9,-40000.3,1000.0,3819.5,24.8,0,
2017-12-22 06:13:44,0,3,4,1.5,3795.4,-40000.1,1000.0,3819.5,24.8,0,
2017-12-22 06:13:47,0,3,4,1.6,3794.0,-40000.3,1066.7,4072.4,24.8,0,
2017-12-22 06:13:50,0,3,4,1.6,3792.7,-40000.0,1066.7,4072.4,24.8,0,
2017-12-22 06:13:53,0,3,4,1.7,3791.2,-40000.3,1133.4,4325.2,24.8,0,
2017-12-22 06:13:56,0,3,4,1.7,3790.0,-40000.4,1133.4,4325.2,24.7,0,
2017-12-22 06:14:00,0,3,4,1.8,3788.6,-40000.0,1200.0,4577.8,24.7,0,
2017-12-22 06:14:03,0,3,4,1.8,3787.1,-40000.5,1200.0,4577.8,24.8,0,
2017-12-22 06:14:06,0,3,4,1.9,3786.0,-40000.3,1266.7,4830.3,24.7,0,
2017-12-22 06:14:09,0,3,4,1.9,3784.5,-40000.3,1266.7,4830.3,24.8,0,
2017-12-22 06:14:12,0,3,4,2.0,3783.3,-40000.0,1333.4,5082.5,24.8,0,
2017-12-22 06:14:15,0,3,4,2.0,3781.8,-39999.9,1333.4,5082.5,24.7,0,
2017-12-22 06:14:18,0,3,4,2.1,3780.6,-40000.1,1400.0,5334.6,24.8,0,
2017-12-22 06:14:22,0,3,4,2.1,3779.3,-40000.0,1400.0,5334.6,24.7,0,
2017-12-22 06:14:25,0,3,4,2.2,3777.9,-40000.6,1466.7,5586.6,24.7,0,
2017-12-22 06:14:28,0,3,4,2.2,3776.6,-40000.3,1466.7,5586.6,24.8,0,
2017-12-22 06:14:31,0,3,4,2.3,3775.3,-40000.0,1533.4,5838.3,24.8,0,
2017-12-22 06:14:34,0,3,4,2.3,3774.1,-40000.3,1533.4,5838.3,24.8,0,
2017-12-22 06:14:37,0,3,4,2.4,3772.8,-40000.0,1600.0,6089.9,24.8,0,
2017-12-22 06:14:40,0,3,4,2.5,3771.5,-40000.2,1666.7,6341.3,24.8,0,
2017-12-22 06:14:44,0,3,4,2.5,3770.2,-39999.8,1666.7,6341.3,24.8,0,
2017-12-22 06:14:47,0,3,4,2.6,3768.8,-39999.7,1733.4,6592.6,24.8,0,
2017-12-22 06:14:50,0,3,4,2.6,3767.5,-40000.0,1733.4,6592.6,24.8,0,
2017-12-22 06:14:53,0,3,4,2.7,3766.2,-39999.6,1800.0,6843.7,24.8,0,
2017-12-22 06:14:56,0,3,4,2.7,3765.1,-40000.0,1800.0,6843.7,24.8,0,
2017-12-22 06:14:59,0,3,4,2.8,3763.7,-40000.2,1866.7,7094.7,24.8,0,
2017-12-22 06:15:02,0,3,4,2.8,3762.5,-40000.3,1866.7,7094.7,24.8,0,
2017-12-22 06:15:05,0,3,4,2.9,3761.3,-39999.8,1933.4,7345.5,24.8,0,
2017-12-22 06:15:09,0,3,4,2.9,3760.1,-40000.2,1933.4,7345.5,24.8,0,
2017-12-22 06:15:12,0,3,4,3.0,3758.8,-39999.7,2000.0,7596.1,24.8,0,
2017-12-22 06:15:15,0,3,4,3.0,3757.5,-39999.7,2000.0,7596.1,24.8,0,
2017-12-22 06:15:18,0,3,4,3.1,3756.4,-39999.7,2066.7,7846.6,24.8,0,
2017-12-22 06:15:21,0,3,4,3.1,3755.2,-40000.3,2066.7,7846.6,24.8,0,
2017-12-22 06:15:24,0,3,4,3.2,3753.8,-40000.0,2133.4,8096.9,24.8,0,
2017-12-22 06:15:27,0,3,4,3.2,3752.8,-39999.9,2133.4,8096.9,24.8,0,
2017-12-22 06:15:31,0,3,4,3.3,3751.3,-39999.9,2200.0,8347.0,24.8,0,
2017-12-22 06:15:34,0,3,4,3.3,3750.1,-39999.7,2200.0,8347.0,24.7,0,
2017-12-22 06:15:37,0,3,4,3.4,3748.9,-39999.8,2266.7,8597.0,24.8,0,
2017-12-22 06:15:40,0,3,4,3.4,3748.0,-40000.0,2266.7,8597.0,24.8,0,
2017-12-22 06:15:43,0,3,4,3.5,3746.6,-39999.5,2333.4,8846.9,24.8,0,
2017-12-22 06:15:46,0,3,4,3.6,3745.5,-39999.6,2400.0,9096.6,24.8,0,
2017-12-22 06:15:49,0,3,4,3.6,3744.3,-39999.7,2400.0,9096.6,24.8,0,
2017-12-22 06:15:53,0,3,4,3.7,3743.2,-39999.8,2466.7,9346.1,24.8,0,
2017-12-22 06:15:56,0,3,4,3.7,3741.9,-39999.5,2466.7,9346.1,24.8,0,
2017-12-22 06:15:59,0,3,4,3.8,3740.9,-39999.7,2533.4,9595.5,24.8,0,
2017-12-22 06:16:02,0,3,4,3.8,3739.6,-39999.7,2533.4,9595.5,24.8,0,
2017-12-22 06:16:05,0,3,4,3.9,3738.5,-39999.5,2600.0,9844.8,24.8,0,
2017-12-22 06:16:08,0,3,4,3.9,3737.5,-39999.7,2600.0,9844.8,24.8,0,
2017-12-22 06:16:11,0,3,4,4.0,3736.3,-39999.3,2666.7,10093.9,24.8,0,
2017-12-22 06:16:15,0,3,4,4.0,3735.1,-39999.5,2666.7,10093.9,24.8,0,
2017-12-22 06:16:18,0,3,4,4.1,3734.0,-39999.2,2733.4,10342.8,24.8,0,
2017-12-22 06:16:21,0,3,4,4.1,3733.0,-39999.2,2733.4,10342.8,24.7,0,
2017-12-22 06:16:24,0,3,4,4.2,3731.9,-39999.1,2800.0,10591.7,24.8,0,
2017-12-22 06:16:27,0,3,4,4.2,3730.8,-39999.2,2800.0,10591.7,24.8,0,
2017-12-22 06:16:30,0,3,4,4.3,3729.7,-39999.2,2866.7,10840.4,24.8,0,
2017-12-22 06:16:33,0,3,4,4.3,3728.6,-39998.7,2866.7,10840.4,24.8,0,
2017-12-22 06:16:37,0,3,4,4.4,3727.7,-39999.0,2933.4,11088.9,24.8,0,
2017-12-22 06:16:40,0,3,4,4.4,3726.6,-39999.2,2933.4,11088.9,24.8,0,
2017-12-22 06:16:43,0,3,4,4.5,3725.4,-39998.8,3000.0,11337.3,24.8,0,
2017-12-22 06:16:46,0,3,4,4.5,3724.4,-39998.6,3000.0,11337.3,24.8,0,
2017-12-22 06:16:49,0,3,4,4.6,3723.4,-39999.0,3066.7,11585.6,24.8,0,
2017-12-22 06:16:52,0,3,4,4.6,3722.4,-39998.6,3066.7,11585.6,24.8,0,
2017-12-22 06:16:55,0,3,4,4.7,3721.3,-39998.7,3133.3,11833.7,24.8,0,
2017-12-22 06:16:58,0,3,4,4.8,3720.3,-39998.5,3200.0,12081.7,24.8,0,
2017-12-22 06:17:02,0,3,4,4.8,3719.3,-39999.2,3200.0,12081.7,24.8,0,
2017-12-22 06:17:05,0,3,4,4.9,3718.4,-39998.8,3266.7,12329.6,24.7,0,
2017-12-22 06:17:08,0,3,4,4.9,3717.4,-39999.0,3266.7,12329.6,24.8,0,
2017-12-22 06:17:11,0,3,4,5.0,3716.4,-39998.4,3333.3,12577.4,24.7,0,
2017-12-22 06:17:14,0,3,4,5.0,3715.4,-39998.5,3333.3,12577.4,24.7,0,
2017-12-22 06:17:17,0,3,4,5.1,3714.5,-39999.0,3400.0,12825.0,24.8,0,
2017-12-22 06:17:20,0,3,4,5.1,3713.5,-39998.5,3400.0,12825.0,24.7,0,
2017-12-22 06:17:24,0,3,4,5.2,3712.6,-39998.6,3466.7,13072.5,24.7,0,
2017-12-22 06:17:27,0,3,4,5.2,3711.6,-39998.5,3466.7,13072.5,24.7,0,
2017-12-22 06:17:30,0,3,4,5.3,3710.7,-39998.5,3533.3,13319.9,24.7,0,
2017-12-22 06:17:33,0,3,4,5.3,3709.6,-39998.5,3533.3,13319.9,24.7,0,
2017-12-22 06:17:36,0,3,4,5.4,3708.7,-39998.3,3600.0,13567.1,24.7,0,
2017-12-22 06:17:39,0,3,4,5.4,3707.7,-39998.4,3600.0,13567.1,24.7,0,
2017-12-22 06:17:42,0,3,4,5.5,3706.9,-39998.5,3666.6,13814.3,24.7,0,
2017-12-22 06:17:46,0,3,4,5.5,3705.9,-39998.5,3666.6,13814.3,24.7,0,
2017-12-22 06:17:49,0,3,4,5.6,3705.1,-39998.5,3733.3,14061.3,24.7,0,
2017-12-22 06:17:52,0,3,4,5.6,3704.1,-39998.0,3733.3,14061.3,24.7,0,
2017-12-22 06:17:55,0,3,4,5.7,3703.2,-39998.2,3800.0,14308.2,24.7,0,
2017-12-22 06:17:58,0,3,4,5.7,3702.3,-39998.2,3800.0,14308.2,24.7,0,
2017-12-22 06:18:01,0,3,4,5.8,3701.5,-39998.0,3866.6,14555.0,24.7,0,
2017-12-22 06:18:04,0,3,4,5.9,3700.4,-39998.2,3933.3,14801.7,24.7,0,
2017-12-22 06:18:07,0,3,4,5.9,3699.5,-39998.1,3933.3,14801.7,24.6,0,
2017-12-22 06:18:11,0,3,4,6.0,3698.8,-39998.2,3999.9,15048.2,24.7,0,
2017-12-22 06:18:14,0,3,4,6.0,3698.0,-39998.3,3999.9,15048.2,24.7,0,
2017-12-22 06:18:17,0,3,4,6.1,3697.0,-39998.0,4066.6,15294.7,24.7,0,
2017-12-22 06:18:20,0,3,4,6.1,3696.2,-39998.1,4066.6,15294.7,24.6,0,
2017-12-22 06:18:23,0,3,4,6.2,3695.3,-39998.1,4133.3,15541.0,24.7,0,
2017-12-22 06:18:26,0,3,4,6.2,3694.4,-39998.3,4133.3,15541.0,24.6,0,
2017-12-22 06:18:29,0,3,4,6.3,3693.4,-39998.2,4199.9,15787.3,24.7,0,
2017-12-22 06:18:33,0,3,4,6.3,3692.8,-39998.0,4199.9,15787.3,24.7,0,
2017-12-22 06:18:36,0,3,4,6.4,3691.8,-39998.7,4266.6,16033.4,24.7,0,
2017-12-22 06:18:39,0,3,4,6.4,3691.0,-39998.0,4266.6,16033.4,24.6,0,
2017-12-22 06:18:42,0,3,4,6.5,3690.2,-39998.1,4333.2,16279.4,24.7,0,
2017-12-22 06:18:45,0,3,4,6.5,3689.4,-39997.7,4333.2,16279.4,24.7,0,
2017-12-22 06:18:48,0,3,4,6.6,3688.5,-39997.8,4399.9,16525.3,24.6,0,
2017-12-22 06:18:51,0,3,4,6.6,3687.7,-39998.0,4399.9,16525.3,24.6,0,
2017-12-22 06:18:54,0,3,4,6.7,3686.9,-39997.8,4466.6,16771.1,24.6,0,
2017-12-22 06:18:58,0,3,4,6.7,3686.2,-39997.5,4466.6,16771.1,24.6,0,
2017-12-22 06:19:01,0,3,4,6.8,3685.2,-39997.5,4533.2,17016.8,24.6,0,
2017-12-22 06:19:04,0,3,4,6.8,3684.6,-40000.5,4533.2,17016.8,24.6,0,
2017-12-22 06:19:07,0,3,4,6.9,3683.6,-40000.9,4599.9,17262.4,24.6,0,
2017-12-22 06:19:10,0,3,4,7.0,3683.0,-40000.5,4666.6,17508.0,24.6,0,
2017-12-22 06:19:13,0,3,4,7.0,3682.1,-40000.5,4666.6,17508.0,24.6,0,
2017-12-22 06:19:17,0,3,4,7.1,3681.4,-40000.3,4733.2,17753.4,24.6,0,
2017-12-22 06:19:20,0,3,4,7.1,3680.6,-40000.3,4733.2,17753.4,24.6,0,
2017-12-22 06:19:23,0,3,4,7.2,3679.7,-40000.4,4799.9,17998.7,24.6,0,
2017-12-22 06:19:26,0,3,4,7.2,3679.0,-40000.7,4799.9,17998.7,24.6,0,
2017-12-22 06:19:29,0,3,4,7.3,3678.4,-40000.5,4866.6,18244.0,24.6,0,
2017-12-22 06:19:32,0,3,4,7.3,3677.6,-40000.4,4866.6,18244.0,24.7,0,
2017-12-22 06:19:35,0,3,4,7.4,3676.6,-40000.3,4933.2,18489.1,24.7,0,
2017-12-22 06:19:38,0,3,4,7.4,3676.0,-40000.3,4933.2,18489.1,24.6,0,
2017-12-22 06:19:41,0,3,4,7.5,3675.3,-40000.4,4999.9,18734.1,24.6,0,
2017-12-22 06:19:45,0,3,4,7.5,3674.6,-40000.0,4999.9,18734.1,24.7,0,
2017-12-22 06:19:48,0,3,4,7.6,3673.9,-40000.3,5066.6,18979.1,24.7,0,
2017-12-22 06:19:51,0,3,4,7.6,3673.0,-40000.0,5066.6,18979.1,24.7,0,
2017-12-22 06:19:54,0,3,4,7.7,3672.3,-40000.1,5133.2,19223.9,24.7,0,
2017-12-22 06:19:57,0,3,4,7.7,3671.5,-40000.0,5133.2,19223.9,24.7,0,
2017-12-22 06:20:00,0,3,4,7.8,3670.9,-39999.9,5199.9,19468.7,24.7,0,
2017-12-22 06:20:03,0,3,4,7.8,3670.2,-40000.8,5199.9,19468.7,24.7,0,
2017-12-22 06:20:07,0,3,4,7.9,3669.3,-40000.5,5266.6,19713.3,24.7,0,
2017-12-22 06:20:10,0,3,4,7.9,3668.7,-40000.8,5266.6,19713.3,24.7,0,
2017-12-22 06:20:13,0,3,4,8.0,3667.8,-40000.5,5333.2,19957.9,24.7,0,
2017-12-22 06:20:16,0,3,4,8.1,3667.2,-40000.8,5399.9,20202.4,24.7,0,
2017-12-22 06:20:19,0,3,4,8.1,3666.5,-40000.7,5399.9,20202.4,24.7,0,
2017-12-22 06:20:23,0,3,4,8.2,3665.7,-40000.8,5466.6,20446.8,24.8,0,
2017-12-22 06:20:26,0,3,4,8.2,3664.9,-40000.3,5466.6,20446.8,24.7,0,
2017-12-22 06:20:29,0,3,4,8.3,3664.2,-40000.6,5533.2,20691.1,24.7,0,
2017-12-22 06:20:32,0,3,4,8.3,3663.7,-40000.9,5533.2,20691.1,24.7,0,
2017-12-22 06:20:35,0,3,4,8.4,3662.9,-40000.3,5599.9,20935.3,24.7,0,
2017-12-22 06:20:38,0,3,4,8.4,3662.3,-40000.6,5599.9,20935.3,24.7,0,
2017-12-22 06:20:41,0,3,4,8.5,3661.5,-40000.3,5666.6,21179.4,24.7,0,
2017-12-22 06:20:45,0,3,4,8.5,3660.8,-40000.3,5666.6,21179.4,24.7,0,
2017-12-22 06:20:48,0,3,4,8.6,3660.2,-40001.0,5733.3,21423.5,24.7,0,
2017-12-22 06:20:51,0,3,4,8.6,3659.4,-40000.8,5733.3,21423.5,24.7,0,
2017-12-22 06:20:54,0,3,4,8.7,3658.7,-40000.3,5799.9,21667.4,24.6,0,
2017-12-22 06:20:57,0,3,4,8.7,3658.1,-40000.9,5799.9,21667.4,24.7,0,
2017-12-22 06:21:00,0,3,4,8.8,3657.5,-40000.3,5866.6,21911.3,24.7,0,
2017-12-22 06:21:03,0,3,4,8.8,3656.7,-40000.4,5866.6,21911.3,24.7,0,
2017-12-22 06:21:06,0,3,4,8.9,3656.0,-40000.0,5933.3,22155.1,24.7,0,
2017-12-22 06:21:10,0,3,4,8.9,3655.5,-40000.2,5933.3,22155.1,24.7,0,
2017-12-22 06:21:13,0,3,4,9.0,3654.7,-40000.1,5999.9,22398.8,24.7,0,
2017-12-22 06:21:16,0,3,4,9.0,3654.1,-40000.3,5999.9,22398.8,24.7,0,
2017-12-22 06:21:19,0,3,4,9.1,3653.4,-40000.3,6066.6,22642.4,24.7,0,
2017-12-22 06:21:22,0,3,4,9.1,3652.7,-40000.0,6066.6,22642.4,24.7,0,
2017-12-22 06:21:25,0,3,4,9.2,3652.2,-40000.2,6133.3,22885.9,24.7,0,
2017-12-22 06:21:28,0,3,4,9.3,3651.4,-40000.2,6199.9,23129.3,24.7,0,
2017-12-22 06:21:32,0,3,4,9.3,3650.7,-39999.8,6199.9,23129.3,24.7,0,
2017-12-22 06:21:35,0,3,4,9.4,3650.2,-40000.0,6266.6,23372.7,24.7,0,
2017-12-22 06:21:38,0,3,4,9.4,3649.6,-40000.0,6266.6,23372.7,24.7,0,
2017-12-22 06:21:41,0,3,4,9.5,3648.9,-39999.8,6333.3,23615.9,24.7,0,
2017-12-22 06:21:44,0,3,4,9.5,3648.3,-39999.8,6333.3,23615.9,24.7,0,
2017-12-22 06:21:47,0,3,4,9.6,3647.5,-39999.8,6399.9,23859.1,24.7,0,
2017-12-22 06:21:51,0,3,4,9.6,3647.1,-40000.0,6399.9,23859.1,24.7,0,
2017-12-22 06:21:54,0,3,4,9.7,3646.4,-40000.3,6466.6,24102.2,24.6,0,
2017-12-22 06:21:57,0,3,4,9.7,3645.6,-40000.1,6466.6,24102.2,24.7,0,
2017-12-22 06:22:00,0,3,4,9.8,3645.0,-39999.8,6533.3,24345.2,24.7,0,
2017-12-22 06:22:03,0,3,4,9.8,3644.5,-40000.3,6533.3,24345.2,24.7,0,
2017-12-22 06:22:06,0,3,4,9.9,3643.9,-39999.8,6599.9,24588.2,24.7,0,
2017-12-22 06:22:09,0,3,4,9.9,3643.2,-40000.1,6599.9,24588.2,24.7,0,
2017-12-22 06:22:13,0,3,4,10.0,3642.5,-40000.1,6666.6,24831.1,24.7,0,
2017-12-22 06:22:16,0,3,4,10.0,3641.9,-40000.3,6666.6,24831.1,24.7,0,
2017-12-22 06:22:19,0,3,4,10.1,3641.4,-39999.6,6733.3,25073.9,24.7,0,
2017-12-22 06:22:22,0,3,4,10.1,3640.9,-40000.3,6733.3,25073.9,24.7,0,
2017-12-22 06:22:25,0,3,4,10.2,3640.1,-39999.5,6799.9,25316.6,24.7,0,
2017-12-22 06:22:28,0,3,4,10.2,3639.7,-40000.3,6799.9,25316.6,24.7,0,
2017-12-22 06:22:31,0,3,4,10.3,3639.1,-40000.0,6866.6,25559.2,24.7,0,
2017-12-22 06:22:34,0,3,4,10.4,3638.3,-40000.3,6933.3,25801.8,24.7,0,
2017-12-22 06:22:38,0,3,4,10.4,3637.8,-40000.0,6933.3,25801.8,24.7,0,
2017-12-22 06:22:41,0,3,4,10.5,3637.1,-40000.4,6999.9,26044.3,24.8,0,
2017-12-22 06:22:44,0,3,4,10.5,3636.6,-39999.9,6999.9,26044.3,24.8,0,
2017-12-22 06:22:47,0,3,4,10.6,3636.0,-40000.2,7066.6,26286.7,24.7,0,
2017-12-22 06:22:50,0,3,4,10.6,3635.5,-40000.2,7066.6,26286.7,24.7,0,
2017-12-22 06:22:53,0,3,4,10.7,3634.7,-40000.3,7133.3,26529.0,24.8,0,
2017-12-22 06:22:56,0,3,4,10.7,3634.3,-40000.0,7133.3,26529.0,24.7,0,
2017-12-22 06:23:00,0,3,4,10.8,3633.6,-40000.0,7199.9,26771.3,24.8,0,
2017-12-22 06:23:03,0,3,4,10.8,3633.0,-40000.0,7199.9,26771.3,24.8,0,
2017-12-22 06:23:06,0,3,4,10.9,3632.5,-39999.8,7266.6,27013.5,24.8,0,
2017-12-22 06:23:09,0,3,4,10.9,3631.8,-40000.0,7266.6,27013.5,24.8,0,
2017-12-22 06:23:12,0,3,4,11.0,3631.3,-40000.5,7333.3,27255.6,24.8,0,
2017-12-22 06:23:15,0,3,4,11.0,3630.8,-40000.0,7333.3,27255.6,24.8,0,
2017-12-22 06:23:18,0,3,4,11.1,3630.2,-39999.9,7399.9,27497.6,24.8,0,
2017-12-22 06:23:21,0,3,4,11.1,3629.6,-40000.0,7399.9,27497.6,24.8,0,
2017-12-22 06:23:25,0,3,4,11.2,3629.1,-40000.0,7466.6,27739.6,24.8,0,
2017-12-22 06:23:28,0,3,4,11.2,3628.5,-39999.8,7466.6,27739.6,24.7,0,
2017-12-22 06:23:31,0,3,4,11.3,3627.8,-39999.8,7533.3,27981.4,24.8,0,
2017-12-22 06:23:34,0,3,4,11.3,3627.2,-39999.9,7533.3,27981.4,24.8,0,
2017-12-22 06:23:37,0,3,4,11.4,3626.7,-39999.7,7599.9,28223.2,24.7,0,
2017-12-22 06:23:40,0,3,4,11.4,3626.1,-39999.3,7599.9,28223.2,24.8,0,
2017-12-22 06:23:43,0,3,4,11.5,3625.6,-39999.7,7666.6,28465.0,24.8,0,
2017-12-22 06:23:46,0,3,4,11.6,3625.1,-39999.5,7733.3,28706.7,24.7,0,
2017-12-22 06:23:49,0,3,4,11.6,3624.5,-39999.5,7733.3,28706.7,24.7,0,
2017-12-22 06:23:53,0,3,4,11.7,3623.8,-39999.3,7799.9,28948.2,24.8,0,
2017-12-22 06:23:56,0,3,4,11.7,3623.4,-40000.0,7799.9,28948.2,24.8,0,
2017-12-22 06:23:59,0,3,4,11.8,3622.7,-39999.8,7866.6,29189.8,24.8,0,
2017-12-22 06:24:02,0,3,4,11.8,3622.3,-40000.0,7866.6,29189.8,24.8,0,
2017-12-22 06:24:05,0,3,4,11.9,3621.7,-40000.5,7933.3,29431.2,24.8,0,
2017-12-22 06:24:08,0,3,4,11.9,3621.1,-39999.7,7933.3,29431.2,24.7,0,
2017-12-22 06:24:11,0,3,4,12.0,3620.6,-39999.6,7999.9,29672.6,24.8,0,
2017-12-22 06:24:15,0,3,4,12.0,3620.0,-40000.5,7999.9,29672.6,24.7,0,
2017-12-22 06:24:18,0,3,4,12.1,3619.6,-39999.8,8066.6,29913.9,24.8,0,
2017-12-22 06:24:21,0,3,4,12.1,3619.0,-39999.6,8066.6,29913.9,24.8,0,
2017-12-22 06:24:24,0,3,4,12.2,3618.4,-39999.5,8133.2,30155.2,24.8,0,
2017-12-22 06:24:27,0,3,4,12.2,3617.8,-40000.0,8133.2,30155.2,24.7,0,
2017-12-22 06:24:30,0,3,4,12.3,3617.3,-39999.3,8199.9,30396.3,24.7,0,
2017-12-22 06:24:33,0,3,4,12.3,3616.7,-39999.5,8199.9,30396.3,24.7,0,
2017-12-22 06:24:37,0,3,4,12.4,3616.2,-39999.6,8266.6,30637.4,24.8,0,
2017-12-22 06:24:40,0,3,4,12.4,3615.7,-40000.0,8266.6,30637.4,24.7,0,
2017-12-22 06:24:43,0,3,4,12.5,3615.2,-39999.7,8333.2,30878.5,24.8,0,
2017-12-22 06:24:46,0,3,4,12.5,3614.5,-39999.8,8333.2,30878.5,24.8,0,
2017-12-22 06:24:49,0,3,4,12.6,3614.0,-39999.7,8399.9,31119.4,24.7,0,
2017-12-22 06:24:52,0,3,4,12.7,3613.5,-39999.8,8466.6,31360.3,24.7,0,
2017-12-22 06:24:56,0,3,4,12.7,3613.0,-39999.8,8466.6,31360.3,24.7,0,
2017-12-22 06:24:59,0,3,4,12.8,3612.4,-39999.7,8533.2,31601.1,24.7,0,
2017-12-22 06:25:02,0,3,4,12.8,3612.0,-39999.5,8533.2,31601.1,24.7,0,
2017-12-22 06:25:05,0,3,4,12.9,3611.5,-39999.5,8599.9,31841.9,24.8,0,
2017-12-22 06:25:08,0,3,4,12.9,3610.9,-39999.1,8599.9,31841.9,24.8,0,
2017-12-22 06:25:11,0,3,4,13.0,3610.2,-39999.3,8666.6,32082.6,24.8,0,
2017-12-22 06:25:14,0,3,4,13.0,3609.8,-39999.7,8666.6,32082.6,24.7,0,
2017-12-22 06:25:18,0,3,4,13.1,3609.1,-39999.7,8733.2,32323.2,24.7,0,
2017-12-22 06:25:21,0,3,4,13.1,3608.8,-39999.5,8733.2,32323.2,24.8,0,
2017-12-22 06:25:24,0,3,4,13.2,3608.2,-39999.3,8799.9,32563.8,24.7,0,
2017-12-22 06:25:27,0,3,4,13.2,3607.5,-39999.5,8799.9,32563.8,24.8,0,
2017-12-22 06:25:30,0,3,4,13.3,3607.1,-39999.7,8866.6,32804.3,24.7,0,
2017-12-22 06:25:33,0,3,4,13.3,3606.5,-39999.7,8866.6,32804.3,24.8,0,
2017-12-22 06:25:37,0,3,4,13.4,3606.1,-39999.7,8933.2,33044.7,24.8,0,
2017-12-22 06:25:40,0,3,4,13.4,3605.5,-39999.0,8933.2,33044.7,24.8,0,
2017-12-22 06:25:43,0,3,4,13.5,3605.0,-39998.9,8999.9,33285.0,24.8,0,
2017-12-22 06:25:46,0,3,4,13.5,3604.5,-39999.1,8999.9,33285.0,24.8,0,
2017-12-22 06:25:49,0,3,4,13.6,3603.9,-39999.2,9066.6,33525.3,24.8,0,
2017-12-22 06:25:52,0,3,4,13.7,3603.5,-39999.0,9133.2,33765.5,24.7,0,
2017-12-22 06:25:56,0,3,4,13.7,3602.8,-39999.4,9133.2,33765.5,24.8,0,
2017-12-22 06:25:59,0,3,4,13.8,3602.4,-39999.3,9199.9,34005.7,24.8,0,
2017-12-22 06:26:02,0,3,4,13.8,3602.0,-39999.8,9199.9,34005.7,24.8,0,
2017-12-22 06:26:05,0,3,4,13.9,3601.4,-39999.3,9266.6,34245.8,24.8,0,
2017-12-22 06:26:08,0,3,4,13.9,3600.9,-39999.3,9266.6,34245.8,24.8,0,
2017-12-22 06:26:11,0,3,4,14.0,3600.3,-39999.5,9333.2,34485.8,24.8,0,
2017-12-22 06:26:14,0,3,4,14.0,3599.8,-39999.4,9333.2,34485.8,24.8,0,
2017-12-22 06:26:18,0,3,4,14.1,3599.3,-39999.3,9399.9,34725.8,24.8,0,
2017-12-22 06:26:21,0,3,4,14.1,3598.7,-39999.1,9399.9,34725.8,24.8,0,
2017-12-22 06:26:24,0,3,4,14.2,3598.4,-39999.0,9466.5,34965.7,24.8,0,
2017-12-22 06:26:27,0,3,4,14.2,3597.7,-39999.0,9466.5,34965.7,24.8,0,
2017-12-22 06:26:30,0,3,4,14.3,3597.3,-39999.0,9533.2,35205.5,24.8,0,
2017-12-22 06:26:33,0,3,4,14.3,3596.7,-39999.0,9533.2,35205.5,24.8,0,
2017-12-22 06:26:36,0,3,4,14.4,3596.1,-39999.3,9599.9,35445.3,24.8,0,
2017-12-22 06:26:39,0,3,4,14.4,3595.6,-39998.9,9599.9,35445.3,24.8,0,
2017-12-22 06:26:43,0,3,4,14.5,3595.1,-39999.0,9666.5,35685.0,24.8,0,
2017-12-22 06:26:46,0,3,4,14.5,3594.7,-39998.8,9666.5,35685.0,24.8,0,
2017-12-22 06:26:49,0,3,4,14.6,3594.3,-39999.4,9733.2,35924.6,24.8,0,
2017-12-22 06:26:52,0,3,4,14.6,3593.8,-39998.9,9733.2,35924.6,24.8,0,
2017-12-22 06:26:55,0,3,4,14.7,3593.3,-39998.8,9799.9,36164.2,24.8,0,
2017-12-22 06:26:58,0,3,4,14.8,3592.7,-39998.9,9866.5,36403.7,24.9,0,
2017-12-22 06:27:01,0,3,4,14.8,3592.2,-39998.9,9866.5,36403.7,24.8,0,
2017-12-22 06:27:04,0,3,4,14.9,3591.8,-39999.1,9933.2,36643.1,24.9,0,
2017-12-22 06:27:08,0,3,4,14.9,3591.4,-39999.7,9933.2,36643.1,24.9,0,
2017-12-22 06:27:11,0,3,4,15.0,3590.8,-39999.0,9999.9,36882.5,24.9,0,
2017-12-22 06:27:14,0,3,4,15.0,3590.3,-39999.1,9999.9,36882.5,24.9,0,
2017-12-22 06:27:17,0,3,4,15.1,3589.8,-39999.1,10066.5,37121.8,24.9,0,
2017-12-22 06:27:20,0,3,4,15.1,3589.2,-39999.1,10066.5,37121.8,24.9,0,
2017-12-22 06:27:23,0,3,4,15.2,3588.8,-39999.2,10133.2,37361.1,24.9,0,
2017-12-22 06:27:26,0,3,4,15.2,3588.2,-39999.0,10133.2,37361.1,24.9,0,
2017-12-22 06:27:30,0,3,4,15.3,3587.9,-39999.0,10199.8,37600.2,24.9,0,
2017-12-22 06:27:33,0,3,4,15.3,3587.4,-39998.8,10199.8,37600.2,24.9,0,
2017-12-22 06:27:36,0,3,4,15.4,3586.9,-39998.7,10266.5,37839.4,24.8,0,
2017-12-22 06:27:39,0,3,4,15.4,3586.3,-39999.0,10266.5,37839.4,24.9,0,
2017-12-22 06:27:42,0,3,4,15.5,3585.8,-39998.7,10333.2,38078.4,24.8,0,
2017-12-22 06:27:45,0,3,4,15.5,3585.2,-39999.0,10333.2,38078.4,24.8,0,
2017-12-22 06:27:48,0,3,4,15.6,3584.8,-39999.0,10399.8,38317.4,24.8,0,
2017-12-22 06:27:51,0,3,4,15.6,3584.4,-39999.0,10399.8,38317.4,24.8,0,
2017-12-22 06:27:54,0,3,4,15.7,3583.9,-39999.2,10466.5,38556.3,24.8,0,
2017-12-22 06:27:58,0,3,4,15.7,3583.3,-39999.0,10466.5,38556.3,24.9,0,
2017-12-22 06:28:01,0,3,4,15.8,3582.8,-39999.3,10533.2,38795.2,24.8,0,
2017-12-22 06:28:04,0,3,4,15.8,3582.3,-39999.0,10533.2,38795.2,24.8,0,
2017-12-22 06:28:07,0,3,4,15.9,3581.9,-39999.0,10599.8,39034.0,24.8,0,
2017-12-22 06:28:10,0,3,4,16.0,3581.5,-39998.4,10666.5,39272.8,24.8,0,
2017-12-22 06:28:13,0,3,4,16.0,3580.8,-39999.0,10666.5,39272.8,24.8,0,
2017-12-22 06:28:17,0,3,4,16.1,3580.4,-39998.6,10733.1,39511.5,24.8,0,
2017-12-22 06:28:20,0,3,4,16.1,3579.9,-39999.0,10733.1,39511.5,24.8,0,
2017-12-22 06:28:23,0,3,4,16.2,3579.5,-39999.0,10799.8,39750.1,24.8,0,
2017-12-22 06:28:26,0,3,4,16.2,3578.9,-39998.7,10799.8,39750.1,24.9,0,
2017-12-22 06:28:29,0,3,4,16.3,3578.4,-39999.0,10866.5,39988.6,24.9,0,
2017-12-22 06:28:32,0,3,4,16.3,3578.0,-39999.2,10866.5,39988.6,24.9,0,
2017-12-22 06:28:35,0,3,4,16.4,3577.5,-39999.0,10933.1,40227.1,24.9,0,
2017-12-22 06:28:38,0,3,4,16.4,3577.0,-39998.8,10933.1,40227.1,24.9,0,
2017-12-22 06:28:42,0,3,4,16.5,3576.5,-39999.3,10999.8,40465.6,24.9,0,
2017-12-22 06:28:45,0,3,4,16.5,3576.0,-39998.5,10999.8,40465.6,24.9,0,
2017-12-22 06:28:48,0,3,4,16.6,3575.5,-39999.0,11066.5,40703.9,24.9,0,
2017-12-22 06:28:51,0,3,4,16.6,3574.8,-39999.5,11066.5,40703.9,24.9,0,
2017-12-22 06:28:54,0,3,4,16.7,3574.5,-39998.7,11133.1,40942.2,24.9,0,
2017-12-22 06:28:57,0,3,4,16.7,3573.8,-39999.0,11133.1,40942.2,24.9,0,
2017-12-22 06:29:00,0,3,4,16.8,3573.6,-39999.1,11199.8,41180.5,24.9,0,
2017-12-22 06:29:04,0,3,4,16.8,3573.0,-39999.2,11199.8,41180.5,24.9,0,
2017-12-22 06:29:07,0,3,4,16.9,3572.5,-39999.0,11266.5,41418.7,24.9,0,
2017-12-22 06:29:10,0,3,4,16.9,3571.9,-39998.8,11266.5,41418.7,24.9,0,
2017-12-22 06:29:13,0,3,4,17.0,3571.6,-39999.0,11333.1,41656.8,24.9,0,
2017-12-22 06:29:16,0,3,4,17.1,3571.0,-39998.7,11399.8,41894.8,24.9,0,
2017-12-22 06:29:20,0,3,4,17.1,3570.5,-39998.7,11399.8,41894.8,24.9,0,
2017-12-22 06:29:23,0,3,4,17.2,3570.0,-39998.7,11466.4,42132.8,24.9,0,
2017-12-22 06:29:26,0,3,4,17.2,3569.5,-39998.7,11466.4,42132.8,24.9,0,
2017-12-22 06:29:29,0,3,4,17.3,3569.1,-39999.1,11533.1,42370.7,24.9,0,
2017-12-22 06:29:32,0,3,4,17.3,3568.6,-39998.8,11533.1,42370.7,24.9,0,
2017-12-22 06:29:35,0,3,4,17.4,3568.2,-39998.6,11599.8,42608.6,24.9,0,
2017-12-22 06:29:38,0,3,4,17.4,3567.7,-39999.0,11599.8,42608.6,24.9,0,
2017-12-22 06:29:41,0,3,4,17.5,3567.1,-39998.1,11666.4,42846.4,24.8,0,
2017-12-22 06:29:44,0,3,4,17.5,3566.7,-39999.1,11666.4,42846.4,24.9,0,
2017-12-22 06:29:47,0,3,4,17.6,3566.1,-39998.8,11733.1,43084.1,24.9,0,
2017-12-22 06:29:50,0,3,4,17.6,3565.6,-39998.6,11733.1,43084.1,24.9,0,
2017-12-22 06:29:54,0,3,4,17.7,3565.3,-39999.0,11799.8,43321.8,24.9,0,
2017-12-22 06:29:57,0,3,4,17.7,3564.8,-39998.8,11799.8,43321.8,24.9,0,
2017-12-22 06:30:00,0,3,4,17.8,3564.3,-39998.5,11866.4,43559.4,24.9,0,
2017-12-22 06:30:03,0,3,4,17.8,3563.8,-39998.8,11866.4,43559.4,24.9,0,
2017-12-22 06:30:06,0,3,4,17.9,3563.3,-39999.0,11933.1,43797.0,24.9,0,
2017-12-22 06:30:09,0,3,4,17.9,3562.8,-39998.8,11933.1,43797.0,24.9,0,
2017-12-22 06:30:12,0,3,4,18.0,3562.4,-39998.8,11999.7,44034.5,24.9,0,
2017-12-22 06:30:16,0,3,4,18.0,3561.9,-39998.7,11999.7,44034.5,25.0,0,
2017-12-22 06:30:19,0,3,4,18.1,3561.2,-39999.0,12066.4,44271.9,24.9,0,
2017-12-22 06:30:22,0,3,4,18.1,3560.8,-39998.9,12066.4,44271.9,24.9,0,
2017-12-22 06:30:25,0,3,4,18.2,3560.5,-39999.4,12133.1,44509.3,25.0,0,
2017-12-22 06:30:28,0,3,4,18.2,3559.8,-39998.8,12133.1,44509.3,25.0,0,
2017-12-22 06:30:31,0,3,4,18.3,3559.4,-39998.5,12199.7,44746.6,25.0,0,
2017-12-22 06:30:34,0,3,4,18.4,3559.0,-39998.6,12266.4,44983.8,25.0,0,
2017-12-22 06:30:38,0,3,4,18.4,3558.6,-39998.0,12266.4,44983.8,25.0,0,
2017-12-22 06:30:41,0,3,4,18.5,3558.1,-39998.2,12333.0,45221.0,25.0,0,
2017-12-22 06:30:44,0,3,4,18.5,3557.4,-39998.5,12333.0,45221.0,25.0,0,
2017-12-22 06:30:47,0,3,4,18.6,3557.1,-39998.0,12399.7,45458.1,25.0,0,
2017-12-22 06:30:50,0,3,4,18.6,3556.5,-39998.2,12399.7,45458.1,25.0,0,
2017-12-22 06:30:53,0,3,4,18.7,3556.1,-39998.7,12466.4,45695.2,25.0,0,
2017-12-22 06:30:56,0,3,4,18.7,3555.6,-39998.5,12466.4,45695.2,25.0,0,
2017-12-22 06:31:00,0,3,4,18.8,3555.1,-39998.6,12533.0,45932.2,25.0,0,
2017-12-22 06:31:03,0,3,4,18.8,3554.5,-39998.5,12533.0,45932.2,25.0,0,
2017-12-22 06:31:06,0,3,4,18.9,3554.1,-39998.2,12599.7,46169.2,25.0,0,
2017-12-22 06:31:09,0,3,4,18.9,3553.6,-39998.8,12599.7,46169.2,25.0,0,
2017-12-22 06:31:12,0,3,4,19.0,3553.2,-39998.7,12666.4,46406.0,25.0,0,
2017-12-22 06:31:15,0,3,4,19.0,3552.6,-39998.4,12666.4,46406.0,25.0,0,
2017-12-22 06:31:18,0,3,4,19.1,3552.1,-39998.6,12733.0,46642.8,24.9,0,
2017-12-22 06:31:21,0,3,4,19.1,3551.6,-39998.5,12733.0,46642.8,24.9,0,
2017-12-22 06:31:25,0,3,4,19.2,3551.2,-39998.4,12799.7,46879.6,24.9,0,
2017-12-22 06:31:28,0,3,4,19.2,3550.6,-39998.0,12799.7,46879.6,24.9,0,
2017-12-22 06:31:31,0,3,4,19.3,3550.2,-39998.3,12866.3,47116.3,24.9,0,
2017-12-22 06:31:34,0,3,4,19.4,3549.7,-39998.5,12933.0,47352.9,24.9,0,
2017-12-22 06:31:37,0,3,4,19.4,3549.2,-39998.0,12933.0,47352.9,24.9,0,
2017-12-22 06:31:41,0,3,4,19.5,3548.8,-39998.0,12999.7,47589.5,24.9,0,
2017-12-22 06:31:44,0,3,4,19.5,3548.2,-39998.2,12999.7,47589.5,24.9,0,
2017-12-22 06:31:47,0,3,4,19.6,3547.7,-39998.2,13066.3,47826.0,24.9,0,
2017-12-22 06:31:50,0,3,4,19.6,3547.3,-39998.2,13066.3,47826.0,25.0,0,
2017-12-22 06:31:53,0,3,4,19.7,3546.8,-39998.5,13133.0,48062.4,25.0,0,
2017-12-22 06:31:56,0,3,4,19.7,3546.4,-39998.3,13133.0,48062.4,25.0,0,
2017-12-22 06:31:59,0,3,4,19.8,3545.8,-39998.5,13199.6,48298.8,25.0,0,
2017-12-22 06:32:03,0,3,4,19.8,3545.3,-39998.3,13199.6,48298.8,25.0,0,
2017-12-22 06:32:06,0,3,4,19.9,3544.8,-39998.5,13266.3,48535.1,25.0,0,
2017-12-22 06:32:09,0,3,4,19.9,3544.2,-39998.0,13266.3,48535.1,25.0,0,
2017-12-22 06:32:12,0,3,4,20.0,3543.8,-39998.3,13333.0,48771.4,25.0,0,
2017-12-22 06:32:15,0,3,4,20.0,3543.3,-39998.2,13333.0,48771.4,25.0,0,
2017-12-22 06:32:18,0,3,4,20.1,3543.0,-39998.5,13399.6,49007.5,25.0,0,
2017-12-22 06:32:21,0,3,4,20.1,3542.2,-39998.3,13399.6,49007.5,25.0,0,
2017-12-22 06:32:24,0,3,4,20.2,3541.9,-39998.3,13466.3,49243.7,25.0,0,
2017-12-22 06:32:28,0,3,4,20.2,3541.4,-39998.7,13466.3,49243.7,25.0,0,
2017-12-22 06:32:31,0,3,4,20.3,3540.8,-39998.4,13533.0,49479.7,25.0,0,
2017-12-22 06:32:34,0,3,4,20.3,3540.5,-39998.1,13533.0,49479.7,25.0,0,
2017-12-22 06:32:37,0,3,4,20.4,3539.9,-39998.0,13599.6,49715.7,25.0,0,
2017-12-22 06:32:40,0,3,4,20.4,3539.5,-39998.3,13599.6,49715.7,25.0,0,
2017-12-22 06:32:43,0,3,4,20.5,3539.0,-39997.8,13666.3,49951.7,25.0,0,
2017-12-22 06:32:46,0,3,4,20.6,3538.4,-39997.5,13732.9,50187.5,25.0,0,
2017-12-22 06:32:49,0,3,4,20.6,3537.8,-39997.5,13732.9,50187.5,25.0,0,
2017-12-22 06:32:53,0,3,4,20.7,3537.4,-39997.7,13799.6,50423.3,25.0,0,
2017-12-22 06:32:56,0,3,4,20.7,3536.9,-39997.8,13799.6,50423.3,25.0,0,
2017-12-22 06:32:59,0,3,4,20.8,3536.4,-39997.7,13866.3,50659.1,25.0,0,
2017-12-22 06:33:02,0,3,4,20.8,3536.0,-40001.2,13866.3,50659.1,25.0,0,
2017-12-22 06:33:05,0,3,4,20.9,3535.5,-40001.1,13932.9,50894.8,25.0,0,
2017-12-22 06:33:08,0,3,4,20.9,3534.9,-40000.9,13932.9,50894.8,25.0,0,
2017-12-22 06:33:11,0,3,4,21.0,3534.4,-40001.7,13999.6,51130.4,25.0,0,
2017-12-22 06:33:15,0,3,4,21.0,3533.9,-40001.0,13999.6,51130.4,25.0,0,
2017-12-22 06:33:18,0,3,4,21.1,3533.4,-40001.3,14066.3,51366.0,25.0,0,
2017-12-22 06:33:21,0,3,4,21.1,3533.0,-40000.8,14066.3,51366.0,24.9,0,
2017-12-22 06:33:24,0,3,4,21.2,3532.4,-40001.0,14132.9,51601.6,25.0,0,
2017-12-22 06:33:27,0,3,4,21.2,3531.8,-40001.4,14132.9,51601.6,24.9,0,
2017-12-22 06:33:30,0,3,4,21.3,3531.4,-40000.5,14199.6,51837.0,24.9,0,
2017-12-22 06:33:34,0,3,4,21.3,3530.9,-40000.8,14199.6,51837.0,24.9,0,
2017-12-22 06:33:37,0,3,4,21.4,3530.4,-40001.2,14266.3,52072.4,24.9,0,
2017-12-22 06:33:40,0,3,4,21.4,3529.9,-40001.3,14266.3,52072.4,24.9,0,
2017-12-22 06:33:43,0,3,4,21.5,3529.3,-40001.0,14332.9,52307.8,25.0,0,
2017-12-22 06:33:46,0,3,4,21.5,3528.8,-40001.5,14332.9,52307.8,24.9,0,
2017-12-22 06:33:49,0,3,4,21.6,3528.4,-40001.2,14399.6,52543.0,24.9,0,
2017-12-22 06:33:52,0,3,4,21.7,3527.9,-40001.0,14466.3,52778.2,25.0,0,
2017-12-22 06:33:55,0,3,4,21.7,3527.3,-40000.6,14466.3,52778.2,25.0,0,
2017-12-22 06:33:59,0,3,4,21.8,3526.8,-40001.5,14533.0,53013.4,25.0,0,
2017-12-22 06:34:02,0,3,4,21.8,3526.2,-40001.5,14533.0,53013.4,25.0,0,
2017-12-22 06:34:05,0,3,4,21.9,3525.9,-40001.0,14599.6,53248.4,25.0,0,
2017-12-22 06:34:08,0,3,4,21.9,3525.2,-40000.8,14599.6,53248.4,25.0,0,
2017-12-22 06:34:11,0,3,4,22.0,3524.9,-40001.0,14666.3,53483.4,25.0,0,
2017-12-22 06:34:14,0,3,4,22.0,3524.2,-40001.3,14666.3,53483.4,25.0,0,
2017-12-22 06:34:17,0,3,4,22.1,3523.7,-40000.7,14733.0,53718.4,25.0,0,
2017-12-22 06:34:21,0,3,4,22.1,3523.2,-40001.3,14733.0,53718.4,25.0,0,
2017-12-22 06:34:24,0,3,4,22.2,3522.7,-40000.8,14799.6,53953.3,25.0,0,
2017-12-22 06:34:27,0,3,4,22.2,3522.3,-40000.5,14799.6,53953.3,25.0,0,
2017-12-22 06:34:30,0,3,4,22.3,3521.8,-40000.7,14866.3,54188.1,25.0,0,
2017-12-22 06:34:33,0,3,4,22.3,3521.1,-40000.4,14866.3,54188.1,25.0,0,
2017-12-22 06:34:36,0,3,4,22.4,3520.6,-40000.3,14933.0,54422.8,25.0,0,
2017-12-22 06:34:39,0,3,4,22.4,3520.2,-40000.7,14933.0,54422.8,25.0,0,
2017-12-22 06:34:43,0,3,4,22.5,3519.5,-40000.6,14999.6,54657.5,25.0,0,
2017-12-22 06:34:46,0,3,4,22.5,3519.1,-40000.8,14999.6,54657.5,25.0,0,
2017-12-22 06:34:49,0,3,4,22.6,3518.5,-40000.6,15066.3,54892.1,25.0,0,
2017-12-22 06:34:52,0,3,4,22.6,3518.1,-40000.7,15066.3,54892.1,25.0,0,
2017-12-22 06:34:55,0,3,4,22.7,3517.5,-40000.9,15133.0,55126.6,25.0,0,
2017-12-22 06:34:58,0,3,4,22.8,3517.1,-40001.2,15199.6,55361.1,25.0,0,
2017-12-22 06:35:01,0,3,4,22.8,3516.5,-40001.0,15199.6,55361.1,25.0,0,
2017-12-22 06:35:04,0,3,4,22.9,3515.9,-40000.7,15266.3,55595.5,25.0,0,
2017-12-22 06:35:08,0,3,4,22.9,3515.3,-40000.3,15266.3,55595.5,25.0,0,
2017-12-22 06:35:11,0,3,4,23.0,3514.9,-40000.6,15333.0,55829.9,25.0,0,
2017-12-22 06:35:14,0,3,4,23.0,3514.4,-40000.8,15333.0,55829.9,25.0,0,
2017-12-22 06:35:17,0,3,4,23.1,3513.9,-40000.8,15399.7,56064.1,25.0,0,
2017-12-22 06:35:20,0,3,4,23.1,3513.4,-40000.3,15399.7,56064.1,25.0,0,
2017-12-22 06:35:23,0,3,4,23.2,3512.8,-40000.8,15466.3,56298.3,25.0,0,
2017-12-22 06:35:26,0,3,4,23.2,3512.4,-40000.5,15466.3,56298.3,25.0,0,
2017-12-22 06:35:30,0,3,4,23.3,3511.9,-40000.4,15533.0,56532.5,25.0,0,
2017-12-22 06:35:33,0,3,4,23.3,3511.3,-40000.8,15533.0,56532.5,25.0,0,
2017-12-22 06:35:36,0,3,4,23.4,3510.7,-40000.3,15599.7,56766.5,25.0,0,
2017-12-22 06:35:39,0,3,4,23.4,3510.2,-40000.7,15599.7,56766.5,25.0,0,
2017-12-22 06:35:42,0,3,4,23.5,3509.6,-40000.5,15666.3,57000.6,25.0,0,
2017-12-22 06:35:45,0,3,4,23.5,3509.2,-40000.0,15666.3,57000.6,25.0,0,
2017-12-22 06:35:48,0,3,4,23.6,3508.6,-40000.3,15733.0,57234.5,25.0,0,
2017-12-22 06:35:52,0,3,4,23.6,3508.1,-40000.1,15733.0,57234.5,25.0,0,
2017-12-22 06:35:55,0,3,4,23.7,3507.6,-40000.5,15799.7,57468.4,25.0,0,
2017-12-22 06:35:58,0,3,4,23.7,3506.9,-40000.7,15799.7,57468.4,25.0,0,
2017-12-22 06:36:01,0,3,4,23.8,3506.5,-40001.0,15866.3,57702.2,25.0,0,
2017-12-22 06:36:04,0,3,4,23.9,3506.0,-40000.9,15933.0,57935.9,25.0,0,
2017-12-22 06:36:07,0,3,4,23.9,3505.4,-40000.5,15933.0,57935.9,25.0,0,
2017-12-22 06:36:10,0,3,4,24.0,3504.9,-40000.3,15999.7,58169.6,25.0,0,
2017-12-22 06:36:14,0,3,4,24.0,3504.4,-40000.8,15999.7,58169.6,25.0,0,
2017-12-22 06:36:17,0,3,4,24.1,3503.9,-40000.2,16066.3,58403.2,25.0,0,
2017-12-22 06:36:20,0,3,4,24.1,3503.3,-40000.8,16066.3,58403.2,25.1,0,
2017-12-22 06:36:23,0,3,4,24.2,3502.7,-40000.3,16133.0,58636.7,25.1,0,
2017-12-22 06:36:26,0,3,4,24.2,3502.2,-40000.5,16133.0,58636.7,25.1,0,
2017-12-22 06:36:29,0,3,4,24.3,3501.6,-40000.6,16199.7,58870.1,25.1,0,
2017-12-22 06:36:32,0,3,4,24.3,3501.1,-40000.3,16199.7,58870.1,25.1,0,
2017-12-22 06:36:36,0,3,4,24.4,3500.6,-40000.8,16266.3,59103.5,25.1,0,
2017-12-22 06:36:39,0,3,4,24.4,3500.1,-40000.5,16266.3,59103.5,25.1,0,
2017-12-22 06:36:42,0,3,4,24.5,3499.5,-40000.2,16333.0,59336.9,25.1,0,
2017-12-22 06:36:45,0,3,4,24.5,3499.0,-40000.4,16333.0,59336.9,25.0,0,
2017-12-22 06:36:48,0,3,4,24.6,3498.4,-40000.5,16399.7,59570.1,25.1,0,
2017-12-22 06:36:51,0,3,4,24.6,3497.8,-39999.9,16399.7,59570.1,25.0,0,
2017-12-22 06:36:54,0,3,4,24.7,3497.2,-40000.6,16466.3,59803.3,25.0,0,
2017-12-22 06:36:57,0,3,4,24.7,3496.7,-40000.6,16466.3,59803.3,25.0,0,
2017-12-22 06:37:01,0,3,4,24.8,3496.2,-40000.0,16533.0,60036.4,25.0,0,
2017-12-22 06:37:04,0,3,4,24.8,3495.7,-40000.0,16533.0,60036.4,25.0,0,
2017-12-22 06:37:07,0,3,4,24.9,3495.1,-40000.3,16599.7,60269.4,25.0,0,
2017-12-22 06:37:10,0,3,4,24.9,3494.6,-40000.5,16599.7,60269.4,25.0,0,
2017-12-22 06:37:13,0,3,4,25.0,3493.9,-40000.9,16666.3,60502.4,25.0,0,
2017-12-22 06:37:16,0,3,4,25.1,3493.4,-40000.5,16733.0,60735.3,25.1,0,
2017-12-22 06:37:19,0,3,4,25.1,3492.7,-40000.5,16733.0,60735.3,25.1,0,
2017-12-22 06:37:23,0,3,4,25.2,3492.2,-40000.7,16799.7,60968.1,25.0,0,
2017-12-22 06:37:26,0,3,4,25.2,3491.7,-40000.5,16799.7,60968.1,25.0,0,
2017-12-22 06:37:29,0,3,4,25.3,3491.2,-40000.5,16866.4,61200.9,25.1,0,
2017-12-22 06:37:32,0,3,4,25.3,3490.6,-40000.5,16866.4,61200.9,25.0,0,
2017-12-22 06:37:35,0,3,4,25.4,3489.8,-40000.0,16933.0,61433.5,25.1,0,
2017-12-22 06:37:38,0,3,4,25.4,3489.3,-40000.0,16933.0,61433.5,25.0,0,
2017-12-22 06:37:41,0,3,4,25.5,3488.9,-40000.0,16999.7,61666.1,25.0,0,
2017-12-22 06:37:44,0,3,4,25.5,3488.3,-40000.8,16999.7,61666.1,25.0,0,
2017-12-22 06:37:48,0,3,4,25.6,3487.7,-40000.3,17066.4,61898.7,25.0,0,
2017-12-22 06:37:51,0,3,4,25.6,3487.1,-40000.1,17066.4,61898.7,25.0,0,
2017-12-22 06:37:54,0,3,4,25.7,3486.4,-40000.3,17133.0,62131.1,25.0,0,
2017-12-22 06:37:57,0,3,4,25.7,3485.8,-40000.1,17133.0,62131.1,25.0,0,
2017-12-22 06:38:00,0,3,4,25.8,3485.3,-40000.3,17199.7,62363.5,25.0,0,
2017-12-22 06:38:03,0,3,4,25.8,3484.6,-40000.4,17199.7,62363.5,25.0,0,
2017-12-22 06:38:06,0,3,4,25.9,3484.0,-40000.3,17266.4,62595.8,25.0,0,
2017-12-22 06:38:10,0,3,4,25.9,3483.6,-40000.3,17266.4,62595.8,25.0,0,
2017-12-22 06:38:13,0,3,4,26.0,3483.0,-40000.0,17333.0,62828.0,25.0,0,
2017-12-22 06:38:16,0,3,4,26.0,3482.3,-40000.0,17333.0,62828.0,25.0,0,
2017-12-22 06:38:19,0,3,4,26.1,3481.7,-40000.1,17399.7,63060.2,25.0,0,
2017-12-22 06:38:22,0,3,4,26.2,3481.0,-40000.7,17466.4,63292.3,25.0,0,
2017-12-22 06:38:25,0,3,4,26.2,3480.4,-40000.5,17466.4,63292.3,25.0,0,
2017-12-22 06:38:29,0,3,4,26.3,3479.8,-40000.3,17533.0,63524.3,25.0,0,
2017-12-22 06:38:32,0,3,4,26.3,3479.2,-40000.3,17533.0,63524.3,25.0,0,
2017-12-22 06:38:35,0,3,4,26.4,3478.7,-40000.5,17599.7,63756.2,25.0,0,
2017-12-22 06:38:38,0,3,4,26.4,3478.1,-40000.5,17599.7,63756.2,25.0,0,
2017-12-22 06:38:41,0,3,4,26.5,3477.3,-40000.3,17666.4,63988.0,25.0,0,
2017-12-22 06:38:44,0,3,4,26.5,3476.7,-40000.3,17666.4,63988.0,25.0,0,
2017-12-22 06:38:47,0,3,4,26.6,3476.2,-40000.0,17733.0,64219.8,25.0,0,
2017-12-22 06:38:50,0,3,4,26.6,3475.5,-40000.3,17733.0,64219.8,25.0,0,
2017-12-22 06:38:54,0,3,4,26.7,3474.8,-40000.5,17799.7,64451.4,25.0,0,
2017-12-22 06:38:57,0,3,4,26.7,3474.1,-40000.5,17799.7,64451.4,25.0,0,
2017-12-22 06:39:00,0,3,4,26.8,3473.5,-40000.8,17866.4,64683.0,25.0,0,
2017-12-22 06:39:03,0,3,4,26.8,3472.9,-40000.3,17866.4,64683.0,25.0,0,
2017-12-22 06:39:06,0,3,4,26.9,3472.3,-40000.3,17933.0,64914.6,25.0,0,
2017-12-22 06:39:09,0,3,4,26.9,3471.6,-40000.0,17933.0,64914.6,25.0,0,
2017-12-22 06:39:12,0,3,4,27.0,3471.0,-40000.5,17999.7,65146.0,25.0,0,
2017-12-22 06:39:16,0,3,4,27.0,3470.2,-40000.0,17999.7,65146.0,25.0,0,
2017-12-22 06:39:19,0,3,4,27.1,3469.6,-40000.3,18066.4,65377.3,25.0,0,
2017-12-22 06:39:22,0,3,4,27.1,3469.0,-40000.0,18066.4,65377.3,25.0,0,
2017-12-22 06:39:25,0,3,4,27.2,3468.3,-40000.5,18133.0,65608.6,25.0,0,
2017-12-22 06:39:28,0,3,4,27.3,3467.7,-40000.0,18199.7,65839.8,25.0,0,
2017-12-22 06:39:31,0,3,4,27.3,3466.8,-40000.1,18199.7,65839.8,25.0,0,
2017-12-22 06:39:35,0,3,4,27.4,3466.2,-40000.4,18266.4,66070.9,25.0,0,
2017-12-22 06:39:38,0,3,4,27.4,3465.5,-40000.0,18266.4,66070.9,25.0,0,
2017-12-22 06:39:41,0,3,4,27.5,3464.8,-40000.3,18333.0,66301.9,25.0,0,
2017-12-22 06:39:44,0,3,4,27.5,3464.2,-40000.3,18333.0,66301.9,25.0,0,
2017-12-22 06:39:47,0,3,4,27.6,3463.6,-40000.2,18399.7,66532.8,25.0,0,
2017-12-22 06:39:50,0,3,4,27.6,3462.7,-39999.7,18399.7,66532.8,25.0,0,
2017-12-22 06:39:54,0,3,4,27.7,3462.0,-40000.3,18466.4,66763.6,25.0,0,
2017-12-22 06:39:57,0,3,4,27.7,3461.3,-40000.0,18466.4,66763.6,25.0,0,
2017-12-22 06:40:00,0,3,4,27.8,3460.6,-40000.0,18533.0,66994.3,25.0,0,
2017-12-22 06:40:03,0,3,4,27.8,3459.9,-40000.1,18533.0,66994.3,25.0,0,
2017-12-22 06:40:06,0,3,4,27.9,3459.3,-39999.5,18599.7,67225.0,25.0,0,
2017-12-22 06:40:09,0,3,4,27.9,3458.6,-40000.0,18599.7,67225.0,25.0,0,
2017-12-22 06:40:12,0,3,4,28.0,3457.8,-40000.3,18666.4,67455.6,25.0,0,
2017-12-22 06:40:16,0,3,4,28.0,3457.1,-39999.8,18666.4,67455.6,25.0,0,
2017-12-22 06:40:19,0,3,4,28.1,3456.5,-39999.9,18733.0,67686.0,25.0,0,
2017-12-22 06:40:22,0,3,4,28.1,3455.6,-40000.1,18733.0,67686.0,25.0,0,
2017-12-22 06:40:25,0,3,4,28.2,3455.0,-39999.7,18799.7,67916.4,25.0,0,
2017-12-22 06:40:28,0,3,4,28.2,3454.3,-39999.8,18799.7,67916.4,25.0,0,
2017-12-22 06:40:31,0,3,4,28.3,3453.5,-39999.9,18866.4,68146.7,25.0,0,
2017-12-22 06:40:34,0,3,4,28.4,3452.7,-39999.7,18933.0,68376.8,25.0,0,
2017-12-22 06:40:37,0,3,4,28.4,3452.1,-40000.2,18933.0,68376.8,25.1,0,
2017-12-22 06:40:40,0,3,4,28.5,3451.3,-39999.7,18999.7,68606.9,25.0,0,
2017-12-22 06:40:44,0,3,4,28.5,3450.6,-39999.7,18999.7,68606.9,25.1,0,
2017-12-22 06:40:47,0,3,4,28.6,3449.9,-39999.7,19066.4,68836.9,25.0,0,
2017-12-22 06:40:50,0,3,4,28.6,3449.0,-39999.3,19066.4,68836.9,25.0,0,
2017-12-22 06:40:53,0,3,4,28.7,3448.3,-39999.5,19133.0,69066.8,25.0,0,
2017-12-22 06:40:56,0,3,4,28.7,3447.5,-39999.7,19133.0,69066.8,25.0,0,
2017-12-22 06:40:59,0,3,4,28.8,3446.8,-39999.5,19199.7,69296.6,25.1,0,
2017-12-22 06:41:03,0,3,4,28.8,3445.9,-39999.9,19199.7,69296.6,25.1,0,
2017-12-22 06:41:06,0,3,4,28.9,3445.3,-39999.2,19266.4,69526.3,25.0,0,
2017-12-22 06:41:09,0,3,4,28.9,3444.5,-39999.8,19266.4,69526.3,25.1,0,
2017-12-22 06:41:12,0,3,4,29.0,3443.7,-39999.6,19333.0,69755.9,25.1,0,
2017-12-22 06:41:15,0,3,4,29.0,3442.9,-39999.5,19333.0,69755.9,25.1,0,
2017-12-22 06:41:18,0,3,4,29.1,3442.0,-39999.2,19399.7,69985.4,25.1,0,
2017-12-22 06:41:21,0,3,4,29.1,3441.4,-39999.7,19399.7,69985.4,25.1,0,
2017-12-22 06:41:25,0,3,4,29.2,3440.6,-39999.5,19466.4,70214.8,25.1,0,
2017-12-22 06:41:28,0,3,4,29.2,3439.7,-39999.5,19466.4,70214.8,25.1,0,
2017-12-22 06:41:31,0,3,4,29.3,3438.9,-39999.4,19533.0,70444.1,25.1,0,
2017-12-22 06:41:34,0,3,4,29.3,3438.1,-39999.4,19533.0,70444.1,25.1,0,
2017-12-22 06:41:37,0,3,4,29.4,3437.3,-39999.5,19599.7,70673.3,25.1,0,
2017-12-22 06:41:40,0,3,4,29.5,3436.6,-40000.0,19666.4,70902.4,25.1,0,
2017-12-22 06:41:43,0,3,4,29.5,3435.7,-40000.0,19666.4,70902.4,25.1,0,
2017-12-22 06:41:47,0,3,4,29.6,3435.0,-40000.0,19733.0,71131.4,25.1,0,
2017-12-22 06:41:50,0,3,4,29.6,3434.0,-39999.5,19733.0,71131.4,25.1,0,
2017-12-22 06:41:53,0,3,4,29.7,3433.2,-39999.2,19799.7,71360.3,25.0,0,
2017-12-22 06:41:56,0,3,4,29.7,3432.5,-39999.5,19799.7,71360.3,25.0,0,
2017-12-22 06:41:59,0,3,4,29.8,3431.5,-39999.1,19866.4,71589.0,25.0,0,
2017-12-22 06:42:02,0,3,4,29.8,3430.8,-39999.5,19866.4,71589.0,25.0,0,
2017-12-22 06:42:05,0,3,4,29.9,3429.9,-39999.6,19933.0,71817.7,25.1,0,
2017-12-22 06:42:09,0,3,4,29.9,3429.0,-39999.7,19933.0,71817.7,25.0,0,
2017-12-22 06:42:12,0,3,4,30.0,3428.1,-40000.0,19999.7,72046.3,25.1,0,
2017-12-22 06:42:15,0,3,4,30.0,3427.3,-39999.2,19999.7,72046.3,25.1,0,
2017-12-22 06:42:18,0,3,4,30.1,3426.3,-39999.9,20066.4,72274.7,25.1,0,
2017-12-22 06:42:21,0,3,4,30.1,3425.6,-39999.7,20066.4,72274.7,25.1,0,
2017-12-22 06:42:24,0,3,4,30.2,3424.5,-39999.2,20133.0,72503.1,25.1,0,
2017-12-22 06:42:28,0,3,4,30.2,3423.7,-39999.7,20133.0,72503.1,25.1,0,
2017-12-22 06:42:31,0,3,4,30.3,3422.7,-39999.7,20199.7,72731.3,25.1,0,
2017-12-22 06:42:34,0,3,4,30.3,3421.9,-39999.8,20199.7,72731.3,25.1,0,
2017-12-22 06:42:37,0,3,4,30.4,3420.9,-39999.7,20266.3,72959.4,25.1,0,
2017-12-22 06:42:40,0,3,4,30.4,3420.0,-39999.7,20266.3,72959.4,25.1,0,
2017-12-22 06:42:43,0,3,4,30.5,3419.0,-40000.0,20333.0,73187.4,25.1,0,
2017-12-22 06:42:46,0,3,4,30.6,3418.0,-39999.3,20399.7,73415.3,25.1,0,
2017-12-22 06:42:49,0,3,4,30.6,3417.0,-39999.1,20399.7,73415.3,25.1,0,
2017-12-22 06:42:53,0,3,4,30.7,3416.1,-39999.3,20466.3,73643.0,25.1,0,
2017-12-22 06:42:56,0,3,4,30.7,3415.2,-39999.5,20466.3,73643.0,25.1,0,
2017-12-22 06:42:59,0,3,4,30.8,3414.2,-39999.3,20533.0,73870.6,25.1,0,
2017-12-22 06:43:02,0,3,4,30.8,3413.1,-39998.9,20533.0,73870.6,25.1,0,
2017-12-22 06:43:05,0,3,4,30.9,3412.2,-39999.5,20599.7,74098.1,25.1,0,
2017-12-22 06:43:08,0,3,4,30.9,3411.2,-39999.2,20599.7,74098.1,25.1,0,
2017-12-22 06:43:11,0,3,4,31.0,3410.2,-39998.7,20666.3,74325.5,25.1,0,
2017-12-22 06:43:15,0,3,4,31.0,3409.0,-39999.1,20666.3,74325.5,25.1,0,
2017-12-22 06:43:18,0,3,4,31.1,3408.0,-39999.7,20733.0,74552.7,25.1,0,
2017-12-22 06:43:21,0,3,4,31.1,3406.8,-39999.2,20733.0,74552.7,25.1,0,
2017-12-22 06:43:24,0,3,4,31.2,3405.7,-39999.0,20799.7,74779.8,25.1,0,
2017-12-22 06:43:27,0,3,4,31.2,3404.7,-39999.0,20799.7,74779.8,25.1,0,
2017-12-22 06:43:30,0,3,4,31.3,3403.5,-39999.5,20866.3,75006.7,25.1,0,
2017-12-22 06:43:33,0,3,4,31.3,3402.5,-39999.7,20866.3,75006.7,25.1,0,
2017-12-22 06:43:37,0,3,4,31.4,3401.1,-39999.4,20933.0,75233.5,25.1,0,
2017-12-22 06:43:40,0,3,4,31.4,3399.9,-39999.5,20933.0,75233.5,25.1,0,
2017-12-22 06:43:43,0,3,4,31.5,3398.8,-39999.3,20999.7,75460.2,25.1,0,
2017-12-22 06:43:46,0,3,4,31.5,3397.6,-39999.3,20999.7,75460.2,25.1,0,
2017-12-22 06:43:49,0,3,4,31.6,3396.4,-39998.9,21066.3,75686.7,25.1,0,
2017-12-22 06:43:52,0,3,4,31.7,3395.1,-39998.8,21133.0,75913.0,25.1,0,
2017-12-22 06:43:55,0,3,4,31.7,3393.8,-39998.5,21133.0,75913.0,25.1,0,
2017-12-22 06:43:59,0,3,4,31.8,3392.5,-39999.2,21199.6,76139.1,25.2,0,
2017-12-22 06:44:02,0,3,4,31.8,3391.2,-39999.3,21199.6,76139.1,25.2,0,
2017-12-22 06:44:05,0,3,4,31.9,3389.9,-39998.7,21266.3,76365.1,25.2,0,
2017-12-22 06:44:08,0,3,4,31.9,3388.4,-39999.3,21266.3,76365.1,25.2,0,
2017-12-22 06:44:11,0,3,4,32.0,3387.1,-39999.0,21333.0,76591.0,25.2,0,
2017-12-22 06:44:14,0,3,4,32.0,3385.5,-39999.0,21333.0,76591.0,25.2,0,
2017-12-22 06:44:18,0,3,4,32.1,3384.1,-39999.1,21399.6,76816.6,25.2,0,
2017-12-22 06:44:21,0,3,4,32.1,3382.7,-39998.8,21399.6,76816.6,25.2,0,
2017-12-22 06:44:24,0,3,4,32.2,3381.0,-39999.0,21466.3,77042.0,25.2,0,
2017-12-22 06:44:27,0,3,4,32.2,3379.4,-39999.1,21466.3,77042.0,25.2,0,
2017-12-22 06:44:30,0,3,4,32.3,3377.9,-39998.9,21533.0,77267.3,25.2,0,
2017-12-22 06:44:33,0,3,4,32.3,3376.1,-39998.7,21533.0,77267.3,25.2,0,
2017-12-22 06:44:36,0,3,4,32.4,3374.5,-39998.7,21599.6,77492.3,25.3,0,
2017-12-22 06:44:39,0,3,4,32.4,3372.8,-39998.8,21599.6,77492.3,25.3,0,
2017-12-22 06:44:43,0,3,4,32.5,3371.0,-39998.9,21666.3,77717.1,25.3,0,
2017-12-22 06:44:46,0,3,4,32.5,3369.2,-39998.8,21666.3,77717.1,25.3,0,
2017-12-22 06:44:49,0,3,4,32.6,3367.2,-39998.9,21732.9,77941.7,25.3,0,
2017-12-22 06:44:52,0,3,4,32.6,3365.2,-39998.5,21732.9,77941.7,25.3,0,
2017-12-22 06:44:55,0,3,4,32.7,3363.2,-39998.7,21799.6,78166.0,25.3,0,
2017-12-22 06:44:58,0,3,4,32.8,3361.1,-39998.5,21866.3,78390.1,25.3,0,
2017-12-22 06:45:02,0,3,4,32.8,3358.9,-39998.5,21866.3,78390.1,25.2,0,
2017-12-22 06:45:05,0,3,4,32.9,3356.7,-40000.1,21932.9,78613.9,25.2,0,
2017-12-22 06:45:08,0,3,4,32.9,3354.3,-40000.0,21932.9,78613.9,25.2,0,
2017-12-22 06:45:11,0,3,4,33.0,3352.0,-40000.0,21999.6,78837.4,25.2,0,
2017-12-22 06:45:14,0,3,4,33.0,3349.7,-39999.9,21999.6,78837.4,25.2,0,
2017-12-22 06:45:17,0,3,4,33.1,3347.0,-40000.2,22066.3,79060.6,25.1,0,
2017-12-22 06:45:20,0,3,4,33.1,3344.6,-40000.1,22066.3,79060.6,25.2,0,
2017-12-22 06:45:23,0,3,4,33.2,3341.9,-40000.0,22132.9,79283.4,25.2,0,
2017-12-22 06:45:27,0,3,4,33.2,3339.4,-39999.7,22132.9,79283.4,25.2,0,
2017-12-22 06:45:30,0,3,4,33.3,3336.3,-40000.3,22199.6,79505.9,25.2,0,
2017-12-22 06:45:33,0,3,4,33.3,3333.5,-40000.2,22199.6,79505.9,25.2,0,
2017-12-22 06:45:36,0,3,4,33.4,3330.5,-39999.7,22266.3,79728.1,25.3,0,
2017-12-22 06:45:39,0,3,4,33.4,3327.4,-40000.0,22266.3,79728.1,25.3,0,
2017-12-22 06:45:42,0,3,4,33.5,3324.0,-39999.6,22332.9,79949.8,25.3,0,
2017-12-22 06:45:45,0,3,4,33.5,3320.9,-39999.6,22332.9,79949.8,25.3,0,
2017-12-22 06:45:49,0,3,4,33.6,3317.4,-39999.0,22399.6,80171.1,25.3,0,
2017-12-22 06:45:52,0,3,4,33.6,3314.0,-39999.0,22399.6,80171.1,25.3,0,
2017-12-22 06:45:55,0,3,4,33.7,3310.4,-39998.8,22466.3,80392.0,25.3,0,
2017-12-22 06:45:58,0,3,4,33.7,3306.0,-40000.3,22466.3,80392.0,25.3,0,
2017-12-22 06:46:01,0,3,4,33.8,3301.9,-39999.7,22532.9,80612.4,25.3,0,
2017-12-22 06:46:03,0,3,4,33.8,3300.0,-39999.7,22532.9,80612.4,25.3,3,下限电压到
2017-12-22 06:46:04,0,3,4,33.8,3360.4,25.4,22532.9,80612.4,25.3,3,下限电压到
2017-12-22 06:46:07,0,3,4,33.9,3370.9,25.3,22533.0,80612.6,25.3,3,下限电压到
2017-12-22 06:46:10,0,3,4,34.0,3377.2,26.2,22533.0,80612.7,25.3,3,下限电压到
2017-12-22 06:46:14,0,3,4,34.0,3381.7,25.5,22533.0,80612.7,25.3,3,下限电压到
2017-12-22 06:46:17,0,3,4,34.1,3385.1,25.3,22533.1,80612.9,25.3,3,下限电压到
2017-12-22 06:46:20,0,3,4,34.1,3388.1,26.4,22533.1,80612.9,25.3,3,下限电压到
2017-12-22 06:46:23,0,3,4,34.2,3390.7,25.5,22533.1,80613.0,25.3,3,下限电压到
2017-12-22 06:46:26,0,3,4,34.2,3392.7,25.2,22533.1,80613.0,25.3,3,下限电压到
2017-12-22 06:46:29,0,3,4,34.3,3394.6,26.4,22533.1,80613.2,25.3,3,下限电压到
2017-12-22 06:46:32,0,3,4,34.3,3396.3,26.2,22533.1,80613.2,25.3,3,下限电压到
2017-12-22 06:46:35,0,3,4,34.4,3397.6,26.5,22533.2,80613.3,25.3,3,下限电压到
2017-12-22 06:46:38,0,3,4,34.4,3399.0,25.6,22533.2,80613.3,25.3,3,下限电压到
2017-12-22 06:46:42,0,3,4,34.5,3400.4,26.2,22533.2,80613.5,25.3,3,下限电压到
2017-12-22 06:46:45,0,3,4,34.5,3401.2,26.0,22533.2,80613.5,25.3,3,下限电压到
2017-12-22 06:46:50,0,4,6,0.0,3402.4,0,0.0,0.0,25.3,0,
