2017-12-22 05:33:19,0,0,3,0.0,3401.5,0,0.0,0.0,24.8,0,
2017-12-22 05:33:47,0,0,3,0.4,3402.4,22.5,0.0,0.0,24.6,0,
2017-12-22 05:33:50,0,0,3,0.4,3402.4,22.0,0.0,0.0,24.6,0,
2017-12-22 05:33:53,0,0,3,0.5,3402.6,23.1,0.0,0.0,24.6,0,
2017-12-22 05:33:56,0,0,3,0.5,3402.6,22.5,0.0,0.0,24.7,0,
2017-12-22 05:33:59,0,0,3,0.6,3402.6,22.8,0.0,0.0,24.7,0,
2017-12-22 05:34:02,0,0,3,0.6,3402.8,23.0,0.0,0.0,24.7,0,
2017-12-22 05:34:05,0,0,3,0.7,3402.8,23.0,0.0,0.0,24.7,0,
2017-12-22 05:34:08,0,0,3,0.7,3402.8,22.5,0.0,0.0,24.7,0,
2017-12-22 05:34:12,0,0,3,0.8,3403.0,23.1,0.0,0.0,24.7,0,
2017-12-22 05:34:15,0,0,3,0.8,3403.2,23.5,0.0,0.0,24.7,0,
2017-12-22 05:34:18,0,0,3,0.9,3403.0,23.1,0.0,0.0,24.7,0,
2017-12-22 05:34:21,0,0,3,0.9,3403.1,22.6,0.0,0.0,24.7,0,
2017-12-22 05:34:24,0,0,3,1.0,3403.2,22.2,0.0,0.0,24.7,0,
2017-12-22 05:34:25,0,0,3,1.0,3403.2,22.6,0.0,0.0,24.7,1,时间到
2017-12-22 05:34:29,0,1,2,0.0,3403.3,0,0.0,0.0,24.7,0,
2017-12-22 05:34:51,0,1,2,0.4,3483.0,40000.7,266.7,924.8,24.8,0,
2017-12-22 05:34:54,0,1,2,0.4,3487.1,40001.0,266.7,924.8,24.8,0,
2017-12-22 05:34:58,0,1,2,0.5,3491.5,40001.3,333.4,1157.5,24.8,0,
2017-12-22 05:35:01,0,1,2,0.5,3495.6,40001.6,333.4,1157.5,24.8,0,
2017-12-22 05:35:04,0,1,2,0.6,3499.5,40002.0,400.0,1390.8,24.8,0,
2017-12-22 05:35:07,0,1,2,0.6,3503.3,40001.9,400.0,1390.8,24.8,0,
2017-12-22 05:35:11,0,1,2,0.7,3506.8,40002.7,466.7,1624.5,24.8,0,
2017-12-22 05:35:14,0,1,2,0.7,3510.2,40002.9,466.7,1624.5,24.8,0,
2017-12-22 05:35:17,0,1,2,0.8,3513.2,40002.8,533.4,1858.7,24.8,0,
2017-12-22 05:35:20,0,1,2,0.8,3516.3,40002.5,533.4,1858.7,24.8,0,
2017-12-22 05:35:23,0,1,2,0.9,3519.2,40002.8,600.1,2093.2,24.8,0,
2017-12-22 05:35:27,0,1,2,0.9,3522.4,39999.8,600.1,2093.2,24.8,0,
2017-12-22 05:35:30,0,1,2,1.0,3525.1,39999.7,666.7,2328.1,24.8,0,
2017-12-22 05:35:33,0,1,2,1.0,3527.6,39999.7,666.7,2328.1,24.8,0,
2017-12-22 05:35:36,0,1,2,1.1,3529.9,40000.3,733.4,2563.3,24.9,0,
2017-12-22 05:35:39,0,1,2,1.1,3532.1,40000.3,733.4,2563.3,24.9,0,
2017-12-22 05:35:42,0,1,2,1.2,3534.2,40000.2,800.1,2798.7,24.9,0,
2017-12-22 05:35:45,0,1,2,1.2,3536.1,40000.7,800.1,2798.7,25.0,0,
2017-12-22 05:35:48,0,1,2,1.3,3538.0,40000.7,866.7,3034.5,25.0,0,
2017-12-22 05:35:51,0,1,2,1.4,3539.9,40001.0,933.4,3270.5,25.0,0,
2017-12-22 05:35:54,0,1,2,1.4,3541.5,40000.8,933.4,3270.5,24.9,0,
2017-12-22 05:35:58,0,1,2,1.5,3543.1,40000.8,1000.1,3506.7,24.9,0,
2017-12-22 05:36:01,0,1,2,1.5,3544.6,40001.4,1000.1,3506.7,24.9,0,
2017-12-22 05:36:04,0,1,2,1.6,3546.1,40001.0,1066.7,3743.1,24.9,0,
2017-12-22 05:36:07,0,1,2,1.6,3547.5,40001.2,1066.7,3743.1,24.9,0,
2017-12-22 05:36:10,0,1,2,1.7,3548.7,40001.1,1133.4,3979.7,24.9,0,
2017-12-22 05:36:13,0,1,2,1.7,3549.8,40001.2,1133.4,3979.7,24.9,0,
2017-12-22 05:36:17,0,1,2,1.8,3550.9,40001.0,1200.1,4216.4,24.9,0,
2017-12-22 05:36:20,0,1,2,1.8,3552.0,40001.3,1200.1,4216.4,24.9,0,
2017-12-22 05:36:23,0,1,2,1.9,3553.0,40001.0,1266.7,4453.3,24.9,0,
2017-12-22 05:36:26,0,1,2,1.9,3554.1,40001.2,1266.7,4453.3,25.0,0,
2017-12-22 05:36:29,0,1,2,2.0,3555.0,40001.1,1333.4,4690.2,24.9,0,
2017-12-22 05:36:32,0,1,2,2.0,3555.9,40001.2,1333.4,4690.2,24.9,0,
2017-12-22 05:36:35,0,1,2,2.1,3556.9,40001.5,1400.1,4927.3,24.9,0,
2017-12-22 05:36:39,0,1,2,2.1,3557.7,40001.6,1400.1,4927.3,24.9,0,
2017-12-22 05:36:42,0,1,2,2.2,3558.7,40001.2,1466.8,5164.5,24.9,0,
2017-12-22 05:36:45,0,1,2,2.2,3559.6,40001.2,1466.8,5164.5,24.9,0,
2017-12-22 05:36:48,0,1,2,2.3,3560.5,40001.6,1533.4,5401.8,24.9,0,
2017-12-22 05:36:52,0,1,2,2.4,3561.2,40001.3,1600.1,5639.3,24.9,0,
2017-12-22 05:36:55,0,1,2,2.4,3562.1,40001.2,1600.1,5639.3,24.9,0,
2017-12-22 05:36:58,0,1,2,2.5,3562.9,40000.8,1666.8,5876.8,24.9,0,
2017-12-22 05:37:01,0,1,2,2.5,3563.8,40000.6,1666.8,5876.8,24.9,0,
2017-12-22 05:37:04,0,1,2,2.6,3564.4,40001.0,1733.4,6114.4,24.8,0,
2017-12-22 05:37:07,0,1,2,2.6,3565.3,40000.9,1733.4,6114.4,24.8,0,
2017-12-22 05:37:10,0,1,2,2.7,3566.2,40001.0,1800.1,6352.2,24.8,0,
2017-12-22 05:37:13,0,1,2,2.7,3566.9,40001.1,1800.1,6352.2,24.8,0,
2017-12-22 05:37:17,0,1,2,2.8,3567.7,40000.9,1866.8,6590.0,24.8,0,
2017-12-22 05:37:20,0,1,2,2.8,3568.4,40000.9,1866.8,6590.0,24.8,0,
2017-12-22 05:37:23,0,1,2,2.9,3569.3,40000.5,1933.4,6827.9,24.8,0,
2017-12-22 05:37:26,0,1,2,2.9,3570.0,40001.0,1933.4,6827.9,24.8,0,
2017-12-22 05:37:29,0,1,2,3.0,3570.8,40001.0,2000.1,7066.0,24.8,0,
2017-12-22 05:37:32,0,1,2,3.0,3571.7,40000.8,2000.1,7066.0,24.7,0,
2017-12-22 05:37:35,0,1,2,3.1,3572.4,40000.5,2066.8,7304.1,24.8,0,
2017-12-22 05:37:38,0,1,2,3.1,3573.2,40000.5,2066.8,7304.1,24.7,0,
2017-12-22 05:37:41,0,1,2,3.2,3573.8,40000.4,2133.5,7542.4,24.7,0,
2017-12-22 05:37:44,0,1,2,3.2,3574.6,40000.3,2133.5,7542.4,24.7,0,
2017-12-22 05:37:47,0,1,2,3.3,3575.5,40000.3,2200.1,7780.7,24.7,0,
2017-12-22 05:37:51,0,1,2,3.3,3576.4,39999.8,2200.1,7780.7,24.7,0,
2017-12-22 05:37:54,0,1,2,3.4,3577.2,40000.0,2266.8,8019.1,24.7,0,
2017-12-22 05:37:57,0,1,2,3.4,3578.0,40000.0,2266.8,8019.1,24.7,0,
2017-12-22 05:38:00,0,1,2,3.5,3578.9,40000.2,2333.5,8257.7,24.6,0,
2017-12-22 05:38:03,0,1,2,3.5,3579.6,40000.3,2333.5,8257.7,24.6,0,
2017-12-22 05:38:06,0,1,2,3.6,3580.4,40000.0,2400.1,8496.3,24.6,0,
2017-12-22 05:38:09,0,1,2,3.6,3581.0,40000.3,2400.1,8496.3,24.6,0,
2017-12-22 05:38:12,0,1,2,3.7,3581.8,40000.3,2466.8,8735.1,24.6,0,
2017-12-22 05:38:15,0,1,2,3.7,3582.7,40000.2,2466.8,8735.1,24.6,0,
2017-12-22 05:38:18,0,1,2,3.8,3583.6,40000.0,2533.5,8973.9,24.6,0,
2017-12-22 05:38:21,0,1,2,3.9,3584.4,39999.8,2600.1,9212.9,24.6,0,
2017-12-22 05:38:24,0,1,2,3.9,3585.1,40000.1,2600.1,9212.9,24.6,0,
2017-12-22 05:38:27,0,1,2,4.0,3585.8,39999.9,2666.8,9452.0,24.6,0,
2017-12-22 05:38:30,0,1,2,4.0,3586.8,39999.9,2666.8,9452.0,24.6,0,
2017-12-22 05:38:33,0,1,2,4.1,3587.5,39999.7,2733.5,9691.1,24.6,0,
2017-12-22 05:38:36,0,1,2,4.1,3588.2,39999.8,2733.5,9691.1,24.6,0,
2017-12-22 05:38:40,0,1,2,4.2,3589.1,39999.8,2800.1,9930.4,24.6,0,
2017-12-22 05:38:43,0,1,2,4.2,3590.0,40000.0,2800.1,9930.4,24.6,0,
2017-12-22 05:38:46,0,1,2,4.3,3590.8,39999.6,2866.8,10169.8,24.7,0,
2017-12-22 05:38:49,0,1,2,4.3,3591.7,40000.0,2866.8,10169.8,24.7,0,
2017-12-22 05:38:52,0,1,2,4.4,3592.4,40000.0,2933.5,10409.2,24.7,0,
2017-12-22 05:38:55,0,1,2,4.4,3593.1,39999.8,2933.5,10409.2,24.7,0,
2017-12-22 05:38:58,0,1,2,4.5,3594.1,39999.7,3000.1,10648.8,24.6,0,
2017-12-22 05:39:01,0,1,2,4.5,3594.8,39999.8,3000.1,10648.8,24.6,0,
2017-12-22 05:39:04,0,1,2,4.6,3595.6,40000.0,3066.8,10888.5,24.6,0,
2017-12-22 05:39:08,0,1,2,4.6,3596.4,39999.8,3066.8,10888.5,24.6,0,
2017-12-22 05:39:11,0,1,2,4.7,3597.4,39999.5,3133.4,11128.3,24.6,0,
2017-12-22 05:39:14,0,1,2,4.7,3598.1,39999.6,3133.4,11128.3,24.7,0,
2017-12-22 05:39:17,0,1,2,4.8,3598.9,39999.8,3200.1,11368.2,24.7,0,
2017-12-22 05:39:20,0,1,2,4.8,3599.8,39999.9,3200.1,11368.2,24.7,0,
2017-12-22 05:39:23,0,1,2,4.9,3600.6,39999.3,3266.8,11608.2,24.6,0,
2017-12-22 05:39:27,0,1,2,4.9,3601.4,39999.7,3266.8,11608.2,24.7,0,
2017-12-22 05:39:30,0,1,2,5.0,3602.3,39999.7,3333.4,11848.3,24.7,0,
2017-12-22 05:39:33,0,1,2,5.0,3603.2,39999.5,3333.4,11848.3,24.7,0,
2017-12-22 05:39:36,0,1,2,5.1,3604.0,39999.4,3400.1,12088.5,24.7,0,
2017-12-22 05:39:39,0,1,2,5.1,3604.8,39999.4,3400.1,12088.5,24.7,0,
2017-12-22 05:39:42,0,1,2,5.2,3605.5,39999.5,3466.8,12328.8,24.7,0,
2017-12-22 05:39:45,0,1,2,5.2,3606.5,39999.6,3466.8,12328.8,24.7,0,
2017-12-22 05:39:48,0,1,2,5.3,3607.1,39999.6,3533.4,12569.3,24.7,0,
2017-12-22 05:39:51,0,1,2,5.3,3608.1,39999.3,3533.4,12569.3,24.7,0,
2017-12-22 05:39:54,0,1,2,5.4,3608.8,39999.3,3600.1,12809.8,24.7,0,
2017-12-22 05:39:58,0,1,2,5.5,3609.5,39999.5,3666.8,13050.4,24.7,0,
2017-12-22 05:40:01,0,1,2,5.5,3610.4,39999.2,3666.8,13050.4,24.7,0,
2017-12-22 05:40:04,0,1,2,5.6,3611.2,39998.9,3733.4,13291.2,24.7,0,
2017-12-22 05:40:07,0,1,2,5.6,3612.0,39999.5,3733.4,13291.2,24.7,0,
2017-12-22 05:40:10,0,1,2,5.7,3612.8,39999.5,3800.1,13532.0,24.7,0,
2017-12-22 05:40:13,0,1,2,5.7,3613.7,39999.5,3800.1,13532.0,24.7,0,
2017-12-22 05:40:16,0,1,2,5.8,3614.5,39999.3,3866.8,13772.9,24.7,0,
2017-12-22 05:40:19,0,1,2,5.8,3615.1,39999.5,3866.8,13772.9,24.7,0,
2017-12-22 05:40:22,0,1,2,5.9,3615.9,39999.2,3933.4,14014.0,24.8,0,
2017-12-22 05:40:25,0,1,2,5.9,3616.7,39999.2,3933.4,14014.0,24.7,0,
2017-12-22 05:40:28,0,1,2,6.0,3617.6,39999.5,4000.1,14255.1,24.8,0,
2017-12-22 05:40:32,0,1,2,6.0,3618.4,39999.5,4000.1,14255.1,24.8,0,
2017-12-22 05:40:35,0,1,2,6.1,3619.3,39999.3,4066.8,14496.4,24.8,0,
2017-12-22 05:40:38,0,1,2,6.1,3620.0,39998.9,4066.8,14496.4,24.8,0,
2017-12-22 05:40:41,0,1,2,6.2,3620.7,39999.5,4133.4,14737.7,24.8,0,
2017-12-22 05:40:44,0,1,2,6.2,3621.4,39999.0,4133.4,14737.7,24.8,0,
2017-12-22 05:40:47,0,1,2,6.3,3622.2,39998.8,4200.1,14979.2,24.8,0,
2017-12-22 05:40:51,0,1,2,6.3,3623.1,39999.0,4200.1,14979.2,24.7,0,
2017-12-22 05:40:54,0,1,2,6.4,3623.9,39998.7,4266.7,15220.7,24.8,0,
2017-12-22 05:40:57,0,1,2,6.4,3624.8,39998.8,4266.7,15220.7,24.8,0,
2017-12-22 05:41:00,0,1,2,6.5,3625.4,39999.2,4333.4,15462.3,24.7,0,
2017-12-22 05:41:03,0,1,2,6.5,3626.2,39998.8,4333.4,15462.3,24.7,0,
2017-12-22 05:41:06,0,1,2,6.6,3626.8,39998.3,4400.1,15704.1,24.8,0,
2017-12-22 05:41:09,0,1,2,6.7,3627.7,39998.8,4466.7,15945.9,24.7,0,
2017-12-22 05:41:13,0,1,2,6.7,3628.5,39999.0,4466.7,15945.9,24.8,0,
2017-12-22 05:41:16,0,1,2,6.8,3629.0,39999.3,4533.4,16187.8,24.8,0,
2017-12-22 05:41:19,0,1,2,6.8,3629.9,39999.0,4533.4,16187.8,24.8,0,
2017-12-22 05:41:22,0,1,2,6.9,3630.7,39999.0,4600.1,16429.8,24.8,0,
2017-12-22 05:41:25,0,1,2,6.9,3631.4,39999.4,4600.1,16429.8,24.8,0,
2017-12-22 05:41:28,0,1,2,7.0,3631.9,39999.3,4666.7,16672.0,24.8,0,
2017-12-22 05:41:31,0,1,2,7.0,3632.8,39999.0,4666.7,16672.0,24.7,0,
2017-12-22 05:41:34,0,1,2,7.1,3633.5,39999.3,4733.4,16914.2,24.7,0,
2017-12-22 05:41:38,0,1,2,7.1,3634.1,39999.3,4733.4,16914.2,24.7,0,
2017-12-22 05:41:41,0,1,2,7.2,3635.0,39999.5,4800.1,17156.5,24.8,0,
2017-12-22 05:41:44,0,1,2,7.2,3635.7,39999.4,4800.1,17156.5,24.8,0,
2017-12-22 05:41:47,0,1,2,7.3,3636.3,39999.3,4866.7,17398.9,24.8,0,
2017-12-22 05:41:50,0,1,2,7.3,3636.9,39999.2,4866.7,17398.9,24.8,0,
2017-12-22 05:41:53,0,1,2,7.4,3637.7,39999.2,4933.4,17641.4,24.8,0,
2017-12-22 05:41:57,0,1,2,7.4,3638.6,39999.0,4933.4,17641.4,24.8,0,
2017-12-22 05:42:00,0,1,2,7.5,3639.3,39999.0,5000.0,17883.9,24.7,0,
2017-12-22 05:42:03,0,1,2,7.5,3640.0,39998.6,5000.0,17883.9,24.7,0,
2017-12-22 05:42:06,0,1,2,7.6,3640.7,39998.8,5066.7,18126.6,24.7,0,
2017-12-22 05:42:09,0,1,2,7.7,3641.4,39998.8,5133.4,18369.3,24.8,0,
2017-12-22 05:42:13,0,1,2,7.7,3642.1,39998.7,5133.4,18369.3,24.8,0,
2017-12-22 05:42:16,0,1,2,7.8,3642.7,39998.8,5200.0,18612.2,24.8,0,
2017-12-22 05:42:19,0,1,2,7.8,3643.4,39998.9,5200.0,18612.2,24.8,0,
2017-12-22 05:42:22,0,1,2,7.9,3644.1,39998.5,5266.7,18855.1,24.8,0,
2017-12-22 05:42:25,0,1,2,7.9,3644.8,39998.4,5266.7,18855.1,24.8,0,
2017-12-22 05:42:28,0,1,2,8.0,3645.4,39998.6,5333.4,19098.1,24.8,0,
2017-12-22 05:42:31,0,1,2,8.0,3646.0,39998.9,5333.4,19098.1,24.8,0,
2017-12-22 05:42:34,0,1,2,8.1,3646.7,39998.7,5400.0,19341.2,24.8,0,
2017-12-22 05:42:37,0,1,2,8.1,3647.3,39998.8,5400.0,19341.2,24.8,0,
2017-12-22 05:42:41,0,1,2,8.2,3648.0,39998.7,5466.7,19584.3,24.8,0,
2017-12-22 05:42:44,0,1,2,8.2,3648.6,39998.9,5466.7,19584.3,24.8,0,
2017-12-22 05:42:47,0,1,2,8.3,3649.3,39999.0,5533.3,19827.6,24.8,0,
2017-12-22 05:42:50,0,1,2,8.3,3650.0,39999.0,5533.3,19827.6,24.8,0,
2017-12-22 05:42:53,0,1,2,8.4,3650.6,39999.0,5600.0,20070.9,24.8,0,
2017-12-22 05:42:56,0,1,2,8.4,3651.4,39998.9,5600.0,20070.9,24.8,0,
2017-12-22 05:43:00,0,1,2,8.5,3652.0,39998.8,5666.7,20314.4,24.8,0,
2017-12-22 05:43:03,0,1,2,8.5,3652.5,39999.2,5666.7,20314.4,24.8,0,
2017-12-22 05:43:06,0,1,2,8.6,3653.3,39999.2,5733.3,20557.9,24.8,0,
2017-12-22 05:43:09,0,1,2,8.6,3654.0,39999.2,5733.3,20557.9,24.8,0,
2017-12-22 05:43:12,0,1,2,8.7,3654.6,39998.8,5800.0,20801.5,24.8,0,
2017-12-22 05:43:16,0,1,2,8.8,3655.3,39999.0,5866.7,21045.1,24.7,0,
2017-12-22 05:43:19,0,1,2,8.8,3655.8,39998.9,5866.7,21045.1,24.8,0,
2017-12-22 05:43:22,0,1,2,8.9,3656.4,39998.7,5933.3,21288.9,24.7,0,
2017-12-22 05:43:25,0,1,2,8.9,3657.1,39999.2,5933.3,21288.9,24.7,0,
2017-12-22 05:43:28,0,1,2,9.0,3657.7,39999.0,6000.0,21532.7,24.7,0,
2017-12-22 05:43:31,0,1,2,9.0,3658.3,39999.2,6000.0,21532.7,24.7,0,
2017-12-22 05:43:34,0,1,2,9.1,3658.8,39999.0,6066.7,21776.6,24.6,0,
2017-12-22 05:43:37,0,1,2,9.1,3659.4,39998.8,6066.7,21776.6,24.6,0,
2017-12-22 05:43:40,0,1,2,9.2,3660.2,39999.0,6133.3,22020.6,24.6,0,
2017-12-22 05:43:43,0,1,2,9.2,3660.8,39998.7,6133.3,22020.6,24.7,0,
2017-12-22 05:43:46,0,1,2,9.3,3661.2,39998.7,6200.0,22264.7,24.7,0,
2017-12-22 05:43:49,0,1,2,9.3,3661.9,39998.3,6200.0,22264.7,24.7,0,
2017-12-22 05:43:53,0,1,2,9.4,3662.6,39998.5,6266.6,22508.8,24.7,0,
2017-12-22 05:43:56,0,1,2,9.4,3663.1,39998.6,6266.6,22508.8,24.7,0,
2017-12-22 05:43:59,0,1,2,9.5,3663.7,39998.5,6333.3,22753.0,24.7,0,
2017-12-22 05:44:02,0,1,2,9.5,3664.3,39998.7,6333.3,22753.0,24.7,0,
2017-12-22 05:44:05,0,1,2,9.6,3664.9,39998.7,6400.0,22997.3,24.7,0,
2017-12-22 05:44:08,0,1,2,9.6,3665.4,39998.8,6400.0,22997.3,24.6,0,
2017-12-22 05:44:11,0,1,2,9.7,3666.0,39998.8,6466.6,23241.6,24.6,0,
2017-12-22 05:44:14,0,1,2,9.7,3666.5,39998.2,6466.6,23241.6,24.6,0,
2017-12-22 05:44:17,0,1,2,9.8,3666.9,39999.0,6533.3,23486.1,24.6,0,
2017-12-22 05:44:20,0,1,2,9.8,3667.6,39999.2,6533.3,23486.1,24.6,0,
2017-12-22 05:44:24,0,1,2,9.9,3668.1,39998.9,6599.9,23730.6,24.6,0,
2017-12-22 05:44:27,0,1,2,9.9,3668.7,39999.0,6599.9,23730.6,24.6,0,
2017-12-22 05:44:30,0,1,2,10.0,3669.2,39998.9,6666.6,23975.2,24.6,0,
2017-12-22 05:44:33,0,1,2,10.0,3670.0,39998.7,6666.6,23975.2,24.6,0,
2017-12-22 05:44:36,0,1,2,10.1,3670.5,39999.0,6733.3,24219.8,24.6,0,
2017-12-22 05:44:40,0,1,2,10.2,3670.9,39999.3,6799.9,24464.5,24.6,0,
2017-12-22 05:44:43,0,1,2,10.2,3671.6,39999.5,6799.9,24464.5,24.6,0,
2017-12-22 05:44:46,0,1,2,10.3,3672.2,39999.5,6866.6,24709.3,24.6,0,
2017-12-22 05:44:49,0,1,2,10.3,3672.6,39999.5,6866.6,24709.3,24.7,0,
2017-12-22 05:44:52,0,1,2,10.4,3673.1,39999.3,6933.3,24954.2,24.7,0,
2017-12-22 05:44:55,0,1,2,10.4,3673.6,39999.5,6933.3,24954.2,24.7,0,
2017-12-22 05:44:58,0,1,2,10.5,3674.2,39999.5,6999.9,25199.1,24.7,0,
2017-12-22 05:45:02,0,1,2,10.5,3674.7,39999.7,6999.9,25199.1,24.7,0,
2017-12-22 05:45:05,0,1,2,10.6,3675.3,39999.5,7066.6,25444.1,24.6,0,
2017-12-22 05:45:08,0,1,2,10.6,3675.6,39999.5,7066.6,25444.1,24.7,0,
2017-12-22 05:45:11,0,1,2,10.7,3676.2,39999.5,7133.3,25689.2,24.6,0,
2017-12-22 05:45:15,0,1,2,10.7,3676.8,39999.7,7133.3,25689.2,24.7,0,
2017-12-22 05:45:18,0,1,2,10.8,3677.2,39999.5,7199.9,25934.3,24.6,0,
2017-12-22 05:45:21,0,1,2,10.8,3677.7,39999.7,7199.9,25934.3,24.6,0,
2017-12-22 05:45:24,0,1,2,10.9,3678.2,39999.9,7266.6,26179.5,24.6,0,
2017-12-22 05:45:27,0,1,2,10.9,3678.7,39999.7,7266.6,26179.5,24.6,0,
2017-12-22 05:45:30,0,1,2,11.0,3679.2,39999.4,7333.3,26424.7,24.6,0,
2017-12-22 05:45:33,0,1,2,11.0,3679.5,39999.7,7333.3,26424.7,24.6,0,
2017-12-22 05:45:36,0,1,2,11.1,3680.1,39999.8,7399.9,26670.0,24.6,0,
2017-12-22 05:45:39,0,1,2,11.1,3680.6,40000.0,7399.9,26670.0,24.6,0,
2017-12-22 05:45:42,0,1,2,11.2,3681.0,39999.5,7466.6,26915.4,24.6,0,
2017-12-22 05:45:45,0,1,2,11.3,3681.5,39999.2,7533.3,27160.8,24.6,0,
2017-12-22 05:45:49,0,1,2,11.3,3681.9,39999.7,7533.3,27160.8,24.6,0,
2017-12-22 05:45:52,0,1,2,11.4,3682.4,39999.6,7599.9,27406.3,24.7,0,
2017-12-22 05:45:55,0,1,2,11.4,3682.7,39999.8,7599.9,27406.3,24.7,0,
2017-12-22 05:45:58,0,1,2,11.5,3683.2,39999.3,7666.6,27651.9,24.7,0,
2017-12-22 05:46:01,0,1,2,11.5,3683.8,39999.8,7666.6,27651.9,24.7,0,
2017-12-22 05:46:04,0,1,2,11.6,3684.1,39999.9,7733.2,27897.5,24.7,0,
2017-12-22 05:46:07,0,1,2,11.6,3684.4,40000.0,7733.2,27897.5,24.6,0,
2017-12-22 05:46:10,0,1,2,11.7,3685.0,40000.0,7799.9,28143.1,24.7,0,
2017-12-22 05:46:13,0,1,2,11.7,3685.3,39999.9,7799.9,28143.1,24.6,0,
2017-12-22 05:46:16,0,1,2,11.8,3685.8,40000.0,7866.6,28388.8,24.6,0,
2017-12-22 05:46:19,0,1,2,11.8,3686.2,40000.0,7866.6,28388.8,24.7,0,
2017-12-22 05:46:22,0,1,2,11.9,3686.7,40000.0,7933.3,28634.6,24.6,0,
2017-12-22 05:46:25,0,1,2,11.9,3687.1,39999.5,7933.3,28634.6,24.6,0,
2017-12-22 05:46:28,0,1,2,12.0,3687.5,39999.7,7999.9,28880.4,24.6,0,
2017-12-22 05:46:32,0,1,2,12.0,3687.9,40000.0,7999.9,28880.4,24.6,0,
2017-12-22 05:46:35,0,1,2,12.1,3688.4,39999.8,8066.6,29126.3,24.6,0,
2017-12-22 05:46:38,0,1,2,12.1,3688.7,40000.1,8066.6,29126.3,24.6,0,
2017-12-22 05:46:41,0,1,2,12.2,3689.1,40000.0,8133.3,29372.2,24.6,0,
2017-12-22 05:46:44,0,1,2,12.2,3689.6,40000.0,8133.3,29372.2,24.6,0,
2017-12-22 05:46:47,0,1,2,12.3,3689.9,40000.3,8199.9,29618.2,24.6,0,
2017-12-22 05:46:50,0,1,2,12.3,3690.4,40000.0,8199.9,29618.2,24.6,0,
2017-12-22 05:46:53,0,1,2,12.4,3690.6,40000.1,8266.6,29864.2,24.6,0,
2017-12-22 05:46:56,0,1,2,12.4,3690.9,40000.3,8266.6,29864.2,24.6,0,
2017-12-22 05:46:59,0,1,2,12.5,3691.5,40000.0,8333.3,30110.3,24.6,0,
2017-12-22 05:47:03,0,1,2,12.5,3691.8,40000.2,8333.3,30110.3,24.6,0,
2017-12-22 05:47:06,0,1,2,12.6,3692.3,40000.1,8399.9,30356.4,24.6,0,
2017-12-22 05:47:09,0,1,2,12.6,3692.6,40000.0,8399.9,30356.4,24.6,0,
2017-12-22 05:47:12,0,1,2,12.7,3693.1,40000.1,8466.6,30602.6,24.6,0,
2017-12-22 05:47:15,0,1,2,12.7,3693.4,40000.2,8466.6,30602.6,24.6,0,
2017-12-22 05:47:18,0,1,2,12.8,3693.8,40000.0,8533.3,30848.8,24.6,0,
2017-12-22 05:47:21,0,1,2,12.8,3694.3,40000.1,8533.3,30848.8,24.6,0,
2017-12-22 05:47:24,0,1,2,12.9,3694.6,40000.2,8599.9,31095.1,24.6,0,
2017-12-22 05:47:27,0,1,2,13.0,3694.9,40000.3,8666.6,31341.5,24.7,0,
2017-12-22 05:47:30,0,1,2,13.0,3695.3,40000.6,8666.6,31341.5,24.7,0,
2017-12-22 05:47:33,0,1,2,13.1,3695.7,40000.8,8733.3,31587.8,24.7,0,
2017-12-22 05:47:36,0,1,2,13.1,3696.0,40000.5,8733.3,31587.8,24.7,0,
2017-12-22 05:47:39,0,1,2,13.2,3696.4,40000.8,8799.9,31834.3,24.7,0,
2017-12-22 05:47:43,0,1,2,13.2,3696.7,40000.6,8799.9,31834.3,24.7,0,
2017-12-22 05:47:46,0,1,2,13.3,3697.3,40000.6,8866.6,32080.8,24.6,0,
2017-12-22 05:47:49,0,1,2,13.3,3697.7,40000.5,8866.6,32080.8,24.6,0,
2017-12-22 05:47:52,0,1,2,13.4,3697.8,40000.1,8933.3,32327.3,24.6,0,
2017-12-22 05:47:55,0,1,2,13.4,3698.4,40000.3,8933.3,32327.3,24.7,0,
2017-12-22 05:47:58,0,1,2,13.5,3698.8,39999.9,8999.9,32573.9,24.7,0,
2017-12-22 05:48:01,0,1,2,13.5,3699.0,40000.0,8999.9,32573.9,24.7,0,
2017-12-22 05:48:04,0,1,2,13.6,3699.5,40000.2,9066.6,32820.5,24.7,0,
2017-12-22 05:48:07,0,1,2,13.6,3699.6,40000.0,9066.6,32820.5,24.7,0,
2017-12-22 05:48:10,0,1,2,13.7,3700.0,39999.3,9133.3,33067.2,24.7,0,
2017-12-22 05:48:13,0,1,2,13.7,3700.5,39999.7,9133.3,33067.2,24.7,0,
2017-12-22 05:48:16,0,1,2,13.8,3700.8,40000.0,9199.9,33313.9,24.7,0,
2017-12-22 05:48:19,0,1,2,13.8,3701.2,40000.0,9199.9,33313.9,24.7,0,
2017-12-22 05:48:22,0,1,2,13.9,3701.6,40000.0,9266.6,33560.6,24.7,0,
2017-12-22 05:48:26,0,1,2,13.9,3701.9,40000.0,9266.6,33560.6,24.7,0,
2017-12-22 05:48:29,0,1,2,14.0,3702.3,40000.2,9333.3,33807.5,24.7,0,
2017-12-22 05:48:32,0,1,2,14.0,3702.5,40000.0,9333.3,33807.5,24.7,0,
2017-12-22 05:48:35,0,1,2,14.1,3703.0,40000.3,9399.9,34054.3,24.7,0,
2017-12-22 05:48:38,0,1,2,14.1,3703.2,40000.0,9399.9,34054.3,24.7,0,
2017-12-22 05:48:41,0,1,2,14.2,3703.7,40000.3,9466.6,34301.2,24.7,0,
2017-12-22 05:48:44,0,1,2,14.2,3703.9,39999.7,9466.6,34301.2,24.7,0,
2017-12-22 05:48:47,0,1,2,14.3,3704.4,40000.1,9533.3,34548.2,24.7,0,
2017-12-22 05:48:50,0,1,2,14.3,3704.8,40000.3,9533.3,34548.2,24.7,0,
2017-12-22 05:48:53,0,1,2,14.4,3705.0,40000.0,9599.9,34795.2,24.7,0,
2017-12-22 05:48:57,0,1,2,14.4,3705.4,40000.4,9599.9,34795.2,24.7,0,
2017-12-22 05:49:00,0,1,2,14.5,3705.8,40000.4,9666.6,35042.2,24.7,0,
2017-12-22 05:49:03,0,1,2,14.5,3706.1,40000.5,9666.6,35042.2,24.7,0,
2017-12-22 05:49:06,0,1,2,14.6,3706.5,39999.9,9733.3,35289.3,24.7,0,
2017-12-22 05:49:09,0,1,2,14.7,3706.8,40000.5,9799.9,35536.4,24.7,0,
2017-12-22 05:49:12,0,1,2,14.7,3707.3,40000.3,9799.9,35536.4,24.7,0,
2017-12-22 05:49:15,0,1,2,14.8,3707.7,40000.3,9866.6,35783.6,24.7,0,
2017-12-22 05:49:19,0,1,2,14.8,3708.1,40000.5,9866.6,35783.6,24.7,0,
2017-12-22 05:49:22,0,1,2,14.9,3708.3,40000.3,9933.3,36030.8,24.7,0,
2017-12-22 05:49:25,0,1,2,14.9,3708.7,40000.3,9933.3,36030.8,24.7,0,
2017-12-22 05:49:28,0,1,2,15.0,3709.1,40000.4,9999.9,36278.1,24.7,0,
2017-12-22 05:49:31,0,1,2,15.0,3709.4,40000.0,9999.9,36278.1,24.6,0,
2017-12-22 05:49:34,0,1,2,15.1,3709.7,39999.8,10066.6,36525.4,24.6,0,
2017-12-22 05:49:37,0,1,2,15.1,3710.2,40000.2,10066.6,36525.4,24.6,0,
2017-12-22 05:49:40,0,1,2,15.2,3710.5,39999.8,10133.3,36772.8,24.6,0,
2017-12-22 05:49:43,0,1,2,15.2,3710.9,40000.0,10133.3,36772.8,24.6,0,
2017-12-22 05:49:47,0,1,2,15.3,3711.3,39999.9,10199.9,37020.2,24.6,0,
2017-12-22 05:49:50,0,1,2,15.3,3711.4,39999.7,10199.9,37020.2,24.6,0,
2017-12-22 05:49:53,0,1,2,15.4,3711.8,40000.3,10266.6,37267.6,24.6,0,
2017-12-22 05:49:56,0,1,2,15.4,3712.3,40000.3,10266.6,37267.6,24.6,0,
2017-12-22 05:49:59,0,1,2,15.5,3712.7,40000.3,10333.3,37515.1,24.6,0,
2017-12-22 05:50:02,0,1,2,15.5,3713.0,40000.0,10333.3,37515.1,24.6,0,
2017-12-22 05:50:05,0,1,2,15.6,3713.2,40000.3,10399.9,37762.7,24.6,0,
2017-12-22 05:50:08,0,1,2,15.6,3713.7,40000.0,10399.9,37762.7,24.6,0,
2017-12-22 05:50:11,0,1,2,15.7,3714.1,39999.8,10466.6,38010.3,24.6,0,
2017-12-22 05:50:14,0,1,2,15.7,3714.4,40000.3,10466.6,38010.3,24.6,0,
2017-12-22 05:50:17,0,1,2,15.8,3714.6,39999.8,10533.3,38257.9,24.6,0,
2017-12-22 05:50:21,0,1,2,15.8,3715.1,40000.3,10533.3,38257.9,24.6,0,
2017-12-22 05:50:24,0,1,2,15.9,3715.4,40000.0,10599.9,38505.6,24.6,0,
2017-12-22 05:50:27,0,1,2,15.9,3715.7,39999.9,10599.9,38505.6,24.6,0,
2017-12-22 05:50:30,0,1,2,16.0,3716.1,40000.6,10666.6,38753.3,24.6,0,
2017-12-22 05:50:33,0,1,2,16.0,3716.6,40000.5,10666.6,38753.3,24.7,0,
2017-12-22 05:50:36,0,1,2,16.1,3716.8,40000.3,10733.3,39001.1,24.6,0,
2017-12-22 05:50:39,0,1,2,16.2,3717.3,40000.5,10799.9,39248.9,24.6,0,
2017-12-22 05:50:42,0,1,2,16.2,3717.7,40000.6,10799.9,39248.9,24.6,0,
2017-12-22 05:50:45,0,1,2,16.3,3718.0,40000.3,10866.6,39496.8,24.6,0,
2017-12-22 05:50:48,0,1,2,16.3,3718.2,40000.3,10866.6,39496.8,24.7,0,
2017-12-22 05:50:52,0,1,2,16.4,3718.8,40000.5,10933.3,39744.7,24.7,0,
2017-12-22 05:50:55,0,1,2,16.4,3719.0,40000.0,10933.3,39744.7,24.7,0,
2017-12-22 05:50:58,0,1,2,16.5,3719.3,40000.2,11000.0,39992.6,24.7,0,
2017-12-22 05:51:01,0,1,2,16.5,3719.8,40000.5,11000.0,39992.6,24.7,0,
2017-12-22 05:51:04,0,1,2,16.6,3720.2,40000.2,11066.6,40240.7,24.7,0,
2017-12-22 05:51:07,0,1,2,16.6,3720.4,40000.3,11066.6,40240.7,24.7,0,
2017-12-22 05:51:10,0,1,2,16.7,3720.9,40000.5,11133.3,40488.7,24.7,0,
2017-12-22 05:51:13,0,1,2,16.7,3721.1,40000.0,11133.3,40488.7,24.6,0,
2017-12-22 05:51:16,0,1,2,16.8,3721.6,40000.3,11200.0,40736.8,24.6,0,
2017-12-22 05:51:19,0,1,2,16.8,3722.0,40000.3,11200.0,40736.8,24.6,0,
2017-12-22 05:51:22,0,1,2,16.9,3722.4,40000.3,11266.6,40985.0,24.7,0,
2017-12-22 05:51:25,0,1,2,16.9,3722.6,39999.9,11266.6,40985.0,24.7,0,
2017-12-22 05:51:28,0,1,2,17.0,3723.2,40000.5,11333.3,41233.2,24.7,0,
2017-12-22 05:51:31,0,1,2,17.0,3723.5,40000.3,11333.3,41233.2,24.6,0,
2017-12-22 05:51:34,0,1,2,17.1,3723.7,40000.5,11400.0,41481.4,24.6,0,
2017-12-22 05:51:37,0,1,2,17.1,3724.1,40000.5,11400.0,41481.4,24.7,0,
2017-12-22 05:51:41,0,1,2,17.2,3724.6,40000.2,11466.6,41729.7,24.6,0,
2017-12-22 05:51:44,0,1,2,17.2,3724.8,40000.3,11466.6,41729.7,24.7,0,
2017-12-22 05:51:47,0,1,2,17.3,3725.4,40000.2,11533.3,41978.1,24.6,0,
2017-12-22 05:51:50,0,1,2,17.3,3725.6,40000.5,11533.3,41978.1,24.6,0,
2017-12-22 05:51:53,0,1,2,17.4,3726.0,40000.4,11600.0,42226.4,24.6,0,
2017-12-22 05:51:56,0,1,2,17.4,3726.4,40000.3,11600.0,42226.4,24.6,0,
2017-12-22 05:51:59,0,1,2,17.5,3726.9,40000.3,11666.6,42474.9,24.7,0,
2017-12-22 05:52:03,0,1,2,17.5,3727.3,40000.1,11666.6,42474.9,24.7,0,
2017-12-22 05:52:06,0,1,2,17.6,3727.7,40000.5,11733.3,42723.4,24.7,0,
2017-12-22 05:52:09,0,1,2,17.6,3728.0,40000.3,11733.3,42723.4,24.8,0,
2017-12-22 05:52:12,0,1,2,17.7,3728.5,40000.5,11800.0,42971.9,24.7,0,
2017-12-22 05:52:15,0,1,2,17.7,3728.7,40000.5,11800.0,42971.9,24.7,0,
2017-12-22 05:52:18,0,1,2,17.8,3729.2,40000.3,11866.6,43220.5,24.8,0,
2017-12-22 05:52:21,0,1,2,17.8,3729.6,40000.5,11866.6,43220.5,24.8,0,
2017-12-22 05:52:25,0,1,2,17.9,3729.9,40000.3,11933.3,43469.1,24.8,0,
2017-12-22 05:52:28,0,1,2,18.0,3730.4,40000.3,12000.0,43717.8,24.7,0,
2017-12-22 05:52:31,0,1,2,18.0,3730.7,40000.3,12000.0,43717.8,24.7,0,
2017-12-22 05:52:34,0,1,2,18.1,3731.1,40000.5,12066.6,43966.6,24.7,0,
2017-12-22 05:52:37,0,1,2,18.1,3731.4,40000.5,12066.6,43966.6,24.8,0,
2017-12-22 05:52:40,0,1,2,18.2,3731.8,40000.5,12133.3,44215.4,24.7,0,
2017-12-22 05:52:43,0,1,2,18.2,3732.2,40000.3,12133.3,44215.4,24.7,0,
2017-12-22 05:52:46,0,1,2,18.3,3732.6,40000.5,12200.0,44464.2,24.7,0,
2017-12-22 05:52:50,0,1,2,18.3,3733.0,40000.5,12200.0,44464.2,24.7,0,
2017-12-22 05:52:53,0,1,2,18.4,3733.4,40000.8,12266.6,44713.1,24.8,0,
2017-12-22 05:52:56,0,1,2,18.4,3733.8,40000.6,12266.6,44713.1,24.8,0,
2017-12-22 05:52:59,0,1,2,18.5,3734.2,40000.0,12333.3,44962.1,24.8,0,
2017-12-22 05:53:02,0,1,2,18.5,3734.8,40000.6,12333.3,44962.1,24.8,0,
2017-12-22 05:53:05,0,1,2,18.6,3735.2,40000.5,12400.0,45211.1,24.7,0,
2017-12-22 05:53:09,0,1,2,18.6,3735.5,40000.5,12400.0,45211.1,24.8,0,
2017-12-22 05:53:12,0,1,2,18.7,3735.9,40000.4,12466.6,45460.1,24.8,0,
2017-12-22 05:53:15,0,1,2,18.7,3736.4,40000.3,12466.6,45460.1,24.8,0,
2017-12-22 05:53:18,0,1,2,18.8,3736.8,40000.6,12533.3,45709.2,24.8,0,
2017-12-22 05:53:21,0,1,2,18.9,3737.2,40000.9,12600.0,45958.4,24.8,0,
2017-12-22 05:53:25,0,1,2,18.9,3737.7,40000.5,12600.0,45958.4,24.8,0,
2017-12-22 05:53:28,0,1,2,19.0,3738.0,39999.8,12666.7,46207.6,24.7,0,
2017-12-22 05:53:31,0,1,2,19.0,3738.4,40000.5,12666.7,46207.6,24.8,0,
2017-12-22 05:53:34,0,1,2,19.1,3739.1,40000.5,12733.3,46456.8,24.8,0,
2017-12-22 05:53:37,0,1,2,19.1,3739.3,40000.6,12733.3,46456.8,24.7,0,
2017-12-22 05:53:41,0,1,2,19.2,3739.9,40000.3,12800.0,46706.2,24.7,0,
2017-12-22 05:53:44,0,1,2,19.2,3740.2,40000.7,12800.0,46706.2,24.7,0,
2017-12-22 05:53:47,0,1,2,19.3,3740.7,40000.3,12866.7,46955.5,24.8,0,
2017-12-22 05:53:50,0,1,2,19.3,3741.1,40000.2,12866.7,46955.5,24.8,0,
2017-12-22 05:53:53,0,1,2,19.4,3741.6,40000.3,12933.3,47204.9,24.7,0,
2017-12-22 05:53:56,0,1,2,19.4,3741.9,40000.5,12933.3,47204.9,24.8,0,
2017-12-22 05:53:59,0,1,2,19.5,3742.3,40000.4,13000.0,47454.4,24.8,0,
2017-12-22 05:54:03,0,1,2,19.5,3742.9,40001.0,13000.0,47454.4,24.8,0,
2017-12-22 05:54:06,0,1,2,19.6,3743.3,40001.0,13066.7,47704.0,24.8,0,
2017-12-22 05:54:09,0,1,2,19.6,3743.8,40000.3,13066.7,47704.0,24.8,0,
2017-12-22 05:54:12,0,1,2,19.7,3744.0,40000.0,13133.3,47953.6,24.8,0,
2017-12-22 05:54:15,0,1,2,19.7,3744.6,40000.8,13133.3,47953.6,24.8,0,
2017-12-22 05:54:18,0,1,2,19.8,3745.0,40000.7,13200.0,48203.2,24.8,0,
2017-12-22 05:54:21,0,1,2,19.8,3745.3,40000.8,13200.0,48203.2,24.8,0,
2017-12-22 05:54:24,0,1,2,19.9,3746.0,40000.8,13266.7,48452.9,24.8,0,
2017-12-22 05:54:28,0,1,2,20.0,3746.3,40001.0,13333.3,48702.7,24.8,0,
2017-12-22 05:54:31,0,1,2,20.0,3746.8,40000.8,13333.3,48702.7,24.8,0,
2017-12-22 05:54:34,0,1,2,20.1,3747.3,40000.8,13400.0,48952.5,24.8,0,
2017-12-22 05:54:37,0,1,2,20.1,3747.6,40001.2,13400.0,48952.5,24.7,0,
2017-12-22 05:54:40,0,1,2,20.2,3748.2,40001.3,13466.7,49202.4,24.7,0,
2017-12-22 05:54:43,0,1,2,20.2,3748.6,40001.0,13466.7,49202.4,24.7,0,
2017-12-22 05:54:46,0,1,2,20.3,3749.1,40001.5,13533.3,49452.3,24.7,0,
2017-12-22 05:54:49,0,1,2,20.3,3749.4,40001.1,13533.3,49452.3,24.7,0,
2017-12-22 05:54:52,0,1,2,20.4,3749.8,40001.0,13600.0,49702.3,24.6,0,
2017-12-22 05:54:55,0,1,2,20.4,3750.2,40001.0,13600.0,49702.3,24.6,0,
2017-12-22 05:54:58,0,1,2,20.5,3750.8,40001.0,13666.7,49952.4,24.6,0,
2017-12-22 05:55:01,0,1,2,20.5,3751.1,40001.1,13666.7,49952.4,24.6,0,
2017-12-22 05:55:04,0,1,2,20.6,3751.6,40001.1,13733.4,50202.5,24.6,0,
2017-12-22 05:55:07,0,1,2,20.6,3752.2,40001.1,13733.4,50202.5,24.6,0,
2017-12-22 05:55:11,0,1,2,20.7,3752.6,40001.2,13800.0,50452.7,24.6,0,
2017-12-22 05:55:14,0,1,2,20.7,3753.1,40001.6,13800.0,50452.7,24.6,0,
2017-12-22 05:55:17,0,1,2,20.8,3753.4,40000.5,13866.7,50702.9,24.7,0,
2017-12-22 05:55:20,0,1,2,20.8,3754.1,40001.0,13866.7,50702.9,24.7,0,
2017-12-22 05:55:23,0,1,2,20.9,3754.3,40000.8,13933.4,50953.2,24.7,0,
2017-12-22 05:55:26,0,1,2,20.9,3755.0,40001.2,13933.4,50953.2,24.7,0,
2017-12-22 05:55:29,0,1,2,21.0,3755.5,40000.9,14000.0,51203.5,24.7,0,
2017-12-22 05:55:33,0,1,2,21.0,3756.1,40000.6,14000.0,51203.5,24.7,0,
2017-12-22 05:55:36,0,1,2,21.1,3756.5,40001.0,14066.7,51454.0,24.8,0,
2017-12-22 05:55:39,0,1,2,21.1,3756.9,40001.0,14066.7,51454.0,24.8,0,
2017-12-22 05:55:42,0,1,2,21.2,3757.3,40000.3,14133.4,51704.4,24.8,0,
2017-12-22 05:55:45,0,1,2,21.3,3758.0,40001.0,14200.0,51955.0,24.8,0,
2017-12-22 05:55:49,0,1,2,21.3,3758.4,40000.8,14200.0,51955.0,24.8,0,
2017-12-22 05:55:52,0,1,2,21.4,3758.9,40001.0,14266.7,52205.6,24.8,0,
2017-12-22 05:55:55,0,1,2,21.4,3759.3,40001.0,14266.7,52205.6,24.8,0,
2017-12-22 05:55:58,0,1,2,21.5,3759.8,40001.2,14333.4,52456.2,24.8,0,
2017-12-22 05:56:01,0,1,2,21.5,3760.4,40001.0,14333.4,52456.2,24.8,0,
2017-12-22 05:56:04,0,1,2,21.6,3760.9,40000.8,14400.1,52707.0,24.8,0,
2017-12-22 05:56:07,0,1,2,21.6,3761.4,40000.8,14400.1,52707.0,24.8,0,
2017-12-22 05:56:10,0,1,2,21.7,3761.8,40000.5,14466.7,52957.8,24.8,0,
2017-12-22 05:56:13,0,1,2,21.7,3762.3,40000.8,14466.7,52957.8,24.8,0,
2017-12-22 05:56:16,0,1,2,21.8,3762.8,40000.7,14533.4,53208.6,24.8,0,
2017-12-22 05:56:19,0,1,2,21.8,3763.4,40001.0,14533.4,53208.6,24.8,0,
2017-12-22 05:56:23,0,1,2,21.9,3763.8,40000.6,14600.1,53459.5,24.8,0,
2017-12-22 05:56:26,0,1,2,21.9,3764.4,40000.7,14600.1,53459.5,24.8,0,
2017-12-22 05:56:29,0,1,2,22.0,3765.0,40000.6,14666.7,53710.5,24.8,0,
2017-12-22 05:56:32,0,1,2,22.0,3765.3,40000.5,14666.7,53710.5,24.8,0,
2017-12-22 05:56:35,0,1,2,22.1,3766.0,40000.8,14733.4,53961.6,24.8,0,
2017-12-22 05:56:38,0,1,2,22.1,3766.3,40001.0,14733.4,53961.6,24.8,0,
2017-12-22 05:56:42,0,1,2,22.2,3767.0,40000.8,14800.1,54212.7,24.8,0,
2017-12-22 05:56:45,0,1,2,22.2,3767.4,40001.0,14800.1,54212.7,24.8,0,
2017-12-22 05:56:48,0,1,2,22.3,3767.9,40000.5,14866.7,54463.9,24.8,0,
2017-12-22 05:56:51,0,1,2,22.3,3768.5,40001.1,14866.7,54463.9,24.8,0,
2017-12-22 05:56:55,0,1,2,22.4,3769.1,40001.6,14933.4,54715.1,24.8,0,
2017-12-22 05:56:58,0,1,2,22.5,3769.5,40001.0,15000.1,54966.4,24.8,0,
2017-12-22 05:57:01,0,1,2,22.5,3770.2,40001.2,15000.1,54966.4,24.8,0,
2017-12-22 05:57:04,0,1,2,22.6,3770.6,40000.8,15066.8,55217.8,24.8,0,
2017-12-22 05:57:07,0,1,2,22.6,3771.3,40001.2,15066.8,55217.8,24.8,0,
2017-12-22 05:57:10,0,1,2,22.7,3771.8,40001.0,15133.4,55469.3,24.8,0,
2017-12-22 05:57:13,0,1,2,22.7,3772.2,40000.8,15133.4,55469.3,24.7,0,
2017-12-22 05:57:16,0,1,2,22.8,3772.7,40000.7,15200.1,55720.8,24.8,0,
2017-12-22 05:57:20,0,1,2,22.8,3773.3,40000.8,15200.1,55720.8,24.8,0,
2017-12-22 05:57:23,0,1,2,22.9,3774.0,40000.8,15266.8,55972.4,24.7,0,
2017-12-22 05:57:26,0,1,2,22.9,3774.6,40000.7,15266.8,55972.4,24.8,0,
2017-12-22 05:57:29,0,1,2,23.0,3774.9,40000.8,15333.4,56224.0,24.8,0,
2017-12-22 05:57:32,0,1,2,23.0,3775.5,40000.5,15333.4,56224.0,24.8,0,
2017-12-22 05:57:36,0,1,2,23.1,3776.3,40000.5,15400.1,56475.8,24.8,0,
2017-12-22 05:57:39,0,1,2,23.1,3776.8,40000.5,15400.1,56475.8,24.8,0,
2017-12-22 05:57:42,0,1,2,23.2,3777.3,40000.7,15466.8,56727.6,24.8,0,
2017-12-22 05:57:45,0,1,2,23.2,3777.9,40000.5,15466.8,56727.6,24.8,0,
2017-12-22 05:57:48,0,1,2,23.3,3778.3,40000.3,15533.4,56979.4,24.8,0,
2017-12-22 05:57:51,0,1,2,23.4,3779.0,40000.3,15600.1,57231.4,24.8,0,
2017-12-22 05:57:55,0,1,2,23.4,3779.6,40000.4,15600.1,57231.4,24.8,0,
2017-12-22 05:57:58,0,1,2,23.5,3780.2,40000.3,15666.8,57483.4,24.8,0,
2017-12-22 05:58:01,0,1,2,23.5,3780.8,40000.6,15666.8,57483.4,24.8,0,
2017-12-22 05:58:04,0,1,2,23.6,3781.2,40000.4,15733.4,57735.4,24.8,0,
2017-12-22 05:58:07,0,1,2,23.6,3782.0,40000.8,15733.4,57735.4,24.8,0,
2017-12-22 05:58:10,0,1,2,23.7,3782.5,40000.6,15800.1,57987.6,24.8,0,
2017-12-22 05:58:14,0,1,2,23.7,3783.1,40000.7,15800.1,57987.6,24.8,0,
2017-12-22 05:58:17,0,1,2,23.8,3783.6,40000.5,15866.8,58239.9,24.8,0,
2017-12-22 05:58:20,0,1,2,23.8,3784.2,40000.8,15866.8,58239.9,24.8,0,
2017-12-22 05:58:23,0,1,2,23.9,3785.0,40000.6,15933.4,58492.2,24.8,0,
2017-12-22 05:58:26,0,1,2,23.9,3785.4,40001.0,15933.4,58492.2,24.9,0,
2017-12-22 05:58:29,0,1,2,24.0,3786.2,40001.0,16000.1,58744.6,24.9,0,
2017-12-22 05:58:33,0,1,2,24.0,3786.8,40001.0,16000.1,58744.6,24.8,0,
2017-12-22 05:58:36,0,1,2,24.1,3787.2,40001.3,16066.8,58997.0,24.9,0,
2017-12-22 05:58:39,0,1,2,24.1,3787.9,40001.5,16066.8,58997.0,24.8,0,
2017-12-22 05:58:42,0,1,2,24.2,3788.6,40001.3,16133.5,59249.6,24.9,0,
2017-12-22 05:58:45,0,1,2,24.3,3789.1,40001.7,16200.1,59502.2,24.9,0,
2017-12-22 05:58:49,0,1,2,24.3,3789.9,40001.3,16200.1,59502.2,24.9,0,
2017-12-22 05:58:52,0,1,2,24.4,3790.3,40001.3,16266.8,59754.9,24.9,0,
2017-12-22 05:58:55,0,1,2,24.4,3791.0,40001.5,16266.8,59754.9,24.8,0,
2017-12-22 05:58:58,0,1,2,24.5,3791.6,40001.8,16333.5,60007.7,24.8,0,
2017-12-22 05:59:01,0,1,2,24.5,3792.2,40001.5,16333.5,60007.7,24.8,0,
2017-12-22 05:59:05,0,1,2,24.6,3792.8,40001.4,16400.1,60260.6,24.8,0,
2017-12-22 05:59:08,0,1,2,24.6,3793.5,40001.6,16400.1,60260.6,24.8,0,
2017-12-22 05:59:11,0,1,2,24.7,3794.1,40001.5,16466.8,60513.5,24.8,0,
2017-12-22 05:59:14,0,1,2,24.7,3794.6,40001.5,16466.8,60513.5,24.8,0,
2017-12-22 05:59:17,0,1,2,24.8,3795.3,40001.4,16533.5,60766.5,24.8,0,
2017-12-22 05:59:20,0,1,2,24.8,3795.9,40001.3,16533.5,60766.5,24.8,0,
2017-12-22 05:59:23,0,1,2,24.9,3796.6,40001.6,16600.2,61019.6,24.8,0,
2017-12-22 05:59:26,0,1,2,24.9,3797.3,40001.8,16600.2,61019.6,24.8,0,
2017-12-22 05:59:29,0,1,2,25.0,3797.7,40001.9,16666.8,61272.8,24.8,0,
2017-12-22 05:59:33,0,1,2,25.0,3798.5,40001.8,16666.8,61272.8,24.8,0,
2017-12-22 05:59:36,0,1,2,25.1,3799.3,40001.7,16733.5,61526.1,24.8,0,
2017-12-22 05:59:39,0,1,2,25.1,3799.8,40001.3,16733.5,61526.1,24.8,0,
2017-12-22 05:59:42,0,1,2,25.2,3800.4,40001.8,16800.2,61779.4,24.8,0,
2017-12-22 05:59:45,0,1,2,25.2,3801.1,40001.6,16800.2,61779.4,24.8,0,
2017-12-22 05:59:48,0,1,2,25.3,3801.6,40001.8,16866.9,62032.8,24.8,0,
2017-12-22 05:59:51,0,1,2,25.3,3802.3,40001.5,16866.9,62032.8,24.8,0,
2017-12-22 05:59:54,0,1,2,25.4,3803.1,40001.6,16933.5,62286.4,24.8,0,
2017-12-22 05:59:57,0,1,2,25.4,3803.6,40001.5,16933.5,62286.4,24.8,0,
2017-12-22 06:00:00,0,1,2,25.5,3804.1,40001.5,17000.2,62539.9,24.8,0,
2017-12-22 06:00:04,0,1,2,25.6,3804.8,40001.6,17066.9,62793.6,24.8,0,
2017-12-22 06:00:07,0,1,2,25.6,3805.6,40001.5,17066.9,62793.6,24.8,0,
2017-12-22 06:00:10,0,1,2,25.7,3806.4,40001.7,17133.5,63047.4,24.8,0,
2017-12-22 06:00:13,0,1,2,25.7,3806.9,40001.2,17133.5,63047.4,24.8,0,
2017-12-22 06:00:16,0,1,2,25.8,3807.6,40001.5,17200.2,63301.2,24.8,0,
2017-12-22 06:00:20,0,1,2,25.8,3808.3,40001.5,17200.2,63301.2,24.8,0,
2017-12-22 06:00:23,0,1,2,25.9,3809.1,40001.3,17266.9,63555.2,24.8,0,
2017-12-22 06:00:26,0,1,2,25.9,3809.8,40001.5,17266.9,63555.2,24.8,0,
2017-12-22 06:00:29,0,1,2,26.0,3810.4,40001.7,17333.6,63809.2,24.8,0,
2017-12-22 06:00:32,0,1,2,26.0,3811.1,40001.5,17333.6,63809.2,24.8,0,
2017-12-22 06:00:35,0,1,2,26.1,3811.9,40001.2,17400.2,64063.3,24.8,0,
2017-12-22 06:00:38,0,1,2,26.1,3812.5,40001.1,17400.2,64063.3,24.8,0,
2017-12-22 06:00:42,0,1,2,26.2,3813.3,40001.0,17466.9,64317.5,24.8,0,
2017-12-22 06:00:45,0,1,2,26.2,3814.0,40001.0,17466.9,64317.5,24.8,0,
2017-12-22 06:00:48,0,1,2,26.3,3814.6,40001.2,17533.6,64571.8,24.8,0,
2017-12-22 06:00:51,0,1,2,26.3,3815.5,40001.5,17533.6,64571.8,24.8,0,
2017-12-22 06:00:54,0,1,2,26.4,3816.1,40001.2,17600.2,64826.2,24.8,0,
2017-12-22 06:00:57,0,1,2,26.5,3816.8,40001.2,17666.9,65080.7,24.8,0,
2017-12-22 06:01:01,0,1,2,26.5,3817.5,40000.7,17666.9,65080.7,24.8,0,
2017-12-22 06:01:04,0,1,2,26.6,3818.4,40001.0,17733.6,65335.2,24.8,0,
2017-12-22 06:01:07,0,1,2,26.6,3819.1,40001.0,17733.6,65335.2,24.8,0,
2017-12-22 06:01:10,0,1,2,26.7,3819.8,40000.8,17800.2,65589.9,24.8,0,
2017-12-22 06:01:14,0,1,2,26.7,3820.6,40001.5,17800.2,65589.9,24.8,0,
2017-12-22 06:01:17,0,1,2,26.8,3821.2,40001.3,17866.9,65844.6,24.8,0,
2017-12-22 06:01:20,0,1,2,26.8,3822.0,40001.4,17866.9,65844.6,24.8,0,
2017-12-22 06:01:23,0,1,2,26.9,3822.6,40001.5,17933.6,66099.5,24.8,0,
2017-12-22 06:01:26,0,1,2,26.9,3823.4,40001.3,17933.6,66099.5,24.8,0,
2017-12-22 06:01:29,0,1,2,27.0,3824.1,40001.3,18000.3,66354.4,24.8,0,
2017-12-22 06:01:32,0,1,2,27.0,3824.8,40001.6,18000.3,66354.4,24.8,0,
2017-12-22 06:01:36,0,1,2,27.1,3825.7,40001.5,18066.9,66609.4,24.8,0,
2017-12-22 06:01:39,0,1,2,27.1,3826.3,40001.5,18066.9,66609.4,24.8,0,
2017-12-22 06:01:42,0,1,2,27.2,3827.2,40001.3,18133.6,66864.6,24.8,0,
2017-12-22 06:01:45,0,1,2,27.2,3827.8,40001.3,18133.6,66864.6,24.9,0,
2017-12-22 06:01:48,0,1,2,27.3,3828.6,40001.5,18200.3,67119.8,24.9,0,
2017-12-22 06:01:51,0,1,2,27.3,3829.4,40001.5,18200.3,67119.8,24.9,0,
2017-12-22 06:01:55,0,1,2,27.4,3830.3,40001.5,18266.9,67375.1,24.9,0,
2017-12-22 06:01:58,0,1,2,27.5,3831.0,40001.5,18333.6,67630.5,24.9,0,
2017-12-22 06:02:01,0,1,2,27.5,3831.8,40001.3,18333.6,67630.5,24.9,0,
2017-12-22 06:02:04,0,1,2,27.6,3832.6,40001.5,18400.3,67886.0,24.9,0,
2017-12-22 06:02:07,0,1,2,27.6,3833.3,40001.5,18400.3,67886.0,24.9,0,
2017-12-22 06:02:10,0,1,2,27.7,3834.1,40001.8,18467.0,68141.6,24.9,0,
2017-12-22 06:02:14,0,1,2,27.7,3834.9,40001.7,18467.0,68141.6,24.9,0,
2017-12-22 06:02:17,0,1,2,27.8,3835.8,40001.7,18533.6,68397.3,24.9,0,
2017-12-22 06:02:20,0,1,2,27.8,3836.3,40001.7,18533.6,68397.3,24.9,0,
2017-12-22 06:02:23,0,1,2,27.9,3837.1,40001.8,18600.3,68653.2,24.9,0,
2017-12-22 06:02:26,0,1,2,27.9,3837.9,40001.5,18600.3,68653.2,24.9,0,
2017-12-22 06:02:29,0,1,2,28.0,3838.8,40001.7,18667.0,68909.1,24.9,0,
2017-12-22 06:02:32,0,1,2,28.0,3839.5,40002.0,18667.0,68909.1,24.9,0,
2017-12-22 06:02:35,0,1,2,28.1,3840.2,40002.2,18733.7,69165.1,25.0,0,
2017-12-22 06:02:38,0,1,2,28.1,3841.1,40001.7,18733.7,69165.1,25.0,0,
2017-12-22 06:02:41,0,1,2,28.2,3841.7,40001.7,18800.3,69421.2,25.0,0,
2017-12-22 06:02:44,0,1,2,28.2,3842.6,40001.6,18800.3,69421.2,25.0,0,
2017-12-22 06:02:47,0,1,2,28.3,3843.4,40001.9,18867.0,69677.4,25.0,0,
2017-12-22 06:02:51,0,1,2,28.3,3844.2,40001.7,18867.0,69677.4,25.0,0,
2017-12-22 06:02:54,0,1,2,28.4,3845.0,40001.8,18933.7,69933.7,25.0,0,
2017-12-22 06:02:57,0,1,2,28.4,3845.9,40001.7,18933.7,69933.7,25.0,0,
2017-12-22 06:03:00,0,1,2,28.5,3846.8,40001.9,19000.3,70190.1,25.0,0,
2017-12-22 06:03:03,0,1,2,28.5,3847.4,40001.8,19000.3,70190.1,25.0,0,
2017-12-22 06:03:06,0,1,2,28.6,3848.3,40001.8,19067.0,70446.7,25.0,0,
2017-12-22 06:03:09,0,1,2,28.6,3849.0,40001.8,19067.0,70446.7,24.9,0,
2017-12-22 06:03:12,0,1,2,28.7,3850.0,40001.5,19133.7,70703.3,24.9,0,
2017-12-22 06:03:16,0,1,2,28.8,3850.7,40001.3,19200.4,70960.0,24.9,0,
2017-12-22 06:03:19,0,1,2,28.8,3851.6,40001.8,19200.4,70960.0,24.8,0,
2017-12-22 06:03:22,0,1,2,28.9,3852.4,40001.8,19267.0,71216.9,24.8,0,
2017-12-22 06:03:25,0,1,2,28.9,3853.3,40001.8,19267.0,71216.9,24.8,0,
2017-12-22 06:03:28,0,1,2,29.0,3854.0,40001.7,19333.7,71473.8,24.8,0,
2017-12-22 06:03:31,0,1,2,29.0,3854.8,40001.9,19333.7,71473.8,24.8,0,
2017-12-22 06:03:34,0,1,2,29.1,3855.8,40001.8,19400.4,71730.9,24.8,0,
2017-12-22 06:03:38,0,1,2,29.1,3856.5,40002.0,19400.4,71730.9,24.8,0,
2017-12-22 06:03:41,0,1,2,29.2,3857.4,40001.8,19467.0,71988.0,24.8,0,
2017-12-22 06:03:44,0,1,2,29.2,3858.3,40001.7,19467.0,71988.0,24.9,0,
2017-12-22 06:03:47,0,1,2,29.3,3859.1,40002.1,19533.7,72245.3,24.8,0,
2017-12-22 06:03:50,0,1,2,29.3,3859.9,40001.7,19533.7,72245.3,24.9,0,
2017-12-22 06:03:53,0,1,2,29.4,3860.8,40002.0,19600.4,72502.7,24.9,0,
2017-12-22 06:03:56,0,1,2,29.4,3861.7,40001.9,19600.4,72502.7,24.9,0,
2017-12-22 06:03:59,0,1,2,29.5,3862.5,40002.0,19667.1,72760.2,24.9,0,
2017-12-22 06:04:02,0,1,2,29.5,3863.3,40002.0,19667.1,72760.2,24.9,0,
2017-12-22 06:04:05,0,1,2,29.6,3864.1,40002.2,19733.7,73017.8,24.9,0,
2017-12-22 06:04:08,0,1,2,29.6,3865.1,40002.2,19733.7,73017.8,24.9,0,
2017-12-22 06:04:12,0,1,2,29.7,3866.0,40002.5,19800.4,73275.5,24.9,0,
2017-12-22 06:04:15,0,1,2,29.7,3866.9,40002.0,19800.4,73275.5,24.9,0,
2017-12-22 06:04:18,0,1,2,29.8,3867.8,40002.0,19867.1,73533.3,24.9,0,
2017-12-22 06:04:21,0,1,2,29.8,3868.7,40002.5,19867.1,73533.3,25.0,0,
2017-12-22 06:04:24,0,1,2,29.9,3869.4,40002.2,19933.8,73791.2,25.0,0,
2017-12-22 06:04:27,0,1,2,30.0,3870.3,40002.3,20000.4,74049.3,25.0,0,
2017-12-22 06:04:30,0,1,2,30.0,3871.3,40002.3,20000.4,74049.3,25.0,0,
2017-12-22 06:04:34,0,1,2,30.1,3872.1,40002.2,20067.1,74307.5,25.0,0,
2017-12-22 06:04:37,0,1,2,30.1,3873.1,40002.3,20067.1,74307.5,25.0,0,
2017-12-22 06:04:40,0,1,2,30.2,3873.9,40002.3,20133.8,74565.7,25.0,0,
2017-12-22 06:04:43,0,1,2,30.2,3874.7,40002.5,20133.8,74565.7,25.0,0,
2017-12-22 06:04:46,0,1,2,30.3,3875.6,40002.4,20200.5,74824.1,25.0,0,
2017-12-22 06:04:49,0,1,2,30.3,3876.4,40002.5,20200.5,74824.1,25.0,0,
2017-12-22 06:04:52,0,1,2,30.4,3877.4,40002.5,20267.1,75082.7,25.0,0,
2017-12-22 06:04:55,0,1,2,30.4,3878.2,40002.3,20267.1,75082.7,25.0,0,
2017-12-22 06:04:58,0,1,2,30.5,3879.1,40002.5,20333.8,75341.3,25.0,0,
2017-12-22 06:05:01,0,1,2,30.5,3880.2,40002.3,20333.8,75341.3,25.0,0,
2017-12-22 06:05:05,0,1,2,30.6,3881.0,40002.5,20400.5,75600.0,25.0,0,
2017-12-22 06:05:08,0,1,2,30.6,3882.0,40002.2,20400.5,75600.0,24.9,0,
2017-12-22 06:05:11,0,1,2,30.7,3883.0,40002.0,20467.2,75858.9,24.9,0,
2017-12-22 06:05:14,0,1,2,30.7,3883.7,40001.8,20467.2,75858.9,25.0,0,
2017-12-22 06:05:17,0,1,2,30.8,3884.7,40001.8,20533.8,76117.9,24.9,0,
2017-12-22 06:05:20,0,1,2,30.8,3885.6,40001.7,20533.8,76117.9,24.9,0,
2017-12-22 06:05:24,0,1,2,30.9,3886.6,40002.2,20600.5,76376.9,25.0,0,
2017-12-22 06:05:27,0,1,2,30.9,3887.4,40002.0,20600.5,76376.9,25.0,0,
2017-12-22 06:05:30,0,1,2,31.0,3888.3,40002.0,20667.2,76636.2,25.0,0,
2017-12-22 06:05:33,0,1,2,31.0,3889.3,40002.0,20667.2,76636.2,25.0,0,
2017-12-22 06:05:36,0,1,2,31.1,3890.1,40001.8,20733.8,76895.5,25.0,0,
2017-12-22 06:05:39,0,1,2,31.1,3891.1,40002.0,20733.8,76895.5,25.0,0,
2017-12-22 06:05:42,0,1,2,31.2,3892.0,40002.0,20800.5,77154.9,25.0,0,
2017-12-22 06:05:45,0,1,2,31.2,3893.0,40002.0,20800.5,77154.9,25.0,0,
2017-12-22 06:05:48,0,1,2,31.3,3893.9,40002.0,20867.2,77414.5,24.9,0,
2017-12-22 06:05:51,0,1,2,31.4,3894.9,40002.3,20933.9,77674.2,25.0,0,
2017-12-22 06:05:54,0,1,2,31.4,3895.7,40004.0,20933.9,77674.2,24.9,0,
2017-12-22 06:05:57,0,1,2,31.5,3896.7,40004.3,21000.5,77934.0,24.9,0,
2017-12-22 06:06:01,0,1,2,31.5,3897.6,40003.8,21000.5,77934.0,24.9,0,
2017-12-22 06:06:04,0,1,2,31.6,3898.6,40003.9,21067.2,78193.9,24.9,0,
2017-12-22 06:06:07,0,1,2,31.6,3899.5,40003.6,21067.2,78193.9,25.0,0,
2017-12-22 06:06:10,0,1,2,31.7,3900.2,39384.5,21133.6,78452.6,25.0,0,
2017-12-22 06:06:13,0,1,2,31.7,3900.0,38329.4,21133.6,78452.6,25.0,0,
2017-12-22 06:06:16,0,1,2,31.8,3900.1,37363.0,21196.0,78696.1,25.0,0,
2017-12-22 06:06:19,0,1,2,31.8,3899.9,36452.7,21196.0,78696.1,25.0,0,
2017-12-22 06:06:22,0,1,2,31.9,3899.8,35536.5,21255.7,78928.9,25.0,0,
2017-12-22 06:06:25,0,1,2,31.9,3900.1,34932.1,21255.7,78928.9,25.0,0,
2017-12-22 06:06:29,0,1,2,32.0,3900.0,34138.1,21313.1,79153.0,25.0,0,
2017-12-22 06:06:32,0,1,2,32.0,3900.1,33540.6,21313.1,79153.0,25.0,0,
2017-12-22 06:06:35,0,1,2,32.1,3900.0,32973.7,21368.4,79368.3,25.0,0,
2017-12-22 06:06:38,0,1,2,32.1,3899.9,32303.5,21368.4,79368.3,25.0,0,
2017-12-22 06:06:41,0,1,2,32.2,3899.9,31596.3,21421.4,79575.3,25.0,0,
2017-12-22 06:06:44,0,1,2,32.2,3900.0,31119.7,21421.4,79575.3,25.0,0,
2017-12-22 06:06:47,0,1,2,32.3,3899.9,30641.0,21472.9,79775.9,25.0,0,
2017-12-22 06:06:50,0,1,2,32.3,3900.1,29957.3,21472.9,79775.9,25.0,0,
2017-12-22 06:06:53,0,1,2,32.4,3899.9,29521.1,21522.6,79969.7,25.0,0,
2017-12-22 06:06:56,0,1,2,32.4,3899.9,28920.5,21522.6,79969.7,25.0,0,
2017-12-22 06:07:00,0,1,2,32.5,3900.1,28631.6,21570.6,80157.2,25.0,0,
2017-12-22 06:07:03,0,1,2,32.5,3900.1,28131.3,21570.6,80157.2,25.0,0,
2017-12-22 06:07:06,0,1,2,32.6,3900.1,27501.4,21617.2,80338.7,25.0,0,
2017-12-22 06:07:09,0,1,2,32.6,3899.9,26962.0,21617.2,80338.7,25.0,0,
2017-12-22 06:07:12,0,1,2,32.7,3899.9,26498.0,21662.1,80513.9,25.0,0,
2017-12-22 06:07:16,0,1,2,32.8,3899.8,26085.8,21705.7,80683.9,25.0,0,
2017-12-22 06:07:19,0,1,2,32.8,3900.1,25631.8,21705.7,80683.9,25.0,0,
2017-12-22 06:07:22,0,1,2,32.9,3899.9,25119.7,21747.7,80847.6,25.0,0,
2017-12-22 06:07:25,0,1,2,32.9,3899.9,24743.0,21747.7,80847.6,25.0,0,
2017-12-22 06:07:28,0,1,2,33.0,3900.1,24311.3,21788.4,81006.5,25.0,0,
2017-12-22 06:07:32,0,1,2,33.0,3899.9,23828.0,21788.4,81006.5,25.0,0,
2017-12-22 06:07:35,0,1,2,33.1,3899.9,23530.0,21827.9,81160.6,25.0,0,
2017-12-22 06:07:38,0,1,2,33.1,3900.1,23015.4,21827.9,81160.6,25.0,0,
2017-12-22 06:07:41,0,1,2,33.2,3900.1,22613.6,21866.0,81309.0,25.0,0,
2017-12-22 06:07:44,0,1,2,33.2,3900.1,22319.0,21866.0,81309.0,25.0,0,
2017-12-22 06:07:47,0,1,2,33.3,3899.9,21930.6,21902.8,81452.6,25.0,0,
2017-12-22 06:07:51,0,1,2,33.3,3900.1,21546.0,21902.8,81452.6,25.0,0,
2017-12-22 06:07:54,0,1,2,33.4,3899.8,21179.0,21938.5,81592.0,25.0,0,
2017-12-22 06:07:57,0,1,2,33.4,3900.0,20800.1,21938.5,81592.0,24.9,0,
2017-12-22 06:08:00,0,1,2,33.5,3899.9,20499.0,21973.1,81726.8,24.9,0,
2017-12-22 06:08:03,0,1,2,33.5,3900.0,20133.0,21973.1,81726.8,24.9,0,
2017-12-22 06:08:06,0,1,2,33.6,3899.9,19778.7,22006.7,81857.7,24.9,0,
2017-12-22 06:08:09,0,1,2,33.7,3899.9,19531.9,22039.2,81984.6,24.9,0,
2017-12-22 06:08:12,0,1,2,33.7,3899.9,19200.0,22039.2,81984.6,24.9,0,
2017-12-22 06:08:15,0,1,2,33.8,3899.9,18856.2,22070.6,82107.2,24.9,0,
2017-12-22 06:08:19,0,1,2,33.8,3900.0,18620.6,22070.6,82107.2,24.9,0,
2017-12-22 06:08:22,0,1,2,33.9,3900.1,18296.1,22101.2,82226.4,24.9,0,
2017-12-22 06:08:25,0,1,2,33.9,3899.9,17930.5,22101.2,82226.4,24.9,0,
2017-12-22 06:08:28,0,1,2,34.0,3900.0,17626.6,22130.7,82341.5,24.8,0,
2017-12-22 06:08:31,0,1,2,34.0,3899.9,17309.7,22130.7,82341.5,24.8,0,
2017-12-22 06:08:34,0,1,2,34.1,3900.1,17135.6,22159.4,82453.2,24.8,0,
2017-12-22 06:08:37,0,1,2,34.1,3900.1,16761.0,22159.4,82453.2,24.9,0,
2017-12-22 06:08:40,0,1,2,34.2,3899.9,16502.4,22187.1,82561.3,24.9,0,
2017-12-22 06:08:44,0,1,2,34.2,3899.9,16295.7,22187.1,82561.3,24.9,0,
2017-12-22 06:08:47,0,1,2,34.3,3900.0,16012.1,22213.9,82666.1,24.9,0,
2017-12-22 06:08:50,0,1,2,34.3,3899.9,15810.5,22213.9,82666.1,24.9,0,
2017-12-22 06:08:53,0,1,2,34.4,3900.1,15464.8,22240.0,82767.6,24.9,0,
2017-12-22 06:08:56,0,1,2,34.4,3900.1,15224.5,22240.0,82767.6,25.0,0,
2017-12-22 06:09:00,0,1,2,34.5,3900.1,14959.2,22265.2,82865.8,25.0,0,
2017-12-22 06:09:03,0,1,2,34.5,3900.1,14697.9,22265.2,82865.8,25.0,0,
2017-12-22 06:09:06,0,1,2,34.6,3899.9,14446.3,22289.5,82960.9,25.0,0,
2017-12-22 06:09:09,0,1,2,34.6,3900.0,14297.0,22289.5,82960.9,25.0,0,
2017-12-22 06:09:12,0,1,2,34.7,3899.9,13974.8,22313.3,83053.7,25.0,0,
2017-12-22 06:09:16,0,1,2,34.8,3900.0,13765.7,22336.3,83143.1,25.0,0,
2017-12-22 06:09:19,0,1,2,34.8,3900.1,13526.3,22336.3,83143.1,24.9,0,
2017-12-22 06:09:22,0,1,2,34.9,3899.9,13328.1,22358.6,83230.2,24.9,0,
2017-12-22 06:09:25,0,1,2,34.9,3899.9,13155.8,22358.6,83230.2,24.9,0,
2017-12-22 06:09:28,0,1,2,35.0,3900.1,12962.2,22380.2,83314.6,24.9,0,
2017-12-22 06:09:31,0,1,2,35.0,3900.1,12674.4,22380.2,83314.6,24.9,0,
2017-12-22 06:09:34,0,1,2,35.1,3899.9,12508.5,22401.1,83396.1,24.9,0,
2017-12-22 06:09:38,0,1,2,35.1,3899.9,12381.9,22401.1,83396.1,24.9,0,
2017-12-22 06:09:41,0,1,2,35.2,3899.9,12073.5,22421.6,83475.8,24.9,0,
2017-12-22 06:09:44,0,1,2,35.2,3899.9,11922.5,22421.6,83475.8,24.8,0,
2017-12-22 06:09:47,0,1,2,35.3,3900.0,11742.7,22441.3,83552.8,24.9,0,
2017-12-22 06:09:50,0,1,2,35.3,3900.1,11595.4,22441.3,83552.8,24.8,0,
2017-12-22 06:09:53,0,1,2,35.4,3899.9,11364.7,22460.5,83627.6,24.9,0,
2017-12-22 06:09:57,0,1,2,35.4,3900.1,11221.4,22460.5,83627.6,24.9,0,
2017-12-22 06:10:00,0,1,2,35.5,3900.0,10996.9,22479.1,83700.0,24.9,0,
2017-12-22 06:10:03,0,1,2,35.5,3899.9,10835.8,22479.1,83700.0,24.9,0,
2017-12-22 06:10:06,0,1,2,35.6,3900.0,10668.7,22497.1,83770.3,24.8,0,
2017-12-22 06:10:09,0,1,2,35.6,3899.8,10458.6,22497.1,83770.3,24.9,0,
2017-12-22 06:10:13,0,1,2,35.7,3899.9,10323.7,22514.5,83838.2,24.8,0,
2017-12-22 06:10:15,0,1,2,35.8,3900.1,10172.7,22531.4,83904.4,24.8,0,
2017-12-22 06:10:18,0,1,2,35.8,3900.0,10000.0,22531.4,83904.4,24.8,5,终止电流到
2017-12-22 06:10:22,0,1,2,35.9,3891.9,5.4,22531.5,83904.4,24.8,5,终止电流到
2017-12-22 06:10:25,0,1,2,35.9,3890.6,4.5,22531.5,83904.4,24.8,5,终止电流到
2017-12-22 06:10:28,0,1,2,36.0,3890.0,4.6,22531.5,83904.4,24.8,5,终止电流到
2017-12-22 06:10:31,0,1,2,36.0,3889.1,4.6,22531.5,83904.4,24.8,5,终止电流到
2017-12-22 06:10:34,0,1,2,36.1,3888.7,4.3,22531.5,83904.5,24.8,5,终止电流到
2017-12-22 06:10:37,0,1,2,36.1,3888.2,3.7,22531.5,83904.5,24.8,5,终止电流到
2017-12-22 06:10:40,0,1,2,36.2,3887.8,4.4,22531.5,83904.5,24.8,5,终止电流到
2017-12-22 06:10:43,0,1,2,36.2,3887.6,4.2,22531.5,83904.5,24.8,5,终止电流到
2017-12-22 06:10:46,0,1,2,36.3,3887.2,4.8,22531.5,83904.5,24.8,5,终止电流到
2017-12-22 06:10:50,0,1,2,36.3,3886.8,4.3,22531.5,83904.5,24.8,5,终止电流到
2017-12-22 06:10:53,0,1,2,36.4,3886.5,4.6,22531.5,83904.5,24.8,5,终止电流到
2017-12-22 06:10:56,0,1,2,36.4,3886.3,4.0,22531.5,83904.5,24.8,5,终止电流到
2017-12-22 06:10:59,0,1,2,36.5,3886.3,3.5,22531.5,83904.6,24.8,5,终止电流到
2017-12-22 06:11:02,0,1,2,36.5,3886.0,3.9,22531.5,83904.6,24.8,5,终止电流到
2017-12-22 06:11:07,0,2,3,0.0,3885.7,0,0.0,0.0,24.8,0,
2017-12-22 06:11:30,0,2,3,0.4,3884.9,24.3,0.0,0.0,24.8,0,
2017-12-22 06:11:33,0,2,3,0.4,3884.9,23.1,0.0,0.0,24.7,0,
2017-12-22 06:11:36,0,2,3,0.5,3884.7,24.4,0.0,0.0,24.8,0,
2017-12-22 06:11:39,0,2,3,0.5,3884.7,23.4,0.0,0.0,24.8,0,
2017-12-22 06:11:42,0,2,3,0.6,3884.6,23.3,0.0,0.0,24.8,0,
2017-12-22 06:11:45,0,2,3,0.6,3884.4,23.2,0.0,0.0,24.8,0,
2017-12-22 06:11:49,0,2,3,0.7,3884.4,23.5,0.0,0.0,24.8,0,
2017-12-22 06:11:52,0,2,3,0.7,3884.2,22.9,0.0,0.0,24.8,0,
2017-12-22 06:11:55,0,2,3,0.8,3884.1,23.3,0.0,0.0,24.8,0,
2017-12-22 06:11:58,0,2,3,0.8,3884.2,23.5,0.0,0.0,24.8,0,
2017-12-22 06:12:01,0,2,3,0.9,3884.1,24.0,0.0,0.0,24.8,0,
2017-12-22 06:12:04,0,2,3,0.9,3884.0,23.3,0.0,0.0,24.8,0,
2017-12-22 06:12:07,0,2,3,1.0,3883.9,24.2,0.0,0.0,24.7,0,
2017-12-22 06:12:08,0,2,3,1.0,3883.8,23.1,0.0,0.0,24.8,1,时间到
2017-12-22 06:12:12,0,3,4,0.0,3883.8,0,0.0,0.0,24.8,0,
2017-12-22 06:12:34,0,3,4,0.4,3834.7,-40000.5,266.7,1025.0,24.7,0,
2017-12-22 06:12:38,0,3,4,0.4,3832.3,-40000.8,266.7,1025.0,24.8,0,
2017-12-22 06:12:41,0,3,4,0.5,3830.0,-40001.0,333.4,1280.4,24.8,0,
2017-12-22 06:12:44,0,3,4,0.5,3827.7,-40001.1,333.4,1280.4,24.7,0,
2017-12-22 06:12:47,0,3,4,0.6,3825.8,-40001.2,400.0,1535.5,24.7,0,
2017-12-22 06:12:50,0,3,4,0.6,3823.9,-40001.3,400.0,1535.5,24.7,0,
2017-12-22 06:12:53,0,3,4,0.7,3822.2,-40001.3,466.7,1790.3,24.8,0,
2017-12-22 06:12:56,0,3,4,0.7,3820.3,-40001.7,466.7,1790.3,24.8,0,
2017-12-22 06:13:00,0,3,4,0.8,3818.6,-40001.2,533.4,2044.9,24.8,0,
2017-12-22 06:13:03,0,3,4,0.8,3817.0,-40001.3,533.4,2044.9,24.8,0,
2017-12-22 06:13:06,0,3,4,0.9,3815.4,-40001.9,600.0,2299.4,24.8,0,
2017-12-22 06:13:09,0,3,4,0.9,3813.7,-40001.5,600.0,2299.4,24.8,0,
2017-12-22 06:13:12,0,3,4,1.0,3812.1,-40001.7,666.7,2553.6,24.8,0,
2017-12-22 06:13:15,0,3,4,1.0,3810.6,-40001.2,666.7,2553.6,24.8,0,
2017-12-22 06:13:18,0,3,4,1.1,3809.1,-40002.0,733.4,2807.6,24.8,0,
2017-12-22 06:13:22,0,3,4,1.1,3807.6,-40001.7,733.4,2807.6,24.8,0,
2017-12-22 06:13:25,0,3,4,1.2,3806.0,-40001.8,800.1,3061.5,24.8,0,
2017-12-22 06:13:28,0,3,4,1.2,3804.8,-40002.0,800.1,3061.5,24.7,0,
2017-12-22 06:13:31,0,3,4,1.3,3803.3,-40001.8,866.7,3315.1,24.8,0,
2017-12-22 06:13:34,0,3,4,1.3,3802.0,-40001.9,866.7,3315.1,24.8,0,
2017-12-22 06:13:37,0,3,4,1.4,3800.5,-40001.7,933.4,3568.6,24.8,0,
2017-12-22 06:13:40,0,3,4,1.5,3799.1,-40002.0,1000.1,3821.9,24.8,0,
2017-12-22 06:13:44,0,3,4,1.5,3797.6,-40001.3,1000.1,3821.9,24.8,0,
2017-12-22 06:13:47,0,3,4,1.6,3796.2,-40002.0,1066.7,4075.0,24.8,0,
2017-12-22 06:13:50,0,3,4,1.6,3795.0,-40001.5,1066.7,4075.0,24.8,0,
2017-12-22 06:13:53,0,3,4,1.7,3793.5,-40001.4,1133.4,4328.0,24.8,0,
2017-12-22 06:13:56,0,3,4,1.7,3792.1,-40001.9,1133.4,4328.0,24.7,0,
2017-12-22 06:14:00,0,3,4,1.8,3790.8,-40001.6,1200.1,4580.8,24.7,0,
2017-12-22 06:14:03,0,3,4,1.8,3789.3,-40001.3,1200.1,4580.8,24.8,0,
2017-12-22 06:14:06,0,3,4,1.9,3788.1,-40002.3,1266.8,4833.4,24.7,0,
2017-12-22 06:14:09,0,3,4,1.9,3786.6,-40002.3,1266.8,4833.4,24.8,0,
2017-12-22 06:14:12,0,3,4,2.0,3785.3,-40002.2,1333.4,5085.8,24.8,0,
2017-12-22 06:14:15,0,3,4,2.0,3784.0,-40001.8,1333.4,5085.8,24.7,0,
2017-12-22 06:14:18,0,3,4,2.1,3782.6,-40001.8,1400.1,5338.1,24.8,0,
2017-12-22 06:14:22,0,3,4,2.1,3781.3,-40001.7,1400.1,5338.1,24.7,0,
2017-12-22 06:14:25,0,3,4,2.2,3780.0,-40001.6,1466.8,5590.2,24.7,0,
2017-12-22 06:14:28,0,3,4,2.2,3778.5,-40001.8,1466.8,5590.2,24.8,0,
2017-12-22 06:14:31,0,3,4,2.3,3777.4,-40001.9,1533.5,5842.1,24.8,0,
2017-12-22 06:14:34,0,3,4,2.3,3776.1,-40001.7,1533.5,5842.1,24.8,0,
2017-12-22 06:14:37,0,3,4,2.4,3774.7,-40001.6,1600.1,6093.8,24.8,0,
2017-12-22 06:14:40,0,3,4,2.5,3773.3,-40001.7,1666.8,6345.4,24.8,0,
2017-12-22 06:14:44,0,3,4,2.5,3772.1,-40002.0,1666.8,6345.4,24.8,0,
2017-12-22 06:14:47,0,3,4,2.6,3770.8,-40001.5,1733.5,6596.8,24.8,0,
2017-12-22 06:14:50,0,3,4,2.6,3769.4,-40002.0,1733.5,6596.8,24.8,0,
2017-12-22 06:14:53,0,3,4,2.7,3768.3,-40002.0,1800.1,6848.1,24.8,0,
2017-12-22 06:14:56,0,3,4,2.7,3766.9,-40002.1,1800.1,6848.1,24.8,0,
2017-12-22 06:14:59,0,3,4,2.8,3765.7,-40002.2,1866.8,7099.2,24.8,0,
2017-12-22 06:15:02,0,3,4,2.8,3764.4,-40002.1,1866.8,7099.2,24.8,0,
2017-12-22 06:15:05,0,3,4,2.9,3763.1,-40002.0,1933.5,7350.1,24.8,0,
2017-12-22 06:15:09,0,3,4,2.9,3761.9,-40002.0,1933.5,7350.1,24.8,0,
2017-12-22 06:15:12,0,3,4,3.0,3760.7,-40001.7,2000.2,7600.9,24.8,0,
2017-12-22 06:15:15,0,3,4,3.0,3759.3,-40001.7,2000.2,7600.9,24.8,0,
2017-12-22 06:15:18,0,3,4,3.1,3758.2,-40002.2,2066.8,7851.5,24.8,0,
2017-12-22 06:15:21,0,3,4,3.1,3757.0,-40001.8,2066.8,7851.5,24.8,0,
2017-12-22 06:15:24,0,3,4,3.2,3755.6,-40002.0,2133.5,8101.9,24.8,0,
2017-12-22 06:15:27,0,3,4,3.2,3754.4,-40001.5,2133.5,8101.9,24.8,0,
2017-12-22 06:15:31,0,3,4,3.3,3753.2,-40002.0,2200.2,8352.2,24.8,0,
2017-12-22 06:15:34,0,3,4,3.3,3752.0,-40002.3,2200.2,8352.2,24.7,0,
2017-12-22 06:15:37,0,3,4,3.4,3750.9,-40002.2,2266.9,8602.4,24.8,0,
2017-12-22 06:15:40,0,3,4,3.4,3749.7,-40002.0,2266.9,8602.4,24.8,0,
2017-12-22 06:15:43,0,3,4,3.5,3748.5,-40002.3,2333.5,8852.4,24.8,0,
2017-12-22 06:15:46,0,3,4,3.6,3747.3,-40002.3,2400.2,9102.2,24.8,0,
2017-12-22 06:15:49,0,3,4,3.6,3746.3,-40001.7,2400.2,9102.2,24.8,0,
2017-12-22 06:15:53,0,3,4,3.7,3745.1,-40002.0,2466.9,9351.9,24.8,0,
2017-12-22 06:15:56,0,3,4,3.7,3743.8,-40002.0,2466.9,9351.9,24.8,0,
2017-12-22 06:15:59,0,3,4,3.8,3742.7,-40002.1,2533.5,9601.5,24.8,0,
2017-12-22 06:16:02,0,3,4,3.8,3741.6,-40001.7,2533.5,9601.5,24.8,0,
2017-12-22 06:16:05,0,3,4,3.9,3740.4,-40002.3,2600.2,9850.9,24.8,0,
2017-12-22 06:16:08,0,3,4,3.9,3739.4,-40002.0,2600.2,9850.9,24.8,0,
2017-12-22 06:16:11,0,3,4,4.0,3738.2,-40001.9,2666.9,10100.2,24.8,0,
2017-12-22 06:16:15,0,3,4,4.0,3737.2,-40001.7,2666.9,10100.2,24.8,0,
2017-12-22 06:16:18,0,3,4,4.1,3736.0,-40002.0,2733.6,10349.3,24.8,0,
2017-12-22 06:16:21,0,3,4,4.1,3734.9,-40001.7,2733.6,10349.3,24.7,0,
2017-12-22 06:16:24,0,3,4,4.2,3734.0,-40002.0,2800.2,10598.3,24.8,0,
2017-12-22 06:16:27,0,3,4,4.2,3732.8,-40001.7,2800.2,10598.3,24.8,0,
2017-12-22 06:16:30,0,3,4,4.3,3731.7,-40001.9,2866.9,10847.2,24.8,0,
2017-12-22 06:16:33,0,3,4,4.3,3730.6,-40001.5,2866.9,10847.2,24.8,0,
2017-12-22 06:16:37,0,3,4,4.4,3729.7,-40001.7,2933.6,11095.9,24.8,0,
2017-12-22 06:16:40,0,3,4,4.4,3728.7,-40001.5,2933.6,11095.9,24.8,0,
2017-12-22 06:16:43,0,3,4,4.5,3727.5,-40001.5,3000.3,11344.5,24.8,0,
2017-12-22 06:16:46,0,3,4,4.5,3726.5,-40002.1,3000.3,11344.5,24.8,0,
2017-12-22 06:16:49,0,3,4,4.6,3725.6,-40001.9,3066.9,11592.9,24.8,0,
2017-12-22 06:16:52,0,3,4,4.6,3724.5,-40002.1,3066.9,11592.9,24.8,0,
2017-12-22 06:16:55,0,3,4,4.7,3723.5,-40001.8,3133.6,11841.2,24.8,0,
2017-12-22 06:16:58,0,3,4,4.8,3722.5,-40001.8,3200.3,12089.4,24.8,0,
2017-12-22 06:17:02,0,3,4,4.8,3721.6,-40002.2,3200.3,12089.4,24.8,0,
2017-12-22 06:17:05,0,3,4,4.9,3720.5,-40002.0,3267.0,12337.5,24.7,0,
2017-12-22 06:17:08,0,3,4,4.9,3719.5,-40002.2,3267.0,12337.5,24.8,0,
2017-12-22 06:17:11,0,3,4,5.0,3718.5,-40002.2,3333.6,12585.4,24.7,0,
2017-12-22 06:17:14,0,3,4,5.0,3717.6,-40001.8,3333.6,12585.4,24.7,0,
2017-12-22 06:17:17,0,3,4,5.1,3716.6,-40001.8,3400.3,12833.3,24.8,0,
2017-12-22 06:17:20,0,3,4,5.1,3715.7,-40001.3,3400.3,12833.3,24.7,0,
2017-12-22 06:17:24,0,3,4,5.2,3714.8,-40002.1,3467.0,13081.0,24.7,0,
2017-12-22 06:17:27,0,3,4,5.2,3713.9,-40001.9,3467.0,13081.0,24.7,0,
2017-12-22 06:17:30,0,3,4,5.3,3712.9,-40002.3,3533.6,13328.5,24.7,0,
2017-12-22 06:17:33,0,3,4,5.3,3712.1,-40002.0,3533.6,13328.5,24.7,0,
2017-12-22 06:17:36,0,3,4,5.4,3711.0,-40001.5,3600.3,13576.0,24.7,0,
2017-12-22 06:17:39,0,3,4,5.4,3710.2,-40001.7,3600.3,13576.0,24.7,0,
2017-12-22 06:17:42,0,3,4,5.5,3709.2,-40001.7,3667.0,13823.3,24.7,0,
2017-12-22 06:17:46,0,3,4,5.5,3708.2,-40002.0,3667.0,13823.3,24.7,0,
2017-12-22 06:17:49,0,3,4,5.6,3707.4,-40002.2,3733.7,14070.6,24.7,0,
2017-12-22 06:17:52,0,3,4,5.6,3706.6,-40001.5,3733.7,14070.6,24.7,0,
2017-12-22 06:17:55,0,3,4,5.7,3705.6,-40001.7,3800.3,14317.7,24.7,0,
2017-12-22 06:17:58,0,3,4,5.7,3704.8,-40001.1,3800.3,14317.7,24.7,0,
2017-12-22 06:18:01,0,3,4,5.8,3703.9,-40001.8,3867.0,14564.7,24.7,0,
2017-12-22 06:18:04,0,3,4,5.9,3702.9,-40001.7,3933.7,14811.5,24.7,0,
2017-12-22 06:18:07,0,3,4,5.9,3702.1,-40001.2,3933.7,14811.5,24.6,0,
2017-12-22 06:18:11,0,3,4,6.0,3701.3,-40002.0,4000.3,15058.3,24.7,0,
2017-12-22 06:18:14,0,3,4,6.0,3700.5,-40001.9,4000.3,15058.3,24.7,0,
2017-12-22 06:18:17,0,3,4,6.1,3699.6,-40002.0,4067.0,15305.0,24.7,0,
2017-12-22 06:18:20,0,3,4,6.1,3698.7,-40002.0,4067.0,15305.0,24.6,0,
2017-12-22 06:18:23,0,3,4,6.2,3697.9,-40002.0,4133.7,15551.6,24.7,0,
2017-12-22 06:18:26,0,3,4,6.2,3696.9,-40002.3,4133.7,15551.6,24.6,0,
2017-12-22 06:18:29,0,3,4,6.3,3696.1,-40002.3,4200.4,15798.0,24.7,0,
2017-12-22 06:18:33,0,3,4,6.3,3695.5,-40001.9,4200.4,15798.0,24.7,0,
2017-12-22 06:18:36,0,3,4,6.4,3694.4,-40002.1,4267.0,16044.4,24.7,0,
2017-12-22 06:18:39,0,3,4,6.4,3693.7,-40001.9,4267.0,16044.4,24.6,0,
2017-12-22 06:18:42,0,3,4,6.5,3692.8,-40002.0,4333.7,16290.6,24.7,0,
2017-12-22 06:18:45,0,3,4,6.5,3692.0,-40001.8,4333.7,16290.6,24.7,0,
2017-12-22 06:18:48,0,3,4,6.6,3691.1,-40001.9,4400.4,16536.7,24.6,0,
2017-12-22 06:18:51,0,3,4,6.6,3690.3,-40002.0,4400.4,16536.7,24.6,0,
2017-12-22 06:18:54,0,3,4,6.7,3689.5,-40001.8,4467.1,16782.8,24.6,0,
2017-12-22 06:18:58,0,3,4,6.7,3688.8,-40001.7,4467.1,16782.8,24.6,0,
2017-12-22 06:19:01,0,3,4,6.8,3688.0,-40002.0,4533.7,17028.7,24.6,0,
2017-12-22 06:19:04,0,3,4,6.8,3687.1,-40001.5,4533.7,17028.7,24.6,0,
2017-12-22 06:19:07,0,3,4,6.9,3686.3,-40001.8,4600.4,17274.5,24.6,0,
2017-12-22 06:19:10,0,3,4,7.0,3685.7,-40001.6,4667.1,17520.3,24.6,0,
2017-12-22 06:19:13,0,3,4,7.0,3684.8,-40001.8,4667.1,17520.3,24.6,0,
2017-12-22 06:19:17,0,3,4,7.1,3684.0,-40001.3,4733.8,17765.9,24.6,0,
2017-12-22 06:19:20,0,3,4,7.1,3683.2,-40001.6,4733.8,17765.9,24.6,0,
2017-12-22 06:19:23,0,3,4,7.2,3682.6,-40001.5,4800.4,18011.4,24.6,0,
2017-12-22 06:19:26,0,3,4,7.2,3681.7,-40001.8,4800.4,18011.4,24.6,0,
2017-12-22 06:19:29,0,3,4,7.3,3681.0,-40002.2,4867.1,18256.8,24.6,0,
2017-12-22 06:19:32,0,3,4,7.3,3680.3,-40002.3,4867.1,18256.8,24.7,0,
2017-12-22 06:19:35,0,3,4,7.4,3679.5,-40001.8,4933.8,18502.2,24.7,0,
2017-12-22 06:19:38,0,3,4,7.4,3678.8,-40001.8,4933.8,18502.2,24.6,0,
2017-12-22 06:19:41,0,3,4,7.5,3678.1,-40002.3,5000.4,18747.4,24.6,0,
2017-12-22 06:19:45,0,3,4,7.5,3677.4,-40001.6,5000.4,18747.4,24.7,0,
2017-12-22 06:19:48,0,3,4,7.6,3676.5,-40001.9,5067.1,18992.6,24.7,0,
2017-12-22 06:19:51,0,3,4,7.6,3675.9,-40001.7,5067.1,18992.6,24.7,0,
2017-12-22 06:19:54,0,3,4,7.7,3675.1,-40002.0,5133.8,19237.6,24.7,0,
2017-12-22 06:19:57,0,3,4,7.7,3674.3,-40001.5,5133.8,19237.6,24.7,0,
2017-12-22 06:20:00,0,3,4,7.8,3673.6,-40000.9,5200.5,19482.6,24.7,0,
2017-12-22 06:20:03,0,3,4,7.8,3672.9,-40001.5,5200.5,19482.6,24.7,0,
2017-12-22 06:20:07,0,3,4,7.9,3672.1,-40001.6,5267.1,19727.4,24.7,0,
2017-12-22 06:20:10,0,3,4,7.9,3671.5,-40001.5,5267.1,19727.4,24.7,0,
2017-12-22 06:20:13,0,3,4,8.0,3670.7,-40001.6,5333.8,19972.2,24.7,0,
2017-12-22 06:20:16,0,3,4,8.1,3669.9,-40001.5,5400.5,20216.9,24.7,0,
2017-12-22 06:20:19,0,3,4,8.1,3669.3,-40001.4,5400.5,20216.9,24.7,0,
2017-12-22 06:20:23,0,3,4,8.2,3668.6,-40001.5,5467.1,20461.5,24.8,0,
2017-12-22 06:20:26,0,3,4,8.2,3667.8,-40001.5,5467.1,20461.5,24.7,0,
2017-12-22 06:20:29,0,3,4,8.3,3667.0,-40001.5,5533.8,20706.0,24.7,0,
2017-12-22 06:20:32,0,3,4,8.3,3666.5,-40001.0,5533.8,20706.0,24.7,0,
2017-12-22 06:20:35,0,3,4,8.4,3665.7,-40001.3,5600.5,20950.4,24.7,0,
2017-12-22 06:20:38,0,3,4,8.4,3665.1,-40001.5,5600.5,20950.4,24.7,0,
2017-12-22 06:20:41,0,3,4,8.5,3664.3,-40001.4,5667.2,21194.7,24.7,0,
2017-12-22 06:20:45,0,3,4,8.5,3663.6,-40001.5,5667.2,21194.7,24.7,0,
2017-12-22 06:20:48,0,3,4,8.6,3662.9,-40001.4,5733.8,21438.9,24.7,0,
2017-12-22 06:20:51,0,3,4,8.6,3662.3,-40001.7,5733.8,21438.9,24.7,0,
2017-12-22 06:20:54,0,3,4,8.7,3661.6,-40001.5,5800.5,21683.1,24.6,0,
2017-12-22 06:20:57,0,3,4,8.7,3660.8,-40001.5,5800.5,21683.1,24.7,0,
2017-12-22 06:21:00,0,3,4,8.8,3660.3,-40001.5,5867.2,21927.1,24.7,0,
2017-12-22 06:21:03,0,3,4,8.8,3659.5,-40001.0,5867.2,21927.1,24.7,0,
2017-12-22 06:21:06,0,3,4,8.9,3659.0,-40001.0,5933.8,22171.1,24.7,0,
2017-12-22 06:21:10,0,3,4,8.9,3658.2,-40001.0,5933.8,22171.1,24.7,0,
2017-12-22 06:21:13,0,3,4,9.0,3657.6,-40001.3,6000.5,22415.0,24.7,0,
2017-12-22 06:21:16,0,3,4,9.0,3656.8,-40000.7,6000.5,22415.0,24.7,0,
2017-12-22 06:21:19,0,3,4,9.1,3656.2,-40001.2,6067.2,22658.8,24.7,0,
2017-12-22 06:21:22,0,3,4,9.1,3655.5,-40001.0,6067.2,22658.8,24.7,0,
2017-12-22 06:21:25,0,3,4,9.2,3655.1,-40001.2,6133.9,22902.5,24.7,0,
2017-12-22 06:21:28,0,3,4,9.3,3654.3,-40001.0,6200.5,23146.2,24.7,0,
2017-12-22 06:21:32,0,3,4,9.3,3653.6,-40001.0,6200.5,23146.2,24.7,0,
2017-12-22 06:21:35,0,3,4,9.4,3653.1,-40001.2,6267.2,23389.7,24.7,0,
2017-12-22 06:21:38,0,3,4,9.4,3652.5,-40000.9,6267.2,23389.7,24.7,0,
2017-12-22 06:21:41,0,3,4,9.5,3651.7,-40001.0,6333.9,23633.2,24.7,0,
2017-12-22 06:21:44,0,3,4,9.5,3651.0,-40000.7,6333.9,23633.2,24.7,0,
2017-12-22 06:21:47,0,3,4,9.6,3650.5,-40001.0,6400.5,23876.6,24.7,0,
2017-12-22 06:21:51,0,3,4,9.6,3649.8,-40000.8,6400.5,23876.6,24.7,0,
2017-12-22 06:21:54,0,3,4,9.7,3649.2,-40001.1,6467.2,24119.9,24.6,0,
2017-12-22 06:21:57,0,3,4,9.7,3648.5,-40001.3,6467.2,24119.9,24.7,0,
2017-12-22 06:22:00,0,3,4,9.8,3647.8,-40001.0,6533.9,24363.1,24.7,0,
2017-12-22 06:22:03,0,3,4,9.8,3647.2,-40001.1,6533.9,24363.1,24.7,0,
2017-12-22 06:22:06,0,3,4,9.9,3646.6,-40001.3,6600.5,24606.2,24.7,0,
2017-12-22 06:22:09,0,3,4,9.9,3646.1,-40000.8,6600.5,24606.2,24.7,0,
2017-12-22 06:22:13,0,3,4,10.0,3645.4,-40000.8,6667.2,24849.3,24.7,0,
2017-12-22 06:22:16,0,3,4,10.0,3644.8,-40001.2,6667.2,24849.3,24.7,0,
2017-12-22 06:22:19,0,3,4,10.1,3644.1,-40001.0,6733.9,25092.3,24.7,0,
2017-12-22 06:22:22,0,3,4,10.1,3643.5,-40000.4,6733.9,25092.3,24.7,0,
2017-12-22 06:22:25,0,3,4,10.2,3642.8,-40000.4,6800.6,25335.2,24.7,0,
2017-12-22 06:22:28,0,3,4,10.2,3642.4,-40000.6,6800.6,25335.2,24.7,0,
2017-12-22 06:22:31,0,3,4,10.3,3641.7,-40001.3,6867.2,25578.0,24.7,0,
2017-12-22 06:22:34,0,3,4,10.4,3641.1,-40001.3,6933.9,25820.8,24.7,0,
2017-12-22 06:22:38,0,3,4,10.4,3640.6,-40000.7,6933.9,25820.8,24.7,0,
2017-12-22 06:22:41,0,3,4,10.5,3639.9,-40000.9,7000.6,26063.5,24.8,0,
2017-12-22 06:22:44,0,3,4,10.5,3639.3,-40001.1,7000.6,26063.5,24.8,0,
2017-12-22 06:22:47,0,3,4,10.6,3638.7,-40001.1,7067.2,26306.1,24.7,0,
2017-12-22 06:22:50,0,3,4,10.6,3638.2,-40001.0,7067.2,26306.1,24.7,0,
2017-12-22 06:22:53,0,3,4,10.7,3637.6,-40001.1,7133.9,26548.6,24.8,0,
2017-12-22 06:22:56,0,3,4,10.7,3637.0,-40001.6,7133.9,26548.6,24.7,0,
2017-12-22 06:23:00,0,3,4,10.8,3636.2,-40001.0,7200.6,26791.0,24.8,0,
2017-12-22 06:23:03,0,3,4,10.8,3635.8,-40000.7,7200.6,26791.0,24.8,0,
2017-12-22 06:23:06,0,3,4,10.9,3635.2,-40000.9,7267.2,27033.4,24.8,0,
2017-12-22 06:23:09,0,3,4,10.9,3634.6,-40000.8,7267.2,27033.4,24.8,0,
2017-12-22 06:23:12,0,3,4,11.0,3633.9,-40000.8,7333.9,27275.7,24.8,0,
2017-12-22 06:23:15,0,3,4,11.0,3633.5,-40001.0,7333.9,27275.7,24.8,0,
2017-12-22 06:23:18,0,3,4,11.1,3632.9,-40000.8,7400.6,27517.9,24.8,0,
2017-12-22 06:23:21,0,3,4,11.1,3632.2,-40000.7,7400.6,27517.9,24.8,0,
2017-12-22 06:23:25,0,3,4,11.2,3631.7,-40000.5,7467.2,27760.1,24.8,0,
2017-12-22 06:23:28,0,3,4,11.2,3631.1,-40001.2,7467.2,27760.1,24.7,0,
2017-12-22 06:23:31,0,3,4,11.3,3630.6,-40000.5,7533.9,28002.2,24.8,0,
2017-12-22 06:23:34,0,3,4,11.3,3630.1,-40000.6,7533.9,28002.2,24.8,0,
2017-12-22 06:23:37,0,3,4,11.4,3629.5,-40000.6,7600.6,28244.2,24.7,0,
2017-12-22 06:23:40,0,3,4,11.4,3628.9,-40000.5,7600.6,28244.2,24.8,0,
2017-12-22 06:23:43,0,3,4,11.5,3628.2,-40000.8,7667.3,28486.1,24.8,0,
2017-12-22 06:23:46,0,3,4,11.6,3627.7,-40000.9,7733.9,28728.0,24.7,0,
2017-12-22 06:23:49,0,3,4,11.6,3627.2,-40000.8,7733.9,28728.0,24.7,0,
2017-12-22 06:23:53,0,3,4,11.7,3626.5,-40001.0,7800.6,28969.7,24.8,0,
2017-12-22 06:23:56,0,3,4,11.7,3626.1,-40000.8,7800.6,28969.7,24.8,0,
2017-12-22 06:23:59,0,3,4,11.8,3625.4,-40001.2,7867.3,29211.4,24.8,0,
2017-12-22 06:24:02,0,3,4,11.8,3625.0,-40001.2,7867.3,29211.4,24.8,0,
2017-12-22 06:24:05,0,3,4,11.9,3624.3,-40001.3,7933.9,29453.1,24.8,0,
2017-12-22 06:24:08,0,3,4,11.9,3623.8,-40000.7,7933.9,29453.1,24.7,0,
2017-12-22 06:24:11,0,3,4,12.0,3623.2,-40001.2,8000.6,29694.7,24.8,0,
2017-12-22 06:24:15,0,3,4,12.0,3622.7,-40001.2,8000.6,29694.7,24.7,0,
2017-12-22 06:24:18,0,3,4,12.1,3622.2,-40001.2,8067.3,29936.2,24.8,0,
2017-12-22 06:24:21,0,3,4,12.1,3621.6,-40001.2,8067.3,29936.2,24.8,0,
2017-12-22 06:24:24,0,3,4,12.2,3621.0,-40001.2,8134.0,30177.6,24.8,0,
2017-12-22 06:24:27,0,3,4,12.2,3620.4,-40001.2,8134.0,30177.6,24.7,0,
2017-12-22 06:24:30,0,3,4,12.3,3620.0,-40000.9,8200.6,30419.0,24.7,0,
2017-12-22 06:24:33,0,3,4,12.3,3619.4,-40001.1,8200.6,30419.0,24.7,0,
2017-12-22 06:24:37,0,3,4,12.4,3618.9,-40001.0,8267.3,30660.3,24.8,0,
2017-12-22 06:24:40,0,3,4,12.4,3618.3,-40001.5,8267.3,30660.3,24.7,0,
2017-12-22 06:24:43,0,3,4,12.5,3617.7,-40001.3,8334.0,30901.5,24.8,0,
2017-12-22 06:24:46,0,3,4,12.5,3617.1,-40000.8,8334.0,30901.5,24.8,0,
2017-12-22 06:24:49,0,3,4,12.6,3616.6,-40000.9,8400.6,31142.7,24.7,0,
2017-12-22 06:24:52,0,3,4,12.7,3616.2,-40001.2,8467.3,31383.8,24.7,0,
2017-12-22 06:24:56,0,3,4,12.7,3615.5,-40000.9,8467.3,31383.8,24.7,0,
2017-12-22 06:24:59,0,3,4,12.8,3614.9,-40001.0,8534.0,31624.8,24.7,0,
2017-12-22 06:25:02,0,3,4,12.8,3614.3,-40000.8,8534.0,31624.8,24.7,0,
2017-12-22 06:25:05,0,3,4,12.9,3613.9,-40000.8,8600.6,31865.7,24.8,0,
2017-12-22 06:25:08,0,3,4,12.9,3613.5,-40000.8,8600.6,31865.7,24.8,0,
2017-12-22 06:25:11,0,3,4,13.0,3612.8,-40000.5,8667.3,32106.6,24.8,0,
2017-12-22 06:25:14,0,3,4,13.0,3612.3,-40001.1,8667.3,32106.6,24.7,0,
2017-12-22 06:25:18,0,3,4,13.1,3611.7,-40000.7,8734.0,32347.4,24.7,0,
2017-12-22 06:25:21,0,3,4,13.1,3611.3,-40000.8,8734.0,32347.4,24.8,0,
2017-12-22 06:25:24,0,3,4,13.2,3610.7,-40000.6,8800.6,32588.2,24.7,0,
2017-12-22 06:25:27,0,3,4,13.2,3610.1,-40001.2,8800.6,32588.2,24.8,0,
2017-12-22 06:25:30,0,3,4,13.3,3609.7,-40001.2,8867.3,32828.8,24.7,0,
2017-12-22 06:25:33,0,3,4,13.3,3609.1,-40001.3,8867.3,32828.8,24.8,0,
2017-12-22 06:25:37,0,3,4,13.4,3608.5,-40001.0,8934.0,33069.5,24.8,0,
2017-12-22 06:25:40,0,3,4,13.4,3608.1,-40000.6,8934.0,33069.5,24.8,0,
2017-12-22 06:25:43,0,3,4,13.5,3607.5,-40001.0,9000.7,33310.0,24.8,0,
2017-12-22 06:25:46,0,3,4,13.5,3607.0,-40000.7,9000.7,33310.0,24.8,0,
2017-12-22 06:25:49,0,3,4,13.6,3606.4,-40000.6,9067.3,33550.5,24.8,0,
2017-12-22 06:25:52,0,3,4,13.7,3606.0,-40000.5,9134.0,33790.9,24.7,0,
2017-12-22 06:25:56,0,3,4,13.7,3605.4,-40001.3,9134.0,33790.9,24.8,0,
2017-12-22 06:25:59,0,3,4,13.8,3604.9,-40001.3,9200.7,34031.2,24.8,0,
2017-12-22 06:26:02,0,3,4,13.8,3604.4,-40001.3,9200.7,34031.2,24.8,0,
2017-12-22 06:26:05,0,3,4,13.9,3603.8,-40001.0,9267.3,34271.5,24.8,0,
2017-12-22 06:26:08,0,3,4,13.9,3603.4,-40001.2,9267.3,34271.5,24.8,0,
2017-12-22 06:26:11,0,3,4,14.0,3602.7,-40000.8,9334.0,34511.7,24.8,0,
2017-12-22 06:26:14,0,3,4,14.0,3602.2,-40000.8,9334.0,34511.7,24.8,0,
2017-12-22 06:26:18,0,3,4,14.1,3601.7,-40001.0,9400.7,34751.8,24.8,0,
2017-12-22 06:26:21,0,3,4,14.1,3601.2,-40001.0,9400.7,34751.8,24.8,0,
2017-12-22 06:26:24,0,3,4,14.2,3600.8,-40000.6,9467.3,34991.9,24.8,0,
2017-12-22 06:26:27,0,3,4,14.2,3600.2,-40001.3,9467.3,34991.9,24.8,0,
2017-12-22 06:26:30,0,3,4,14.3,3599.6,-40001.1,9534.0,35231.9,24.8,0,
2017-12-22 06:26:33,0,3,4,14.3,3599.2,-40001.2,9534.0,35231.9,24.8,0,
2017-12-22 06:26:36,0,3,4,14.4,3598.8,-40000.8,9600.7,35471.9,24.8,0,
2017-12-22 06:26:39,0,3,4,14.4,3598.1,-40001.0,9600.7,35471.9,24.8,0,
2017-12-22 06:26:43,0,3,4,14.5,3597.6,-40000.8,9667.4,35711.8,24.8,0,
2017-12-22 06:26:46,0,3,4,14.5,3597.1,-40001.0,9667.4,35711.8,24.8,0,
2017-12-22 06:26:49,0,3,4,14.6,3596.7,-40000.8,9734.0,35951.6,24.8,0,
2017-12-22 06:26:52,0,3,4,14.6,3596.3,-40000.9,9734.0,35951.6,24.8,0,
2017-12-22 06:26:55,0,3,4,14.7,3595.7,-40000.5,9800.7,36191.3,24.8,0,
2017-12-22 06:26:58,0,3,4,14.8,3595.2,-40000.5,9867.4,36431.0,24.9,0,
2017-12-22 06:27:01,0,3,4,14.8,3594.7,-40000.9,9867.4,36431.0,24.8,0,
2017-12-22 06:27:04,0,3,4,14.9,3594.2,-40000.5,9934.0,36670.6,24.9,0,
2017-12-22 06:27:08,0,3,4,14.9,3593.6,-40000.7,9934.0,36670.6,24.9,0,
2017-12-22 06:27:11,0,3,4,15.0,3593.2,-40000.5,10000.7,36910.2,24.9,0,
2017-12-22 06:27:14,0,3,4,15.0,3592.6,-40001.0,10000.7,36910.2,24.9,0,
2017-12-22 06:27:17,0,3,4,15.1,3592.1,-40000.5,10067.4,37149.7,24.9,0,
2017-12-22 06:27:20,0,3,4,15.1,3591.5,-40000.9,10067.4,37149.7,24.9,0,
2017-12-22 06:27:23,0,3,4,15.2,3591.2,-40000.8,10134.0,37389.1,24.9,0,
2017-12-22 06:27:26,0,3,4,15.2,3590.5,-40000.9,10134.0,37389.1,24.9,0,
2017-12-22 06:27:30,0,3,4,15.3,3590.1,-40000.7,10200.7,37628.5,24.9,0,
2017-12-22 06:27:33,0,3,4,15.3,3589.6,-40000.5,10200.7,37628.5,24.9,0,
2017-12-22 06:27:36,0,3,4,15.4,3589.2,-40000.7,10267.4,37867.7,24.8,0,
2017-12-22 06:27:39,0,3,4,15.4,3588.7,-40000.3,10267.4,37867.7,24.9,0,
2017-12-22 06:27:42,0,3,4,15.5,3588.1,-40000.7,10334.0,38107.0,24.8,0,
2017-12-22 06:27:45,0,3,4,15.5,3587.6,-40000.8,10334.0,38107.0,24.8,0,
2017-12-22 06:27:48,0,3,4,15.6,3587.1,-40000.7,10400.7,38346.1,24.8,0,
2017-12-22 06:27:51,0,3,4,15.6,3586.6,-40000.5,10400.7,38346.1,24.8,0,
2017-12-22 06:27:54,0,3,4,15.7,3586.0,-40000.7,10467.4,38585.2,24.8,0,
2017-12-22 06:27:58,0,3,4,15.7,3585.5,-40000.5,10467.4,38585.2,24.9,0,
2017-12-22 06:28:01,0,3,4,15.8,3585.0,-40000.3,10534.0,38824.3,24.8,0,
2017-12-22 06:28:04,0,3,4,15.8,3584.5,-40000.6,10534.0,38824.3,24.8,0,
2017-12-22 06:28:07,0,3,4,15.9,3584.1,-40000.7,10600.7,39063.2,24.8,0,
2017-12-22 06:28:10,0,3,4,16.0,3583.7,-40000.3,10667.4,39302.2,24.8,0,
2017-12-22 06:28:13,0,3,4,16.0,3583.1,-39999.8,10667.4,39302.2,24.8,0,
2017-12-22 06:28:17,0,3,4,16.1,3582.5,-40000.4,10734.1,39541.0,24.8,0,
2017-12-22 06:28:20,0,3,4,16.1,3582.0,-40000.7,10734.1,39541.0,24.8,0,
2017-12-22 06:28:23,0,3,4,16.2,3581.7,-40000.3,10800.7,39779.8,24.8,0,
2017-12-22 06:28:26,0,3,4,16.2,3581.1,-40000.5,10800.7,39779.8,24.9,0,
2017-12-22 06:28:29,0,3,4,16.3,3580.6,-40000.5,10867.4,40018.5,24.9,0,
2017-12-22 06:28:32,0,3,4,16.3,3580.1,-39999.9,10867.4,40018.5,24.9,0,
2017-12-22 06:28:35,0,3,4,16.4,3579.7,-40000.6,10934.1,40257.2,24.9,0,
2017-12-22 06:28:38,0,3,4,16.4,3579.2,-40000.3,10934.1,40257.2,24.9,0,
2017-12-22 06:28:42,0,3,4,16.5,3578.6,-40000.5,11000.7,40495.8,24.9,0,
2017-12-22 06:28:45,0,3,4,16.5,3578.1,-40000.3,11000.7,40495.8,24.9,0,
2017-12-22 06:28:48,0,3,4,16.6,3577.7,-40000.8,11067.4,40734.3,24.9,0,
2017-12-22 06:28:51,0,3,4,16.6,3577.1,-40000.2,11067.4,40734.3,24.9,0,
2017-12-22 06:28:54,0,3,4,16.7,3576.8,-40000.2,11134.1,40972.8,24.9,0,
2017-12-22 06:28:57,0,3,4,16.7,3576.2,-40000.5,11134.1,40972.8,24.9,0,
2017-12-22 06:29:00,0,3,4,16.8,3575.7,-40000.5,11200.7,41211.2,24.9,0,
2017-12-22 06:29:04,0,3,4,16.8,3575.0,-40000.7,11200.7,41211.2,24.9,0,
2017-12-22 06:29:07,0,3,4,16.9,3574.7,-40000.4,11267.4,41449.5,24.9,0,
2017-12-22 06:29:10,0,3,4,16.9,3574.1,-40000.5,11267.4,41449.5,24.9,0,
2017-12-22 06:29:13,0,3,4,17.0,3573.7,-40000.9,11334.1,41687.8,24.9,0,
2017-12-22 06:29:16,0,3,4,17.1,3573.1,-40000.3,11400.7,41926.0,24.9,0,
2017-12-22 06:29:20,0,3,4,17.1,3572.7,-40000.7,11400.7,41926.0,24.9,0,
2017-12-22 06:29:23,0,3,4,17.2,3572.1,-40000.8,11467.4,42164.2,24.9,0,
2017-12-22 06:29:26,0,3,4,17.2,3571.5,-40000.3,11467.4,42164.2,24.9,0,
2017-12-22 06:29:29,0,3,4,17.3,3571.1,-40001.0,11534.1,42402.3,24.9,0,
2017-12-22 06:29:32,0,3,4,17.3,3570.7,-40000.2,11534.1,42402.3,24.9,0,
2017-12-22 06:29:35,0,3,4,17.4,3570.2,-40000.5,11600.7,42640.3,24.9,0,
2017-12-22 06:29:38,0,3,4,17.4,3569.7,-39999.9,11600.7,42640.3,24.9,0,
2017-12-22 06:29:41,0,3,4,17.5,3569.1,-40000.3,11667.4,42878.3,24.8,0,
2017-12-22 06:29:44,0,3,4,17.5,3568.6,-39999.9,11667.4,42878.3,24.9,0,
2017-12-22 06:29:47,0,3,4,17.6,3568.2,-40000.5,11734.1,43116.2,24.9,0,
2017-12-22 06:29:50,0,3,4,17.6,3567.7,-40000.3,11734.1,43116.2,24.9,0,
2017-12-22 06:29:54,0,3,4,17.7,3567.2,-40001.0,11800.7,43354.0,24.9,0,
2017-12-22 06:29:57,0,3,4,17.7,3566.8,-40000.9,11800.7,43354.0,24.9,0,
2017-12-22 06:30:00,0,3,4,17.8,3566.3,-40001.0,11867.4,43591.8,24.9,0,
2017-12-22 06:30:03,0,3,4,17.8,3565.7,-40000.8,11867.4,43591.8,24.9,0,
2017-12-22 06:30:06,0,3,4,17.9,3565.3,-40000.5,11934.1,43829.5,24.9,0,
2017-12-22 06:30:09,0,3,4,17.9,3564.7,-40000.7,11934.1,43829.5,24.9,0,
2017-12-22 06:30:12,0,3,4,18.0,3564.4,-40001.0,12000.7,44067.1,24.9,0,
2017-12-22 06:30:16,0,3,4,18.0,3563.9,-40000.5,12000.7,44067.1,25.0,0,
2017-12-22 06:30:19,0,3,4,18.1,3563.2,-40001.1,12067.4,44304.7,24.9,0,
2017-12-22 06:30:22,0,3,4,18.1,3562.8,-40000.7,12067.4,44304.7,24.9,0,
2017-12-22 06:30:25,0,3,4,18.2,3562.4,-40001.3,12134.1,44542.3,25.0,0,
2017-12-22 06:30:28,0,3,4,18.2,3561.8,-40001.0,12134.1,44542.3,25.0,0,
2017-12-22 06:30:31,0,3,4,18.3,3561.3,-40000.7,12200.8,44779.7,25.0,0,
2017-12-22 06:30:34,0,3,4,18.4,3560.8,-40000.6,12267.4,45017.1,25.0,0,
2017-12-22 06:30:38,0,3,4,18.4,3560.5,-40000.5,12267.4,45017.1,25.0,0,
2017-12-22 06:30:41,0,3,4,18.5,3559.9,-40000.3,12334.1,45254.5,25.0,0,
2017-12-22 06:30:44,0,3,4,18.5,3559.4,-40001.3,12334.1,45254.5,25.0,0,
2017-12-22 06:30:47,0,3,4,18.6,3558.9,-40000.5,12400.8,45491.7,25.0,0,
2017-12-22 06:30:50,0,3,4,18.6,3558.4,-40000.5,12400.8,45491.7,25.0,0,
2017-12-22 06:30:53,0,3,4,18.7,3558.0,-40000.7,12467.4,45729.0,25.0,0,
2017-12-22 06:30:56,0,3,4,18.7,3557.5,-40000.3,12467.4,45729.0,25.0,0,
2017-12-22 06:31:00,0,3,4,18.8,3556.9,-40000.8,12534.1,45966.1,25.0,0,
2017-12-22 06:31:03,0,3,4,18.8,3556.5,-40000.5,12534.1,45966.1,25.0,0,
2017-12-22 06:31:06,0,3,4,18.9,3555.9,-40000.3,12600.8,46203.2,25.0,0,
2017-12-22 06:31:09,0,3,4,18.9,3555.4,-40000.9,12600.8,46203.2,25.0,0,
2017-12-22 06:31:12,0,3,4,19.0,3555.0,-40000.5,12667.4,46440.2,25.0,0,
2017-12-22 06:31:15,0,3,4,19.0,3554.4,-40000.6,12667.4,46440.2,25.0,0,
2017-12-22 06:31:18,0,3,4,19.1,3554.0,-40000.5,12734.1,46677.2,24.9,0,
2017-12-22 06:31:21,0,3,4,19.1,3553.4,-40001.0,12734.1,46677.2,24.9,0,
2017-12-22 06:31:25,0,3,4,19.2,3553.0,-40000.5,12800.8,46914.1,24.9,0,
2017-12-22 06:31:28,0,3,4,19.2,3552.5,-40000.5,12800.8,46914.1,24.9,0,
2017-12-22 06:31:31,0,3,4,19.3,3552.0,-40000.3,12867.4,47150.9,24.9,0,
2017-12-22 06:31:34,0,3,4,19.4,3551.4,-40000.5,12934.1,47387.7,24.9,0,
2017-12-22 06:31:37,0,3,4,19.4,3550.9,-40000.5,12934.1,47387.7,24.9,0,
2017-12-22 06:31:41,0,3,4,19.5,3550.5,-40000.8,13000.8,47624.4,24.9,0,
2017-12-22 06:31:44,0,3,4,19.5,3550.0,-40000.3,13000.8,47624.4,24.9,0,
2017-12-22 06:31:47,0,3,4,19.6,3549.4,-40000.2,13067.5,47861.0,24.9,0,
2017-12-22 06:31:50,0,3,4,19.6,3548.9,-40000.5,13067.5,47861.0,25.0,0,
2017-12-22 06:31:53,0,3,4,19.7,3548.4,-40000.3,13134.1,48097.6,25.0,0,
2017-12-22 06:31:56,0,3,4,19.7,3548.0,-40000.3,13134.1,48097.6,25.0,0,
2017-12-22 06:31:59,0,3,4,19.8,3547.6,-40000.7,13200.8,48334.1,25.0,0,
2017-12-22 06:32:03,0,3,4,19.8,3547.0,-40000.3,13200.8,48334.1,25.0,0,
2017-12-22 06:32:06,0,3,4,19.9,3546.5,-40000.3,13267.5,48570.6,25.0,0,
2017-12-22 06:32:09,0,3,4,19.9,3545.9,-40000.3,13267.5,48570.6,25.0,0,
2017-12-22 06:32:12,0,3,4,20.0,3545.4,-40000.6,13334.1,48807.0,25.0,0,
2017-12-22 06:32:15,0,3,4,20.0,3545.0,-40000.3,13334.1,48807.0,25.0,0,
2017-12-22 06:32:18,0,3,4,20.1,3544.5,-40000.8,13400.8,49043.3,25.0,0,
2017-12-22 06:32:21,0,3,4,20.1,3543.9,-40000.7,13400.8,49043.3,25.0,0,
2017-12-22 06:32:24,0,3,4,20.2,3543.5,-40000.8,13467.5,49279.5,25.0,0,
2017-12-22 06:32:28,0,3,4,20.2,3542.9,-40000.3,13467.5,49279.5,25.0,0,
2017-12-22 06:32:31,0,3,4,20.3,3542.5,-40000.4,13534.1,49515.7,25.0,0,
2017-12-22 06:32:34,0,3,4,20.3,3542.0,-40000.2,13534.1,49515.7,25.0,0,
2017-12-22 06:32:37,0,3,4,20.4,3541.4,-40000.0,13600.8,49751.8,25.0,0,
2017-12-22 06:32:40,0,3,4,20.4,3541.1,-40000.1,13600.8,49751.8,25.0,0,
2017-12-22 06:32:43,0,3,4,20.5,3540.5,-39999.4,13667.5,49987.9,25.0,0,
2017-12-22 06:32:46,0,3,4,20.6,3539.9,-40000.0,13734.1,50223.9,25.0,0,
2017-12-22 06:32:49,0,3,4,20.6,3539.4,-40000.4,13734.1,50223.9,25.0,0,
2017-12-22 06:32:53,0,3,4,20.7,3538.9,-40000.8,13800.8,50459.8,25.0,0,
2017-12-22 06:32:56,0,3,4,20.7,3538.5,-39999.5,13800.8,50459.8,25.0,0,
2017-12-22 06:32:59,0,3,4,20.8,3538.0,-40000.0,13867.5,50695.7,25.0,0,
2017-12-22 06:33:02,0,3,4,20.8,3537.5,-40000.2,13867.5,50695.7,25.0,0,
2017-12-22 06:33:05,0,3,4,20.9,3537.0,-39999.3,13934.1,50931.5,25.0,0,
2017-12-22 06:33:08,0,3,4,20.9,3536.5,-40000.3,13934.1,50931.5,25.0,0,
2017-12-22 06:33:11,0,3,4,21.0,3535.8,-40000.3,14000.8,51167.3,25.0,0,
2017-12-22 06:33:15,0,3,4,21.0,3535.5,-40000.0,14000.8,51167.3,25.0,0,
2017-12-22 06:33:18,0,3,4,21.1,3534.8,-40000.0,14067.5,51402.9,25.0,0,
2017-12-22 06:33:21,0,3,4,21.1,3534.4,-40000.6,14067.5,51402.9,24.9,0,
2017-12-22 06:33:24,0,3,4,21.2,3533.8,-40000.0,14134.1,51638.6,25.0,0,
2017-12-22 06:33:27,0,3,4,21.2,3533.4,-40000.1,14134.1,51638.6,24.9,0,
2017-12-22 06:33:30,0,3,4,21.3,3532.8,-39999.8,14200.8,51874.1,24.9,0,
2017-12-22 06:33:34,0,3,4,21.3,3532.3,-39999.5,14200.8,51874.1,24.9,0,
2017-12-22 06:33:37,0,3,4,21.4,3531.9,-40000.3,14267.5,52109.6,24.9,0,
2017-12-22 06:33:40,0,3,4,21.4,3531.4,-40000.0,14267.5,52109.6,24.9,0,
2017-12-22 06:33:43,0,3,4,21.5,3530.8,-40000.0,14334.1,52345.0,25.0,0,
2017-12-22 06:33:46,0,3,4,21.5,3530.3,-40000.6,14334.1,52345.0,24.9,0,
2017-12-22 06:33:49,0,3,4,21.6,3529.8,-40000.2,14400.8,52580.4,24.9,0,
2017-12-22 06:33:52,0,3,4,21.7,3529.3,-40000.2,14467.5,52815.7,25.0,0,
2017-12-22 06:33:55,0,3,4,21.7,3528.6,-40001.0,14467.5,52815.7,25.0,0,
2017-12-22 06:33:59,0,3,4,21.8,3528.1,-40001.0,14534.1,53050.9,25.0,0,
2017-12-22 06:34:02,0,3,4,21.8,3527.7,-40001.0,14534.1,53050.9,25.0,0,
2017-12-22 06:34:05,0,3,4,21.9,3527.2,-40000.3,14600.8,53286.0,25.0,0,
2017-12-22 06:34:08,0,3,4,21.9,3526.5,-40000.0,14600.8,53286.0,25.0,0,
2017-12-22 06:34:11,0,3,4,22.0,3526.1,-40000.5,14667.5,53521.1,25.0,0,
2017-12-22 06:34:14,0,3,4,22.0,3525.6,-40000.0,14667.5,53521.1,25.0,0,
2017-12-22 06:34:17,0,3,4,22.1,3525.2,-40001.3,14734.1,53756.2,25.0,0,
2017-12-22 06:34:21,0,3,4,22.1,3524.6,-39999.8,14734.1,53756.2,25.0,0,
2017-12-22 06:34:24,0,3,4,22.2,3524.1,-39999.5,14800.8,53991.1,25.0,0,
2017-12-22 06:34:27,0,3,4,22.2,3523.5,-40000.0,14800.8,53991.1,25.0,0,
2017-12-22 06:34:30,0,3,4,22.3,3523.1,-39999.7,14867.5,54226.0,25.0,0,
2017-12-22 06:34:33,0,3,4,22.3,3522.5,-40000.0,14867.5,54226.0,25.0,0,
2017-12-22 06:34:36,0,3,4,22.4,3521.9,-40000.2,14934.1,54460.8,25.0,0,
2017-12-22 06:34:39,0,3,4,22.4,3521.4,-40000.3,14934.1,54460.8,25.0,0,
2017-12-22 06:34:43,0,3,4,22.5,3520.9,-40000.3,15000.8,54695.6,25.0,0,
2017-12-22 06:34:46,0,3,4,22.5,3520.5,-40000.0,15000.8,54695.6,25.0,0,
2017-12-22 06:34:49,0,3,4,22.6,3519.8,-40000.3,15067.5,54930.2,25.0,0,
2017-12-22 06:34:52,0,3,4,22.6,3519.4,-40000.0,15067.5,54930.2,25.0,0,
2017-12-22 06:34:55,0,3,4,22.7,3518.8,-40000.5,15134.1,55164.9,25.0,0,
2017-12-22 06:34:58,0,3,4,22.8,3518.3,-40000.3,15200.8,55399.4,25.0,0,
2017-12-22 06:35:01,0,3,4,22.8,3517.7,-40000.7,15200.8,55399.4,25.0,0,
2017-12-22 06:35:04,0,3,4,22.9,3517.2,-40000.3,15267.5,55633.9,25.0,0,
2017-12-22 06:35:08,0,3,4,22.9,3516.7,-39999.8,15267.5,55633.9,25.0,0,
2017-12-22 06:35:11,0,3,4,23.0,3516.2,-40000.3,15334.1,55868.3,25.0,0,
2017-12-22 06:35:14,0,3,4,23.0,3515.6,-40000.4,15334.1,55868.3,25.0,0,
2017-12-22 06:35:17,0,3,4,23.1,3515.1,-40000.2,15400.8,56102.7,25.0,0,
2017-12-22 06:35:20,0,3,4,23.1,3514.7,-40000.2,15400.8,56102.7,25.0,0,
2017-12-22 06:35:23,0,3,4,23.2,3514.0,-40000.1,15467.5,56337.0,25.0,0,
2017-12-22 06:35:26,0,3,4,23.2,3513.5,-40000.3,15467.5,56337.0,25.0,0,
2017-12-22 06:35:30,0,3,4,23.3,3513.1,-40000.6,15534.1,56571.2,25.0,0,
2017-12-22 06:35:33,0,3,4,23.3,3512.6,-40000.4,15534.1,56571.2,25.0,0,
2017-12-22 06:35:36,0,3,4,23.4,3511.9,-40000.3,15600.8,56805.4,25.0,0,
2017-12-22 06:35:39,0,3,4,23.4,3511.3,-40000.6,15600.8,56805.4,25.0,0,
2017-12-22 06:35:42,0,3,4,23.5,3511.0,-40000.5,15667.5,57039.4,25.0,0,
2017-12-22 06:35:45,0,3,4,23.5,3510.4,-40000.3,15667.5,57039.4,25.0,0,
2017-12-22 06:35:48,0,3,4,23.6,3509.8,-40000.0,15734.2,57273.5,25.0,0,
2017-12-22 06:35:52,0,3,4,23.6,3509.3,-40000.2,15734.2,57273.5,25.0,0,
2017-12-22 06:35:55,0,3,4,23.7,3508.8,-40000.2,15800.8,57507.4,25.0,0,
2017-12-22 06:35:58,0,3,4,23.7,3508.2,-40000.5,15800.8,57507.4,25.0,0,
2017-12-22 06:36:01,0,3,4,23.8,3507.6,-40000.6,15867.5,57741.3,25.0,0,
2017-12-22 06:36:04,0,3,4,23.9,3507.2,-40000.2,15934.2,57975.1,25.0,0,
2017-12-22 06:36:07,0,3,4,23.9,3506.5,-40000.1,15934.2,57975.1,25.0,0,
2017-12-22 06:36:10,0,3,4,24.0,3506.1,-39999.9,16000.8,58208.8,25.0,0,
2017-12-22 06:36:14,0,3,4,24.0,3505.5,-40000.4,16000.8,58208.8,25.0,0,
2017-12-22 06:36:17,0,3,4,24.1,3505.0,-40000.1,16067.5,58442.5,25.0,0,
2017-12-22 06:36:20,0,3,4,24.1,3504.4,-40000.2,16067.5,58442.5,25.1,0,
2017-12-22 06:36:23,0,3,4,24.2,3504.0,-40000.5,16134.2,58676.1,25.1,0,
2017-12-22 06:36:26,0,3,4,24.2,3503.3,-40000.4,16134.2,58676.1,25.1,0,
2017-12-22 06:36:29,0,3,4,24.3,3502.7,-40000.5,16200.8,58909.6,25.1,0,
2017-12-22 06:36:32,0,3,4,24.3,3502.2,-40000.5,16200.8,58909.6,25.1,0,
2017-12-22 06:36:36,0,3,4,24.4,3501.6,-40000.3,16267.5,59143.1,25.1,0,
2017-12-22 06:36:39,0,3,4,24.4,3501.1,-40000.5,16267.5,59143.1,25.1,0,
2017-12-22 06:36:42,0,3,4,24.5,3500.5,-40000.2,16334.2,59376.5,25.1,0,
2017-12-22 06:36:45,0,3,4,24.5,3500.1,-40000.8,16334.2,59376.5,25.0,0,
2017-12-22 06:36:48,0,3,4,24.6,3499.4,-40000.0,16400.8,59609.8,25.1,0,
2017-12-22 06:36:51,0,3,4,24.6,3499.0,-40000.7,16400.8,59609.8,25.0,0,
2017-12-22 06:36:54,0,3,4,24.7,3498.4,-40000.4,16467.5,59843.1,25.0,0,
2017-12-22 06:36:57,0,3,4,24.7,3497.7,-39999.9,16467.5,59843.1,25.0,0,
2017-12-22 06:37:01,0,3,4,24.8,3497.3,-40000.1,16534.2,60076.3,25.0,0,
2017-12-22 06:37:04,0,3,4,24.8,3496.7,-39999.8,16534.2,60076.3,25.0,0,
2017-12-22 06:37:07,0,3,4,24.9,3496.1,-40000.2,16600.8,60309.4,25.0,0,
2017-12-22 06:37:10,0,3,4,24.9,3495.5,-40000.3,16600.8,60309.4,25.0,0,
2017-12-22 06:37:13,0,3,4,25.0,3494.9,-40000.0,16667.5,60542.4,25.0,0,
2017-12-22 06:37:16,0,3,4,25.1,3494.3,-40000.2,16734.2,60775.4,25.1,0,
2017-12-22 06:37:19,0,3,4,25.1,3493.9,-39999.9,16734.2,60775.4,25.1,0,
2017-12-22 06:37:23,0,3,4,25.2,3493.2,-40000.0,16800.8,61008.3,25.0,0,
2017-12-22 06:37:26,0,3,4,25.2,3492.7,-40000.2,16800.8,61008.3,25.0,0,
2017-12-22 06:37:29,0,3,4,25.3,3492.1,-40000.0,16867.5,61241.1,25.1,0,
2017-12-22 06:37:32,0,3,4,25.3,3491.6,-39999.8,16867.5,61241.1,25.0,0,
2017-12-22 06:37:35,0,3,4,25.4,3490.9,-39999.8,16934.2,61473.8,25.1,0,
2017-12-22 06:37:38,0,3,4,25.4,3490.5,-39999.7,16934.2,61473.8,25.0,0,
2017-12-22 06:37:41,0,3,4,25.5,3489.9,-39999.7,17000.8,61706.5,25.0,0,
2017-12-22 06:37:44,0,3,4,25.5,3489.3,-39999.2,17000.8,61706.5,25.0,0,
2017-12-22 06:37:48,0,3,4,25.6,3488.7,-39999.5,17067.5,61939.1,25.0,0,
2017-12-22 06:37:51,0,3,4,25.6,3488.0,-39999.9,17067.5,61939.1,25.0,0,
2017-12-22 06:37:54,0,3,4,25.7,3487.5,-39999.8,17134.2,62171.6,25.0,0,
2017-12-22 06:37:57,0,3,4,25.7,3486.8,-39999.8,17134.2,62171.6,25.0,0,
2017-12-22 06:38:00,0,3,4,25.8,3486.1,-39999.8,17200.8,62404.0,25.0,0,
2017-12-22 06:38:03,0,3,4,25.8,3485.6,-39999.2,17200.8,62404.0,25.0,0,
2017-12-22 06:38:06,0,3,4,25.9,3485.0,-39999.5,17267.5,62636.4,25.0,0,
2017-12-22 06:38:10,0,3,4,25.9,3484.4,-39999.7,17267.5,62636.4,25.0,0,
2017-12-22 06:38:13,0,3,4,26.0,3483.8,-39999.0,17334.2,62868.6,25.0,0,
2017-12-22 06:38:16,0,3,4,26.0,3483.2,-39999.2,17334.2,62868.6,25.0,0,
2017-12-22 06:38:19,0,3,4,26.1,3482.6,-39999.4,17400.8,63100.8,25.0,0,
2017-12-22 06:38:22,0,3,4,26.2,3482.0,-39999.5,17467.5,63333.0,25.0,0,
2017-12-22 06:38:25,0,3,4,26.2,3481.4,-39999.5,17467.5,63333.0,25.0,0,
2017-12-22 06:38:29,0,3,4,26.3,3480.7,-39999.1,17534.2,63565.0,25.0,0,
2017-12-22 06:38:32,0,3,4,26.3,3480.2,-39999.2,17534.2,63565.0,25.0,0,
2017-12-22 06:38:35,0,3,4,26.4,3479.6,-39999.0,17600.8,63797.0,25.0,0,
2017-12-22 06:38:38,0,3,4,26.4,3478.8,-39999.5,17600.8,63797.0,25.0,0,
2017-12-22 06:38:41,0,3,4,26.5,3478.2,-39999.3,17667.5,64028.9,25.0,0,
2017-12-22 06:38:44,0,3,4,26.5,3477.5,-39999.5,17667.5,64028.9,25.0,0,
2017-12-22 06:38:47,0,3,4,26.6,3477.0,-39999.2,17734.1,64260.7,25.0,0,
2017-12-22 06:38:50,0,3,4,26.6,3476.3,-39999.4,17734.1,64260.7,25.0,0,
2017-12-22 06:38:54,0,3,4,26.7,3475.6,-39999.7,17800.8,64492.4,25.0,0,
2017-12-22 06:38:57,0,3,4,26.7,3475.0,-39999.7,17800.8,64492.4,25.0,0,
2017-12-22 06:39:00,0,3,4,26.8,3474.3,-39999.8,17867.5,64724.0,25.0,0,
2017-12-22 06:39:03,0,3,4,26.8,3473.7,-39999.7,17867.5,64724.0,25.0,0,
2017-12-22 06:39:06,0,3,4,26.9,3473.1,-39999.6,17934.1,64955.6,25.0,0,
2017-12-22 06:39:09,0,3,4,26.9,3472.3,-39999.5,17934.1,64955.6,25.0,0,
2017-12-22 06:39:12,0,3,4,27.0,3471.8,-39999.8,18000.8,65187.1,25.0,0,
2017-12-22 06:39:16,0,3,4,27.0,3471.1,-39999.8,18000.8,65187.1,25.0,0,
2017-12-22 06:39:19,0,3,4,27.1,3470.3,-39999.8,18067.5,65418.4,25.0,0,
2017-12-22 06:39:22,0,3,4,27.1,3469.7,-39999.5,18067.5,65418.4,25.0,0,
2017-12-22 06:39:25,0,3,4,27.2,3468.9,-40000.0,18134.1,65649.8,25.0,0,
2017-12-22 06:39:28,0,3,4,27.3,3468.2,-39999.9,18200.8,65881.0,25.0,0,
2017-12-22 06:39:31,0,3,4,27.3,3467.5,-39999.2,18200.8,65881.0,25.0,0,
2017-12-22 06:39:35,0,3,4,27.4,3466.9,-39999.7,18267.5,66112.1,25.0,0,
2017-12-22 06:39:38,0,3,4,27.4,3466.2,-39999.6,18267.5,66112.1,25.0,0,
2017-12-22 06:39:41,0,3,4,27.5,3465.4,-39999.1,18334.1,66343.1,25.0,0,
2017-12-22 06:39:44,0,3,4,27.5,3464.7,-39999.8,18334.1,66343.1,25.0,0,
2017-12-22 06:39:47,0,3,4,27.6,3464.1,-39999.7,18400.8,66574.1,25.0,0,
2017-12-22 06:39:50,0,3,4,27.6,3463.3,-39999.5,18400.8,66574.1,25.0,0,
2017-12-22 06:39:54,0,3,4,27.7,3462.7,-40000.0,18467.5,66804.9,25.0,0,
2017-12-22 06:39:57,0,3,4,27.7,3462.0,-39999.2,18467.5,66804.9,25.0,0,
2017-12-22 06:40:00,0,3,4,27.8,3461.3,-39999.3,18534.1,67035.7,25.0,0,
2017-12-22 06:40:03,0,3,4,27.8,3460.6,-39999.5,18534.1,67035.7,25.0,0,
2017-12-22 06:40:06,0,3,4,27.9,3459.9,-39999.3,18600.8,67266.4,25.0,0,
2017-12-22 06:40:09,0,3,4,27.9,3459.1,-39999.8,18600.8,67266.4,25.0,0,
2017-12-22 06:40:12,0,3,4,28.0,3458.4,-40000.0,18667.5,67497.0,25.0,0,
2017-12-22 06:40:16,0,3,4,28.0,3457.7,-40000.0,18667.5,67497.0,25.0,0,
2017-12-22 06:40:19,0,3,4,28.1,3457.0,-39999.8,18734.1,67727.5,25.0,0,
2017-12-22 06:40:22,0,3,4,28.1,3456.2,-39999.5,18734.1,67727.5,25.0,0,
2017-12-22 06:40:25,0,3,4,28.2,3455.4,-39999.7,18800.8,67957.9,25.0,0,
2017-12-22 06:40:28,0,3,4,28.2,3454.7,-39999.8,18800.8,67957.9,25.0,0,
2017-12-22 06:40:31,0,3,4,28.3,3454.0,-39999.5,18867.5,68188.2,25.0,0,
2017-12-22 06:40:34,0,3,4,28.4,3453.1,-39999.9,18934.1,68418.4,25.0,0,
2017-12-22 06:40:37,0,3,4,28.4,3452.5,-39999.6,18934.1,68418.4,25.1,0,
2017-12-22 06:40:40,0,3,4,28.5,3451.8,-39999.6,19000.8,68648.5,25.0,0,
2017-12-22 06:40:44,0,3,4,28.5,3451.0,-39999.8,19000.8,68648.5,25.1,0,
2017-12-22 06:40:47,0,3,4,28.6,3450.3,-39999.1,19067.5,68878.5,25.0,0,
2017-12-22 06:40:50,0,3,4,28.6,3449.5,-39999.2,19067.5,68878.5,25.0,0,
2017-12-22 06:40:53,0,3,4,28.7,3448.7,-39999.2,19134.1,69108.4,25.0,0,
2017-12-22 06:40:56,0,3,4,28.7,3448.0,-39999.2,19134.1,69108.4,25.0,0,
2017-12-22 06:40:59,0,3,4,28.8,3447.2,-39999.8,19200.8,69338.2,25.1,0,
2017-12-22 06:41:03,0,3,4,28.8,3446.3,-39999.5,19200.8,69338.2,25.1,0,
2017-12-22 06:41:06,0,3,4,28.9,3445.7,-39999.4,19267.4,69567.9,25.0,0,
2017-12-22 06:41:09,0,3,4,28.9,3444.9,-39999.8,19267.4,69567.9,25.1,0,
2017-12-22 06:41:12,0,3,4,29.0,3444.1,-39999.9,19334.1,69797.6,25.1,0,
2017-12-22 06:41:15,0,3,4,29.0,3443.2,-40000.0,19334.1,69797.6,25.1,0,
2017-12-22 06:41:18,0,3,4,29.1,3442.6,-39999.2,19400.8,70027.1,25.1,0,
2017-12-22 06:41:21,0,3,4,29.1,3441.8,-39999.6,19400.8,70027.1,25.1,0,
2017-12-22 06:41:25,0,3,4,29.2,3441.0,-39999.7,19467.4,70256.5,25.1,0,
2017-12-22 06:41:28,0,3,4,29.2,3440.1,-39998.9,19467.4,70256.5,25.1,0,
2017-12-22 06:41:31,0,3,4,29.3,3439.3,-39999.5,19534.1,70485.8,25.1,0,
2017-12-22 06:41:34,0,3,4,29.3,3438.6,-39999.3,19534.1,70485.8,25.1,0,
2017-12-22 06:41:37,0,3,4,29.4,3437.7,-39999.2,19600.8,70715.1,25.1,0,
2017-12-22 06:41:40,0,3,4,29.5,3436.9,-39999.1,19667.4,70944.2,25.1,0,
2017-12-22 06:41:43,0,3,4,29.5,3436.0,-39999.5,19667.4,70944.2,25.1,0,
2017-12-22 06:41:47,0,3,4,29.6,3435.3,-39999.3,19734.1,71173.2,25.1,0,
2017-12-22 06:41:50,0,3,4,29.6,3434.4,-39999.3,19734.1,71173.2,25.1,0,
2017-12-22 06:41:53,0,3,4,29.7,3433.6,-39999.5,19800.8,71402.1,25.0,0,
2017-12-22 06:41:56,0,3,4,29.7,3432.8,-39999.0,19800.8,71402.1,25.0,0,
2017-12-22 06:41:59,0,3,4,29.8,3432.0,-39998.8,19867.4,71630.9,25.0,0,
2017-12-22 06:42:02,0,3,4,29.8,3431.1,-39999.3,19867.4,71630.9,25.0,0,
2017-12-22 06:42:05,0,3,4,29.9,3430.3,-39999.3,19934.1,71859.6,25.1,0,
2017-12-22 06:42:09,0,3,4,29.9,3429.4,-39999.3,19934.1,71859.6,25.0,0,
2017-12-22 06:42:12,0,3,4,30.0,3428.4,-39999.2,20000.8,72088.2,25.1,0,
2017-12-22 06:42:15,0,3,4,30.0,3427.7,-39999.4,20000.8,72088.2,25.1,0,
2017-12-22 06:42:18,0,3,4,30.1,3426.7,-39999.1,20067.4,72316.6,25.1,0,
2017-12-22 06:42:21,0,3,4,30.1,3425.9,-39999.2,20067.4,72316.6,25.1,0,
2017-12-22 06:42:24,0,3,4,30.2,3424.9,-39999.3,20134.1,72545.0,25.1,0,
2017-12-22 06:42:28,0,3,4,30.2,3424.0,-39999.0,20134.1,72545.0,25.1,0,
2017-12-22 06:42:31,0,3,4,30.3,3423.0,-39999.2,20200.8,72773.2,25.1,0,
2017-12-22 06:42:34,0,3,4,30.3,3422.2,-39999.8,20200.8,72773.2,25.1,0,
2017-12-22 06:42:37,0,3,4,30.4,3421.2,-39999.5,20267.4,73001.4,25.1,0,
2017-12-22 06:42:40,0,3,4,30.4,3420.3,-39999.3,20267.4,73001.4,25.1,0,
2017-12-22 06:42:43,0,3,4,30.5,3419.4,-39999.5,20334.1,73229.4,25.1,0,
2017-12-22 06:42:46,0,3,4,30.6,3418.4,-39999.2,20400.7,73457.3,25.1,0,
2017-12-22 06:42:49,0,3,4,30.6,3417.4,-39999.2,20400.7,73457.3,25.1,0,
2017-12-22 06:42:53,0,3,4,30.7,3416.4,-39999.3,20467.4,73685.0,25.1,0,
2017-12-22 06:42:56,0,3,4,30.7,3415.4,-39999.2,20467.4,73685.0,25.1,0,
2017-12-22 06:42:59,0,3,4,30.8,3414.4,-39999.0,20534.1,73912.7,25.1,0,
2017-12-22 06:43:02,0,3,4,30.8,3413.6,-39999.4,20534.1,73912.7,25.1,0,
2017-12-22 06:43:05,0,3,4,30.9,3412.4,-39999.1,20600.7,74140.2,25.1,0,
2017-12-22 06:43:08,0,3,4,30.9,3411.4,-39998.5,20600.7,74140.2,25.1,0,
2017-12-22 06:43:11,0,3,4,31.0,3410.4,-39998.8,20667.4,74367.5,25.1,0,
2017-12-22 06:43:15,0,3,4,31.0,3409.2,-39998.7,20667.4,74367.5,25.1,0,
2017-12-22 06:43:18,0,3,4,31.1,3408.3,-39998.5,20734.1,74594.8,25.1,0,
2017-12-22 06:43:21,0,3,4,31.1,3407.2,-39998.8,20734.1,74594.8,25.1,0,
2017-12-22 06:43:24,0,3,4,31.2,3405.9,-39998.5,20800.7,74821.9,25.1,0,
2017-12-22 06:43:27,0,3,4,31.2,3404.8,-39998.9,20800.7,74821.9,25.1,0,
2017-12-22 06:43:30,0,3,4,31.3,3403.6,-39999.1,20867.4,75048.8,25.1,0,
2017-12-22 06:43:33,0,3,4,31.3,3402.5,-39999.0,20867.4,75048.8,25.1,0,
2017-12-22 06:43:37,0,3,4,31.4,3401.3,-39998.5,20934.0,75275.6,25.1,0,
2017-12-22 06:43:40,0,3,4,31.4,3400.1,-39998.7,20934.0,75275.6,25.1,0,
2017-12-22 06:43:43,0,3,4,31.5,3398.8,-39998.7,21000.7,75502.3,25.1,0,
2017-12-22 06:43:46,0,3,4,31.5,3397.7,-39999.0,21000.7,75502.3,25.1,0,
2017-12-22 06:43:49,0,3,4,31.6,3396.3,-39998.8,21067.4,75728.8,25.1,0,
2017-12-22 06:43:52,0,3,4,31.7,3395.0,-39998.3,21134.0,75955.1,25.1,0,
2017-12-22 06:43:55,0,3,4,31.7,3393.7,-39999.0,21134.0,75955.1,25.1,0,
2017-12-22 06:43:59,0,3,4,31.8,3392.3,-39998.7,21200.7,76181.2,25.2,0,
2017-12-22 06:44:02,0,3,4,31.8,3390.8,-39998.5,21200.7,76181.2,25.2,0,
2017-12-22 06:44:05,0,3,4,31.9,3389.5,-39998.7,21267.4,76407.2,25.2,0,
2017-12-22 06:44:08,0,3,4,31.9,3387.8,-39998.8,21267.4,76407.2,25.2,0,
2017-12-22 06:44:11,0,3,4,32.0,3386.4,-39998.2,21334.0,76632.9,25.2,0,
2017-12-22 06:44:14,0,3,4,32.0,3384.9,-39998.4,21334.0,76632.9,25.2,0,
2017-12-22 06:44:18,0,3,4,32.1,3383.3,-39998.5,21400.7,76858.5,25.2,0,
2017-12-22 06:44:21,0,3,4,32.1,3381.6,-39998.4,21400.7,76858.5,25.2,0,
2017-12-22 06:44:24,0,3,4,32.2,3379.9,-39998.5,21467.3,77083.9,25.2,0,
2017-12-22 06:44:27,0,3,4,32.2,3378.3,-39998.2,21467.3,77083.9,25.2,0,
2017-12-22 06:44:30,0,3,4,32.3,3376.6,-39998.2,21534.0,77309.0,25.2,0,
2017-12-22 06:44:33,0,3,4,32.3,3374.6,-39998.0,21534.0,77309.0,25.2,0,
2017-12-22 06:44:36,0,3,4,32.4,3372.9,-39998.2,21600.7,77534.0,25.3,0,
2017-12-22 06:44:39,0,3,4,32.4,3371.0,-39998.2,21600.7,77534.0,25.3,0,
2017-12-22 06:44:43,0,3,4,32.5,3368.9,-39998.3,21667.3,77758.7,25.3,0,
2017-12-22 06:44:46,0,3,4,32.5,3366.9,-39998.0,21667.3,77758.7,25.3,0,
2017-12-22 06:44:49,0,3,4,32.6,3364.8,-39998.2,21734.0,77983.1,25.3,0,
2017-12-22 06:44:52,0,3,4,32.6,3362.6,-39997.8,21734.0,77983.1,25.3,0,
2017-12-22 06:44:55,0,3,4,32.7,3360.4,-39998.3,21800.7,78207.2,25.3,0,
2017-12-22 06:44:58,0,3,4,32.8,3358.1,-39998.1,21867.3,78431.1,25.3,0,
2017-12-22 06:45:02,0,3,4,32.8,3355.6,-39998.2,21867.3,78431.1,25.2,0,
2017-12-22 06:45:05,0,3,4,32.9,3352.9,-39999.5,21934.0,78654.6,25.2,0,
2017-12-22 06:45:08,0,3,4,32.9,3350.2,-39999.7,21934.0,78654.6,25.2,0,
2017-12-22 06:45:11,0,3,4,33.0,3347.6,-39999.3,22000.6,78877.8,25.2,0,
2017-12-22 06:45:14,0,3,4,33.0,3345.1,-40000.0,22000.6,78877.8,25.2,0,
2017-12-22 06:45:17,0,3,4,33.1,3342.2,-39999.3,22067.3,79100.7,25.1,0,
2017-12-22 06:45:20,0,3,4,33.1,3339.3,-39999.1,22067.3,79100.7,25.2,0,
2017-12-22 06:45:23,0,3,4,33.2,3336.2,-39999.8,22134.0,79323.2,25.2,0,
2017-12-22 06:45:27,0,3,4,33.2,3333.1,-39999.8,22134.0,79323.2,25.2,0,
2017-12-22 06:45:30,0,3,4,33.3,3329.9,-39999.2,22200.6,79545.2,25.2,0,
2017-12-22 06:45:33,0,3,4,33.3,3326.7,-39999.7,22200.6,79545.2,25.2,0,
2017-12-22 06:45:36,0,3,4,33.4,3323.4,-39999.5,22267.3,79766.9,25.3,0,
2017-12-22 06:45:39,0,3,4,33.4,3319.9,-39999.8,22267.3,79766.9,25.3,0,
2017-12-22 06:45:42,0,3,4,33.5,3316.2,-39999.8,22334.0,79988.1,25.3,0,
2017-12-22 06:45:45,0,3,4,33.5,3312.6,-39999.7,22334.0,79988.1,25.3,0,
2017-12-22 06:45:49,0,3,4,33.6,3308.7,-39999.1,22400.6,80208.9,25.3,0,
2017-12-22 06:45:52,0,3,4,33.6,3304.9,-39999.1,22400.6,80208.9,25.3,0,
2017-12-22 06:45:55,0,3,4,33.7,3301.0,-39999.5,22467.3,80429.2,25.3,0,
2017-12-22 06:45:56,0,3,4,33.7,3300.0,-40000.1,22467.3,80429.2,25.3,3,下限电压到
2017-12-22 06:45:58,0,3,4,33.7,3355.4,23.4,22467.3,80429.2,25.3,3,下限电压到
2017-12-22 06:46:01,0,3,4,33.8,3363.4,23.0,22467.3,80429.3,25.3,3,下限电压到
2017-12-22 06:46:04,0,3,4,33.8,3367.6,24.9,22467.3,80429.3,25.3,3,下限电压到
2017-12-22 06:46:07,0,3,4,33.9,3371.6,24.4,22467.4,80429.5,25.3,3,下限电压到
2017-12-22 06:46:10,0,3,4,34.0,3374.8,24.8,22467.4,80429.6,25.3,3,下限电压到
2017-12-22 06:46:14,0,3,4,34.0,3377.3,25.4,22467.4,80429.6,25.3,3,下限电压到
2017-12-22 06:46:17,0,3,4,34.1,3379.4,25.8,22467.5,80429.7,25.3,3,下限电压到
2017-12-22 06:46:20,0,3,4,34.1,3381.3,24.8,22467.5,80429.7,25.3,3,下限电压到
2017-12-22 06:46:23,0,3,4,34.2,3382.9,25.5,22467.5,80429.9,25.3,3,下限电压到
2017-12-22 06:46:26,0,3,4,34.2,3384.2,25.6,22467.5,80429.9,25.3,3,下限电压到
2017-12-22 06:46:29,0,3,4,34.3,3385.6,25.7,22467.5,80430.0,25.3,3,下限电压到
2017-12-22 06:46:32,0,3,4,34.3,3386.7,25.8,22467.5,80430.0,25.3,3,下限电压到
2017-12-22 06:46:35,0,3,4,34.4,3387.5,24.5,22467.6,80430.2,25.3,3,下限电压到
2017-12-22 06:46:38,0,3,4,34.4,3388.6,24.3,22467.6,80430.2,25.3,3,下限电压到
2017-12-22 06:46:42,0,3,4,34.5,3389.3,25.8,22467.6,80430.3,25.3,3,下限电压到
2017-12-22 06:46:45,0,3,4,34.5,3390.0,25.1,22467.6,80430.3,25.3,3,下限电压到
2017-12-22 06:46:50,0,4,6,0.0,3390.9,0,0.0,0.0,25.3,0,
