2017-12-22 05:33:19,0,0,3,0.0,3416.6,0,0.0,0.0,24.8,0,
2017-12-22 05:33:47,0,0,3,0.4,3417.9,20.3,0.0,0.0,24.6,0,
2017-12-22 05:33:50,0,0,3,0.4,3418.1,19.6,0.0,0.0,24.6,0,
2017-12-22 05:33:53,0,0,3,0.5,3418.2,21.3,0.0,0.0,24.6,0,
2017-12-22 05:33:56,0,0,3,0.5,3418.3,20.7,0.0,0.0,24.7,0,
2017-12-22 05:33:59,0,0,3,0.6,3418.4,19.7,0.0,0.0,24.7,0,
2017-12-22 05:34:02,0,0,3,0.6,3418.6,20.6,0.0,0.0,24.7,0,
2017-12-22 05:34:05,0,0,3,0.7,3418.6,19.3,0.0,0.0,24.7,0,
2017-12-22 05:34:08,0,0,3,0.7,3418.7,20.3,0.0,0.0,24.7,0,
2017-12-22 05:34:12,0,0,3,0.8,3418.9,20.8,0.0,0.0,24.7,0,
2017-12-22 05:34:15,0,0,3,0.8,3418.9,20.8,0.0,0.0,24.7,0,
2017-12-22 05:34:18,0,0,3,0.9,3419.0,20.7,0.0,0.0,24.7,0,
2017-12-22 05:34:21,0,0,3,0.9,3419.2,20.8,0.0,0.0,24.7,0,
2017-12-22 05:34:24,0,0,3,1.0,3419.3,20.4,0.0,0.0,24.7,0,
2017-12-22 05:34:25,0,0,3,1.0,3419.2,20.7,0.0,0.0,24.7,1,时间到
2017-12-22 05:34:29,0,1,2,0.0,3419.3,0,0.0,0.0,24.7,0,
2017-12-22 05:34:51,0,1,2,0.4,3498.2,40000.5,266.7,929.0,24.8,0,
2017-12-22 05:34:54,0,1,2,0.4,3502.2,40000.7,266.7,929.0,24.8,0,
2017-12-22 05:34:58,0,1,2,0.5,3506.3,40000.8,333.4,1162.8,24.8,0,
2017-12-22 05:35:01,0,1,2,0.5,3510.2,40001.3,333.4,1162.8,24.8,0,
2017-12-22 05:35:04,0,1,2,0.6,3513.6,40001.3,400.0,1397.0,24.8,0,
2017-12-22 05:35:07,0,1,2,0.6,3517.0,40001.2,400.0,1397.0,24.8,0,
2017-12-22 05:35:11,0,1,2,0.7,3520.1,40001.7,466.7,1631.6,24.8,0,
2017-12-22 05:35:14,0,1,2,0.7,3523.3,40001.8,466.7,1631.6,24.8,0,
2017-12-22 05:35:17,0,1,2,0.8,3525.8,40002.2,533.4,1866.6,24.8,0,
2017-12-22 05:35:20,0,1,2,0.8,3528.5,40002.3,533.4,1866.6,24.8,0,
2017-12-22 05:35:23,0,1,2,0.9,3530.9,40002.3,600.0,2101.9,24.8,0,
2017-12-22 05:35:27,0,1,2,0.9,3533.3,40002.1,600.0,2101.9,24.8,0,
2017-12-22 05:35:30,0,1,2,1.0,3535.5,40002.3,666.7,2337.5,24.8,0,
2017-12-22 05:35:33,0,1,2,1.0,3537.1,40002.5,666.7,2337.5,24.8,0,
2017-12-22 05:35:36,0,1,2,1.1,3539.0,40002.1,733.4,2573.4,24.9,0,
2017-12-22 05:35:39,0,1,2,1.1,3540.6,40002.8,733.4,2573.4,24.9,0,
2017-12-22 05:35:42,0,1,2,1.2,3542.0,39999.2,800.1,2809.4,24.9,0,
2017-12-22 05:35:45,0,1,2,1.2,3543.4,40000.0,800.1,2809.4,25.0,0,
2017-12-22 05:35:48,0,1,2,1.3,3544.9,39999.6,866.7,3045.7,25.0,0,
2017-12-22 05:35:51,0,1,2,1.4,3546.2,39999.7,933.4,3282.1,25.0,0,
2017-12-22 05:35:54,0,1,2,1.4,3547.2,40000.0,933.4,3282.1,24.9,0,
2017-12-22 05:35:58,0,1,2,1.5,3548.6,39999.7,1000.1,3518.7,24.9,0,
2017-12-22 05:36:01,0,1,2,1.5,3549.7,39999.7,1000.1,3518.7,24.9,0,
2017-12-22 05:36:04,0,1,2,1.6,3550.7,40000.1,1066.7,3755.4,24.9,0,
2017-12-22 05:36:07,0,1,2,1.6,3551.6,40000.1,1066.7,3755.4,24.9,0,
2017-12-22 05:36:10,0,1,2,1.7,3552.8,40000.2,1133.4,3992.2,24.9,0,
2017-12-22 05:36:13,0,1,2,1.7,3553.6,39999.8,1133.4,3992.2,24.9,0,
2017-12-22 05:36:17,0,1,2,1.8,3554.6,39999.5,1200.1,4229.1,24.9,0,
2017-12-22 05:36:20,0,1,2,1.8,3555.4,40000.2,1200.1,4229.1,24.9,0,
2017-12-22 05:36:23,0,1,2,1.9,3556.4,40000.2,1266.7,4466.2,24.9,0,
2017-12-22 05:36:26,0,1,2,1.9,3557.3,40000.1,1266.7,4466.2,25.0,0,
2017-12-22 05:36:29,0,1,2,2.0,3558.3,40000.3,1333.4,4703.4,24.9,0,
2017-12-22 05:36:32,0,1,2,2.0,3559.2,40000.3,1333.4,4703.4,24.9,0,
2017-12-22 05:36:35,0,1,2,2.1,3559.8,39999.7,1400.1,4940.7,24.9,0,
2017-12-22 05:36:39,0,1,2,2.1,3560.7,39999.7,1400.1,4940.7,24.9,0,
2017-12-22 05:36:42,0,1,2,2.2,3561.7,40000.0,1466.7,5178.1,24.9,0,
2017-12-22 05:36:45,0,1,2,2.2,3562.4,40000.3,1466.7,5178.1,24.9,0,
2017-12-22 05:36:48,0,1,2,2.3,3563.4,40000.0,1533.4,5415.6,24.9,0,
2017-12-22 05:36:52,0,1,2,2.4,3564.3,40000.3,1600.1,5653.2,24.9,0,
2017-12-22 05:36:55,0,1,2,2.4,3565.0,40000.1,1600.1,5653.2,24.9,0,
2017-12-22 05:36:58,0,1,2,2.5,3565.9,40000.5,1666.7,5890.9,24.9,0,
2017-12-22 05:37:01,0,1,2,2.5,3566.7,40000.2,1666.7,5890.9,24.9,0,
2017-12-22 05:37:04,0,1,2,2.6,3567.5,40000.1,1733.4,6128.7,24.8,0,
2017-12-22 05:37:07,0,1,2,2.6,3568.3,40000.4,1733.4,6128.7,24.8,0,
2017-12-22 05:37:10,0,1,2,2.7,3569.1,40000.4,1800.1,6366.7,24.8,0,
2017-12-22 05:37:13,0,1,2,2.7,3569.9,40000.3,1800.1,6366.7,24.8,0,
2017-12-22 05:37:17,0,1,2,2.8,3570.7,40000.4,1866.7,6604.7,24.8,0,
2017-12-22 05:37:20,0,1,2,2.8,3571.5,40000.0,1866.7,6604.7,24.8,0,
2017-12-22 05:37:23,0,1,2,2.9,3572.4,40000.1,1933.4,6842.8,24.8,0,
2017-12-22 05:37:26,0,1,2,2.9,3573.1,40000.7,1933.4,6842.8,24.8,0,
2017-12-22 05:37:29,0,1,2,3.0,3574.0,40000.5,2000.1,7081.1,24.8,0,
2017-12-22 05:37:32,0,1,2,3.0,3574.8,40000.5,2000.1,7081.1,24.7,0,
2017-12-22 05:37:35,0,1,2,3.1,3575.5,40000.8,2066.7,7319.4,24.8,0,
2017-12-22 05:37:38,0,1,2,3.1,3576.2,40000.7,2066.7,7319.4,24.7,0,
2017-12-22 05:37:41,0,1,2,3.2,3577.1,40000.5,2133.4,7557.9,24.7,0,
2017-12-22 05:37:44,0,1,2,3.2,3577.9,40000.7,2133.4,7557.9,24.7,0,
2017-12-22 05:37:47,0,1,2,3.3,3578.7,40000.7,2200.1,7796.4,24.7,0,
2017-12-22 05:37:51,0,1,2,3.3,3579.6,40000.8,2200.1,7796.4,24.7,0,
2017-12-22 05:37:54,0,1,2,3.4,3580.3,40000.4,2266.7,8035.1,24.7,0,
2017-12-22 05:37:57,0,1,2,3.4,3581.1,40000.3,2266.7,8035.1,24.7,0,
2017-12-22 05:38:00,0,1,2,3.5,3582.0,40000.5,2333.4,8273.9,24.6,0,
2017-12-22 05:38:03,0,1,2,3.5,3582.9,40000.4,2333.4,8273.9,24.6,0,
2017-12-22 05:38:06,0,1,2,3.6,3583.6,40000.2,2400.1,8512.7,24.6,0,
2017-12-22 05:38:09,0,1,2,3.6,3584.5,40000.5,2400.1,8512.7,24.6,0,
2017-12-22 05:38:12,0,1,2,3.7,3585.3,40000.1,2466.7,8751.7,24.6,0,
2017-12-22 05:38:15,0,1,2,3.7,3586.2,40000.4,2466.7,8751.7,24.6,0,
2017-12-22 05:38:18,0,1,2,3.8,3586.9,40000.3,2533.4,8990.8,24.6,0,
2017-12-22 05:38:21,0,1,2,3.9,3587.7,40000.5,2600.1,9230.0,24.6,0,
2017-12-22 05:38:24,0,1,2,3.9,3588.6,40000.8,2600.1,9230.0,24.6,0,
2017-12-22 05:38:27,0,1,2,4.0,3589.3,40000.5,2666.8,9469.3,24.6,0,
2017-12-22 05:38:30,0,1,2,4.0,3590.1,40000.8,2666.8,9469.3,24.6,0,
2017-12-22 05:38:33,0,1,2,4.1,3591.1,40000.3,2733.4,9708.7,24.6,0,
2017-12-22 05:38:36,0,1,2,4.1,3591.7,40000.6,2733.4,9708.7,24.6,0,
2017-12-22 05:38:40,0,1,2,4.2,3592.7,40000.3,2800.1,9948.2,24.6,0,
2017-12-22 05:38:43,0,1,2,4.2,3593.5,40000.0,2800.1,9948.2,24.6,0,
2017-12-22 05:38:46,0,1,2,4.3,3594.4,40000.5,2866.8,10187.8,24.7,0,
2017-12-22 05:38:49,0,1,2,4.3,3595.1,40001.0,2866.8,10187.8,24.7,0,
2017-12-22 05:38:52,0,1,2,4.4,3596.1,40000.8,2933.4,10427.5,24.7,0,
2017-12-22 05:38:55,0,1,2,4.4,3596.9,40000.5,2933.4,10427.5,24.7,0,
2017-12-22 05:38:58,0,1,2,4.5,3597.8,40000.8,3000.1,10667.3,24.6,0,
2017-12-22 05:39:01,0,1,2,4.5,3598.6,40000.6,3000.1,10667.3,24.6,0,
2017-12-22 05:39:04,0,1,2,4.6,3599.3,40000.8,3066.8,10907.3,24.6,0,
2017-12-22 05:39:08,0,1,2,4.6,3600.1,40000.4,3066.8,10907.3,24.6,0,
2017-12-22 05:39:11,0,1,2,4.7,3601.0,40000.5,3133.4,11147.3,24.6,0,
2017-12-22 05:39:14,0,1,2,4.7,3601.9,40000.6,3133.4,11147.3,24.7,0,
2017-12-22 05:39:17,0,1,2,4.8,3602.6,40000.7,3200.1,11387.5,24.7,0,
2017-12-22 05:39:20,0,1,2,4.8,3603.5,40000.8,3200.1,11387.5,24.7,0,
2017-12-22 05:39:23,0,1,2,4.9,3604.3,40000.8,3266.8,11627.8,24.6,0,
2017-12-22 05:39:27,0,1,2,4.9,3605.1,40000.1,3266.8,11627.8,24.7,0,
2017-12-22 05:39:30,0,1,2,5.0,3606.1,40000.7,3333.4,11868.1,24.7,0,
2017-12-22 05:39:33,0,1,2,5.0,3606.9,40000.8,3333.4,11868.1,24.7,0,
2017-12-22 05:39:36,0,1,2,5.1,3607.7,40000.8,3400.1,12108.6,24.7,0,
2017-12-22 05:39:39,0,1,2,5.1,3608.6,40001.0,3400.1,12108.6,24.7,0,
2017-12-22 05:39:42,0,1,2,5.2,3609.2,40000.7,3466.8,12349.2,24.7,0,
2017-12-22 05:39:45,0,1,2,5.2,3610.2,40000.7,3466.8,12349.2,24.7,0,
2017-12-22 05:39:48,0,1,2,5.3,3611.0,40000.7,3533.4,12589.9,24.7,0,
2017-12-22 05:39:51,0,1,2,5.3,3611.7,40000.8,3533.4,12589.9,24.7,0,
2017-12-22 05:39:54,0,1,2,5.4,3612.5,40000.2,3600.1,12830.7,24.7,0,
2017-12-22 05:39:58,0,1,2,5.5,3613.2,40000.8,3666.8,13071.6,24.7,0,
2017-12-22 05:40:01,0,1,2,5.5,3614.2,40001.0,3666.8,13071.6,24.7,0,
2017-12-22 05:40:04,0,1,2,5.6,3614.9,40000.8,3733.5,13312.6,24.7,0,
2017-12-22 05:40:07,0,1,2,5.6,3615.8,40000.8,3733.5,13312.6,24.7,0,
2017-12-22 05:40:10,0,1,2,5.7,3616.4,40000.8,3800.1,13553.7,24.7,0,
2017-12-22 05:40:13,0,1,2,5.7,3617.2,40000.3,3800.1,13553.7,24.7,0,
2017-12-22 05:40:16,0,1,2,5.8,3618.0,40000.1,3866.8,13794.9,24.7,0,
2017-12-22 05:40:19,0,1,2,5.8,3618.8,40000.9,3866.8,13794.9,24.7,0,
2017-12-22 05:40:22,0,1,2,5.9,3619.7,40000.8,3933.5,14036.2,24.8,0,
2017-12-22 05:40:25,0,1,2,5.9,3620.4,40000.7,3933.5,14036.2,24.7,0,
2017-12-22 05:40:28,0,1,2,6.0,3621.2,40000.8,4000.1,14277.5,24.8,0,
2017-12-22 05:40:32,0,1,2,6.0,3621.9,40000.7,4000.1,14277.5,24.8,0,
2017-12-22 05:40:35,0,1,2,6.1,3622.6,40000.9,4066.8,14519.1,24.8,0,
2017-12-22 05:40:38,0,1,2,6.1,3623.3,40001.0,4066.8,14519.1,24.8,0,
2017-12-22 05:40:41,0,1,2,6.2,3624.3,40000.9,4133.5,14760.7,24.8,0,
2017-12-22 05:40:44,0,1,2,6.2,3624.9,40000.4,4133.5,14760.7,24.8,0,
2017-12-22 05:40:47,0,1,2,6.3,3625.8,40000.8,4200.1,15002.3,24.8,0,
2017-12-22 05:40:51,0,1,2,6.3,3626.6,40001.0,4200.1,15002.3,24.7,0,
2017-12-22 05:40:54,0,1,2,6.4,3627.3,40001.0,4266.8,15244.1,24.8,0,
2017-12-22 05:40:57,0,1,2,6.4,3628.0,40000.9,4266.8,15244.1,24.8,0,
2017-12-22 05:41:00,0,1,2,6.5,3628.7,40001.2,4333.5,15486.0,24.7,0,
2017-12-22 05:41:03,0,1,2,6.5,3629.5,40000.7,4333.5,15486.0,24.7,0,
2017-12-22 05:41:06,0,1,2,6.6,3630.1,40001.1,4400.1,15728.0,24.8,0,
2017-12-22 05:41:09,0,1,2,6.7,3630.8,40000.5,4466.8,15970.1,24.7,0,
2017-12-22 05:41:13,0,1,2,6.7,3631.6,40000.8,4466.8,15970.1,24.8,0,
2017-12-22 05:41:16,0,1,2,6.8,3632.4,40000.9,4533.5,16212.2,24.8,0,
2017-12-22 05:41:19,0,1,2,6.8,3633.1,40001.0,4533.5,16212.2,24.8,0,
2017-12-22 05:41:22,0,1,2,6.9,3633.7,40001.0,4600.2,16454.5,24.8,0,
2017-12-22 05:41:25,0,1,2,6.9,3634.5,40000.9,4600.2,16454.5,24.8,0,
2017-12-22 05:41:28,0,1,2,7.0,3635.1,40001.0,4666.8,16696.8,24.8,0,
2017-12-22 05:41:31,0,1,2,7.0,3635.9,40001.1,4666.8,16696.8,24.7,0,
2017-12-22 05:41:34,0,1,2,7.1,3636.6,40001.0,4733.5,16939.3,24.7,0,
2017-12-22 05:41:38,0,1,2,7.1,3637.2,40000.7,4733.5,16939.3,24.7,0,
2017-12-22 05:41:41,0,1,2,7.2,3638.0,40000.8,4800.2,17181.8,24.8,0,
2017-12-22 05:41:44,0,1,2,7.2,3638.6,40001.0,4800.2,17181.8,24.8,0,
2017-12-22 05:41:47,0,1,2,7.3,3639.3,40000.8,4866.8,17424.4,24.8,0,
2017-12-22 05:41:50,0,1,2,7.3,3640.0,40000.3,4866.8,17424.4,24.8,0,
2017-12-22 05:41:53,0,1,2,7.4,3640.8,40000.8,4933.5,17667.1,24.8,0,
2017-12-22 05:41:57,0,1,2,7.4,3641.5,40000.8,4933.5,17667.1,24.8,0,
2017-12-22 05:42:00,0,1,2,7.5,3642.0,40000.7,5000.2,17909.9,24.7,0,
2017-12-22 05:42:03,0,1,2,7.5,3642.7,40000.2,5000.2,17909.9,24.7,0,
2017-12-22 05:42:06,0,1,2,7.6,3643.6,40000.7,5066.8,18152.8,24.7,0,
2017-12-22 05:42:09,0,1,2,7.7,3644.1,40001.0,5133.5,18395.7,24.8,0,
2017-12-22 05:42:13,0,1,2,7.7,3644.8,40000.5,5133.5,18395.7,24.8,0,
2017-12-22 05:42:16,0,1,2,7.8,3645.4,40001.0,5200.2,18638.8,24.8,0,
2017-12-22 05:42:19,0,1,2,7.8,3646.0,40000.8,5200.2,18638.8,24.8,0,
2017-12-22 05:42:22,0,1,2,7.9,3646.7,40000.8,5266.8,18881.9,24.8,0,
2017-12-22 05:42:25,0,1,2,7.9,3647.3,40000.5,5266.8,18881.9,24.8,0,
2017-12-22 05:42:28,0,1,2,8.0,3648.2,40000.6,5333.5,19125.1,24.8,0,
2017-12-22 05:42:31,0,1,2,8.0,3648.8,40000.8,5333.5,19125.1,24.8,0,
2017-12-22 05:42:34,0,1,2,8.1,3649.3,40000.8,5400.2,19368.4,24.8,0,
2017-12-22 05:42:37,0,1,2,8.1,3650.1,40000.7,5400.2,19368.4,24.8,0,
2017-12-22 05:42:41,0,1,2,8.2,3650.8,40000.8,5466.9,19611.8,24.8,0,
2017-12-22 05:42:44,0,1,2,8.2,3651.2,40000.8,5466.9,19611.8,24.8,0,
2017-12-22 05:42:47,0,1,2,8.3,3651.9,40000.9,5533.5,19855.2,24.8,0,
2017-12-22 05:42:50,0,1,2,8.3,3652.5,40001.0,5533.5,19855.2,24.8,0,
2017-12-22 05:42:53,0,1,2,8.4,3653.2,40000.8,5600.2,20098.8,24.8,0,
2017-12-22 05:42:56,0,1,2,8.4,3653.8,40000.9,5600.2,20098.8,24.8,0,
2017-12-22 05:43:00,0,1,2,8.5,3654.4,40000.5,5666.9,20342.4,24.8,0,
2017-12-22 05:43:03,0,1,2,8.5,3654.9,40000.9,5666.9,20342.4,24.8,0,
2017-12-22 05:43:06,0,1,2,8.6,3655.6,40000.8,5733.5,20586.0,24.8,0,
2017-12-22 05:43:09,0,1,2,8.6,3656.3,40000.7,5733.5,20586.0,24.8,0,
2017-12-22 05:43:12,0,1,2,8.7,3656.9,40001.0,5800.2,20829.8,24.8,0,
2017-12-22 05:43:16,0,1,2,8.8,3657.7,40000.6,5866.9,21073.7,24.7,0,
2017-12-22 05:43:19,0,1,2,8.8,3658.2,40000.8,5866.9,21073.7,24.8,0,
2017-12-22 05:43:22,0,1,2,8.9,3658.9,40000.8,5933.5,21317.6,24.7,0,
2017-12-22 05:43:25,0,1,2,8.9,3659.3,40000.6,5933.5,21317.6,24.7,0,
2017-12-22 05:43:28,0,1,2,9.0,3660.0,40000.8,6000.2,21561.6,24.7,0,
2017-12-22 05:43:31,0,1,2,9.0,3660.6,40000.8,6000.2,21561.6,24.7,0,
2017-12-22 05:43:34,0,1,2,9.1,3661.1,40000.7,6066.9,21805.6,24.6,0,
2017-12-22 05:43:37,0,1,2,9.1,3661.7,40000.5,6066.9,21805.6,24.6,0,
2017-12-22 05:43:40,0,1,2,9.2,3662.3,40000.8,6133.5,22049.8,24.6,0,
2017-12-22 05:43:43,0,1,2,9.2,3662.8,40000.7,6133.5,22049.8,24.7,0,
2017-12-22 05:43:46,0,1,2,9.3,3663.4,40000.7,6200.2,22294.0,24.7,0,
2017-12-22 05:43:49,0,1,2,9.3,3663.9,40000.2,6200.2,22294.0,24.7,0,
2017-12-22 05:43:53,0,1,2,9.4,3664.6,40000.5,6266.9,22538.3,24.7,0,
2017-12-22 05:43:56,0,1,2,9.4,3665.1,40000.4,6266.9,22538.3,24.7,0,
2017-12-22 05:43:59,0,1,2,9.5,3665.6,40000.5,6333.5,22782.7,24.7,0,
2017-12-22 05:44:02,0,1,2,9.5,3666.1,40000.8,6333.5,22782.7,24.7,0,
2017-12-22 05:44:05,0,1,2,9.6,3666.8,40000.8,6400.2,23027.1,24.7,0,
2017-12-22 05:44:08,0,1,2,9.6,3667.2,40000.6,6400.2,23027.1,24.6,0,
2017-12-22 05:44:11,0,1,2,9.7,3667.7,40000.5,6466.9,23271.6,24.6,0,
2017-12-22 05:44:14,0,1,2,9.7,3668.3,40000.8,6466.9,23271.6,24.6,0,
2017-12-22 05:44:17,0,1,2,9.8,3668.7,40000.8,6533.6,23516.2,24.6,0,
2017-12-22 05:44:20,0,1,2,9.8,3669.3,40000.6,6533.6,23516.2,24.6,0,
2017-12-22 05:44:24,0,1,2,9.9,3669.8,40000.7,6600.2,23760.8,24.6,0,
2017-12-22 05:44:27,0,1,2,9.9,3670.4,40000.2,6600.2,23760.8,24.6,0,
2017-12-22 05:44:30,0,1,2,10.0,3670.9,40000.8,6666.9,24005.6,24.6,0,
2017-12-22 05:44:33,0,1,2,10.0,3671.4,40000.8,6666.9,24005.6,24.6,0,
2017-12-22 05:44:36,0,1,2,10.1,3672.0,40000.9,6733.6,24250.3,24.6,0,
2017-12-22 05:44:40,0,1,2,10.2,3672.4,40001.0,6800.2,24495.2,24.6,0,
2017-12-22 05:44:43,0,1,2,10.2,3673.0,40000.8,6800.2,24495.2,24.6,0,
2017-12-22 05:44:46,0,1,2,10.3,3673.6,40000.8,6866.9,24740.1,24.6,0,
2017-12-22 05:44:49,0,1,2,10.3,3674.0,40000.8,6866.9,24740.1,24.7,0,
2017-12-22 05:44:52,0,1,2,10.4,3674.5,40000.8,6933.6,24985.1,24.7,0,
2017-12-22 05:44:55,0,1,2,10.4,3675.0,40001.0,6933.6,24985.1,24.7,0,
2017-12-22 05:44:58,0,1,2,10.5,3675.4,40000.7,7000.2,25230.1,24.7,0,
2017-12-22 05:45:02,0,1,2,10.5,3675.9,40000.7,7000.2,25230.1,24.7,0,
2017-12-22 05:45:05,0,1,2,10.6,3676.3,40000.8,7066.9,25475.2,24.6,0,
2017-12-22 05:45:08,0,1,2,10.6,3676.8,40000.7,7066.9,25475.2,24.7,0,
2017-12-22 05:45:11,0,1,2,10.7,3677.4,40001.0,7133.6,25720.3,24.7,0,
2017-12-22 05:45:15,0,1,2,10.7,3677.7,40000.8,7133.6,25720.3,24.7,0,
2017-12-22 05:45:18,0,1,2,10.8,3678.4,40000.4,7200.2,25965.5,24.6,0,
2017-12-22 05:45:21,0,1,2,10.8,3678.6,40000.7,7200.2,25965.5,24.6,0,
2017-12-22 05:45:24,0,1,2,10.9,3679.1,40000.7,7266.9,26210.8,24.6,0,
2017-12-22 05:45:27,0,1,2,10.9,3679.6,40000.9,7266.9,26210.8,24.6,0,
2017-12-22 05:45:30,0,1,2,11.0,3680.1,40000.7,7333.6,26456.1,24.6,0,
2017-12-22 05:45:33,0,1,2,11.0,3680.4,40000.9,7333.6,26456.1,24.6,0,
2017-12-22 05:45:36,0,1,2,11.1,3681.0,40001.0,7400.3,26701.5,24.6,0,
2017-12-22 05:45:39,0,1,2,11.1,3681.2,40000.8,7400.3,26701.5,24.6,0,
2017-12-22 05:45:42,0,1,2,11.2,3681.8,40000.9,7466.9,26946.9,24.6,0,
2017-12-22 05:45:45,0,1,2,11.3,3682.0,40000.7,7533.6,27192.4,24.6,0,
2017-12-22 05:45:49,0,1,2,11.3,3682.6,40001.0,7533.6,27192.4,24.6,0,
2017-12-22 05:45:52,0,1,2,11.4,3682.9,40001.1,7600.3,27437.9,24.7,0,
2017-12-22 05:45:55,0,1,2,11.4,3683.3,40000.8,7600.3,27437.9,24.7,0,
2017-12-22 05:45:58,0,1,2,11.5,3683.7,40000.4,7666.9,27683.5,24.7,0,
2017-12-22 05:46:01,0,1,2,11.5,3684.2,40000.8,7666.9,27683.5,24.7,0,
2017-12-22 05:46:04,0,1,2,11.6,3684.5,40000.9,7733.6,27929.1,24.7,0,
2017-12-22 05:46:07,0,1,2,11.6,3684.8,40000.7,7733.6,27929.1,24.6,0,
2017-12-22 05:46:10,0,1,2,11.7,3685.3,40001.0,7800.3,28174.8,24.7,0,
2017-12-22 05:46:13,0,1,2,11.7,3685.6,40001.0,7800.3,28174.8,24.6,0,
2017-12-22 05:46:16,0,1,2,11.8,3686.1,40001.2,7866.9,28420.6,24.6,0,
2017-12-22 05:46:19,0,1,2,11.8,3686.4,40000.7,7866.9,28420.6,24.7,0,
2017-12-22 05:46:22,0,1,2,11.9,3686.8,40000.9,7933.6,28666.4,24.6,0,
2017-12-22 05:46:25,0,1,2,11.9,3687.2,40000.9,7933.6,28666.4,24.6,0,
2017-12-22 05:46:28,0,1,2,12.0,3687.7,40000.5,8000.3,28912.2,24.6,0,
2017-12-22 05:46:32,0,1,2,12.0,3687.9,40000.7,8000.3,28912.2,24.6,0,
2017-12-22 05:46:35,0,1,2,12.1,3688.5,40000.6,8066.9,29158.1,24.6,0,
2017-12-22 05:46:38,0,1,2,12.1,3688.8,40001.0,8066.9,29158.1,24.6,0,
2017-12-22 05:46:41,0,1,2,12.2,3689.2,40000.9,8133.6,29404.1,24.6,0,
2017-12-22 05:46:44,0,1,2,12.2,3689.6,40001.0,8133.6,29404.1,24.6,0,
2017-12-22 05:46:47,0,1,2,12.3,3689.8,40000.3,8200.3,29650.0,24.6,0,
2017-12-22 05:46:50,0,1,2,12.3,3690.2,40001.0,8200.3,29650.0,24.6,0,
2017-12-22 05:46:53,0,1,2,12.4,3690.8,40001.1,8267.0,29896.1,24.6,0,
2017-12-22 05:46:56,0,1,2,12.4,3691.0,40001.0,8267.0,29896.1,24.6,0,
2017-12-22 05:46:59,0,1,2,12.5,3691.4,40001.0,8333.6,30142.2,24.6,0,
2017-12-22 05:47:03,0,1,2,12.5,3691.8,40001.1,8333.6,30142.2,24.6,0,
2017-12-22 05:47:06,0,1,2,12.6,3692.0,40000.8,8400.3,30388.3,24.6,0,
2017-12-22 05:47:09,0,1,2,12.6,3692.4,40001.3,8400.3,30388.3,24.6,0,
2017-12-22 05:47:12,0,1,2,12.7,3692.9,40000.8,8467.0,30634.5,24.6,0,
2017-12-22 05:47:15,0,1,2,12.7,3693.1,40001.2,8467.0,30634.5,24.6,0,
2017-12-22 05:47:18,0,1,2,12.8,3693.5,40001.0,8533.6,30880.7,24.6,0,
2017-12-22 05:47:21,0,1,2,12.8,3693.8,40000.8,8533.6,30880.7,24.6,0,
2017-12-22 05:47:24,0,1,2,12.9,3694.2,40001.2,8600.3,31127.0,24.6,0,
2017-12-22 05:47:27,0,1,2,13.0,3694.5,40000.8,8667.0,31373.3,24.7,0,
2017-12-22 05:47:30,0,1,2,13.0,3694.8,40001.2,8667.0,31373.3,24.7,0,
2017-12-22 05:47:33,0,1,2,13.1,3695.3,40000.6,8733.6,31619.7,24.7,0,
2017-12-22 05:47:36,0,1,2,13.1,3695.6,40001.0,8733.6,31619.7,24.7,0,
2017-12-22 05:47:39,0,1,2,13.2,3696.0,40001.1,8800.3,31866.1,24.7,0,
2017-12-22 05:47:43,0,1,2,13.2,3696.4,40001.0,8800.3,31866.1,24.7,0,
2017-12-22 05:47:46,0,1,2,13.3,3696.6,40001.0,8867.0,32112.5,24.6,0,
2017-12-22 05:47:49,0,1,2,13.3,3697.1,40000.6,8867.0,32112.5,24.6,0,
2017-12-22 05:47:52,0,1,2,13.4,3697.4,40001.1,8933.7,32359.0,24.6,0,
2017-12-22 05:47:55,0,1,2,13.4,3697.8,40000.8,8933.7,32359.0,24.7,0,
2017-12-22 05:47:58,0,1,2,13.5,3697.9,40001.2,9000.3,32605.6,24.7,0,
2017-12-22 05:48:01,0,1,2,13.5,3698.5,40000.8,9000.3,32605.6,24.7,0,
2017-12-22 05:48:04,0,1,2,13.6,3698.8,40000.8,9067.0,32852.1,24.7,0,
2017-12-22 05:48:07,0,1,2,13.6,3699.0,40000.9,9067.0,32852.1,24.7,0,
2017-12-22 05:48:10,0,1,2,13.7,3699.4,40001.2,9133.7,33098.8,24.7,0,
2017-12-22 05:48:13,0,1,2,13.7,3699.8,40001.2,9133.7,33098.8,24.7,0,
2017-12-22 05:48:16,0,1,2,13.8,3700.2,40000.8,9200.3,33345.5,24.7,0,
2017-12-22 05:48:19,0,1,2,13.8,3700.3,40000.8,9200.3,33345.5,24.7,0,
2017-12-22 05:48:22,0,1,2,13.9,3700.8,40001.0,9267.0,33592.2,24.7,0,
2017-12-22 05:48:26,0,1,2,13.9,3701.0,40000.7,9267.0,33592.2,24.7,0,
2017-12-22 05:48:29,0,1,2,14.0,3701.3,40000.8,9333.7,33838.9,24.7,0,
2017-12-22 05:48:32,0,1,2,14.0,3701.7,40001.0,9333.7,33838.9,24.7,0,
2017-12-22 05:48:35,0,1,2,14.1,3702.0,40001.1,9400.3,34085.7,24.7,0,
2017-12-22 05:48:38,0,1,2,14.1,3702.5,40000.8,9400.3,34085.7,24.7,0,
2017-12-22 05:48:41,0,1,2,14.2,3703.0,40000.8,9467.0,34332.6,24.7,0,
2017-12-22 05:48:44,0,1,2,14.2,3703.2,40001.1,9467.0,34332.6,24.7,0,
2017-12-22 05:48:47,0,1,2,14.3,3703.6,40001.0,9533.7,34579.5,24.7,0,
2017-12-22 05:48:50,0,1,2,14.3,3703.9,40001.0,9533.7,34579.5,24.7,0,
2017-12-22 05:48:53,0,1,2,14.4,3704.3,40001.0,9600.3,34826.5,24.7,0,
2017-12-22 05:48:57,0,1,2,14.4,3704.6,40000.8,9600.3,34826.5,24.7,0,
2017-12-22 05:49:00,0,1,2,14.5,3704.9,40000.8,9667.0,35073.4,24.7,0,
2017-12-22 05:49:03,0,1,2,14.5,3705.3,40000.8,9667.0,35073.4,24.7,0,
2017-12-22 05:49:06,0,1,2,14.6,3705.6,40000.2,9733.7,35320.5,24.7,0,
2017-12-22 05:49:09,0,1,2,14.7,3706.0,40000.8,9800.4,35567.6,24.7,0,
2017-12-22 05:49:12,0,1,2,14.7,3706.3,40000.8,9800.4,35567.6,24.7,0,
2017-12-22 05:49:15,0,1,2,14.8,3706.6,40000.8,9867.0,35814.7,24.7,0,
2017-12-22 05:49:19,0,1,2,14.8,3707.0,40000.8,9867.0,35814.7,24.7,0,
2017-12-22 05:49:22,0,1,2,14.9,3707.2,40001.0,9933.7,36061.8,24.7,0,
2017-12-22 05:49:25,0,1,2,14.9,3707.7,40000.8,9933.7,36061.8,24.7,0,
2017-12-22 05:49:28,0,1,2,15.0,3708.0,40000.8,10000.4,36309.0,24.7,0,
2017-12-22 05:49:31,0,1,2,15.0,3708.3,40000.7,10000.4,36309.0,24.6,0,
2017-12-22 05:49:34,0,1,2,15.1,3708.6,40000.5,10067.0,36556.3,24.6,0,
2017-12-22 05:49:37,0,1,2,15.1,3709.0,40000.6,10067.0,36556.3,24.6,0,
2017-12-22 05:49:40,0,1,2,15.2,3709.3,40000.6,10133.7,36803.6,24.6,0,
2017-12-22 05:49:43,0,1,2,15.2,3709.6,40001.0,10133.7,36803.6,24.6,0,
2017-12-22 05:49:47,0,1,2,15.3,3709.9,40000.8,10200.4,37050.9,24.6,0,
2017-12-22 05:49:50,0,1,2,15.3,3710.2,40000.1,10200.4,37050.9,24.6,0,
2017-12-22 05:49:53,0,1,2,15.4,3710.7,40000.8,10267.0,37298.3,24.6,0,
2017-12-22 05:49:56,0,1,2,15.4,3711.0,40000.0,10267.0,37298.3,24.6,0,
2017-12-22 05:49:59,0,1,2,15.5,3711.2,40000.9,10333.7,37545.7,24.6,0,
2017-12-22 05:50:02,0,1,2,15.5,3711.5,40001.0,10333.7,37545.7,24.6,0,
2017-12-22 05:50:05,0,1,2,15.6,3712.1,40000.8,10400.4,37793.2,24.6,0,
2017-12-22 05:50:08,0,1,2,15.6,3712.4,40000.7,10400.4,37793.2,24.6,0,
2017-12-22 05:50:11,0,1,2,15.7,3712.5,40001.0,10467.0,38040.7,24.6,0,
2017-12-22 05:50:14,0,1,2,15.7,3712.9,40000.8,10467.0,38040.7,24.6,0,
2017-12-22 05:50:17,0,1,2,15.8,3713.2,40000.7,10533.7,38288.2,24.6,0,
2017-12-22 05:50:21,0,1,2,15.8,3713.6,40000.7,10533.7,38288.2,24.6,0,
2017-12-22 05:50:24,0,1,2,15.9,3714.1,40000.5,10600.4,38535.8,24.6,0,
2017-12-22 05:50:27,0,1,2,15.9,3714.4,40000.3,10600.4,38535.8,24.6,0,
2017-12-22 05:50:30,0,1,2,16.0,3714.7,40000.8,10667.1,38783.4,24.6,0,
2017-12-22 05:50:33,0,1,2,16.0,3715.0,40000.5,10667.1,38783.4,24.7,0,
2017-12-22 05:50:36,0,1,2,16.1,3715.3,40001.4,10733.7,39031.1,24.6,0,
2017-12-22 05:50:39,0,1,2,16.2,3715.7,40000.8,10800.4,39278.8,24.6,0,
2017-12-22 05:50:43,0,1,2,16.2,3716.0,40000.4,10800.4,39278.8,24.6,0,
2017-12-22 05:50:46,0,1,2,16.3,3716.4,40000.8,10867.1,39526.6,24.6,0,
2017-12-22 05:50:49,0,1,2,16.3,3716.8,40000.8,10867.1,39526.6,24.7,0,
2017-12-22 05:50:52,0,1,2,16.4,3717.0,40000.7,10933.7,39774.4,24.7,0,
2017-12-22 05:50:55,0,1,2,16.4,3717.4,40000.1,10933.7,39774.4,24.7,0,
2017-12-22 05:50:58,0,1,2,16.5,3717.8,40000.8,11000.4,40022.3,24.7,0,
2017-12-22 05:51:01,0,1,2,16.5,3718.1,40000.6,11000.4,40022.3,24.7,0,
2017-12-22 05:51:04,0,1,2,16.6,3718.5,40000.9,11067.1,40270.2,24.7,0,
2017-12-22 05:51:07,0,1,2,16.6,3718.8,40000.5,11067.1,40270.2,24.7,0,
2017-12-22 05:51:10,0,1,2,16.7,3719.1,40000.4,11133.7,40518.1,24.7,0,
2017-12-22 05:51:13,0,1,2,16.7,3719.4,40000.4,11133.7,40518.1,24.6,0,
2017-12-22 05:51:16,0,1,2,16.8,3720.0,40000.8,11200.4,40766.1,24.6,0,
2017-12-22 05:51:19,0,1,2,16.8,3720.1,40001.0,11200.4,40766.1,24.6,0,
2017-12-22 05:51:22,0,1,2,16.9,3720.6,40000.7,11267.1,41014.2,24.7,0,
2017-12-22 05:51:25,0,1,2,16.9,3721.0,40001.0,11267.1,41014.2,24.7,0,
2017-12-22 05:51:28,0,1,2,17.0,3721.3,40000.3,11333.7,41262.3,24.7,0,
2017-12-22 05:51:31,0,1,2,17.0,3721.5,40000.9,11333.7,41262.3,24.6,0,
2017-12-22 05:51:34,0,1,2,17.1,3721.9,40000.5,11400.4,41510.4,24.6,0,
2017-12-22 05:51:37,0,1,2,17.1,3722.3,40001.0,11400.4,41510.4,24.7,0,
2017-12-22 05:51:41,0,1,2,17.2,3722.7,40000.8,11467.1,41758.6,24.6,0,
2017-12-22 05:51:44,0,1,2,17.2,3723.0,40000.3,11467.1,41758.6,24.7,0,
2017-12-22 05:51:47,0,1,2,17.3,3723.5,40000.7,11533.8,42006.8,24.6,0,
2017-12-22 05:51:50,0,1,2,17.3,3723.7,40000.5,11533.8,42006.8,24.6,0,
2017-12-22 05:51:53,0,1,2,17.4,3724.2,40000.8,11600.4,42255.0,24.6,0,
2017-12-22 05:51:56,0,1,2,17.4,3724.5,40000.5,11600.4,42255.0,24.6,0,
2017-12-22 05:51:59,0,1,2,17.5,3724.8,40001.0,11667.1,42503.4,24.7,0,
2017-12-22 05:52:03,0,1,2,17.5,3725.2,40000.8,11667.1,42503.4,24.7,0,
2017-12-22 05:52:06,0,1,2,17.6,3725.6,40000.7,11733.8,42751.7,24.7,0,
2017-12-22 05:52:09,0,1,2,17.6,3725.9,40000.8,11733.8,42751.7,24.8,0,
2017-12-22 05:52:12,0,1,2,17.7,3726.3,40000.8,11800.4,43000.1,24.7,0,
2017-12-22 05:52:15,0,1,2,17.7,3726.6,40000.6,11800.4,43000.1,24.7,0,
2017-12-22 05:52:18,0,1,2,17.8,3727.1,40000.8,11867.1,43248.6,24.8,0,
2017-12-22 05:52:21,0,1,2,17.8,3727.4,40000.8,11867.1,43248.6,24.8,0,
2017-12-22 05:52:25,0,1,2,17.9,3727.9,40000.8,11933.8,43497.1,24.8,0,
2017-12-22 05:52:28,0,1,2,18.0,3728.3,40000.7,12000.4,43745.7,24.7,0,
2017-12-22 05:52:31,0,1,2,18.0,3728.6,40000.8,12000.4,43745.7,24.7,0,
2017-12-22 05:52:34,0,1,2,18.1,3729.0,40000.7,12067.1,43994.3,24.7,0,
2017-12-22 05:52:37,0,1,2,18.1,3729.3,40001.0,12067.1,43994.3,24.8,0,
2017-12-22 05:52:40,0,1,2,18.2,3729.8,40000.7,12133.8,44242.9,24.7,0,
2017-12-22 05:52:43,0,1,2,18.2,3730.1,40001.6,12133.8,44242.9,24.7,0,
2017-12-22 05:52:46,0,1,2,18.3,3730.4,40000.8,12200.4,44491.6,24.7,0,
2017-12-22 05:52:50,0,1,2,18.3,3731.0,40000.6,12200.4,44491.6,24.7,0,
2017-12-22 05:52:53,0,1,2,18.4,3731.3,40000.6,12267.1,44740.4,24.8,0,
2017-12-22 05:52:56,0,1,2,18.4,3731.6,40000.3,12267.1,44740.4,24.8,0,
2017-12-22 05:52:59,0,1,2,18.5,3731.9,40000.5,12333.8,44989.2,24.8,0,
2017-12-22 05:53:02,0,1,2,18.5,3732.4,40000.8,12333.8,44989.2,24.8,0,
2017-12-22 05:53:05,0,1,2,18.6,3732.9,40000.7,12400.5,45238.0,24.7,0,
2017-12-22 05:53:09,0,1,2,18.6,3733.3,40000.7,12400.5,45238.0,24.8,0,
2017-12-22 05:53:12,0,1,2,18.7,3733.7,40000.8,12467.1,45486.9,24.8,0,
2017-12-22 05:53:15,0,1,2,18.7,3734.1,40000.6,12467.1,45486.9,24.8,0,
2017-12-22 05:53:18,0,1,2,18.8,3734.3,40000.7,12533.8,45735.9,24.8,0,
2017-12-22 05:53:21,0,1,2,18.9,3734.9,40000.7,12600.5,45984.9,24.8,0,
2017-12-22 05:53:25,0,1,2,18.9,3735.2,40000.5,12600.5,45984.9,24.8,0,
2017-12-22 05:53:28,0,1,2,19.0,3735.7,40001.0,12667.1,46233.9,24.7,0,
2017-12-22 05:53:31,0,1,2,19.0,3736.1,40000.8,12667.1,46233.9,24.8,0,
2017-12-22 05:53:34,0,1,2,19.1,3736.5,40000.3,12733.8,46483.0,24.8,0,
2017-12-22 05:53:37,0,1,2,19.1,3737.0,40000.8,12733.8,46483.0,24.7,0,
2017-12-22 05:53:41,0,1,2,19.2,3737.3,40000.9,12800.5,46732.2,24.7,0,
2017-12-22 05:53:44,0,1,2,19.2,3737.7,40000.6,12800.5,46732.2,24.7,0,
2017-12-22 05:53:47,0,1,2,19.3,3738.1,40000.8,12867.1,46981.4,24.8,0,
2017-12-22 05:53:50,0,1,2,19.3,3738.5,40000.8,12867.1,46981.4,24.8,0,
2017-12-22 05:53:53,0,1,2,19.4,3739.0,40000.5,12933.8,47230.6,24.7,0,
2017-12-22 05:53:56,0,1,2,19.4,3739.4,40000.8,12933.8,47230.6,24.8,0,
2017-12-22 05:53:59,0,1,2,19.5,3739.8,40001.1,13000.5,47480.0,24.8,0,
2017-12-22 05:54:03,0,1,2,19.5,3740.3,40000.9,13000.5,47480.0,24.8,0,
2017-12-22 05:54:06,0,1,2,19.6,3740.5,40001.0,13067.1,47729.3,24.8,0,
2017-12-22 05:54:09,0,1,2,19.6,3741.0,40000.8,13067.1,47729.3,24.8,0,
2017-12-22 05:54:12,0,1,2,19.7,3741.5,40000.8,13133.8,47978.7,24.8,0,
2017-12-22 05:54:15,0,1,2,19.7,3741.8,40001.0,13133.8,47978.7,24.8,0,
2017-12-22 05:54:18,0,1,2,19.8,3742.3,40000.8,13200.5,48228.2,24.8,0,
2017-12-22 05:54:21,0,1,2,19.8,3742.8,40000.8,13200.5,48228.2,24.8,0,
2017-12-22 05:54:24,0,1,2,19.9,3743.1,40000.9,13267.2,48477.7,24.8,0,
2017-12-22 05:54:28,0,1,2,20.0,3743.6,40000.3,13333.8,48727.3,24.8,0,
2017-12-22 05:54:31,0,1,2,20.0,3744.0,40000.5,13333.8,48727.3,24.8,0,
2017-12-22 05:54:34,0,1,2,20.1,3744.4,40000.8,13400.5,48976.9,24.8,0,
2017-12-22 05:54:37,0,1,2,20.1,3744.8,40001.0,13400.5,48976.9,24.7,0,
2017-12-22 05:54:40,0,1,2,20.2,3745.3,40000.8,13467.2,49226.6,24.7,0,
2017-12-22 05:54:43,0,1,2,20.2,3745.6,40001.0,13467.2,49226.6,24.7,0,
2017-12-22 05:54:46,0,1,2,20.3,3746.1,40000.8,13533.8,49476.4,24.7,0,
2017-12-22 05:54:49,0,1,2,20.3,3746.5,40000.6,13533.8,49476.4,24.7,0,
2017-12-22 05:54:52,0,1,2,20.4,3746.9,40001.0,13600.5,49726.2,24.6,0,
2017-12-22 05:54:55,0,1,2,20.4,3747.4,40000.5,13600.5,49726.2,24.6,0,
2017-12-22 05:54:58,0,1,2,20.5,3747.9,40000.8,13667.2,49976.0,24.6,0,
2017-12-22 05:55:01,0,1,2,20.5,3748.3,40000.8,13667.2,49976.0,24.6,0,
2017-12-22 05:55:04,0,1,2,20.6,3748.8,40000.8,13733.8,50225.9,24.6,0,
2017-12-22 05:55:07,0,1,2,20.6,3749.2,40000.8,13733.8,50225.9,24.6,0,
2017-12-22 05:55:11,0,1,2,20.7,3749.5,40000.9,13800.5,50475.9,24.6,0,
2017-12-22 05:55:14,0,1,2,20.7,3750.1,40000.7,13800.5,50475.9,24.6,0,
2017-12-22 05:55:17,0,1,2,20.8,3750.4,40000.7,13867.2,50726.0,24.7,0,
2017-12-22 05:55:20,0,1,2,20.8,3750.9,40000.9,13867.2,50726.0,24.7,0,
2017-12-22 05:55:23,0,1,2,20.9,3751.4,40000.5,13933.8,50976.0,24.7,0,
2017-12-22 05:55:26,0,1,2,20.9,3751.8,40000.7,13933.8,50976.0,24.7,0,
2017-12-22 05:55:29,0,1,2,21.0,3752.4,40000.7,14000.5,51226.2,24.7,0,
2017-12-22 05:55:33,0,1,2,21.0,3752.9,40000.7,14000.5,51226.2,24.7,0,
2017-12-22 05:55:36,0,1,2,21.1,3753.2,40000.0,14067.2,51476.4,24.8,0,
2017-12-22 05:55:39,0,1,2,21.1,3753.6,40000.6,14067.2,51476.4,24.8,0,
2017-12-22 05:55:42,0,1,2,21.2,3754.1,40000.2,14133.9,51726.7,24.8,0,
2017-12-22 05:55:46,0,1,2,21.3,3754.7,40000.9,14200.5,51977.0,24.8,0,
2017-12-22 05:55:49,0,1,2,21.3,3755.3,40000.5,14200.5,51977.0,24.8,0,
2017-12-22 05:55:52,0,1,2,21.4,3755.7,40000.8,14267.2,52227.4,24.8,0,
2017-12-22 05:55:55,0,1,2,21.4,3756.0,40000.5,14267.2,52227.4,24.8,0,
2017-12-22 05:55:58,0,1,2,21.5,3756.6,40000.9,14333.9,52477.8,24.8,0,
2017-12-22 05:56:01,0,1,2,21.5,3756.9,40000.1,14333.9,52477.8,24.8,0,
2017-12-22 05:56:04,0,1,2,21.6,3757.4,40000.8,14400.5,52728.3,24.8,0,
2017-12-22 05:56:07,0,1,2,21.6,3757.9,40001.0,14400.5,52728.3,24.8,0,
2017-12-22 05:56:10,0,1,2,21.7,3758.4,40001.0,14467.2,52978.9,24.8,0,
2017-12-22 05:56:13,0,1,2,21.7,3758.9,40001.1,14467.2,52978.9,24.8,0,
2017-12-22 05:56:16,0,1,2,21.8,3759.3,40000.5,14533.9,53229.5,24.8,0,
2017-12-22 05:56:19,0,1,2,21.8,3759.9,40000.7,14533.9,53229.5,24.8,0,
2017-12-22 05:56:23,0,1,2,21.9,3760.2,40000.7,14600.5,53480.2,24.8,0,
2017-12-22 05:56:26,0,1,2,21.9,3760.9,40000.8,14600.5,53480.2,24.8,0,
2017-12-22 05:56:29,0,1,2,22.0,3761.4,40000.3,14667.2,53730.9,24.8,0,
2017-12-22 05:56:32,0,1,2,22.0,3761.8,40000.8,14667.2,53730.9,24.8,0,
2017-12-22 05:56:35,0,1,2,22.1,3762.4,40001.0,14733.9,53981.7,24.8,0,
2017-12-22 05:56:38,0,1,2,22.1,3762.9,40000.1,14733.9,53981.7,24.8,0,
2017-12-22 05:56:42,0,1,2,22.2,3763.3,40000.8,14800.5,54232.6,24.8,0,
2017-12-22 05:56:45,0,1,2,22.2,3763.8,40000.8,14800.5,54232.6,24.8,0,
2017-12-22 05:56:48,0,1,2,22.3,3764.4,40000.5,14867.2,54483.5,24.8,0,
2017-12-22 05:56:51,0,1,2,22.3,3764.9,40000.8,14867.2,54483.5,24.8,0,
2017-12-22 05:56:55,0,1,2,22.4,3765.3,40000.8,14933.9,54734.6,24.8,0,
2017-12-22 05:56:58,0,1,2,22.5,3765.9,40000.7,15000.5,54985.6,24.8,0,
2017-12-22 05:57:01,0,1,2,22.5,3766.4,40001.0,15000.5,54985.6,24.8,0,
2017-12-22 05:57:04,0,1,2,22.6,3766.9,40000.6,15067.2,55236.8,24.8,0,
2017-12-22 05:57:07,0,1,2,22.6,3767.3,40000.8,15067.2,55236.8,24.8,0,
2017-12-22 05:57:10,0,1,2,22.7,3767.9,40000.9,15133.9,55488.0,24.8,0,
2017-12-22 05:57:13,0,1,2,22.7,3768.5,40000.7,15133.9,55488.0,24.7,0,
2017-12-22 05:57:16,0,1,2,22.8,3769.1,40000.8,15200.6,55739.2,24.8,0,
2017-12-22 05:57:20,0,1,2,22.8,3769.6,40000.8,15200.6,55739.2,24.8,0,
2017-12-22 05:57:23,0,1,2,22.9,3769.9,40000.7,15267.2,55990.5,24.7,0,
2017-12-22 05:57:26,0,1,2,22.9,3770.6,40000.7,15267.2,55990.5,24.8,0,
2017-12-22 05:57:29,0,1,2,23.0,3771.2,40000.6,15333.9,56241.9,24.8,0,
2017-12-22 05:57:32,0,1,2,23.0,3771.6,40001.0,15333.9,56241.9,24.8,0,
2017-12-22 05:57:36,0,1,2,23.1,3772.3,40000.7,15400.6,56493.4,24.8,0,
2017-12-22 05:57:39,0,1,2,23.1,3772.8,40001.2,15400.6,56493.4,24.8,0,
2017-12-22 05:57:42,0,1,2,23.2,3773.3,40000.8,15467.2,56744.9,24.8,0,
2017-12-22 05:57:45,0,1,2,23.2,3773.9,40000.7,15467.2,56744.9,24.8,0,
2017-12-22 05:57:48,0,1,2,23.3,3774.4,40001.0,15533.9,56996.5,24.8,0,
2017-12-22 05:57:51,0,1,2,23.4,3774.9,40000.7,15600.6,57248.2,24.8,0,
2017-12-22 05:57:55,0,1,2,23.4,3775.6,40000.7,15600.6,57248.2,24.8,0,
2017-12-22 05:57:58,0,1,2,23.5,3776.0,40001.0,15667.2,57500.0,24.8,0,
2017-12-22 05:58:01,0,1,2,23.5,3776.5,40000.2,15667.2,57500.0,24.8,0,
2017-12-22 05:58:04,0,1,2,23.6,3777.2,40000.8,15733.9,57751.8,24.8,0,
2017-12-22 05:58:07,0,1,2,23.6,3777.6,40000.7,15733.9,57751.8,24.8,0,
2017-12-22 05:58:10,0,1,2,23.7,3778.1,40000.8,15800.6,58003.6,24.8,0,
2017-12-22 05:58:14,0,1,2,23.7,3778.9,40000.4,15800.6,58003.6,24.8,0,
2017-12-22 05:58:17,0,1,2,23.8,3779.6,40000.8,15867.2,58255.6,24.8,0,
2017-12-22 05:58:20,0,1,2,23.8,3780.0,40000.8,15867.2,58255.6,24.8,0,
2017-12-22 05:58:23,0,1,2,23.9,3780.6,40001.0,15933.9,58507.6,24.8,0,
2017-12-22 05:58:26,0,1,2,23.9,3781.1,40000.8,15933.9,58507.6,24.9,0,
2017-12-22 05:58:29,0,1,2,24.0,3781.6,40001.0,16000.6,58759.7,24.9,0,
2017-12-22 05:58:33,0,1,2,24.0,3782.3,40000.9,16000.6,58759.7,24.8,0,
2017-12-22 05:58:36,0,1,2,24.1,3782.9,40000.8,16067.3,59011.9,24.9,0,
2017-12-22 05:58:39,0,1,2,24.1,3783.3,40001.0,16067.3,59011.9,24.8,0,
2017-12-22 05:58:42,0,1,2,24.2,3784.1,40000.8,16133.9,59264.2,24.9,0,
2017-12-22 05:58:45,0,1,2,24.3,3784.7,40001.0,16200.6,59516.5,24.9,0,
2017-12-22 05:58:49,0,1,2,24.3,3785.4,40000.8,16200.6,59516.5,24.9,0,
2017-12-22 05:58:52,0,1,2,24.4,3785.9,40000.7,16267.3,59768.9,24.9,0,
2017-12-22 05:58:55,0,1,2,24.4,3786.5,40000.7,16267.3,59768.9,24.8,0,
2017-12-22 05:58:58,0,1,2,24.5,3787.0,40001.0,16333.9,60021.3,24.8,0,
2017-12-22 05:59:01,0,1,2,24.5,3787.6,40001.0,16333.9,60021.3,24.8,0,
2017-12-22 05:59:05,0,1,2,24.6,3788.4,40001.0,16400.6,60273.9,24.8,0,
2017-12-22 05:59:08,0,1,2,24.6,3789.0,40000.8,16400.6,60273.9,24.8,0,
2017-12-22 05:59:11,0,1,2,24.7,3789.4,40000.8,16467.3,60526.5,24.8,0,
2017-12-22 05:59:14,0,1,2,24.7,3790.1,40000.9,16467.3,60526.5,24.8,0,
2017-12-22 05:59:17,0,1,2,24.8,3790.7,40000.8,16533.9,60779.2,24.8,0,
2017-12-22 05:59:20,0,1,2,24.8,3791.4,40000.9,16533.9,60779.2,24.8,0,
2017-12-22 05:59:23,0,1,2,24.9,3791.8,40000.7,16600.6,61032.0,24.8,0,
2017-12-22 05:59:26,0,1,2,24.9,3792.6,40000.9,16600.6,61032.0,24.8,0,
2017-12-22 05:59:29,0,1,2,25.0,3793.0,40000.7,16667.3,61284.9,24.8,0,
2017-12-22 05:59:33,0,1,2,25.0,3793.8,40000.5,16667.3,61284.9,24.8,0,
2017-12-22 05:59:36,0,1,2,25.1,3794.2,40000.9,16733.9,61537.8,24.8,0,
2017-12-22 05:59:39,0,1,2,25.1,3795.1,40000.9,16733.9,61537.8,24.8,0,
2017-12-22 05:59:42,0,1,2,25.2,3795.7,40001.1,16800.6,61790.8,24.8,0,
2017-12-22 05:59:45,0,1,2,25.2,3796.1,40000.7,16800.6,61790.8,24.8,0,
2017-12-22 05:59:48,0,1,2,25.3,3796.7,40000.9,16867.3,62043.9,24.8,0,
2017-12-22 05:59:51,0,1,2,25.3,3797.5,40000.7,16867.3,62043.9,24.8,0,
2017-12-22 05:59:54,0,1,2,25.4,3798.0,40000.8,16934.0,62297.1,24.8,0,
2017-12-22 05:59:57,0,1,2,25.4,3798.5,40000.8,16934.0,62297.1,24.8,0,
2017-12-22 06:00:00,0,1,2,25.5,3799.4,40001.0,17000.6,62550.3,24.8,0,
2017-12-22 06:00:04,0,1,2,25.6,3799.9,40000.8,17067.3,62803.7,24.8,0,
2017-12-22 06:00:07,0,1,2,25.6,3800.7,40000.7,17067.3,62803.7,24.8,0,
2017-12-22 06:00:10,0,1,2,25.7,3801.2,40001.0,17134.0,63057.1,24.8,0,
2017-12-22 06:00:13,0,1,2,25.7,3801.9,40000.6,17134.0,63057.1,24.8,0,
2017-12-22 06:00:16,0,1,2,25.8,3802.6,40000.8,17200.6,63310.6,24.8,0,
2017-12-22 06:00:20,0,1,2,25.8,3803.3,40001.0,17200.6,63310.6,24.8,0,
2017-12-22 06:00:23,0,1,2,25.9,3803.9,40000.9,17267.3,63564.2,24.8,0,
2017-12-22 06:00:26,0,1,2,25.9,3804.6,40001.0,17267.3,63564.2,24.8,0,
2017-12-22 06:00:29,0,1,2,26.0,3805.3,40000.4,17334.0,63817.8,24.8,0,
2017-12-22 06:00:32,0,1,2,26.0,3805.8,40001.0,17334.0,63817.8,24.8,0,
2017-12-22 06:00:35,0,1,2,26.1,3806.7,40001.0,17400.6,64071.6,24.8,0,
2017-12-22 06:00:38,0,1,2,26.1,3807.2,40001.0,17400.6,64071.6,24.8,0,
2017-12-22 06:00:42,0,1,2,26.2,3808.0,40001.1,17467.3,64325.4,24.8,0,
2017-12-22 06:00:45,0,1,2,26.2,3808.5,40000.4,17467.3,64325.4,24.8,0,
2017-12-22 06:00:48,0,1,2,26.3,3809.2,40000.9,17534.0,64579.4,24.8,0,
2017-12-22 06:00:51,0,1,2,26.3,3810.0,40001.0,17534.0,64579.4,24.8,0,
2017-12-22 06:00:54,0,1,2,26.4,3810.6,40000.8,17600.7,64833.4,24.8,0,
2017-12-22 06:00:57,0,1,2,26.5,3811.2,40000.8,17667.3,65087.5,24.8,0,
2017-12-22 06:01:01,0,1,2,26.5,3812.1,40001.0,17667.3,65087.5,24.8,0,
2017-12-22 06:01:04,0,1,2,26.6,3812.9,40000.6,17734.0,65341.6,24.8,0,
2017-12-22 06:01:07,0,1,2,26.6,3813.6,40001.0,17734.0,65341.6,24.8,0,
2017-12-22 06:01:10,0,1,2,26.7,3814.3,40001.0,17800.7,65595.9,24.8,0,
2017-12-22 06:01:14,0,1,2,26.7,3814.9,40001.0,17800.7,65595.9,24.8,0,
2017-12-22 06:01:17,0,1,2,26.8,3815.7,40000.3,17867.3,65850.3,24.8,0,
2017-12-22 06:01:20,0,1,2,26.8,3816.3,40000.8,17867.3,65850.3,24.8,0,
2017-12-22 06:01:23,0,1,2,26.9,3817.0,40000.3,17934.0,66104.8,24.8,0,
2017-12-22 06:01:26,0,1,2,26.9,3817.7,40001.0,17934.0,66104.8,24.8,0,
2017-12-22 06:01:29,0,1,2,27.0,3818.5,40001.0,18000.7,66359.3,24.8,0,
2017-12-22 06:01:32,0,1,2,27.0,3819.1,40000.8,18000.7,66359.3,24.8,0,
2017-12-22 06:01:36,0,1,2,27.1,3819.9,40000.8,18067.3,66614.0,24.8,0,
2017-12-22 06:01:39,0,1,2,27.1,3820.6,40001.1,18067.3,66614.0,24.8,0,
2017-12-22 06:01:42,0,1,2,27.2,3821.4,40001.0,18134.0,66868.7,24.8,0,
2017-12-22 06:01:45,0,1,2,27.2,3822.1,40000.7,18134.0,66868.7,24.9,0,
2017-12-22 06:01:48,0,1,2,27.3,3822.7,40001.2,18200.7,67123.5,24.9,0,
2017-12-22 06:01:51,0,1,2,27.3,3823.7,40001.1,18200.7,67123.5,24.9,0,
2017-12-22 06:01:55,0,1,2,27.4,3824.3,40001.0,18267.4,67378.4,24.9,0,
2017-12-22 06:01:58,0,1,2,27.5,3825.0,40000.8,18334.0,67633.5,24.9,0,
2017-12-22 06:02:01,0,1,2,27.5,3825.8,40001.2,18334.0,67633.5,24.9,0,
2017-12-22 06:02:04,0,1,2,27.6,3826.6,40001.3,18400.7,67888.6,24.9,0,
2017-12-22 06:02:07,0,1,2,27.6,3827.3,40001.0,18400.7,67888.6,24.9,0,
2017-12-22 06:02:10,0,1,2,27.7,3828.2,40001.0,18467.4,68143.7,24.9,0,
2017-12-22 06:02:14,0,1,2,27.7,3828.8,40001.2,18467.4,68143.7,24.9,0,
2017-12-22 06:02:17,0,1,2,27.8,3829.6,40000.6,18534.0,68399.0,24.9,0,
2017-12-22 06:02:20,0,1,2,27.8,3830.3,40001.0,18534.0,68399.0,24.9,0,
2017-12-22 06:02:23,0,1,2,27.9,3831.1,40001.2,18600.7,68654.4,24.9,0,
2017-12-22 06:02:26,0,1,2,27.9,3831.9,40001.0,18600.7,68654.4,24.9,0,
2017-12-22 06:02:29,0,1,2,28.0,3832.7,40001.0,18667.4,68909.9,24.9,0,
2017-12-22 06:02:32,0,1,2,28.0,3833.3,40001.0,18667.4,68909.9,24.9,0,
2017-12-22 06:02:35,0,1,2,28.1,3834.0,40000.8,18734.0,69165.5,25.0,0,
2017-12-22 06:02:38,0,1,2,28.1,3834.9,40001.0,18734.0,69165.5,25.0,0,
2017-12-22 06:02:41,0,1,2,28.2,3835.5,40000.9,18800.7,69421.2,25.0,0,
2017-12-22 06:02:44,0,1,2,28.2,3836.3,40001.0,18800.7,69421.2,25.0,0,
2017-12-22 06:02:47,0,1,2,28.3,3837.2,40000.9,18867.4,69677.0,25.0,0,
2017-12-22 06:02:51,0,1,2,28.3,3837.9,40001.1,18867.4,69677.0,25.0,0,
2017-12-22 06:02:54,0,1,2,28.4,3838.7,40001.1,18934.0,69932.9,25.0,0,
2017-12-22 06:02:57,0,1,2,28.4,3839.5,40001.0,18934.0,69932.9,25.0,0,
2017-12-22 06:03:00,0,1,2,28.5,3840.4,40001.3,19000.7,70188.9,25.0,0,
2017-12-22 06:03:03,0,1,2,28.5,3841.2,40001.2,19000.7,70188.9,25.0,0,
2017-12-22 06:03:06,0,1,2,28.6,3841.9,40001.1,19067.4,70445.0,25.0,0,
2017-12-22 06:03:09,0,1,2,28.6,3842.8,40001.3,19067.4,70445.0,24.9,0,
2017-12-22 06:03:12,0,1,2,28.7,3843.6,40000.7,19134.1,70701.1,24.9,0,
2017-12-22 06:03:16,0,1,2,28.8,3844.5,40000.9,19200.7,70957.5,24.9,0,
2017-12-22 06:03:19,0,1,2,28.8,3845.1,40001.0,19200.7,70957.5,24.8,0,
2017-12-22 06:03:22,0,1,2,28.9,3846.1,40001.2,19267.4,71213.9,24.8,0,
2017-12-22 06:03:25,0,1,2,28.9,3846.7,40001.1,19267.4,71213.9,24.8,0,
2017-12-22 06:03:28,0,1,2,29.0,3847.7,40001.0,19334.1,71470.4,24.8,0,
2017-12-22 06:03:31,0,1,2,29.0,3848.4,40001.1,19334.1,71470.4,24.8,0,
2017-12-22 06:03:34,0,1,2,29.1,3849.2,40000.8,19400.7,71727.0,24.8,0,
2017-12-22 06:03:38,0,1,2,29.1,3850.1,40001.2,19400.7,71727.0,24.8,0,
2017-12-22 06:03:41,0,1,2,29.2,3850.8,40001.0,19467.4,71983.7,24.8,0,
2017-12-22 06:03:44,0,1,2,29.2,3851.8,40001.1,19467.4,71983.7,24.9,0,
2017-12-22 06:03:47,0,1,2,29.3,3852.5,40000.6,19534.1,72240.5,24.8,0,
2017-12-22 06:03:50,0,1,2,29.3,3853.3,40000.8,19534.1,72240.5,24.9,0,
2017-12-22 06:03:53,0,1,2,29.4,3854.0,40001.5,19600.8,72497.5,24.9,0,
2017-12-22 06:03:56,0,1,2,29.4,3854.9,40000.9,19600.8,72497.5,24.9,0,
2017-12-22 06:03:59,0,1,2,29.5,3855.9,40001.1,19667.4,72754.5,24.9,0,
2017-12-22 06:04:02,0,1,2,29.5,3856.5,40001.0,19667.4,72754.5,24.9,0,
2017-12-22 06:04:05,0,1,2,29.6,3857.4,40001.1,19734.1,73011.7,24.9,0,
2017-12-22 06:04:08,0,1,2,29.6,3858.2,40000.5,19734.1,73011.7,24.9,0,
2017-12-22 06:04:12,0,1,2,29.7,3859.1,40001.1,19800.8,73268.9,24.9,0,
2017-12-22 06:04:15,0,1,2,29.7,3860.1,40001.0,19800.8,73268.9,24.9,0,
2017-12-22 06:04:18,0,1,2,29.8,3860.9,40001.1,19867.4,73526.3,24.9,0,
2017-12-22 06:04:21,0,1,2,29.8,3861.7,40001.1,19867.4,73526.3,25.0,0,
2017-12-22 06:04:24,0,1,2,29.9,3862.5,40001.3,19934.1,73783.7,25.0,0,
2017-12-22 06:04:27,0,1,2,30.0,3863.6,40001.0,20000.8,74041.3,25.0,0,
2017-12-22 06:04:30,0,1,2,30.0,3864.1,40001.3,20000.8,74041.3,25.0,0,
2017-12-22 06:04:34,0,1,2,30.1,3865.3,40001.1,20067.4,74299.0,25.0,0,
2017-12-22 06:04:37,0,1,2,30.1,3865.9,40001.2,20067.4,74299.0,25.0,0,
2017-12-22 06:04:40,0,1,2,30.2,3866.9,40001.1,20134.1,74556.8,25.0,0,
2017-12-22 06:04:43,0,1,2,30.2,3867.7,40001.2,20134.1,74556.8,25.0,0,
2017-12-22 06:04:46,0,1,2,30.3,3868.4,40001.0,20200.8,74814.7,25.0,0,
2017-12-22 06:04:49,0,1,2,30.3,3869.3,40001.0,20200.8,74814.7,25.0,0,
2017-12-22 06:04:52,0,1,2,30.4,3870.2,40001.2,20267.4,75072.7,25.0,0,
2017-12-22 06:04:55,0,1,2,30.4,3871.2,40000.8,20267.4,75072.7,25.0,0,
2017-12-22 06:04:58,0,1,2,30.5,3871.9,40001.2,20334.1,75330.8,25.0,0,
2017-12-22 06:05:01,0,1,2,30.5,3873.0,40001.3,20334.1,75330.8,25.0,0,
2017-12-22 06:05:05,0,1,2,30.6,3873.8,40000.9,20400.8,75589.1,25.0,0,
2017-12-22 06:05:08,0,1,2,30.6,3874.8,40001.5,20400.8,75589.1,24.9,0,
2017-12-22 06:05:11,0,1,2,30.7,3875.7,40001.8,20467.5,75847.5,24.9,0,
2017-12-22 06:05:14,0,1,2,30.7,3876.5,40002.3,20467.5,75847.5,25.0,0,
2017-12-22 06:05:17,0,1,2,30.8,3877.4,40001.9,20534.1,76105.9,24.9,0,
2017-12-22 06:05:20,0,1,2,30.8,3878.3,40002.6,20534.1,76105.9,24.9,0,
2017-12-22 06:05:24,0,1,2,30.9,3879.4,40000.1,20600.8,76364.5,25.0,0,
2017-12-22 06:05:27,0,1,2,30.9,3880.0,39999.6,20600.8,76364.5,25.0,0,
2017-12-22 06:05:30,0,1,2,31.0,3881.1,39999.9,20667.5,76623.2,25.0,0,
2017-12-22 06:05:33,0,1,2,31.0,3881.9,39999.8,20667.5,76623.2,25.0,0,
2017-12-22 06:05:36,0,1,2,31.1,3882.7,40000.3,20734.1,76882.0,25.0,0,
2017-12-22 06:05:39,0,1,2,31.1,3883.6,40000.1,20734.1,76882.0,25.0,0,
2017-12-22 06:05:42,0,1,2,31.2,3884.6,39999.7,20800.8,77141.0,25.0,0,
2017-12-22 06:05:45,0,1,2,31.2,3885.6,40000.3,20800.8,77141.0,25.0,0,
2017-12-22 06:05:48,0,1,2,31.3,3886.5,40000.5,20867.5,77400.0,24.9,0,
2017-12-22 06:05:51,0,1,2,31.4,3887.3,40000.3,20934.1,77659.2,25.0,0,
2017-12-22 06:05:54,0,1,2,31.4,3888.3,40000.8,20934.1,77659.2,24.9,0,
2017-12-22 06:05:57,0,1,2,31.5,3889.1,40001.1,21000.8,77918.5,24.9,0,
2017-12-22 06:06:01,0,1,2,31.5,3890.1,40001.2,21000.8,77918.5,24.9,0,
2017-12-22 06:06:04,0,1,2,31.6,3891.2,40001.0,21067.5,78177.9,24.9,0,
2017-12-22 06:06:07,0,1,2,31.6,3891.9,40001.4,21067.5,78177.9,25.0,0,
2017-12-22 06:06:10,0,1,2,31.7,3893.0,40001.3,21134.2,78437.4,25.0,0,
2017-12-22 06:06:13,0,1,2,31.7,3893.8,40001.3,21134.2,78437.4,25.0,0,
2017-12-22 06:06:16,0,1,2,31.8,3894.8,40001.5,21200.8,78697.1,25.0,0,
2017-12-22 06:06:19,0,1,2,31.8,3895.6,40002.7,21200.8,78697.1,25.0,0,
2017-12-22 06:06:22,0,1,2,31.9,3896.5,40002.1,21267.5,78956.8,25.0,0,
2017-12-22 06:06:25,0,1,2,31.9,3897.5,40003.4,21267.5,78956.8,25.0,0,
2017-12-22 06:06:29,0,1,2,32.0,3898.5,40003.8,21334.2,79216.7,25.0,0,
2017-12-22 06:06:32,0,1,2,32.0,3899.3,40002.5,21334.2,79216.7,25.0,0,
2017-12-22 06:06:35,0,1,2,32.1,3900.0,39660.8,21400.8,79476.7,25.0,0,
2017-12-22 06:06:38,0,1,2,32.1,3900.1,38391.0,21400.8,79476.7,25.0,0,
2017-12-22 06:06:41,0,1,2,32.2,3900.2,37511.9,21464.0,79723.1,25.0,0,
2017-12-22 06:06:44,0,1,2,32.2,3899.9,36491.7,21464.0,79723.1,25.0,0,
2017-12-22 06:06:47,0,1,2,32.3,3900.2,35766.5,21524.4,79958.6,25.0,0,
2017-12-22 06:06:50,0,1,2,32.3,3900.0,34981.5,21524.4,79958.6,25.0,0,
2017-12-22 06:06:53,0,1,2,32.4,3900.1,34360.5,21582.3,80184.4,25.0,0,
2017-12-22 06:06:56,0,1,2,32.4,3900.1,33595.6,21582.3,80184.4,25.0,0,
2017-12-22 06:07:00,0,1,2,32.5,3900.0,33009.7,21638.0,80401.7,25.0,0,
2017-12-22 06:07:03,0,1,2,32.5,3900.0,32370.6,21638.0,80401.7,25.0,0,
2017-12-22 06:07:06,0,1,2,32.6,3900.1,31715.3,21691.8,80611.4,25.0,0,
2017-12-22 06:07:09,0,1,2,32.6,3900.0,31162.7,21691.8,80611.4,25.0,0,
2017-12-22 06:07:12,0,1,2,32.7,3900.0,30542.9,21743.7,80814.0,25.0,0,
2017-12-22 06:07:16,0,1,2,32.8,3899.9,30021.3,21793.9,81009.6,25.0,0,
2017-12-22 06:07:19,0,1,2,32.8,3900.0,29432.1,21793.9,81009.6,25.0,0,
2017-12-22 06:07:22,0,1,2,32.9,3900.1,28904.8,21842.3,81198.4,25.0,0,
2017-12-22 06:07:25,0,1,2,32.9,3899.9,28403.9,21842.3,81198.4,25.0,0,
2017-12-22 06:07:28,0,1,2,33.0,3899.8,27855.4,21889.1,81381.2,25.0,0,
2017-12-22 06:07:32,0,1,2,33.0,3899.9,27423.4,21889.1,81381.2,25.0,0,
2017-12-22 06:07:35,0,1,2,33.1,3899.9,26879.0,21934.4,81557.6,25.0,0,
2017-12-22 06:07:38,0,1,2,33.1,3899.8,26346.6,21934.4,81557.6,25.0,0,
2017-12-22 06:07:41,0,1,2,33.2,3900.0,25954.1,21978.1,81728.0,25.0,0,
2017-12-22 06:07:44,0,1,2,33.2,3900.1,25564.7,21978.1,81728.0,25.0,0,
2017-12-22 06:07:47,0,1,2,33.3,3900.0,25182.3,22020.3,81892.6,25.0,0,
2017-12-22 06:07:51,0,1,2,33.3,3900.0,24634.1,22020.3,81892.6,25.0,0,
2017-12-22 06:07:54,0,1,2,33.4,3899.9,24202.9,22061.2,82052.2,25.0,0,
2017-12-22 06:07:57,0,1,2,33.4,3899.8,23772.5,22061.2,82052.2,24.9,0,
2017-12-22 06:08:00,0,1,2,33.5,3900.2,23534.4,22100.7,82206.4,24.9,0,
2017-12-22 06:08:03,0,1,2,33.5,3900.1,23024.7,22100.7,82206.4,24.9,0,
2017-12-22 06:08:06,0,1,2,33.6,3900.0,22666.3,22139.0,82355.6,24.9,0,
2017-12-22 06:08:09,0,1,2,33.7,3900.0,22284.5,22176.1,82500.4,24.9,0,
2017-12-22 06:08:12,0,1,2,33.7,3900.1,21940.0,22176.1,82500.4,24.9,0,
2017-12-22 06:08:16,0,1,2,33.8,3899.9,21613.4,22212.2,82640.9,24.9,0,
2017-12-22 06:08:19,0,1,2,33.8,3900.1,21194.3,22212.2,82640.9,24.9,0,
2017-12-22 06:08:22,0,1,2,33.9,3899.9,20762.6,22246.8,82776.0,24.9,0,
2017-12-22 06:08:25,0,1,2,33.9,3899.9,20555.3,22246.8,82776.0,24.9,0,
2017-12-22 06:08:28,0,1,2,34.0,3900.0,20108.0,22280.5,82907.3,24.8,0,
2017-12-22 06:08:31,0,1,2,34.0,3899.9,19854.4,22280.5,82907.3,24.8,0,
2017-12-22 06:08:34,0,1,2,34.1,3900.1,19560.9,22313.1,83034.7,24.9,0,
2017-12-22 06:08:37,0,1,2,34.1,3900.0,19172.2,22313.1,83034.7,24.9,0,
2017-12-22 06:08:40,0,1,2,34.2,3900.1,18875.6,22344.7,83158.0,24.9,0,
2017-12-22 06:08:44,0,1,2,34.2,3899.9,18548.9,22344.7,83158.0,24.9,0,
2017-12-22 06:08:47,0,1,2,34.3,3900.0,18272.0,22375.4,83277.6,24.9,0,
2017-12-22 06:08:50,0,1,2,34.3,3900.0,17908.2,22375.4,83277.6,24.9,0,
2017-12-22 06:08:53,0,1,2,34.4,3900.0,17596.2,22405.1,83393.4,24.9,0,
2017-12-22 06:08:56,0,1,2,34.4,3899.9,17419.5,22405.1,83393.4,25.0,0,
2017-12-22 06:09:00,0,1,2,34.5,3900.0,17075.8,22433.9,83505.6,25.0,0,
2017-12-22 06:09:03,0,1,2,34.5,3900.0,16736.8,22433.9,83505.6,25.0,0,
2017-12-22 06:09:06,0,1,2,34.6,3900.0,16525.6,22461.8,83614.4,25.0,0,
2017-12-22 06:09:09,0,1,2,34.6,3900.2,16319.5,22461.8,83614.4,25.0,0,
2017-12-22 06:09:12,0,1,2,34.7,3899.8,15916.3,22488.9,83720.2,25.0,0,
2017-12-22 06:09:16,0,1,2,34.8,3900.1,15717.9,22515.1,83822.4,25.0,0,
2017-12-22 06:09:19,0,1,2,34.8,3899.8,15405.1,22515.1,83822.4,24.9,0,
2017-12-22 06:09:22,0,1,2,34.9,3900.0,15182.1,22540.5,83921.5,24.9,0,
2017-12-22 06:09:25,0,1,2,34.9,3900.0,14985.5,22540.5,83921.5,24.9,0,
2017-12-22 06:09:28,0,1,2,35.0,3900.1,14615.1,22565.2,84017.7,24.9,0,
2017-12-22 06:09:31,0,1,2,35.0,3899.9,14431.3,22565.2,84017.7,24.9,0,
2017-12-22 06:09:34,0,1,2,35.1,3900.0,14145.5,22589.0,84110.5,24.9,0,
2017-12-22 06:09:38,0,1,2,35.1,3900.0,14035.0,22589.0,84110.5,24.9,0,
2017-12-22 06:09:41,0,1,2,35.2,3900.1,13895.6,22612.3,84201.5,24.9,0,
2017-12-22 06:09:44,0,1,2,35.2,3900.1,13652.4,22612.3,84201.5,24.8,0,
2017-12-22 06:09:47,0,1,2,35.3,3900.1,13414.8,22634.9,84289.4,24.9,0,
2017-12-22 06:09:50,0,1,2,35.3,3900.0,13181.8,22634.9,84289.4,24.8,0,
2017-12-22 06:09:53,0,1,2,35.4,3900.0,12920.3,22656.7,84374.4,24.9,0,
2017-12-22 06:09:57,0,1,2,35.4,3900.0,12760.2,22656.7,84374.4,24.9,0,
2017-12-22 06:10:00,0,1,2,35.5,3900.0,12506.4,22677.8,84457.0,24.9,0,
2017-12-22 06:10:03,0,1,2,35.5,3899.9,12381.1,22677.8,84457.0,24.9,0,
2017-12-22 06:10:06,0,1,2,35.6,3900.1,12166.5,22698.4,84537.2,24.8,0,
2017-12-22 06:10:09,0,1,2,35.6,3900.0,11925.1,22698.4,84537.2,24.9,0,
2017-12-22 06:10:13,0,1,2,35.7,3899.5,11774.5,22718.3,84614.7,24.8,0,
2017-12-22 06:10:15,0,1,2,35.8,3899.9,11600.3,22737.6,84690.1,24.8,0,
2017-12-22 06:10:18,0,1,2,35.8,3900.2,11455.5,22737.6,84690.1,24.8,0,
2017-12-22 06:10:22,0,1,2,35.9,3900.1,11284.7,22756.5,84763.7,24.8,0,
2017-12-22 06:10:25,0,1,2,35.9,3899.9,11005.5,22756.5,84763.7,24.8,0,
2017-12-22 06:10:28,0,1,2,36.0,3900.1,10949.4,22774.7,84834.9,24.8,0,
2017-12-22 06:10:31,0,1,2,36.0,3900.0,10705.4,22774.7,84834.9,24.8,0,
2017-12-22 06:10:34,0,1,2,36.1,3900.1,10572.2,22792.3,84903.6,24.8,0,
2017-12-22 06:10:37,0,1,2,36.1,3900.1,10466.6,22792.3,84903.6,24.8,0,
2017-12-22 06:10:40,0,1,2,36.2,3900.1,10335.3,22809.6,84970.9,24.8,0,
2017-12-22 06:10:43,0,1,2,36.2,3900.2,10130.7,22809.6,84970.9,24.8,0,
2017-12-22 06:10:46,0,1,2,36.3,3900.0,9978.9,22826.3,85036.0,24.8,5,终止电流到
2017-12-22 06:10:46,0,1,2,36.3,3892.7,5.7,22826.3,85036.0,24.8,5,终止电流到
2017-12-22 06:10:50,0,1,2,36.3,3891.8,5.5,22826.3,85036.0,24.8,5,终止电流到
2017-12-22 06:10:53,0,1,2,36.4,3890.8,5.0,22826.3,85036.0,24.8,5,终止电流到
2017-12-22 06:10:56,0,1,2,36.4,3890.1,5.1,22826.3,85036.0,24.8,5,终止电流到
2017-12-22 06:10:59,0,1,2,36.5,3889.4,4.5,22826.3,85036.0,24.8,5,终止电流到
2017-12-22 06:11:02,0,1,2,36.5,3889.0,5.0,22826.3,85036.0,24.8,5,终止电流到
2017-12-22 06:11:07,0,2,3,0.0,3888.2,0,0.0,0.0,24.8,0,
2017-12-22 06:11:30,0,2,3,0.4,3886.5,22.1,0.0,0.0,24.8,0,
2017-12-22 06:11:33,0,2,3,0.4,3886.2,22.1,0.0,0.0,24.7,0,
2017-12-22 06:11:36,0,2,3,0.5,3886.1,21.9,0.0,0.0,24.8,0,
2017-12-22 06:11:39,0,2,3,0.5,3886.0,20.8,0.0,0.0,24.8,0,
2017-12-22 06:11:42,0,2,3,0.6,3885.8,20.9,0.0,0.0,24.8,0,
2017-12-22 06:11:45,0,2,3,0.6,3885.6,20.7,0.0,0.0,24.8,0,
2017-12-22 06:11:49,0,2,3,0.7,3885.5,21.7,0.0,0.0,24.8,0,
2017-12-22 06:11:52,0,2,3,0.7,3885.4,20.6,0.0,0.0,24.8,0,
2017-12-22 06:11:55,0,2,3,0.8,3885.4,20.6,0.0,0.0,24.8,0,
2017-12-22 06:11:58,0,2,3,0.8,3885.2,21.4,0.0,0.0,24.8,0,
2017-12-22 06:12:01,0,2,3,0.9,3885.0,21.1,0.0,0.0,24.8,0,
2017-12-22 06:12:04,0,2,3,0.9,3885.0,21.8,0.0,0.0,24.8,0,
2017-12-22 06:12:07,0,2,3,1.0,3884.9,21.3,0.0,0.0,24.7,0,
2017-12-22 06:12:08,0,2,3,1.0,3884.9,21.5,0.0,0.0,24.8,1,时间到
2017-12-22 06:12:12,0,3,4,0.0,3884.8,0,0.0,0.0,24.8,0,
2017-12-22 06:12:34,0,3,4,0.4,3836.3,-39999.7,266.7,1025.4,24.7,0,
2017-12-22 06:12:38,0,3,4,0.4,3833.9,-39999.5,266.7,1025.4,24.8,0,
2017-12-22 06:12:41,0,3,4,0.5,3831.5,-40000.5,333.3,1280.8,24.8,0,
2017-12-22 06:12:44,0,3,4,0.5,3829.6,-39999.9,333.3,1280.8,24.7,0,
2017-12-22 06:12:47,0,3,4,0.6,3827.6,-40000.0,400.0,1536.0,24.7,0,
2017-12-22 06:12:50,0,3,4,0.6,3825.8,-40000.2,400.0,1536.0,24.7,0,
2017-12-22 06:12:53,0,3,4,0.7,3823.9,-40000.1,466.7,1791.0,24.8,0,
2017-12-22 06:12:56,0,3,4,0.7,3822.2,-40000.5,466.7,1791.0,24.8,0,
2017-12-22 06:13:00,0,3,4,0.8,3820.5,-39999.9,533.3,2045.8,24.8,0,
2017-12-22 06:13:03,0,3,4,0.8,3819.1,-40000.7,533.3,2045.8,24.8,0,
2017-12-22 06:13:06,0,3,4,0.9,3817.5,-40000.6,600.0,2300.3,24.8,0,
2017-12-22 06:13:09,0,3,4,0.9,3815.9,-40000.5,600.0,2300.3,24.8,0,
2017-12-22 06:13:12,0,3,4,1.0,3814.5,-40000.5,666.7,2554.7,24.8,0,
2017-12-22 06:13:15,0,3,4,1.0,3813.0,-40000.8,666.7,2554.7,24.8,0,
2017-12-22 06:13:18,0,3,4,1.1,3811.5,-40000.5,733.4,2808.9,24.8,0,
2017-12-22 06:13:22,0,3,4,1.1,3810.0,-40000.5,733.4,2808.9,24.8,0,
2017-12-22 06:13:25,0,3,4,1.2,3808.6,-40000.0,800.0,3062.9,24.8,0,
2017-12-22 06:13:28,0,3,4,1.2,3807.4,-40000.6,800.0,3062.9,24.7,0,
2017-12-22 06:13:31,0,3,4,1.3,3806.0,-40000.4,866.7,3316.7,24.8,0,
2017-12-22 06:13:34,0,3,4,1.3,3804.5,-40000.5,866.7,3316.7,24.8,0,
2017-12-22 06:13:37,0,3,4,1.4,3803.3,-40000.6,933.4,3570.3,24.8,0,
2017-12-22 06:13:40,0,3,4,1.5,3801.9,-40000.6,1000.0,3823.8,24.8,0,
2017-12-22 06:13:44,0,3,4,1.5,3800.7,-40000.7,1000.0,3823.8,24.8,0,
2017-12-22 06:13:47,0,3,4,1.6,3799.2,-40000.3,1066.7,4077.1,24.8,0,
2017-12-22 06:13:50,0,3,4,1.6,3798.0,-40000.7,1066.7,4077.1,24.8,0,
2017-12-22 06:13:53,0,3,4,1.7,3796.4,-40000.1,1133.4,4330.2,24.8,0,
2017-12-22 06:13:56,0,3,4,1.7,3795.2,-40000.3,1133.4,4330.2,24.7,0,
2017-12-22 06:14:00,0,3,4,1.8,3794.0,-40000.2,1200.0,4583.2,24.7,0,
2017-12-22 06:14:03,0,3,4,1.8,3792.5,-40000.1,1200.0,4583.2,24.8,0,
2017-12-22 06:14:06,0,3,4,1.9,3791.4,-40000.2,1266.7,4836.0,24.7,0,
2017-12-22 06:14:09,0,3,4,1.9,3790.1,-40000.7,1266.7,4836.0,24.8,0,
2017-12-22 06:14:12,0,3,4,2.0,3788.7,-40000.2,1333.4,5088.6,24.8,0,
2017-12-22 06:14:15,0,3,4,2.0,3787.4,-40000.4,1333.4,5088.6,24.7,0,
2017-12-22 06:14:18,0,3,4,2.1,3786.0,-40000.2,1400.0,5341.1,24.8,0,
2017-12-22 06:14:22,0,3,4,2.1,3784.8,-40000.2,1400.0,5341.1,24.7,0,
2017-12-22 06:14:25,0,3,4,2.2,3783.5,-40000.2,1466.7,5593.4,24.7,0,
2017-12-22 06:14:28,0,3,4,2.2,3782.2,-40000.2,1466.7,5593.4,24.8,0,
2017-12-22 06:14:31,0,3,4,2.3,3780.9,-40000.5,1533.4,5845.5,24.8,0,
2017-12-22 06:14:34,0,3,4,2.3,3779.6,-40000.5,1533.4,5845.5,24.8,0,
2017-12-22 06:14:37,0,3,4,2.4,3778.3,-40000.3,1600.0,6097.5,24.8,0,
2017-12-22 06:14:40,0,3,4,2.5,3777.0,-40000.0,1666.7,6349.3,24.8,0,
2017-12-22 06:14:44,0,3,4,2.5,3775.6,-39999.7,1666.7,6349.3,24.8,0,
2017-12-22 06:14:47,0,3,4,2.6,3774.4,-40000.5,1733.4,6601.0,24.8,0,
2017-12-22 06:14:50,0,3,4,2.6,3773.2,-40000.1,1733.4,6601.0,24.8,0,
2017-12-22 06:14:53,0,3,4,2.7,3771.8,-40000.0,1800.0,6852.4,24.8,0,
2017-12-22 06:14:56,0,3,4,2.7,3770.7,-39999.6,1800.0,6852.4,24.8,0,
2017-12-22 06:14:59,0,3,4,2.8,3769.4,-39999.7,1866.7,7103.8,24.8,0,
2017-12-22 06:15:02,0,3,4,2.8,3768.1,-40000.0,1866.7,7103.8,24.8,0,
2017-12-22 06:15:05,0,3,4,2.9,3766.8,-40000.0,1933.4,7354.9,24.8,0,
2017-12-22 06:15:09,0,3,4,2.9,3765.6,-40000.0,1933.4,7354.9,24.8,0,
2017-12-22 06:15:12,0,3,4,3.0,3764.3,-40000.0,2000.0,7605.9,24.8,0,
2017-12-22 06:15:15,0,3,4,3.0,3763.0,-40000.2,2000.0,7605.9,24.8,0,
2017-12-22 06:15:18,0,3,4,3.1,3761.7,-39999.9,2066.7,7856.7,24.8,0,
2017-12-22 06:15:21,0,3,4,3.1,3760.7,-39999.7,2066.7,7856.7,24.8,0,
2017-12-22 06:15:24,0,3,4,3.2,3759.4,-39999.7,2133.4,8107.4,24.8,0,
2017-12-22 06:15:27,0,3,4,3.2,3758.1,-39999.5,2133.4,8107.4,24.8,0,
2017-12-22 06:15:31,0,3,4,3.3,3756.9,-40000.0,2200.0,8357.9,24.8,0,
2017-12-22 06:15:34,0,3,4,3.3,3755.7,-40000.0,2200.0,8357.9,24.7,0,
2017-12-22 06:15:37,0,3,4,3.4,3754.4,-39999.7,2266.7,8608.3,24.8,0,
2017-12-22 06:15:40,0,3,4,3.4,3753.1,-39999.7,2266.7,8608.3,24.8,0,
2017-12-22 06:15:43,0,3,4,3.5,3751.9,-39999.8,2333.4,8858.5,24.8,0,
2017-12-22 06:15:46,0,3,4,3.6,3750.7,-39999.8,2400.0,9108.5,24.8,0,
2017-12-22 06:15:49,0,3,4,3.6,3749.6,-40000.0,2400.0,9108.5,24.8,0,
2017-12-22 06:15:53,0,3,4,3.7,3748.4,-39999.6,2466.7,9358.4,24.8,0,
2017-12-22 06:15:56,0,3,4,3.7,3747.2,-39999.8,2466.7,9358.4,24.8,0,
2017-12-22 06:15:59,0,3,4,3.8,3746.1,-39999.5,2533.4,9608.2,24.8,0,
2017-12-22 06:16:02,0,3,4,3.8,3744.7,-39999.9,2533.4,9608.2,24.8,0,
2017-12-22 06:16:05,0,3,4,3.9,3743.7,-39999.7,2600.0,9857.8,24.8,0,
2017-12-22 06:16:08,0,3,4,3.9,3742.5,-39999.5,2600.0,9857.8,24.8,0,
2017-12-22 06:16:11,0,3,4,4.0,3741.2,-40000.0,2666.7,10107.2,24.8,0,
2017-12-22 06:16:15,0,3,4,4.0,3740.1,-39999.8,2666.7,10107.2,24.8,0,
2017-12-22 06:16:18,0,3,4,4.1,3739.0,-39999.8,2733.4,10356.5,24.8,0,
2017-12-22 06:16:21,0,3,4,4.1,3737.9,-39999.5,2733.4,10356.5,24.7,0,
2017-12-22 06:16:24,0,3,4,4.2,3736.7,-40000.0,2800.0,10605.7,24.8,0,
2017-12-22 06:16:27,0,3,4,4.2,3735.6,-39999.8,2800.0,10605.7,24.8,0,
2017-12-22 06:16:30,0,3,4,4.3,3734.5,-39999.5,2866.7,10854.7,24.8,0,
2017-12-22 06:16:33,0,3,4,4.3,3733.4,-39999.7,2866.7,10854.7,24.8,0,
2017-12-22 06:16:37,0,3,4,4.4,3732.2,-39999.5,2933.4,11103.5,24.8,0,
2017-12-22 06:16:40,0,3,4,4.4,3731.1,-39999.3,2933.4,11103.5,24.8,0,
2017-12-22 06:16:43,0,3,4,4.5,3730.0,-40000.2,3000.0,11352.3,24.8,0,
2017-12-22 06:16:46,0,3,4,4.5,3729.0,-39999.7,3000.0,11352.3,24.8,0,
2017-12-22 06:16:49,0,3,4,4.6,3728.0,-39999.9,3066.7,11600.8,24.8,0,
2017-12-22 06:16:52,0,3,4,4.6,3726.9,-40000.0,3066.7,11600.8,24.8,0,
2017-12-22 06:16:55,0,3,4,4.7,3725.8,-40000.1,3133.4,11849.3,24.8,0,
2017-12-22 06:16:58,0,3,4,4.8,3724.8,-39999.7,3200.0,12097.6,24.8,0,
2017-12-22 06:17:02,0,3,4,4.8,3723.7,-39999.7,3200.0,12097.6,24.8,0,
2017-12-22 06:17:05,0,3,4,4.9,3722.7,-39999.7,3266.7,12345.8,24.7,0,
2017-12-22 06:17:08,0,3,4,4.9,3721.6,-39999.7,3266.7,12345.8,24.8,0,
2017-12-22 06:17:11,0,3,4,5.0,3720.7,-39999.0,3333.4,12593.8,24.7,0,
2017-12-22 06:17:14,0,3,4,5.0,3719.7,-39999.0,3333.4,12593.8,24.7,0,
2017-12-22 06:17:17,0,3,4,5.1,3718.6,-39999.7,3400.0,12841.7,24.8,0,
2017-12-22 06:17:20,0,3,4,5.1,3717.7,-39999.7,3400.0,12841.7,24.7,0,
2017-12-22 06:17:24,0,3,4,5.2,3716.6,-39999.2,3466.7,13089.5,24.7,0,
2017-12-22 06:17:27,0,3,4,5.2,3715.8,-39999.7,3466.7,13089.5,24.7,0,
2017-12-22 06:17:30,0,3,4,5.3,3714.7,-39999.5,3533.3,13337.2,24.7,0,
2017-12-22 06:17:33,0,3,4,5.3,3713.6,-39999.8,3533.3,13337.2,24.7,0,
2017-12-22 06:17:36,0,3,4,5.4,3712.7,-39999.5,3600.0,13584.8,24.7,0,
2017-12-22 06:17:39,0,3,4,5.4,3711.7,-39999.7,3600.0,13584.8,24.7,0,
2017-12-22 06:17:42,0,3,4,5.5,3710.8,-39999.7,3666.7,13832.2,24.7,0,
2017-12-22 06:17:46,0,3,4,5.5,3709.9,-39999.5,3666.7,13832.2,24.7,0,
2017-12-22 06:17:49,0,3,4,5.6,3708.9,-39999.5,3733.3,14079.5,24.7,0,
2017-12-22 06:17:52,0,3,4,5.6,3708.0,-39998.8,3733.3,14079.5,24.7,0,
2017-12-22 06:17:55,0,3,4,5.7,3707.1,-39999.3,3800.0,14326.7,24.7,0,
2017-12-22 06:17:58,0,3,4,5.7,3706.1,-39999.7,3800.0,14326.7,24.7,0,
2017-12-22 06:18:01,0,3,4,5.8,3705.3,-39999.7,3866.7,14573.8,24.7,0,
2017-12-22 06:18:04,0,3,4,5.9,3704.4,-39999.7,3933.3,14820.7,24.7,0,
2017-12-22 06:18:07,0,3,4,5.9,3703.5,-39999.2,3933.3,14820.7,24.6,0,
2017-12-22 06:18:11,0,3,4,6.0,3702.6,-39999.3,4000.0,15067.6,24.7,0,
2017-12-22 06:18:14,0,3,4,6.0,3701.5,-39999.7,4000.0,15067.6,24.7,0,
2017-12-22 06:18:17,0,3,4,6.1,3700.6,-39998.8,4066.7,15314.3,24.7,0,
2017-12-22 06:18:20,0,3,4,6.1,3699.7,-39999.4,4066.7,15314.3,24.6,0,
2017-12-22 06:18:23,0,3,4,6.2,3698.8,-39999.7,4133.3,15560.9,24.7,0,
2017-12-22 06:18:26,0,3,4,6.2,3698.1,-39999.7,4133.3,15560.9,24.6,0,
2017-12-22 06:18:29,0,3,4,6.3,3697.2,-39999.5,4200.0,15807.4,24.7,0,
2017-12-22 06:18:33,0,3,4,6.3,3696.4,-39999.7,4200.0,15807.4,24.7,0,
2017-12-22 06:18:36,0,3,4,6.4,3695.5,-39999.3,4266.7,16053.8,24.7,0,
2017-12-22 06:18:39,0,3,4,6.4,3694.7,-39999.2,4266.7,16053.8,24.6,0,
2017-12-22 06:18:42,0,3,4,6.5,3693.8,-39999.9,4333.3,16300.0,24.7,0,
2017-12-22 06:18:45,0,3,4,6.5,3693.1,-39999.2,4333.3,16300.0,24.7,0,
2017-12-22 06:18:48,0,3,4,6.6,3692.2,-39999.5,4400.0,16546.2,24.6,0,
2017-12-22 06:18:51,0,3,4,6.6,3691.4,-39999.7,4400.0,16546.2,24.6,0,
2017-12-22 06:18:54,0,3,4,6.7,3690.4,-39999.7,4466.7,16792.3,24.6,0,
2017-12-22 06:18:58,0,3,4,6.7,3689.6,-39999.9,4466.7,16792.3,24.6,0,
2017-12-22 06:19:01,0,3,4,6.8,3688.9,-39999.5,4533.3,17038.2,24.6,0,
2017-12-22 06:19:04,0,3,4,6.8,3688.0,-39999.3,4533.3,17038.2,24.6,0,
2017-12-22 06:19:07,0,3,4,6.9,3687.2,-39999.7,4600.0,17284.1,24.6,0,
2017-12-22 06:19:10,0,3,4,7.0,3686.4,-39999.4,4666.7,17529.8,24.6,0,
2017-12-22 06:19:13,0,3,4,7.0,3685.7,-39999.5,4666.7,17529.8,24.6,0,
2017-12-22 06:19:17,0,3,4,7.1,3684.9,-39999.1,4733.3,17775.5,24.6,0,
2017-12-22 06:19:20,0,3,4,7.1,3684.2,-39999.2,4733.3,17775.5,24.6,0,
2017-12-22 06:19:23,0,3,4,7.2,3683.4,-39999.2,4800.0,18021.0,24.6,0,
2017-12-22 06:19:26,0,3,4,7.2,3682.5,-39999.5,4800.0,18021.0,24.6,0,
2017-12-22 06:19:29,0,3,4,7.3,3681.8,-39999.5,4866.7,18266.5,24.6,0,
2017-12-22 06:19:32,0,3,4,7.3,3681.0,-39999.2,4866.7,18266.5,24.7,0,
2017-12-22 06:19:35,0,3,4,7.4,3680.2,-39999.1,4933.3,18511.8,24.7,0,
2017-12-22 06:19:38,0,3,4,7.4,3679.4,-39999.5,4933.3,18511.8,24.6,0,
2017-12-22 06:19:41,0,3,4,7.5,3678.7,-39999.7,5000.0,18757.1,24.6,0,
2017-12-22 06:19:45,0,3,4,7.5,3678.0,-39999.5,5000.0,18757.1,24.7,0,
2017-12-22 06:19:48,0,3,4,7.6,3677.1,-39998.6,5066.6,19002.3,24.7,0,
2017-12-22 06:19:51,0,3,4,7.6,3676.5,-39999.5,5066.6,19002.3,24.7,0,
2017-12-22 06:19:54,0,3,4,7.7,3675.8,-39999.3,5133.3,19247.3,24.7,0,
2017-12-22 06:19:57,0,3,4,7.7,3674.9,-39999.3,5133.3,19247.3,24.7,0,
2017-12-22 06:20:00,0,3,4,7.8,3674.1,-39999.8,5200.0,19492.3,24.7,0,
2017-12-22 06:20:03,0,3,4,7.8,3673.5,-39998.9,5200.0,19492.3,24.7,0,
2017-12-22 06:20:07,0,3,4,7.9,3672.8,-39999.1,5266.6,19737.2,24.7,0,
2017-12-22 06:20:10,0,3,4,7.9,3671.9,-39999.5,5266.6,19737.2,24.7,0,
2017-12-22 06:20:13,0,3,4,8.0,3671.2,-39999.3,5333.3,19982.0,24.7,0,
2017-12-22 06:20:16,0,3,4,8.1,3670.5,-39999.2,5400.0,20226.7,24.7,0,
2017-12-22 06:20:19,0,3,4,8.1,3669.8,-39999.4,5400.0,20226.7,24.7,0,
2017-12-22 06:20:23,0,3,4,8.2,3669.1,-39999.3,5466.6,20471.3,24.8,0,
2017-12-22 06:20:26,0,3,4,8.2,3668.4,-39999.3,5466.6,20471.3,24.7,0,
2017-12-22 06:20:29,0,3,4,8.3,3667.6,-39999.3,5533.3,20715.8,24.7,0,
2017-12-22 06:20:32,0,3,4,8.3,3666.9,-39999.5,5533.3,20715.8,24.7,0,
2017-12-22 06:20:35,0,3,4,8.4,3666.3,-39999.2,5600.0,20960.2,24.7,0,
2017-12-22 06:20:38,0,3,4,8.4,3665.6,-39999.5,5600.0,20960.2,24.7,0,
2017-12-22 06:20:41,0,3,4,8.5,3665.0,-39999.3,5666.6,21204.5,24.7,0,
2017-12-22 06:20:45,0,3,4,8.5,3664.1,-39999.2,5666.6,21204.5,24.7,0,
2017-12-22 06:20:48,0,3,4,8.6,3663.4,-39999.4,5733.3,21448.8,24.7,0,
2017-12-22 06:20:51,0,3,4,8.6,3662.8,-39999.3,5733.3,21448.8,24.7,0,
2017-12-22 06:20:54,0,3,4,8.7,3662.1,-39999.2,5800.0,21692.9,24.6,0,
2017-12-22 06:20:57,0,3,4,8.7,3661.5,-39998.8,5800.0,21692.9,24.7,0,
2017-12-22 06:21:00,0,3,4,8.8,3660.7,-39999.5,5866.6,21937.0,24.7,0,
2017-12-22 06:21:03,0,3,4,8.8,3660.1,-39998.8,5866.6,21937.0,24.7,0,
2017-12-22 06:21:06,0,3,4,8.9,3659.4,-39999.4,5933.3,22181.0,24.7,0,
2017-12-22 06:21:10,0,3,4,8.9,3658.8,-39999.0,5933.3,22181.0,24.7,0,
2017-12-22 06:21:13,0,3,4,9.0,3658.1,-39998.5,5999.9,22424.9,24.7,0,
2017-12-22 06:21:16,0,3,4,9.0,3657.5,-39999.0,5999.9,22424.9,24.7,0,
2017-12-22 06:21:19,0,3,4,9.1,3656.7,-39999.0,6066.6,22668.7,24.7,0,
2017-12-22 06:21:22,0,3,4,9.1,3656.2,-39998.9,6066.6,22668.7,24.7,0,
2017-12-22 06:21:25,0,3,4,9.2,3655.5,-39999.7,6133.3,22912.4,24.7,0,
2017-12-22 06:21:28,0,3,4,9.3,3654.8,-39998.9,6199.9,23156.1,24.7,0,
2017-12-22 06:21:32,0,3,4,9.3,3654.1,-39999.3,6199.9,23156.1,24.7,0,
2017-12-22 06:21:35,0,3,4,9.4,3653.5,-39999.5,6266.6,23399.6,24.7,0,
2017-12-22 06:21:38,0,3,4,9.4,3652.8,-39999.1,6266.6,23399.6,24.7,0,
2017-12-22 06:21:41,0,3,4,9.5,3652.1,-39999.5,6333.3,23643.1,24.7,0,
2017-12-22 06:21:44,0,3,4,9.5,3651.4,-39999.3,6333.3,23643.1,24.7,0,
2017-12-22 06:21:47,0,3,4,9.6,3651.0,-39999.2,6399.9,23886.5,24.7,0,
2017-12-22 06:21:51,0,3,4,9.6,3650.3,-39998.9,6399.9,23886.5,24.7,0,
2017-12-22 06:21:54,0,3,4,9.7,3649.6,-39999.4,6466.6,24129.8,24.6,0,
2017-12-22 06:21:57,0,3,4,9.7,3649.0,-39999.2,6466.6,24129.8,24.7,0,
2017-12-22 06:22:00,0,3,4,9.8,3648.4,-39998.7,6533.3,24373.0,24.7,0,
2017-12-22 06:22:03,0,3,4,9.8,3647.9,-39999.0,6533.3,24373.0,24.7,0,
2017-12-22 06:22:06,0,3,4,9.9,3647.2,-39998.9,6599.9,24616.2,24.7,0,
2017-12-22 06:22:09,0,3,4,9.9,3646.5,-39998.7,6599.9,24616.2,24.7,0,
2017-12-22 06:22:13,0,3,4,10.0,3645.8,-39998.8,6666.6,24859.3,24.7,0,
2017-12-22 06:22:16,0,3,4,10.0,3645.3,-39999.0,6666.6,24859.3,24.7,0,
2017-12-22 06:22:19,0,3,4,10.1,3644.6,-39999.3,6733.2,25102.3,24.7,0,
2017-12-22 06:22:22,0,3,4,10.1,3644.1,-39999.2,6733.2,25102.3,24.7,0,
2017-12-22 06:22:25,0,3,4,10.2,3643.4,-39998.5,6799.9,25345.2,24.7,0,
2017-12-22 06:22:28,0,3,4,10.2,3642.7,-39998.8,6799.9,25345.2,24.7,0,
2017-12-22 06:22:31,0,3,4,10.3,3642.2,-39999.2,6866.6,25588.0,24.7,0,
2017-12-22 06:22:34,0,3,4,10.4,3641.6,-39999.4,6933.2,25830.8,24.7,0,
2017-12-22 06:22:38,0,3,4,10.4,3641.1,-39998.7,6933.2,25830.8,24.7,0,
2017-12-22 06:22:41,0,3,4,10.5,3640.5,-39998.9,6999.9,26073.5,24.8,0,
2017-12-22 06:22:44,0,3,4,10.5,3639.9,-39999.0,6999.9,26073.5,24.8,0,
2017-12-22 06:22:47,0,3,4,10.6,3639.2,-39998.7,7066.6,26316.1,24.7,0,
2017-12-22 06:22:50,0,3,4,10.6,3638.6,-39998.2,7066.6,26316.1,24.7,0,
2017-12-22 06:22:53,0,3,4,10.7,3638.0,-39998.5,7133.2,26558.6,24.8,0,
2017-12-22 06:22:56,0,3,4,10.7,3637.4,-39998.7,7133.2,26558.6,24.7,0,
2017-12-22 06:23:00,0,3,4,10.8,3637.0,-39998.9,7199.9,26801.1,24.8,0,
2017-12-22 06:23:03,0,3,4,10.8,3636.2,-39998.2,7199.9,26801.1,24.8,0,
2017-12-22 06:23:06,0,3,4,10.9,3635.7,-39999.3,7266.5,27043.5,24.8,0,
2017-12-22 06:23:09,0,3,4,10.9,3635.1,-39998.6,7266.5,27043.5,24.8,0,
2017-12-22 06:23:12,0,3,4,11.0,3634.5,-39998.8,7333.2,27285.8,24.8,0,
2017-12-22 06:23:15,0,3,4,11.0,3633.9,-39999.0,7333.2,27285.8,24.8,0,
2017-12-22 06:23:18,0,3,4,11.1,3633.5,-39998.7,7399.9,27528.0,24.8,0,
2017-12-22 06:23:21,0,3,4,11.1,3632.8,-39999.2,7399.9,27528.0,24.8,0,
2017-12-22 06:23:25,0,3,4,11.2,3632.2,-39998.7,7466.5,27770.2,24.8,0,
2017-12-22 06:23:28,0,3,4,11.2,3631.7,-39998.9,7466.5,27770.2,24.7,0,
2017-12-22 06:23:31,0,3,4,11.3,3631.1,-39998.7,7533.2,28012.3,24.8,0,
2017-12-22 06:23:34,0,3,4,11.3,3630.7,-39999.5,7533.2,28012.3,24.8,0,
2017-12-22 06:23:37,0,3,4,11.4,3630.1,-39998.7,7599.9,28254.3,24.7,0,
2017-12-22 06:23:40,0,3,4,11.4,3629.5,-39998.8,7599.9,28254.3,24.8,0,
2017-12-22 06:23:43,0,3,4,11.5,3628.8,-39999.2,7666.5,28496.2,24.8,0,
2017-12-22 06:23:46,0,3,4,11.6,3628.3,-39998.8,7733.2,28738.1,24.7,0,
2017-12-22 06:23:49,0,3,4,11.6,3627.8,-39998.8,7733.2,28738.1,24.7,0,
2017-12-22 06:23:53,0,3,4,11.7,3627.1,-39998.7,7799.8,28979.9,24.8,0,
2017-12-22 06:23:56,0,3,4,11.7,3626.6,-39998.6,7799.8,28979.9,24.8,0,
2017-12-22 06:23:59,0,3,4,11.8,3626.1,-39999.0,7866.5,29221.7,24.8,0,
2017-12-22 06:24:02,0,3,4,11.8,3625.5,-39998.8,7866.5,29221.7,24.8,0,
2017-12-22 06:24:05,0,3,4,11.9,3625.0,-39999.0,7933.2,29463.3,24.8,0,
2017-12-22 06:24:08,0,3,4,11.9,3624.4,-39998.7,7933.2,29463.3,24.7,0,
2017-12-22 06:24:11,0,3,4,12.0,3623.9,-39999.3,7999.8,29704.9,24.8,0,
2017-12-22 06:24:15,0,3,4,12.0,3623.3,-39998.9,7999.8,29704.9,24.7,0,
2017-12-22 06:24:18,0,3,4,12.1,3622.8,-39998.7,8066.5,29946.4,24.8,0,
2017-12-22 06:24:21,0,3,4,12.1,3622.3,-39998.8,8066.5,29946.4,24.8,0,
2017-12-22 06:24:24,0,3,4,12.2,3621.8,-39998.9,8133.2,30187.9,24.8,0,
2017-12-22 06:24:27,0,3,4,12.2,3621.3,-39998.9,8133.2,30187.9,24.7,0,
2017-12-22 06:24:30,0,3,4,12.3,3620.8,-39998.8,8199.8,30429.3,24.7,0,
2017-12-22 06:24:33,0,3,4,12.3,3620.2,-39998.7,8199.8,30429.3,24.7,0,
2017-12-22 06:24:37,0,3,4,12.4,3619.7,-39998.7,8266.5,30670.6,24.8,0,
2017-12-22 06:24:40,0,3,4,12.4,3619.1,-39998.8,8266.5,30670.6,24.7,0,
2017-12-22 06:24:43,0,3,4,12.5,3618.5,-39998.7,8333.2,30911.8,24.8,0,
2017-12-22 06:24:46,0,3,4,12.5,3617.9,-39998.6,8333.2,30911.8,24.8,0,
2017-12-22 06:24:49,0,3,4,12.6,3617.4,-39998.2,8399.8,31153.0,24.7,0,
2017-12-22 06:24:52,0,3,4,12.7,3616.9,-39998.8,8466.5,31394.1,24.7,0,
2017-12-22 06:24:56,0,3,4,12.7,3616.4,-39998.4,8466.5,31394.1,24.7,0,
2017-12-22 06:24:59,0,3,4,12.8,3615.8,-39998.7,8533.1,31635.2,24.7,0,
2017-12-22 06:25:02,0,3,4,12.8,3615.4,-39998.9,8533.1,31635.2,24.7,0,
2017-12-22 06:25:05,0,3,4,12.9,3614.9,-39998.7,8599.8,31876.2,24.8,0,
2017-12-22 06:25:08,0,3,4,12.9,3614.2,-39998.7,8599.8,31876.2,24.8,0,
2017-12-22 06:25:11,0,3,4,13.0,3613.7,-39998.4,8666.5,32117.1,24.8,0,
2017-12-22 06:25:14,0,3,4,13.0,3613.3,-39998.9,8666.5,32117.1,24.7,0,
2017-12-22 06:25:18,0,3,4,13.1,3612.7,-39998.4,8733.1,32357.9,24.7,0,
2017-12-22 06:25:21,0,3,4,13.1,3612.1,-39998.5,8733.1,32357.9,24.8,0,
2017-12-22 06:25:24,0,3,4,13.2,3611.7,-39998.5,8799.8,32598.7,24.7,0,
2017-12-22 06:25:27,0,3,4,13.2,3611.1,-39998.5,8799.8,32598.7,24.8,0,
2017-12-22 06:25:30,0,3,4,13.3,3610.5,-39998.5,8866.5,32839.4,24.7,0,
2017-12-22 06:25:33,0,3,4,13.3,3610.1,-39999.0,8866.5,32839.4,24.8,0,
2017-12-22 06:25:37,0,3,4,13.4,3609.6,-39998.2,8933.1,33080.1,24.8,0,
2017-12-22 06:25:40,0,3,4,13.4,3609.1,-39998.5,8933.1,33080.1,24.8,0,
2017-12-22 06:25:43,0,3,4,13.5,3608.6,-39998.0,8999.8,33320.7,24.8,0,
2017-12-22 06:25:46,0,3,4,13.5,3608.1,-39998.4,8999.8,33320.7,24.8,0,
2017-12-22 06:25:49,0,3,4,13.6,3607.5,-39998.2,9066.4,33561.2,24.8,0,
2017-12-22 06:25:52,0,3,4,13.7,3606.9,-39998.7,9133.1,33801.6,24.7,0,
2017-12-22 06:25:56,0,3,4,13.7,3606.4,-39998.2,9133.1,33801.6,24.8,0,
2017-12-22 06:25:59,0,3,4,13.8,3606.0,-39998.5,9199.8,34042.0,24.8,0,
2017-12-22 06:26:02,0,3,4,13.8,3605.4,-39998.8,9199.8,34042.0,24.8,0,
2017-12-22 06:26:05,0,3,4,13.9,3604.9,-39998.9,9266.4,34282.3,24.8,0,
2017-12-22 06:26:08,0,3,4,13.9,3604.5,-39998.5,9266.4,34282.3,24.8,0,
2017-12-22 06:26:11,0,3,4,14.0,3604.0,-39998.7,9333.1,34522.6,24.8,0,
2017-12-22 06:26:14,0,3,4,14.0,3603.4,-39998.2,9333.1,34522.6,24.8,0,
2017-12-22 06:26:18,0,3,4,14.1,3602.9,-39998.6,9399.7,34762.8,24.8,0,
2017-12-22 06:26:21,0,3,4,14.1,3602.5,-39998.7,9399.7,34762.8,24.8,0,
2017-12-22 06:26:24,0,3,4,14.2,3601.8,-39998.4,9466.4,35002.9,24.8,0,
2017-12-22 06:26:27,0,3,4,14.2,3601.3,-39998.8,9466.4,35002.9,24.8,0,
2017-12-22 06:26:30,0,3,4,14.3,3600.9,-39998.3,9533.1,35243.0,24.8,0,
2017-12-22 06:26:33,0,3,4,14.3,3600.4,-39998.7,9533.1,35243.0,24.8,0,
2017-12-22 06:26:36,0,3,4,14.4,3600.0,-39998.6,9599.7,35483.0,24.8,0,
2017-12-22 06:26:39,0,3,4,14.4,3599.4,-39998.2,9599.7,35483.0,24.8,0,
2017-12-22 06:26:43,0,3,4,14.5,3598.9,-39998.4,9666.4,35722.9,24.8,0,
2017-12-22 06:26:46,0,3,4,14.5,3598.4,-39998.5,9666.4,35722.9,24.8,0,
2017-12-22 06:26:49,0,3,4,14.6,3598.0,-39998.7,9733.1,35962.8,24.8,0,
2017-12-22 06:26:52,0,3,4,14.6,3597.5,-39998.3,9733.1,35962.8,24.8,0,
2017-12-22 06:26:55,0,3,4,14.7,3596.9,-39998.5,9799.7,36202.6,24.8,0,
2017-12-22 06:26:58,0,3,4,14.8,3596.5,-39998.5,9866.4,36442.4,24.9,0,
2017-12-22 06:27:01,0,3,4,14.8,3596.0,-39998.0,9866.4,36442.4,24.8,0,
2017-12-22 06:27:04,0,3,4,14.9,3595.5,-39998.5,9933.0,36682.0,24.9,0,
2017-12-22 06:27:08,0,3,4,14.9,3595.1,-39998.0,9933.0,36682.0,24.9,0,
2017-12-22 06:27:11,0,3,4,15.0,3594.6,-39998.4,9999.7,36921.7,24.9,0,
2017-12-22 06:27:14,0,3,4,15.0,3594.1,-39998.2,9999.7,36921.7,24.9,0,
2017-12-22 06:27:17,0,3,4,15.1,3593.5,-39998.2,10066.4,37161.2,24.9,0,
2017-12-22 06:27:20,0,3,4,15.1,3593.2,-39998.5,10066.4,37161.2,24.9,0,
2017-12-22 06:27:23,0,3,4,15.2,3592.6,-39998.5,10133.0,37400.7,24.9,0,
2017-12-22 06:27:26,0,3,4,15.2,3592.2,-39998.7,10133.0,37400.7,24.9,0,
2017-12-22 06:27:30,0,3,4,15.3,3591.6,-39998.3,10199.7,37640.2,24.9,0,
2017-12-22 06:27:33,0,3,4,15.3,3591.2,-39998.1,10199.7,37640.2,24.9,0,
2017-12-22 06:27:36,0,3,4,15.4,3590.6,-39998.5,10266.3,37879.5,24.8,0,
2017-12-22 06:27:39,0,3,4,15.4,3590.1,-39998.2,10266.3,37879.5,24.9,0,
2017-12-22 06:27:42,0,3,4,15.5,3589.7,-39998.9,10333.0,38118.8,24.8,0,
2017-12-22 06:27:45,0,3,4,15.5,3589.3,-39998.0,10333.0,38118.8,24.8,0,
2017-12-22 06:27:48,0,3,4,15.6,3588.8,-39998.3,10399.7,38358.1,24.8,0,
2017-12-22 06:27:51,0,3,4,15.6,3588.4,-39998.4,10399.7,38358.1,24.8,0,
2017-12-22 06:27:54,0,3,4,15.7,3587.7,-39998.5,10466.3,38597.3,24.8,0,
2017-12-22 06:27:58,0,3,4,15.7,3587.2,-39998.2,10466.3,38597.3,24.9,0,
2017-12-22 06:28:01,0,3,4,15.8,3586.8,-39998.2,10533.0,38836.4,24.8,0,
2017-12-22 06:28:04,0,3,4,15.8,3586.4,-39998.2,10533.0,38836.4,24.8,0,
2017-12-22 06:28:07,0,3,4,15.9,3585.7,-39997.9,10599.7,39075.4,24.8,0,
2017-12-22 06:28:10,0,3,4,16.0,3585.3,-39998.3,10666.3,39314.4,24.8,0,
2017-12-22 06:28:13,0,3,4,16.0,3584.9,-39998.2,10666.3,39314.4,24.8,0,
2017-12-22 06:28:17,0,3,4,16.1,3584.5,-39998.2,10733.0,39553.4,24.8,0,
2017-12-22 06:28:20,0,3,4,16.1,3583.9,-39998.3,10733.0,39553.4,24.8,0,
2017-12-22 06:28:23,0,3,4,16.2,3583.4,-39998.0,10799.6,39792.3,24.8,0,
2017-12-22 06:28:26,0,3,4,16.2,3583.0,-39998.0,10799.6,39792.3,24.9,0,
2017-12-22 06:28:29,0,3,4,16.3,3582.4,-39998.1,10866.3,40031.1,24.9,0,
2017-12-22 06:28:32,0,3,4,16.3,3582.0,-39998.4,10866.3,40031.1,24.9,0,
2017-12-22 06:28:35,0,3,4,16.4,3581.5,-39998.5,10933.0,40269.8,24.9,0,
2017-12-22 06:28:38,0,3,4,16.4,3581.1,-39998.0,10933.0,40269.8,24.9,0,
2017-12-22 06:28:42,0,3,4,16.5,3580.5,-39998.3,10999.6,40508.5,24.9,0,
2017-12-22 06:28:45,0,3,4,16.5,3580.0,-39998.0,10999.6,40508.5,24.9,0,
2017-12-22 06:28:48,0,3,4,16.6,3579.6,-39998.4,11066.3,40747.2,24.9,0,
2017-12-22 06:28:51,0,3,4,16.6,3579.0,-39998.3,11066.3,40747.2,24.9,0,
2017-12-22 06:28:54,0,3,4,16.7,3578.6,-39998.3,11132.9,40985.7,24.9,0,
2017-12-22 06:28:57,0,3,4,16.7,3578.1,-39998.2,11132.9,40985.7,24.9,0,
2017-12-22 06:29:00,0,3,4,16.8,3577.7,-39998.3,11199.6,41224.3,24.9,0,
2017-12-22 06:29:04,0,3,4,16.8,3577.2,-39998.2,11199.6,41224.3,24.9,0,
2017-12-22 06:29:07,0,3,4,16.9,3576.8,-39998.4,11266.3,41462.7,24.9,0,
2017-12-22 06:29:10,0,3,4,16.9,3576.1,-39997.8,11266.3,41462.7,24.9,0,
2017-12-22 06:29:13,0,3,4,17.0,3575.8,-39998.1,11332.9,41701.1,24.9,0,
2017-12-22 06:29:16,0,3,4,17.1,3575.3,-39998.0,11399.6,41939.4,24.9,0,
2017-12-22 06:29:20,0,3,4,17.1,3574.7,-39998.0,11399.6,41939.4,24.9,0,
2017-12-22 06:29:23,0,3,4,17.2,3574.3,-39998.0,11466.2,42177.7,24.9,0,
2017-12-22 06:29:26,0,3,4,17.2,3573.7,-39998.0,11466.2,42177.7,24.9,0,
2017-12-22 06:29:29,0,3,4,17.3,3573.4,-39998.5,11532.9,42415.9,24.9,0,
2017-12-22 06:29:32,0,3,4,17.3,3572.8,-39998.2,11532.9,42415.9,24.9,0,
2017-12-22 06:29:35,0,3,4,17.4,3572.3,-39998.3,11599.6,42654.1,24.9,0,
2017-12-22 06:29:38,0,3,4,17.4,3572.0,-39998.0,11599.6,42654.1,24.9,0,
2017-12-22 06:29:41,0,3,4,17.5,3571.5,-39998.0,11666.2,42892.1,24.8,0,
2017-12-22 06:29:44,0,3,4,17.5,3570.9,-39998.5,11666.2,42892.1,24.9,0,
2017-12-22 06:29:47,0,3,4,17.6,3570.5,-39998.0,11732.9,43130.2,24.9,0,
2017-12-22 06:29:50,0,3,4,17.6,3570.1,-39998.5,11732.9,43130.2,24.9,0,
2017-12-22 06:29:54,0,3,4,17.7,3569.5,-39998.6,11799.5,43368.1,24.9,0,
2017-12-22 06:29:57,0,3,4,17.7,3569.0,-39998.0,11799.5,43368.1,24.9,0,
2017-12-22 06:30:00,0,3,4,17.8,3568.6,-39998.2,11866.2,43606.0,24.9,0,
2017-12-22 06:30:03,0,3,4,17.8,3568.0,-39998.1,11866.2,43606.0,24.9,0,
2017-12-22 06:30:06,0,3,4,17.9,3567.6,-39998.4,11932.9,43843.9,24.9,0,
2017-12-22 06:30:09,0,3,4,17.9,3567.2,-39998.2,11932.9,43843.9,24.9,0,
2017-12-22 06:30:12,0,3,4,18.0,3566.6,-39997.8,11999.5,44081.6,24.9,0,
2017-12-22 06:30:16,0,3,4,18.0,3566.1,-39998.1,11999.5,44081.6,25.0,0,
2017-12-22 06:30:19,0,3,4,18.1,3565.7,-39998.6,12066.2,44319.4,24.9,0,
2017-12-22 06:30:22,0,3,4,18.1,3565.3,-39998.7,12066.2,44319.4,24.9,0,
2017-12-22 06:30:25,0,3,4,18.2,3564.6,-39998.1,12132.8,44557.0,25.0,0,
2017-12-22 06:30:28,0,3,4,18.2,3564.1,-39998.7,12132.8,44557.0,25.0,0,
2017-12-22 06:30:31,0,3,4,18.3,3563.7,-39998.2,12199.5,44794.6,25.0,0,
2017-12-22 06:30:34,0,3,4,18.4,3563.2,-39998.0,12266.2,45032.1,25.0,0,
2017-12-22 06:30:38,0,3,4,18.4,3562.6,-39998.2,12266.2,45032.1,25.0,0,
2017-12-22 06:30:41,0,3,4,18.5,3562.2,-39997.8,12332.8,45269.6,25.0,0,
2017-12-22 06:30:44,0,3,4,18.5,3561.8,-39998.0,12332.8,45269.6,25.0,0,
2017-12-22 06:30:47,0,3,4,18.6,3561.3,-40000.7,12399.5,45507.0,25.0,0,
2017-12-22 06:30:50,0,3,4,18.6,3560.7,-40001.0,12399.5,45507.0,25.0,0,
2017-12-22 06:30:53,0,3,4,18.7,3560.4,-40000.8,12466.2,45744.4,25.0,0,
2017-12-22 06:30:56,0,3,4,18.7,3559.8,-40001.2,12466.2,45744.4,25.0,0,
2017-12-22 06:31:00,0,3,4,18.8,3559.3,-40000.8,12532.8,45981.7,25.0,0,
2017-12-22 06:31:03,0,3,4,18.8,3559.0,-40001.1,12532.8,45981.7,25.0,0,
2017-12-22 06:31:06,0,3,4,18.9,3558.3,-40001.1,12599.5,46219.0,25.0,0,
2017-12-22 06:31:09,0,3,4,18.9,3558.0,-40001.2,12599.5,46219.0,25.0,0,
2017-12-22 06:31:12,0,3,4,19.0,3557.6,-40001.3,12666.2,46456.2,25.0,0,
2017-12-22 06:31:15,0,3,4,19.0,3557.1,-40001.5,12666.2,46456.2,25.0,0,
2017-12-22 06:31:18,0,3,4,19.1,3556.4,-40000.8,12732.8,46693.3,24.9,0,
2017-12-22 06:31:21,0,3,4,19.1,3556.1,-40001.2,12732.8,46693.3,24.9,0,
2017-12-22 06:31:25,0,3,4,19.2,3555.6,-40001.3,12799.5,46930.4,24.9,0,
2017-12-22 06:31:28,0,3,4,19.2,3555.1,-40001.4,12799.5,46930.4,24.9,0,
2017-12-22 06:31:31,0,3,4,19.3,3554.6,-40001.2,12866.2,47167.4,24.9,0,
2017-12-22 06:31:34,0,3,4,19.4,3554.2,-40001.2,12932.9,47404.4,24.9,0,
2017-12-22 06:31:37,0,3,4,19.4,3553.5,-40001.0,12932.9,47404.4,24.9,0,
2017-12-22 06:31:41,0,3,4,19.5,3553.1,-40001.0,12999.5,47641.2,24.9,0,
2017-12-22 06:31:44,0,3,4,19.5,3552.7,-40001.0,12999.5,47641.2,24.9,0,
2017-12-22 06:31:47,0,3,4,19.6,3552.1,-40001.0,13066.2,47878.1,24.9,0,
2017-12-22 06:31:50,0,3,4,19.6,3551.7,-40001.1,13066.2,47878.1,25.0,0,
2017-12-22 06:31:53,0,3,4,19.7,3551.1,-40000.8,13132.9,48114.8,25.0,0,
2017-12-22 06:31:56,0,3,4,19.7,3550.7,-40001.0,13132.9,48114.8,25.0,0,
2017-12-22 06:31:59,0,3,4,19.8,3550.2,-40000.9,13199.5,48351.6,25.0,0,
2017-12-22 06:32:03,0,3,4,19.8,3549.7,-40001.5,13199.5,48351.6,25.0,0,
2017-12-22 06:32:06,0,3,4,19.9,3549.3,-40000.8,13266.2,48588.2,25.0,0,
2017-12-22 06:32:09,0,3,4,19.9,3548.8,-40001.1,13266.2,48588.2,25.0,0,
2017-12-22 06:32:12,0,3,4,20.0,3548.4,-40000.8,13332.9,48824.8,25.0,0,
2017-12-22 06:32:15,0,3,4,20.0,3547.8,-40000.8,13332.9,48824.8,25.0,0,
2017-12-22 06:32:18,0,3,4,20.1,3547.4,-40001.0,13399.6,49061.3,25.0,0,
2017-12-22 06:32:21,0,3,4,20.1,3546.9,-40000.7,13399.6,49061.3,25.0,0,
2017-12-22 06:32:24,0,3,4,20.2,3546.4,-40001.2,13466.2,49297.8,25.0,0,
2017-12-22 06:32:28,0,3,4,20.2,3545.8,-40001.6,13466.2,49297.8,25.0,0,
2017-12-22 06:32:31,0,3,4,20.3,3545.4,-40000.8,13532.9,49534.1,25.0,0,
2017-12-22 06:32:34,0,3,4,20.3,3544.9,-40000.7,13532.9,49534.1,25.0,0,
2017-12-22 06:32:37,0,3,4,20.4,3544.4,-40000.7,13599.6,49770.5,25.0,0,
2017-12-22 06:32:40,0,3,4,20.4,3543.9,-40000.9,13599.6,49770.5,25.0,0,
2017-12-22 06:32:43,0,3,4,20.5,3543.4,-40001.2,13666.2,50006.7,25.0,0,
2017-12-22 06:32:46,0,3,4,20.6,3542.9,-40000.9,13732.9,50242.9,25.0,0,
2017-12-22 06:32:49,0,3,4,20.6,3542.5,-40000.8,13732.9,50242.9,25.0,0,
2017-12-22 06:32:53,0,3,4,20.7,3542.0,-40001.1,13799.6,50479.1,25.0,0,
2017-12-22 06:32:56,0,3,4,20.7,3541.4,-40000.9,13799.6,50479.1,25.0,0,
2017-12-22 06:32:59,0,3,4,20.8,3541.0,-40001.0,13866.2,50715.2,25.0,0,
2017-12-22 06:33:02,0,3,4,20.8,3540.5,-40000.8,13866.2,50715.2,25.0,0,
2017-12-22 06:33:05,0,3,4,20.9,3539.9,-40001.1,13932.9,50951.2,25.0,0,
2017-12-22 06:33:08,0,3,4,20.9,3539.6,-40001.0,13932.9,50951.2,25.0,0,
2017-12-22 06:33:11,0,3,4,21.0,3539.0,-40000.6,13999.6,51187.2,25.0,0,
2017-12-22 06:33:15,0,3,4,21.0,3538.6,-40000.8,13999.6,51187.2,25.0,0,
2017-12-22 06:33:18,0,3,4,21.1,3538.1,-40000.5,14066.2,51423.1,25.0,0,
2017-12-22 06:33:21,0,3,4,21.1,3537.5,-40000.7,14066.2,51423.1,24.9,0,
2017-12-22 06:33:24,0,3,4,21.2,3537.0,-40000.9,14132.9,51658.9,25.0,0,
2017-12-22 06:33:27,0,3,4,21.2,3536.5,-40001.0,14132.9,51658.9,24.9,0,
2017-12-22 06:33:30,0,3,4,21.3,3536.1,-40000.7,14199.6,51894.7,24.9,0,
2017-12-22 06:33:34,0,3,4,21.3,3535.5,-40001.0,14199.6,51894.7,24.9,0,
2017-12-22 06:33:37,0,3,4,21.4,3535.0,-40000.8,14266.3,52130.4,24.9,0,
2017-12-22 06:33:40,0,3,4,21.4,3534.6,-40001.2,14266.3,52130.4,24.9,0,
2017-12-22 06:33:43,0,3,4,21.5,3534.1,-40001.0,14332.9,52366.0,25.0,0,
2017-12-22 06:33:46,0,3,4,21.5,3533.5,-40000.9,14332.9,52366.0,24.9,0,
2017-12-22 06:33:49,0,3,4,21.6,3533.0,-40001.2,14399.6,52601.6,24.9,0,
2017-12-22 06:33:52,0,3,4,21.7,3532.5,-40001.2,14466.3,52837.1,25.0,0,
2017-12-22 06:33:55,0,3,4,21.7,3532.1,-40000.8,14466.3,52837.1,25.0,0,
2017-12-22 06:33:59,0,3,4,21.8,3531.6,-40000.9,14532.9,53072.6,25.0,0,
2017-12-22 06:34:02,0,3,4,21.8,3531.1,-40001.3,14532.9,53072.6,25.0,0,
2017-12-22 06:34:05,0,3,4,21.9,3530.6,-40001.1,14599.6,53308.0,25.0,0,
2017-12-22 06:34:08,0,3,4,21.9,3530.0,-40000.8,14599.6,53308.0,25.0,0,
2017-12-22 06:34:11,0,3,4,22.0,3529.5,-40000.8,14666.3,53543.3,25.0,0,
2017-12-22 06:34:14,0,3,4,22.0,3529.0,-40000.8,14666.3,53543.3,25.0,0,
2017-12-22 06:34:17,0,3,4,22.1,3528.6,-40000.9,14732.9,53778.5,25.0,0,
2017-12-22 06:34:21,0,3,4,22.1,3527.9,-40000.7,14732.9,53778.5,25.0,0,
2017-12-22 06:34:24,0,3,4,22.2,3527.6,-40000.8,14799.6,54013.7,25.0,0,
2017-12-22 06:34:27,0,3,4,22.2,3527.0,-40000.8,14799.6,54013.7,25.0,0,
2017-12-22 06:34:30,0,3,4,22.3,3526.6,-40000.8,14866.3,54248.9,25.0,0,
2017-12-22 06:34:33,0,3,4,22.3,3526.1,-40000.6,14866.3,54248.9,25.0,0,
2017-12-22 06:34:36,0,3,4,22.4,3525.6,-40000.8,14933.0,54483.9,25.0,0,
2017-12-22 06:34:39,0,3,4,22.4,3525.0,-40000.1,14933.0,54483.9,25.0,0,
2017-12-22 06:34:43,0,3,4,22.5,3524.5,-40000.9,14999.6,54718.9,25.0,0,
2017-12-22 06:34:46,0,3,4,22.5,3524.0,-40001.0,14999.6,54718.9,25.0,0,
2017-12-22 06:34:49,0,3,4,22.6,3523.5,-40001.2,15066.3,54953.9,25.0,0,
2017-12-22 06:34:52,0,3,4,22.6,3523.0,-40001.2,15066.3,54953.9,25.0,0,
2017-12-22 06:34:55,0,3,4,22.7,3522.3,-40000.5,15133.0,55188.7,25.0,0,
2017-12-22 06:34:58,0,3,4,22.8,3521.9,-40001.3,15199.6,55423.5,25.0,0,
2017-12-22 06:35:01,0,3,4,22.8,3521.3,-40000.9,15199.6,55423.5,25.0,0,
2017-12-22 06:35:04,0,3,4,22.9,3521.0,-40000.7,15266.3,55658.3,25.0,0,
2017-12-22 06:35:08,0,3,4,22.9,3520.5,-40000.8,15266.3,55658.3,25.0,0,
2017-12-22 06:35:11,0,3,4,23.0,3519.9,-40001.0,15333.0,55892.9,25.0,0,
2017-12-22 06:35:14,0,3,4,23.0,3519.4,-40001.0,15333.0,55892.9,25.0,0,
2017-12-22 06:35:17,0,3,4,23.1,3518.8,-40001.0,15399.6,56127.5,25.0,0,
2017-12-22 06:35:20,0,3,4,23.1,3518.4,-40000.5,15399.6,56127.5,25.0,0,
2017-12-22 06:35:23,0,3,4,23.2,3517.9,-40001.0,15466.3,56362.1,25.0,0,
2017-12-22 06:35:26,0,3,4,23.2,3517.4,-40000.8,15466.3,56362.1,25.0,0,
2017-12-22 06:35:30,0,3,4,23.3,3516.7,-40001.5,15533.0,56596.6,25.0,0,
2017-12-22 06:35:33,0,3,4,23.3,3516.1,-40000.8,15533.0,56596.6,25.0,0,
2017-12-22 06:35:36,0,3,4,23.4,3515.8,-40000.8,15599.7,56831.0,25.0,0,
2017-12-22 06:35:39,0,3,4,23.4,3515.3,-40001.2,15599.7,56831.0,25.0,0,
2017-12-22 06:35:42,0,3,4,23.5,3514.7,-40000.8,15666.3,57065.3,25.0,0,
2017-12-22 06:35:45,0,3,4,23.5,3514.2,-40000.8,15666.3,57065.3,25.0,0,
2017-12-22 06:35:48,0,3,4,23.6,3513.7,-40001.0,15733.0,57299.6,25.0,0,
2017-12-22 06:35:52,0,3,4,23.6,3513.2,-40000.8,15733.0,57299.6,25.0,0,
2017-12-22 06:35:55,0,3,4,23.7,3512.6,-40000.8,15799.7,57533.8,25.0,0,
2017-12-22 06:35:58,0,3,4,23.7,3512.0,-40000.8,15799.7,57533.8,25.0,0,
2017-12-22 06:36:01,0,3,4,23.8,3511.5,-40001.0,15866.3,57768.0,25.0,0,
2017-12-22 06:36:04,0,3,4,23.9,3511.1,-40001.0,15933.0,58002.0,25.0,0,
2017-12-22 06:36:07,0,3,4,23.9,3510.4,-40001.1,15933.0,58002.0,25.0,0,
2017-12-22 06:36:10,0,3,4,24.0,3509.9,-40001.0,15999.7,58236.0,25.0,0,
2017-12-22 06:36:14,0,3,4,24.0,3509.4,-40000.8,15999.7,58236.0,25.0,0,
2017-12-22 06:36:17,0,3,4,24.1,3508.9,-40000.8,16066.3,58470.0,25.0,0,
2017-12-22 06:36:20,0,3,4,24.1,3508.5,-40000.4,16066.3,58470.0,25.1,0,
2017-12-22 06:36:23,0,3,4,24.2,3508.0,-40000.9,16133.0,58703.9,25.1,0,
2017-12-22 06:36:26,0,3,4,24.2,3507.4,-40000.5,16133.0,58703.9,25.1,0,
2017-12-22 06:36:29,0,3,4,24.3,3506.7,-40000.9,16199.7,58937.7,25.1,0,
2017-12-22 06:36:32,0,3,4,24.3,3506.2,-40000.7,16199.7,58937.7,25.1,0,
2017-12-22 06:36:36,0,3,4,24.4,3505.8,-40000.7,16266.4,59171.4,25.1,0,
2017-12-22 06:36:39,0,3,4,24.4,3505.3,-40000.7,16266.4,59171.4,25.1,0,
2017-12-22 06:36:42,0,3,4,24.5,3504.7,-40000.7,16333.0,59405.1,25.1,0,
2017-12-22 06:36:45,0,3,4,24.5,3504.1,-40000.8,16333.0,59405.1,25.0,0,
2017-12-22 06:36:48,0,3,4,24.6,3503.6,-40001.3,16399.7,59638.7,25.1,0,
2017-12-22 06:36:51,0,3,4,24.6,3503.0,-40001.0,16399.7,59638.7,25.0,0,
2017-12-22 06:36:54,0,3,4,24.7,3502.4,-40001.2,16466.4,59872.2,25.0,0,
2017-12-22 06:36:57,0,3,4,24.7,3502.0,-40000.9,16466.4,59872.2,25.0,0,
2017-12-22 06:37:01,0,3,4,24.8,3501.4,-40001.4,16533.0,60105.7,25.0,0,
2017-12-22 06:37:04,0,3,4,24.8,3500.8,-40001.2,16533.0,60105.7,25.0,0,
2017-12-22 06:37:07,0,3,4,24.9,3500.3,-40001.0,16599.7,60339.1,25.0,0,
2017-12-22 06:37:10,0,3,4,24.9,3499.8,-40001.0,16599.7,60339.1,25.0,0,
2017-12-22 06:37:13,0,3,4,25.0,3499.2,-40001.0,16666.4,60572.4,25.0,0,
2017-12-22 06:37:16,0,3,4,25.1,3498.7,-40000.7,16733.0,60805.7,25.1,0,
2017-12-22 06:37:19,0,3,4,25.1,3498.1,-40000.7,16733.0,60805.7,25.1,0,
2017-12-22 06:37:23,0,3,4,25.2,3497.6,-40000.5,16799.7,61038.9,25.0,0,
2017-12-22 06:37:26,0,3,4,25.2,3497.1,-40000.9,16799.7,61038.9,25.0,0,
2017-12-22 06:37:29,0,3,4,25.3,3496.6,-40000.8,16866.4,61272.0,25.1,0,
2017-12-22 06:37:32,0,3,4,25.3,3496.0,-40000.9,16866.4,61272.0,25.0,0,
2017-12-22 06:37:35,0,3,4,25.4,3495.4,-40000.5,16933.0,61505.0,25.1,0,
2017-12-22 06:37:38,0,3,4,25.4,3494.8,-40000.3,16933.0,61505.0,25.0,0,
2017-12-22 06:37:41,0,3,4,25.5,3494.2,-40000.5,16999.7,61738.0,25.0,0,
2017-12-22 06:37:44,0,3,4,25.5,3493.7,-40000.8,16999.7,61738.0,25.0,0,
2017-12-22 06:37:48,0,3,4,25.6,3493.2,-40001.0,17066.4,61970.9,25.0,0,
2017-12-22 06:37:51,0,3,4,25.6,3492.6,-40000.3,17066.4,61970.9,25.0,0,
2017-12-22 06:37:54,0,3,4,25.7,3492.1,-40000.9,17133.1,62203.7,25.0,0,
2017-12-22 06:37:57,0,3,4,25.7,3491.5,-40000.7,17133.1,62203.7,25.0,0,
2017-12-22 06:38:00,0,3,4,25.8,3490.9,-40000.2,17199.7,62436.5,25.0,0,
2017-12-22 06:38:03,0,3,4,25.8,3490.4,-40000.8,17199.7,62436.5,25.0,0,
2017-12-22 06:38:06,0,3,4,25.9,3489.7,-40000.5,17266.4,62669.2,25.0,0,
2017-12-22 06:38:10,0,3,4,25.9,3489.1,-40000.3,17266.4,62669.2,25.0,0,
2017-12-22 06:38:13,0,3,4,26.0,3488.6,-40001.0,17333.1,62901.8,25.0,0,
2017-12-22 06:38:16,0,3,4,26.0,3488.0,-40000.7,17333.1,62901.8,25.0,0,
2017-12-22 06:38:19,0,3,4,26.1,3487.4,-40001.2,17399.7,63134.3,25.0,0,
2017-12-22 06:38:22,0,3,4,26.2,3486.7,-40000.5,17466.4,63366.8,25.0,0,
2017-12-22 06:38:25,0,3,4,26.2,3486.3,-40000.8,17466.4,63366.8,25.0,0,
2017-12-22 06:38:29,0,3,4,26.3,3485.6,-40000.5,17533.1,63599.1,25.0,0,
2017-12-22 06:38:32,0,3,4,26.3,3484.9,-40000.8,17533.1,63599.1,25.0,0,
2017-12-22 06:38:35,0,3,4,26.4,3484.3,-40000.7,17599.7,63831.5,25.0,0,
2017-12-22 06:38:38,0,3,4,26.4,3483.9,-40000.5,17599.7,63831.5,25.0,0,
2017-12-22 06:38:41,0,3,4,26.5,3483.3,-40000.5,17666.4,64063.7,25.0,0,
2017-12-22 06:38:44,0,3,4,26.5,3482.7,-40000.8,17666.4,64063.7,25.0,0,
2017-12-22 06:38:47,0,3,4,26.6,3481.9,-40000.6,17733.1,64295.8,25.0,0,
2017-12-22 06:38:50,0,3,4,26.6,3481.4,-40000.8,17733.1,64295.8,25.0,0,
2017-12-22 06:38:54,0,3,4,26.7,3480.8,-40000.7,17799.7,64527.9,25.0,0,
2017-12-22 06:38:57,0,3,4,26.7,3480.1,-40000.5,17799.7,64527.9,25.0,0,
2017-12-22 06:39:00,0,3,4,26.8,3479.5,-40000.8,17866.4,64759.9,25.0,0,
2017-12-22 06:39:03,0,3,4,26.8,3478.9,-40000.0,17866.4,64759.9,25.0,0,
2017-12-22 06:39:06,0,3,4,26.9,3478.4,-40000.5,17933.1,64991.8,25.0,0,
2017-12-22 06:39:09,0,3,4,26.9,3477.6,-40000.3,17933.1,64991.8,25.0,0,
2017-12-22 06:39:12,0,3,4,27.0,3477.0,-40000.6,17999.7,65223.7,25.0,0,
2017-12-22 06:39:16,0,3,4,27.0,3476.3,-40000.3,17999.7,65223.7,25.0,0,
2017-12-22 06:39:19,0,3,4,27.1,3475.7,-40000.5,18066.4,65455.4,25.0,0,
2017-12-22 06:39:22,0,3,4,27.1,3475.1,-40000.5,18066.4,65455.4,25.0,0,
2017-12-22 06:39:25,0,3,4,27.2,3474.4,-40000.5,18133.1,65687.1,25.0,0,
2017-12-22 06:39:28,0,3,4,27.3,3473.8,-40000.2,18199.7,65918.7,25.0,0,
2017-12-22 06:39:31,0,3,4,27.3,3473.1,-40000.2,18199.7,65918.7,25.0,0,
2017-12-22 06:39:35,0,3,4,27.4,3472.5,-40000.2,18266.4,66150.2,25.0,0,
2017-12-22 06:39:38,0,3,4,27.4,3471.8,-40000.5,18266.4,66150.2,25.0,0,
2017-12-22 06:39:41,0,3,4,27.5,3471.1,-40000.0,18333.1,66381.6,25.0,0,
2017-12-22 06:39:44,0,3,4,27.5,3470.4,-40000.3,18333.1,66381.6,25.0,0,
2017-12-22 06:39:47,0,3,4,27.6,3469.9,-40000.2,18399.7,66613.0,25.0,0,
2017-12-22 06:39:50,0,3,4,27.6,3469.1,-40000.0,18399.7,66613.0,25.0,0,
2017-12-22 06:39:54,0,3,4,27.7,3468.4,-40000.4,18466.4,66844.2,25.0,0,
2017-12-22 06:39:57,0,3,4,27.7,3467.8,-40000.4,18466.4,66844.2,25.0,0,
2017-12-22 06:40:00,0,3,4,27.8,3467.1,-39999.7,18533.1,67075.4,25.0,0,
2017-12-22 06:40:03,0,3,4,27.8,3466.4,-40000.1,18533.1,67075.4,25.0,0,
2017-12-22 06:40:06,0,3,4,27.9,3465.8,-39999.8,18599.7,67306.5,25.0,0,
2017-12-22 06:40:09,0,3,4,27.9,3465.1,-40000.4,18599.7,67306.5,25.0,0,
2017-12-22 06:40:12,0,3,4,28.0,3464.3,-40000.4,18666.4,67537.4,25.0,0,
2017-12-22 06:40:16,0,3,4,28.0,3463.7,-40000.2,18666.4,67537.4,25.0,0,
2017-12-22 06:40:19,0,3,4,28.1,3462.8,-39999.4,18733.1,67768.3,25.0,0,
2017-12-22 06:40:22,0,3,4,28.1,3462.2,-40000.4,18733.1,67768.3,25.0,0,
2017-12-22 06:40:25,0,3,4,28.2,3461.6,-40000.5,18799.8,67999.1,25.0,0,
2017-12-22 06:40:28,0,3,4,28.2,3460.8,-40000.0,18799.8,67999.1,25.0,0,
2017-12-22 06:40:31,0,3,4,28.3,3460.0,-40000.0,18866.4,68229.9,25.0,0,
2017-12-22 06:40:34,0,3,4,28.4,3459.4,-40000.0,18933.1,68460.5,25.0,0,
2017-12-22 06:40:37,0,3,4,28.4,3458.7,-40000.1,18933.1,68460.5,25.1,0,
2017-12-22 06:40:40,0,3,4,28.5,3457.9,-40000.2,18999.8,68691.0,25.0,0,
2017-12-22 06:40:44,0,3,4,28.5,3457.2,-39999.8,18999.8,68691.0,25.1,0,
2017-12-22 06:40:47,0,3,4,28.6,3456.5,-40000.4,19066.4,68921.5,25.0,0,
2017-12-22 06:40:50,0,3,4,28.6,3455.6,-40000.0,19066.4,68921.5,25.0,0,
2017-12-22 06:40:53,0,3,4,28.7,3454.9,-40000.2,19133.1,69151.8,25.0,0,
2017-12-22 06:40:56,0,3,4,28.7,3454.2,-39999.8,19133.1,69151.8,25.0,0,
2017-12-22 06:40:59,0,3,4,28.8,3453.5,-40000.4,19199.8,69382.0,25.1,0,
2017-12-22 06:41:03,0,3,4,28.8,3452.7,-40000.5,19199.8,69382.0,25.1,0,
2017-12-22 06:41:06,0,3,4,28.9,3452.0,-40000.1,19266.4,69612.2,25.0,0,
2017-12-22 06:41:09,0,3,4,28.9,3451.1,-40000.2,19266.4,69612.2,25.1,0,
2017-12-22 06:41:12,0,3,4,29.0,3450.4,-39999.7,19333.1,69842.3,25.1,0,
2017-12-22 06:41:15,0,3,4,29.0,3449.6,-40000.2,19333.1,69842.3,25.1,0,
2017-12-22 06:41:18,0,3,4,29.1,3449.0,-40000.6,19399.8,70072.2,25.1,0,
2017-12-22 06:41:21,0,3,4,29.1,3448.1,-39999.9,19399.8,70072.2,25.1,0,
2017-12-22 06:41:25,0,3,4,29.2,3447.2,-40000.5,19466.4,70302.1,25.1,0,
2017-12-22 06:41:28,0,3,4,29.2,3446.5,-40000.1,19466.4,70302.1,25.1,0,
2017-12-22 06:41:31,0,3,4,29.3,3445.7,-40000.2,19533.1,70531.9,25.1,0,
2017-12-22 06:41:34,0,3,4,29.3,3444.9,-40000.0,19533.1,70531.9,25.1,0,
2017-12-22 06:41:37,0,3,4,29.4,3444.3,-39999.9,19599.8,70761.5,25.1,0,
2017-12-22 06:41:40,0,3,4,29.5,3443.4,-40000.2,19666.4,70991.1,25.1,0,
2017-12-22 06:41:43,0,3,4,29.5,3442.7,-40000.5,19666.4,70991.1,25.1,0,
2017-12-22 06:41:47,0,3,4,29.6,3441.8,-40000.2,19733.1,71220.5,25.1,0,
2017-12-22 06:41:50,0,3,4,29.6,3440.9,-40000.5,19733.1,71220.5,25.1,0,
2017-12-22 06:41:53,0,3,4,29.7,3440.1,-40000.0,19799.8,71449.9,25.0,0,
2017-12-22 06:41:56,0,3,4,29.7,3439.4,-40000.3,19799.8,71449.9,25.0,0,
2017-12-22 06:41:59,0,3,4,29.8,3438.5,-40000.0,19866.4,71679.2,25.0,0,
2017-12-22 06:42:02,0,3,4,29.8,3437.8,-40000.3,19866.4,71679.2,25.0,0,
2017-12-22 06:42:05,0,3,4,29.9,3436.9,-40000.2,19933.1,71908.3,25.1,0,
2017-12-22 06:42:09,0,3,4,29.9,3436.1,-40000.5,19933.1,71908.3,25.0,0,
2017-12-22 06:42:12,0,3,4,30.0,3435.2,-40001.2,19999.8,72137.4,25.1,0,
2017-12-22 06:42:15,0,3,4,30.0,3434.5,-40000.3,19999.8,72137.4,25.1,0,
2017-12-22 06:42:18,0,3,4,30.1,3433.6,-40000.5,20066.4,72366.3,25.1,0,
2017-12-22 06:42:21,0,3,4,30.1,3432.7,-40000.2,20066.4,72366.3,25.1,0,
2017-12-22 06:42:24,0,3,4,30.2,3431.9,-40000.0,20133.1,72595.1,25.1,0,
2017-12-22 06:42:28,0,3,4,30.2,3431.0,-40000.2,20133.1,72595.1,25.1,0,
2017-12-22 06:42:31,0,3,4,30.3,3430.1,-39999.7,20199.8,72823.8,25.1,0,
2017-12-22 06:42:34,0,3,4,30.3,3429.2,-40000.2,20199.8,72823.8,25.1,0,
2017-12-22 06:42:37,0,3,4,30.4,3428.3,-40000.2,20266.4,73052.4,25.1,0,
2017-12-22 06:42:40,0,3,4,30.4,3427.3,-40000.1,20266.4,73052.4,25.1,0,
2017-12-22 06:42:43,0,3,4,30.5,3426.5,-40000.3,20333.1,73280.9,25.1,0,
2017-12-22 06:42:46,0,3,4,30.6,3425.6,-40000.0,20399.8,73509.3,25.1,0,
2017-12-22 06:42:49,0,3,4,30.6,3424.6,-40000.2,20399.8,73509.3,25.1,0,
2017-12-22 06:42:53,0,3,4,30.7,3423.7,-40000.5,20466.4,73737.5,25.1,0,
2017-12-22 06:42:56,0,3,4,30.7,3422.8,-40000.0,20466.4,73737.5,25.1,0,
2017-12-22 06:42:59,0,3,4,30.8,3421.9,-40000.0,20533.1,73965.7,25.1,0,
2017-12-22 06:43:02,0,3,4,30.8,3420.9,-39999.7,20533.1,73965.7,25.1,0,
2017-12-22 06:43:05,0,3,4,30.9,3420.2,-40000.6,20599.8,74193.7,25.1,0,
2017-12-22 06:43:08,0,3,4,30.9,3419.1,-40000.0,20599.8,74193.7,25.1,0,
2017-12-22 06:43:11,0,3,4,31.0,3418.1,-39999.8,20666.4,74421.6,25.1,0,
2017-12-22 06:43:15,0,3,4,31.0,3417.1,-39999.9,20666.4,74421.6,25.1,0,
2017-12-22 06:43:18,0,3,4,31.1,3416.1,-39999.8,20733.1,74649.4,25.1,0,
2017-12-22 06:43:21,0,3,4,31.1,3415.1,-39999.8,20733.1,74649.4,25.1,0,
2017-12-22 06:43:24,0,3,4,31.2,3414.2,-40000.0,20799.8,74877.0,25.1,0,
2017-12-22 06:43:27,0,3,4,31.2,3413.1,-39999.9,20799.8,74877.0,25.1,0,
2017-12-22 06:43:30,0,3,4,31.3,3412.1,-39999.9,20866.4,75104.5,25.1,0,
2017-12-22 06:43:33,0,3,4,31.3,3411.1,-39999.7,20866.4,75104.5,25.1,0,
2017-12-22 06:43:37,0,3,4,31.4,3410.0,-40000.1,20933.1,75331.9,25.1,0,
2017-12-22 06:43:40,0,3,4,31.4,3408.9,-39999.7,20933.1,75331.9,25.1,0,
2017-12-22 06:43:43,0,3,4,31.5,3407.8,-40000.2,20999.8,75559.2,25.1,0,
2017-12-22 06:43:46,0,3,4,31.5,3406.8,-39999.7,20999.8,75559.2,25.1,0,
2017-12-22 06:43:49,0,3,4,31.6,3405.7,-39999.6,21066.4,75786.3,25.1,0,
2017-12-22 06:43:52,0,3,4,31.7,3404.5,-39999.8,21133.1,76013.2,25.1,0,
2017-12-22 06:43:55,0,3,4,31.7,3403.4,-39999.7,21133.1,76013.2,25.1,0,
2017-12-22 06:43:59,0,3,4,31.8,3402.2,-39999.9,21199.8,76240.1,25.2,0,
2017-12-22 06:44:02,0,3,4,31.8,3400.9,-39999.9,21199.8,76240.1,25.2,0,
2017-12-22 06:44:05,0,3,4,31.9,3399.8,-39999.7,21266.4,76466.7,25.2,0,
2017-12-22 06:44:08,0,3,4,31.9,3398.6,-39999.2,21266.4,76466.7,25.2,0,
2017-12-22 06:44:11,0,3,4,32.0,3397.3,-39999.0,21333.1,76693.2,25.2,0,
2017-12-22 06:44:14,0,3,4,32.0,3396.2,-39999.5,21333.1,76693.2,25.2,0,
2017-12-22 06:44:18,0,3,4,32.1,3394.8,-39999.4,21399.8,76919.6,25.2,0,
2017-12-22 06:44:21,0,3,4,32.1,3393.4,-39999.3,21399.8,76919.6,25.2,0,
2017-12-22 06:44:24,0,3,4,32.2,3392.2,-39999.3,21466.4,77145.8,25.2,0,
2017-12-22 06:44:27,0,3,4,32.2,3390.7,-39999.2,21466.4,77145.8,25.2,0,
2017-12-22 06:44:30,0,3,4,32.3,3389.3,-39998.8,21533.1,77371.8,25.2,0,
2017-12-22 06:44:33,0,3,4,32.3,3388.0,-39999.5,21533.1,77371.8,25.2,0,
2017-12-22 06:44:36,0,3,4,32.4,3386.5,-39999.0,21599.7,77597.6,25.3,0,
2017-12-22 06:44:39,0,3,4,32.4,3385.1,-39999.6,21599.7,77597.6,25.3,0,
2017-12-22 06:44:43,0,3,4,32.5,3383.6,-39999.2,21666.4,77823.2,25.3,0,
2017-12-22 06:44:46,0,3,4,32.5,3382.0,-39999.5,21666.4,77823.2,25.3,0,
2017-12-22 06:44:49,0,3,4,32.6,3380.3,-39999.3,21733.1,78048.7,25.3,0,
2017-12-22 06:44:52,0,3,4,32.6,3378.6,-39998.9,21733.1,78048.7,25.3,0,
2017-12-22 06:44:55,0,3,4,32.7,3377.1,-39999.3,21799.7,78273.9,25.3,0,
2017-12-22 06:44:58,0,3,4,32.8,3375.4,-39999.2,21866.4,78498.9,25.3,0,
2017-12-22 06:45:02,0,3,4,32.8,3373.5,-39999.0,21866.4,78498.9,25.2,0,
2017-12-22 06:45:05,0,3,4,32.9,3371.0,-39941.6,21933.0,78723.3,25.2,0,
2017-12-22 06:45:08,0,3,4,32.9,3369.2,-40000.5,21933.0,78723.3,25.2,0,
2017-12-22 06:45:11,0,3,4,33.0,3367.3,-40000.4,21999.6,78947.8,25.2,0,
2017-12-22 06:45:14,0,3,4,33.0,3365.2,-39999.9,21999.6,78947.8,25.2,0,
2017-12-22 06:45:17,0,3,4,33.1,3363.2,-39999.7,22066.3,79172.1,25.1,0,
2017-12-22 06:45:20,0,3,4,33.1,3361.3,-39999.6,22066.3,79172.1,25.2,0,
2017-12-22 06:45:23,0,3,4,33.2,3359.0,-39999.5,22133.0,79396.1,25.2,0,
2017-12-22 06:45:27,0,3,4,33.2,3356.8,-39999.5,22133.0,79396.1,25.2,0,
2017-12-22 06:45:30,0,3,4,33.3,3354.4,-39999.6,22199.6,79619.8,25.2,0,
2017-12-22 06:45:33,0,3,4,33.3,3352.2,-39999.5,22199.6,79619.8,25.2,0,
2017-12-22 06:45:36,0,3,4,33.4,3349.6,-39999.5,22266.3,79843.1,25.3,0,
2017-12-22 06:45:39,0,3,4,33.4,3347.0,-39999.6,22266.3,79843.1,25.3,0,
2017-12-22 06:45:42,0,3,4,33.5,3344.3,-39999.4,22333.0,80066.2,25.3,0,
2017-12-22 06:45:45,0,3,4,33.5,3341.8,-39998.8,22333.0,80066.2,25.3,0,
2017-12-22 06:45:49,0,3,4,33.6,3338.9,-39998.5,22399.6,80288.9,25.3,0,
2017-12-22 06:45:52,0,3,4,33.6,3335.8,-39998.3,22399.6,80288.9,25.3,0,
2017-12-22 06:45:55,0,3,4,33.7,3332.7,-39998.0,22466.3,80511.3,25.3,0,
2017-12-22 06:45:58,0,3,4,33.7,3329.7,-39999.7,22466.3,80511.3,25.3,0,
2017-12-22 06:46:01,0,3,4,33.8,3326.3,-39999.0,22532.9,80733.2,25.3,0,
2017-12-22 06:46:04,0,3,4,33.8,3323.0,-40000.2,22532.9,80733.2,25.3,0,
2017-12-22 06:46:07,0,3,4,33.9,3319.5,-39999.9,22599.6,80954.7,25.3,0,
2017-12-22 06:46:10,0,3,4,34.0,3315.7,-39999.7,22666.3,81175.7,25.3,0,
2017-12-22 06:46:14,0,3,4,34.0,3312.3,-39999.5,22666.3,81175.7,25.3,0,
2017-12-22 06:46:17,0,3,4,34.1,3308.5,-40000.2,22732.9,81396.3,25.3,0,
2017-12-22 06:46:20,0,3,4,34.1,3304.5,-39999.9,22732.9,81396.3,25.3,0,
2017-12-22 06:46:23,0,3,4,34.2,3300.7,-40000.2,22799.6,81616.4,25.3,0,
2017-12-22 06:46:23,0,3,4,34.2,3300.0,-39999.7,22799.6,81616.4,25.3,3,下限电压到
2017-12-22 06:46:26,0,3,4,34.2,3366.2,20.7,22799.6,81616.4,25.3,3,下限电压到
2017-12-22 06:46:29,0,3,4,34.3,3374.7,21.3,22799.6,81616.5,25.3,3,下限电压到
2017-12-22 06:46:32,0,3,4,34.3,3380.0,20.9,22799.6,81616.5,25.3,3,下限电压到
2017-12-22 06:46:35,0,3,4,34.4,3384.0,20.4,22799.7,81616.6,25.3,3,下限电压到
2017-12-22 06:46:38,0,3,4,34.4,3387.2,21.7,22799.7,81616.6,25.3,3,下限电压到
2017-12-22 06:46:42,0,3,4,34.5,3390.2,20.2,22799.7,81616.8,25.3,3,下限电压到
2017-12-22 06:46:45,0,3,4,34.5,3392.3,20.3,22799.7,81616.8,25.3,3,下限电压到
2017-12-22 06:46:50,0,4,6,0.0,3394.8,0,0.0,0.0,25.3,0,
