2017-12-22 05:33:19,0,0,3,0.0,3453.0,0,0.0,0.0,24.8,0,
2017-12-22 05:33:47,0,0,3,0.4,3454.1,20.1,0.0,0.0,24.6,0,
2017-12-22 05:33:50,0,0,3,0.4,3454.3,20.4,0.0,0.0,24.6,0,
2017-12-22 05:33:53,0,0,3,0.5,3454.3,20.9,0.0,0.0,24.6,0,
2017-12-22 05:33:56,0,0,3,0.5,3454.4,19.4,0.0,0.0,24.7,0,
2017-12-22 05:33:59,0,0,3,0.6,3454.6,20.1,0.0,0.0,24.7,0,
2017-12-22 05:34:02,0,0,3,0.6,3454.6,20.7,0.0,0.0,24.7,0,
2017-12-22 05:34:05,0,0,3,0.7,3454.8,19.8,0.0,0.0,24.7,0,
2017-12-22 05:34:08,0,0,3,0.7,3454.7,20.1,0.0,0.0,24.7,0,
2017-12-22 05:34:12,0,0,3,0.8,3455.0,20.9,0.0,0.0,24.7,0,
2017-12-22 05:34:15,0,0,3,0.8,3454.9,20.1,0.0,0.0,24.7,0,
2017-12-22 05:34:18,0,0,3,0.9,3455.2,20.9,0.0,0.0,24.7,0,
2017-12-22 05:34:21,0,0,3,0.9,3455.2,19.6,0.0,0.0,24.7,0,
2017-12-22 05:34:24,0,0,3,1.0,3455.3,20.0,0.0,0.0,24.7,0,
2017-12-22 05:34:25,0,0,3,1.0,3455.3,19.9,0.0,0.0,24.7,1,时间到
2017-12-22 05:34:29,0,1,2,0.0,3455.4,0,0.0,0.0,24.7,0,
2017-12-22 05:34:51,0,1,2,0.4,3536.1,40000.9,266.7,939.6,24.8,0,
2017-12-22 05:34:54,0,1,2,0.4,3539.2,40001.0,266.7,939.6,24.8,0,
2017-12-22 05:34:58,0,1,2,0.5,3542.5,40001.5,333.4,1175.7,24.8,0,
2017-12-22 05:35:01,0,1,2,0.5,3545.2,40002.0,333.4,1175.7,24.8,0,
2017-12-22 05:35:04,0,1,2,0.6,3547.6,40002.5,400.0,1412.2,24.8,0,
2017-12-22 05:35:07,0,1,2,0.6,3550.0,40002.5,400.0,1412.2,24.8,0,
2017-12-22 05:35:11,0,1,2,0.7,3551.9,40002.3,466.7,1649.0,24.8,0,
2017-12-22 05:35:14,0,1,2,0.7,3553.8,40002.3,466.7,1649.0,24.8,0,
2017-12-22 05:35:17,0,1,2,0.8,3555.5,40002.7,533.4,1886.0,24.8,0,
2017-12-22 05:35:20,0,1,2,0.8,3557.0,40002.5,533.4,1886.0,24.8,0,
2017-12-22 05:35:23,0,1,2,0.9,3558.7,40002.8,600.1,2123.2,24.8,0,
2017-12-22 05:35:27,0,1,2,0.9,3559.9,39999.5,600.1,2123.2,24.8,0,
2017-12-22 05:35:30,0,1,2,1.0,3561.2,39999.8,666.7,2360.6,24.8,0,
2017-12-22 05:35:33,0,1,2,1.0,3562.4,40000.0,666.7,2360.6,24.8,0,
2017-12-22 05:35:36,0,1,2,1.1,3563.5,40000.0,733.4,2598.1,24.9,0,
2017-12-22 05:35:39,0,1,2,1.1,3564.5,40000.2,733.4,2598.1,24.9,0,
2017-12-22 05:35:42,0,1,2,1.2,3565.6,39999.7,800.1,2835.7,24.9,0,
2017-12-22 05:35:45,0,1,2,1.2,3566.5,40000.2,800.1,2835.7,25.0,0,
2017-12-22 05:35:48,0,1,2,1.3,3567.6,40000.0,866.7,3073.5,25.0,0,
2017-12-22 05:35:51,0,1,2,1.4,3568.7,40000.0,933.4,3311.4,25.0,0,
2017-12-22 05:35:54,0,1,2,1.4,3569.5,40000.1,933.4,3311.4,24.9,0,
2017-12-22 05:35:58,0,1,2,1.5,3570.5,40000.1,1000.1,3549.5,24.9,0,
2017-12-22 05:36:01,0,1,2,1.5,3571.4,40000.5,1000.1,3549.5,24.9,0,
2017-12-22 05:36:04,0,1,2,1.6,3572.4,40000.8,1066.7,3787.6,24.9,0,
2017-12-22 05:36:07,0,1,2,1.6,3573.3,39999.8,1066.7,3787.6,24.9,0,
2017-12-22 05:36:10,0,1,2,1.7,3574.2,40000.6,1133.4,4025.9,24.9,0,
2017-12-22 05:36:13,0,1,2,1.7,3575.0,40000.4,1133.4,4025.9,24.9,0,
2017-12-22 05:36:17,0,1,2,1.8,3575.9,40000.8,1200.1,4264.3,24.9,0,
2017-12-22 05:36:20,0,1,2,1.8,3576.7,40000.8,1200.1,4264.3,24.9,0,
2017-12-22 05:36:23,0,1,2,1.9,3577.5,40000.8,1266.7,4502.7,24.9,0,
2017-12-22 05:36:26,0,1,2,1.9,3578.4,40000.8,1266.7,4502.7,25.0,0,
2017-12-22 05:36:29,0,1,2,2.0,3579.4,40000.8,1333.4,4741.3,24.9,0,
2017-12-22 05:36:32,0,1,2,2.0,3580.1,40001.0,1333.4,4741.3,24.9,0,
2017-12-22 05:36:35,0,1,2,2.1,3581.0,40000.4,1400.1,4980.0,24.9,0,
2017-12-22 05:36:39,0,1,2,2.1,3581.7,40000.5,1400.1,4980.0,24.9,0,
2017-12-22 05:36:42,0,1,2,2.2,3582.6,40000.8,1466.7,5218.8,24.9,0,
2017-12-22 05:36:45,0,1,2,2.2,3583.5,40000.6,1466.7,5218.8,24.9,0,
2017-12-22 05:36:48,0,1,2,2.3,3584.5,40000.7,1533.4,5457.7,24.9,0,
2017-12-22 05:36:52,0,1,2,2.4,3585.3,40000.8,1600.1,5696.8,24.9,0,
2017-12-22 05:36:55,0,1,2,2.4,3586.1,40000.5,1600.1,5696.8,24.9,0,
2017-12-22 05:36:58,0,1,2,2.5,3586.8,40001.0,1666.7,5935.9,24.9,0,
2017-12-22 05:37:01,0,1,2,2.5,3587.7,40000.6,1666.7,5935.9,24.9,0,
2017-12-22 05:37:04,0,1,2,2.6,3588.6,40000.9,1733.4,6175.1,24.8,0,
2017-12-22 05:37:07,0,1,2,2.6,3589.3,40000.8,1733.4,6175.1,24.8,0,
2017-12-22 05:37:10,0,1,2,2.7,3590.1,40000.5,1800.1,6414.4,24.8,0,
2017-12-22 05:37:13,0,1,2,2.7,3590.9,40000.7,1800.1,6414.4,24.8,0,
2017-12-22 05:37:17,0,1,2,2.8,3591.7,40000.7,1866.7,6653.9,24.8,0,
2017-12-22 05:37:20,0,1,2,2.8,3592.6,40000.8,1866.7,6653.9,24.8,0,
2017-12-22 05:37:23,0,1,2,2.9,3593.4,40000.5,1933.4,6893.5,24.8,0,
2017-12-22 05:37:26,0,1,2,2.9,3594.3,40000.7,1933.4,6893.5,24.8,0,
2017-12-22 05:37:29,0,1,2,3.0,3595.2,40000.7,2000.1,7133.1,24.8,0,
2017-12-22 05:37:32,0,1,2,3.0,3596.0,40000.9,2000.1,7133.1,24.7,0,
2017-12-22 05:37:35,0,1,2,3.1,3596.7,40001.0,2066.8,7372.9,24.8,0,
2017-12-22 05:37:38,0,1,2,3.1,3597.5,40000.8,2066.8,7372.9,24.7,0,
2017-12-22 05:37:41,0,1,2,3.2,3598.4,40001.0,2133.4,7612.8,24.7,0,
2017-12-22 05:37:44,0,1,2,3.2,3599.3,40000.9,2133.4,7612.8,24.7,0,
2017-12-22 05:37:47,0,1,2,3.3,3600.0,40001.0,2200.1,7852.8,24.7,0,
2017-12-22 05:37:51,0,1,2,3.3,3600.9,40001.0,2200.1,7852.8,24.7,0,
2017-12-22 05:37:54,0,1,2,3.4,3601.8,40000.7,2266.8,8092.8,24.7,0,
2017-12-22 05:37:57,0,1,2,3.4,3602.6,40000.8,2266.8,8092.8,24.7,0,
2017-12-22 05:38:00,0,1,2,3.5,3603.4,40000.0,2333.4,8333.0,24.6,0,
2017-12-22 05:38:03,0,1,2,3.5,3604.3,40000.9,2333.4,8333.0,24.6,0,
2017-12-22 05:38:06,0,1,2,3.6,3605.0,40000.5,2400.1,8573.3,24.6,0,
2017-12-22 05:38:09,0,1,2,3.6,3606.0,40000.8,2400.1,8573.3,24.6,0,
2017-12-22 05:38:12,0,1,2,3.7,3606.8,40000.2,2466.8,8813.7,24.6,0,
2017-12-22 05:38:15,0,1,2,3.7,3607.6,40000.8,2466.8,8813.7,24.6,0,
2017-12-22 05:38:18,0,1,2,3.8,3608.4,40000.5,2533.4,9054.2,24.6,0,
2017-12-22 05:38:21,0,1,2,3.9,3609.2,40000.6,2600.1,9294.9,24.6,0,
2017-12-22 05:38:24,0,1,2,3.9,3610.0,40000.8,2600.1,9294.9,24.6,0,
2017-12-22 05:38:27,0,1,2,4.0,3611.0,40000.6,2666.8,9535.6,24.6,0,
2017-12-22 05:38:30,0,1,2,4.0,3611.7,40001.0,2666.8,9535.6,24.6,0,
2017-12-22 05:38:33,0,1,2,4.1,3612.6,40000.7,2733.4,9776.4,24.6,0,
2017-12-22 05:38:36,0,1,2,4.1,3613.3,40000.6,2733.4,9776.4,24.6,0,
2017-12-22 05:38:40,0,1,2,4.2,3614.2,40000.4,2800.1,10017.4,24.6,0,
2017-12-22 05:38:43,0,1,2,4.2,3615.1,40000.7,2800.1,10017.4,24.6,0,
2017-12-22 05:38:46,0,1,2,4.3,3615.8,40000.8,2866.8,10258.4,24.7,0,
2017-12-22 05:38:49,0,1,2,4.3,3616.7,40000.5,2866.8,10258.4,24.7,0,
2017-12-22 05:38:52,0,1,2,4.4,3617.6,40000.8,2933.4,10499.6,24.7,0,
2017-12-22 05:38:55,0,1,2,4.4,3618.4,40000.7,2933.4,10499.6,24.7,0,
2017-12-22 05:38:58,0,1,2,4.5,3619.2,40001.0,3000.1,10740.9,24.6,0,
2017-12-22 05:39:01,0,1,2,4.5,3619.9,40000.8,3000.1,10740.9,24.6,0,
2017-12-22 05:39:04,0,1,2,4.6,3620.6,40000.7,3066.8,10982.2,24.6,0,
2017-12-22 05:39:08,0,1,2,4.6,3621.5,40000.8,3066.8,10982.2,24.6,0,
2017-12-22 05:39:11,0,1,2,4.7,3622.5,40000.5,3133.5,11223.7,24.6,0,
2017-12-22 05:39:14,0,1,2,4.7,3623.2,40001.4,3133.5,11223.7,24.7,0,
2017-12-22 05:39:17,0,1,2,4.8,3623.9,40000.9,3200.1,11465.3,24.7,0,
2017-12-22 05:39:20,0,1,2,4.8,3624.8,40001.1,3200.1,11465.3,24.7,0,
2017-12-22 05:39:23,0,1,2,4.9,3625.7,40001.1,3266.8,11707.0,24.6,0,
2017-12-22 05:39:27,0,1,2,4.9,3626.4,40000.8,3266.8,11707.0,24.7,0,
2017-12-22 05:39:30,0,1,2,5.0,3627.3,40000.8,3333.5,11948.8,24.7,0,
2017-12-22 05:39:33,0,1,2,5.0,3628.1,40000.6,3333.5,11948.8,24.7,0,
2017-12-22 05:39:36,0,1,2,5.1,3628.7,40001.2,3400.1,12190.7,24.7,0,
2017-12-22 05:39:39,0,1,2,5.1,3629.5,40001.2,3400.1,12190.7,24.7,0,
2017-12-22 05:39:42,0,1,2,5.2,3630.2,40001.0,3466.8,12432.6,24.7,0,
2017-12-22 05:39:45,0,1,2,5.2,3631.1,40001.3,3466.8,12432.6,24.7,0,
2017-12-22 05:39:48,0,1,2,5.3,3631.9,40000.9,3533.5,12674.7,24.7,0,
2017-12-22 05:39:51,0,1,2,5.3,3632.7,40001.3,3533.5,12674.7,24.7,0,
2017-12-22 05:39:54,0,1,2,5.4,3633.2,40000.7,3600.1,12916.9,24.7,0,
2017-12-22 05:39:58,0,1,2,5.5,3634.0,40001.2,3666.8,13159.2,24.7,0,
2017-12-22 05:40:01,0,1,2,5.5,3634.9,40000.7,3666.8,13159.2,24.7,0,
2017-12-22 05:40:04,0,1,2,5.6,3635.6,40000.7,3733.5,13401.6,24.7,0,
2017-12-22 05:40:07,0,1,2,5.6,3636.3,40000.8,3733.5,13401.6,24.7,0,
2017-12-22 05:40:10,0,1,2,5.7,3636.9,40000.8,3800.1,13644.1,24.7,0,
2017-12-22 05:40:13,0,1,2,5.7,3637.7,40001.0,3800.1,13644.1,24.7,0,
2017-12-22 05:40:16,0,1,2,5.8,3638.4,40000.7,3866.8,13886.6,24.7,0,
2017-12-22 05:40:19,0,1,2,5.8,3639.2,40001.0,3866.8,13886.6,24.7,0,
2017-12-22 05:40:22,0,1,2,5.9,3640.0,40000.8,3933.5,14129.3,24.8,0,
2017-12-22 05:40:25,0,1,2,5.9,3640.7,40000.7,3933.5,14129.3,24.7,0,
2017-12-22 05:40:28,0,1,2,6.0,3641.4,40000.5,4000.2,14372.0,24.8,0,
2017-12-22 05:40:32,0,1,2,6.0,3642.2,40000.9,4000.2,14372.0,24.8,0,
2017-12-22 05:40:35,0,1,2,6.1,3642.8,40000.9,4066.8,14614.9,24.8,0,
2017-12-22 05:40:38,0,1,2,6.1,3643.6,40000.8,4066.8,14614.9,24.8,0,
2017-12-22 05:40:41,0,1,2,6.2,3644.4,40000.9,4133.5,14857.8,24.8,0,
2017-12-22 05:40:44,0,1,2,6.2,3644.9,40001.3,4133.5,14857.8,24.8,0,
2017-12-22 05:40:47,0,1,2,6.3,3645.7,40001.0,4200.2,15100.8,24.8,0,
2017-12-22 05:40:51,0,1,2,6.3,3646.5,40000.9,4200.2,15100.8,24.7,0,
2017-12-22 05:40:54,0,1,2,6.4,3647.2,40000.8,4266.8,15344.0,24.8,0,
2017-12-22 05:40:57,0,1,2,6.4,3647.9,40000.6,4266.8,15344.0,24.8,0,
2017-12-22 05:41:00,0,1,2,6.5,3648.6,40001.0,4333.5,15587.2,24.7,0,
2017-12-22 05:41:03,0,1,2,6.5,3649.2,40000.5,4333.5,15587.2,24.7,0,
2017-12-22 05:41:06,0,1,2,6.6,3649.9,40000.4,4400.2,15830.5,24.8,0,
2017-12-22 05:41:09,0,1,2,6.7,3650.5,40000.3,4466.8,16073.8,24.7,0,
2017-12-22 05:41:13,0,1,2,6.7,3651.1,40001.1,4466.8,16073.8,24.8,0,
2017-12-22 05:41:16,0,1,2,6.8,3651.9,40000.8,4533.5,16317.3,24.8,0,
2017-12-22 05:41:19,0,1,2,6.8,3652.5,40001.0,4533.5,16317.3,24.8,0,
2017-12-22 05:41:22,0,1,2,6.9,3653.1,40001.2,4600.2,16560.9,24.8,0,
2017-12-22 05:41:25,0,1,2,6.9,3653.8,40000.8,4600.2,16560.9,24.8,0,
2017-12-22 05:41:28,0,1,2,7.0,3654.4,40001.0,4666.9,16804.5,24.8,0,
2017-12-22 05:41:31,0,1,2,7.0,3655.1,40000.6,4666.9,16804.5,24.7,0,
2017-12-22 05:41:34,0,1,2,7.1,3655.9,40000.8,4733.5,17048.2,24.7,0,
2017-12-22 05:41:38,0,1,2,7.1,3656.5,40001.0,4733.5,17048.2,24.7,0,
2017-12-22 05:41:41,0,1,2,7.2,3657.3,40000.7,4800.2,17292.0,24.8,0,
2017-12-22 05:41:44,0,1,2,7.2,3657.9,40001.0,4800.2,17292.0,24.8,0,
2017-12-22 05:41:47,0,1,2,7.3,3658.3,40000.7,4866.9,17535.9,24.8,0,
2017-12-22 05:41:50,0,1,2,7.3,3659.0,40000.8,4866.9,17535.9,24.8,0,
2017-12-22 05:41:53,0,1,2,7.4,3659.7,40001.2,4933.5,17779.9,24.8,0,
2017-12-22 05:41:57,0,1,2,7.4,3660.3,40000.9,4933.5,17779.9,24.8,0,
2017-12-22 05:42:00,0,1,2,7.5,3661.0,40001.1,5000.2,18023.9,24.7,0,
2017-12-22 05:42:03,0,1,2,7.5,3661.7,40000.8,5000.2,18023.9,24.7,0,
2017-12-22 05:42:06,0,1,2,7.6,3662.3,40000.5,5066.9,18268.1,24.7,0,
2017-12-22 05:42:09,0,1,2,7.7,3662.8,40001.0,5133.5,18512.3,24.8,0,
2017-12-22 05:42:13,0,1,2,7.7,3663.6,40000.9,5133.5,18512.3,24.8,0,
2017-12-22 05:42:16,0,1,2,7.8,3664.2,40000.9,5200.2,18756.6,24.8,0,
2017-12-22 05:42:19,0,1,2,7.8,3664.7,40000.3,5200.2,18756.6,24.8,0,
2017-12-22 05:42:22,0,1,2,7.9,3665.3,40000.9,5266.9,19000.9,24.8,0,
2017-12-22 05:42:25,0,1,2,7.9,3666.1,40001.0,5266.9,19000.9,24.8,0,
2017-12-22 05:42:28,0,1,2,8.0,3666.6,40000.5,5333.5,19245.4,24.8,0,
2017-12-22 05:42:31,0,1,2,8.0,3667.3,40001.0,5333.5,19245.4,24.8,0,
2017-12-22 05:42:34,0,1,2,8.1,3667.7,40000.2,5400.2,19489.9,24.8,0,
2017-12-22 05:42:37,0,1,2,8.1,3668.3,40001.2,5400.2,19489.9,24.8,0,
2017-12-22 05:42:41,0,1,2,8.2,3669.0,40001.0,5466.9,19734.5,24.8,0,
2017-12-22 05:42:44,0,1,2,8.2,3669.5,40000.8,5466.9,19734.5,24.8,0,
2017-12-22 05:42:47,0,1,2,8.3,3670.2,40000.7,5533.6,19979.1,24.8,0,
2017-12-22 05:42:50,0,1,2,8.3,3670.8,40001.0,5533.6,19979.1,24.8,0,
2017-12-22 05:42:53,0,1,2,8.4,3671.4,40000.8,5600.2,20223.9,24.8,0,
2017-12-22 05:42:56,0,1,2,8.4,3671.8,40001.0,5600.2,20223.9,24.8,0,
2017-12-22 05:43:00,0,1,2,8.5,3672.4,40000.8,5666.9,20468.7,24.8,0,
2017-12-22 05:43:03,0,1,2,8.5,3673.0,40001.0,5666.9,20468.7,24.8,0,
2017-12-22 05:43:06,0,1,2,8.6,3673.6,40000.7,5733.6,20713.6,24.8,0,
2017-12-22 05:43:09,0,1,2,8.6,3674.1,40000.7,5733.6,20713.6,24.8,0,
2017-12-22 05:43:12,0,1,2,8.7,3674.7,40000.5,5800.2,20958.5,24.8,0,
2017-12-22 05:43:16,0,1,2,8.8,3675.4,40000.5,5866.9,21203.6,24.7,0,
2017-12-22 05:43:19,0,1,2,8.8,3676.0,40001.0,5866.9,21203.6,24.8,0,
2017-12-22 05:43:22,0,1,2,8.9,3676.5,40000.6,5933.6,21448.7,24.7,0,
2017-12-22 05:43:25,0,1,2,8.9,3677.1,40000.8,5933.6,21448.7,24.7,0,
2017-12-22 05:43:28,0,1,2,9.0,3677.6,40000.8,6000.2,21693.9,24.7,0,
2017-12-22 05:43:31,0,1,2,9.0,3678.0,40000.5,6000.2,21693.9,24.7,0,
2017-12-22 05:43:34,0,1,2,9.1,3678.5,40000.7,6066.9,21939.1,24.6,0,
2017-12-22 05:43:37,0,1,2,9.1,3679.0,40000.5,6066.9,21939.1,24.6,0,
2017-12-22 05:43:40,0,1,2,9.2,3679.6,40000.8,6133.6,22184.4,24.6,0,
2017-12-22 05:43:43,0,1,2,9.2,3680.0,40000.6,6133.6,22184.4,24.7,0,
2017-12-22 05:43:46,0,1,2,9.3,3680.5,40000.7,6200.2,22429.7,24.7,0,
2017-12-22 05:43:49,0,1,2,9.3,3681.0,40000.4,6200.2,22429.7,24.7,0,
2017-12-22 05:43:53,0,1,2,9.4,3681.6,40000.5,6266.9,22675.2,24.7,0,
2017-12-22 05:43:56,0,1,2,9.4,3682.2,40000.5,6266.9,22675.2,24.7,0,
2017-12-22 05:43:59,0,1,2,9.5,3682.6,40000.4,6333.6,22920.7,24.7,0,
2017-12-22 05:44:02,0,1,2,9.5,3683.1,40000.9,6333.6,22920.7,24.7,0,
2017-12-22 05:44:05,0,1,2,9.6,3683.5,40000.2,6400.2,23166.2,24.7,0,
2017-12-22 05:44:08,0,1,2,9.6,3684.0,40000.5,6400.2,23166.2,24.6,0,
2017-12-22 05:44:11,0,1,2,9.7,3684.5,40000.2,6466.9,23411.9,24.6,0,
2017-12-22 05:44:14,0,1,2,9.7,3685.0,39999.8,6466.9,23411.9,24.6,0,
2017-12-22 05:44:17,0,1,2,9.8,3685.3,40000.6,6533.6,23657.5,24.6,0,
2017-12-22 05:44:20,0,1,2,9.8,3685.7,40000.3,6533.6,23657.5,24.6,0,
2017-12-22 05:44:24,0,1,2,9.9,3686.4,40000.7,6600.3,23903.3,24.6,0,
2017-12-22 05:44:27,0,1,2,9.9,3686.7,40000.2,6600.3,23903.3,24.6,0,
2017-12-22 05:44:30,0,1,2,10.0,3687.2,40000.5,6666.9,24149.1,24.6,0,
2017-12-22 05:44:33,0,1,2,10.0,3687.6,40000.3,6666.9,24149.1,24.6,0,
2017-12-22 05:44:36,0,1,2,10.1,3688.3,40000.7,6733.6,24394.9,24.6,0,
2017-12-22 05:44:40,0,1,2,10.2,3688.5,40000.8,6800.3,24640.8,24.6,0,
2017-12-22 05:44:43,0,1,2,10.2,3689.1,40000.9,6800.3,24640.8,24.6,0,
2017-12-22 05:44:46,0,1,2,10.3,3689.6,40000.5,6866.9,24886.8,24.6,0,
2017-12-22 05:44:49,0,1,2,10.3,3690.0,40000.8,6866.9,24886.8,24.7,0,
2017-12-22 05:44:52,0,1,2,10.4,3690.3,40000.4,6933.6,25132.8,24.7,0,
2017-12-22 05:44:55,0,1,2,10.4,3690.8,40001.0,6933.6,25132.8,24.7,0,
2017-12-22 05:44:58,0,1,2,10.5,3691.3,40000.5,7000.3,25378.9,24.7,0,
2017-12-22 05:45:02,0,1,2,10.5,3691.7,40000.3,7000.3,25378.9,24.7,0,
2017-12-22 05:45:05,0,1,2,10.6,3692.1,40001.0,7066.9,25625.1,24.6,0,
2017-12-22 05:45:08,0,1,2,10.6,3692.4,40000.5,7066.9,25625.1,24.7,0,
2017-12-22 05:45:11,0,1,2,10.7,3692.9,40000.5,7133.6,25871.2,24.7,0,
2017-12-22 05:45:15,0,1,2,10.7,3693.2,40000.8,7133.6,25871.2,24.7,0,
2017-12-22 05:45:18,0,1,2,10.8,3693.8,40000.5,7200.3,26117.5,24.6,0,
2017-12-22 05:45:21,0,1,2,10.8,3694.0,40000.5,7200.3,26117.5,24.6,0,
2017-12-22 05:45:24,0,1,2,10.9,3694.5,40000.5,7266.9,26363.8,24.6,0,
2017-12-22 05:45:27,0,1,2,10.9,3694.9,40000.8,7266.9,26363.8,24.6,0,
2017-12-22 05:45:30,0,1,2,11.0,3695.3,40000.3,7333.6,26610.1,24.6,0,
2017-12-22 05:45:33,0,1,2,11.0,3695.8,40000.8,7333.6,26610.1,24.6,0,
2017-12-22 05:45:36,0,1,2,11.1,3696.2,40000.8,7400.3,26856.5,24.6,0,
2017-12-22 05:45:39,0,1,2,11.1,3696.4,40000.8,7400.3,26856.5,24.6,0,
2017-12-22 05:45:42,0,1,2,11.2,3697.0,40000.7,7467.0,27102.9,24.6,0,
2017-12-22 05:45:45,0,1,2,11.3,3697.3,40000.7,7533.6,27349.4,24.6,0,
2017-12-22 05:45:49,0,1,2,11.3,3697.7,40000.7,7533.6,27349.4,24.6,0,
2017-12-22 05:45:52,0,1,2,11.4,3698.0,40000.3,7600.3,27596.0,24.7,0,
2017-12-22 05:45:55,0,1,2,11.4,3698.3,40000.7,7600.3,27596.0,24.7,0,
2017-12-22 05:45:58,0,1,2,11.5,3698.7,40000.7,7667.0,27842.6,24.7,0,
2017-12-22 05:46:01,0,1,2,11.5,3699.2,40000.7,7667.0,27842.6,24.7,0,
2017-12-22 05:46:04,0,1,2,11.6,3699.4,40000.7,7733.6,28089.2,24.7,0,
2017-12-22 05:46:07,0,1,2,11.6,3699.9,39999.7,7733.6,28089.2,24.6,0,
2017-12-22 05:46:10,0,1,2,11.7,3700.1,40000.5,7800.3,28335.9,24.7,0,
2017-12-22 05:46:13,0,1,2,11.7,3700.5,40000.2,7800.3,28335.9,24.6,0,
2017-12-22 05:46:16,0,1,2,11.8,3700.9,40000.2,7867.0,28582.6,24.6,0,
2017-12-22 05:46:19,0,1,2,11.8,3701.2,39999.8,7867.0,28582.6,24.7,0,
2017-12-22 05:46:22,0,1,2,11.9,3701.7,40000.0,7933.6,28829.4,24.6,0,
2017-12-22 05:46:25,0,1,2,11.9,3702.0,40000.7,7933.6,28829.4,24.6,0,
2017-12-22 05:46:28,0,1,2,12.0,3702.6,40000.7,8000.3,29076.2,24.6,0,
2017-12-22 05:46:32,0,1,2,12.0,3702.8,40000.6,8000.3,29076.2,24.6,0,
2017-12-22 05:46:35,0,1,2,12.1,3703.2,40000.4,8067.0,29323.1,24.6,0,
2017-12-22 05:46:38,0,1,2,12.1,3703.7,40000.4,8067.0,29323.1,24.6,0,
2017-12-22 05:46:41,0,1,2,12.2,3704.0,40000.2,8133.6,29570.0,24.6,0,
2017-12-22 05:46:44,0,1,2,12.2,3704.2,40000.0,8133.6,29570.0,24.6,0,
2017-12-22 05:46:47,0,1,2,12.3,3704.6,40000.4,8200.3,29817.0,24.6,0,
2017-12-22 05:46:50,0,1,2,12.3,3705.0,40000.3,8200.3,29817.0,24.6,0,
2017-12-22 05:46:53,0,1,2,12.4,3705.4,40000.5,8267.0,30064.0,24.6,0,
2017-12-22 05:46:56,0,1,2,12.4,3705.6,40000.4,8267.0,30064.0,24.6,0,
2017-12-22 05:46:59,0,1,2,12.5,3706.0,40000.7,8333.6,30311.1,24.6,0,
2017-12-22 05:47:03,0,1,2,12.5,3706.4,40000.3,8333.6,30311.1,24.6,0,
2017-12-22 05:47:06,0,1,2,12.6,3706.7,40000.4,8400.3,30558.2,24.6,0,
2017-12-22 05:47:09,0,1,2,12.6,3707.0,40000.7,8400.3,30558.2,24.6,0,
2017-12-22 05:47:12,0,1,2,12.7,3707.4,40000.4,8467.0,30805.3,24.6,0,
2017-12-22 05:47:15,0,1,2,12.7,3707.6,40000.0,8467.0,30805.3,24.6,0,
2017-12-22 05:47:18,0,1,2,12.8,3708.1,40000.3,8533.6,31052.5,24.6,0,
2017-12-22 05:47:21,0,1,2,12.8,3708.4,40000.5,8533.6,31052.5,24.6,0,
2017-12-22 05:47:24,0,1,2,12.9,3708.7,40000.4,8600.3,31299.7,24.6,0,
2017-12-22 05:47:27,0,1,2,13.0,3709.1,40000.7,8667.0,31547.0,24.7,0,
2017-12-22 05:47:30,0,1,2,13.0,3709.4,39999.5,8667.0,31547.0,24.7,0,
2017-12-22 05:47:33,0,1,2,13.1,3709.8,40000.5,8733.6,31794.3,24.7,0,
2017-12-22 05:47:36,0,1,2,13.1,3710.1,40000.3,8733.6,31794.3,24.7,0,
2017-12-22 05:47:39,0,1,2,13.2,3710.5,40000.0,8800.3,32041.7,24.7,0,
2017-12-22 05:47:43,0,1,2,13.2,3710.8,40000.3,8800.3,32041.7,24.7,0,
2017-12-22 05:47:46,0,1,2,13.3,3711.0,40000.1,8867.0,32289.1,24.6,0,
2017-12-22 05:47:49,0,1,2,13.3,3711.4,40000.0,8867.0,32289.1,24.6,0,
2017-12-22 05:47:52,0,1,2,13.4,3711.9,40000.5,8933.6,32536.6,24.6,0,
2017-12-22 05:47:55,0,1,2,13.4,3712.1,40000.2,8933.6,32536.6,24.7,0,
2017-12-22 05:47:58,0,1,2,13.5,3712.3,40000.3,9000.3,32784.1,24.7,0,
2017-12-22 05:48:01,0,1,2,13.5,3712.8,40000.0,9000.3,32784.1,24.7,0,
2017-12-22 05:48:04,0,1,2,13.6,3713.1,40000.2,9067.0,33031.6,24.7,0,
2017-12-22 05:48:07,0,1,2,13.6,3713.3,40000.3,9067.0,33031.6,24.7,0,
2017-12-22 05:48:10,0,1,2,13.7,3713.7,40000.4,9133.6,33279.2,24.7,0,
2017-12-22 05:48:13,0,1,2,13.7,3714.1,40000.1,9133.6,33279.2,24.7,0,
2017-12-22 05:48:16,0,1,2,13.8,3714.5,40000.5,9200.3,33526.8,24.7,0,
2017-12-22 05:48:19,0,1,2,13.8,3714.7,40000.2,9200.3,33526.8,24.7,0,
2017-12-22 05:48:22,0,1,2,13.9,3715.0,40000.5,9267.0,33774.5,24.7,0,
2017-12-22 05:48:26,0,1,2,13.9,3715.5,40000.2,9267.0,33774.5,24.7,0,
2017-12-22 05:48:29,0,1,2,14.0,3715.8,40000.5,9333.7,34022.2,24.7,0,
2017-12-22 05:48:32,0,1,2,14.0,3716.1,40000.6,9333.7,34022.2,24.7,0,
2017-12-22 05:48:35,0,1,2,14.1,3716.3,40000.2,9400.3,34269.9,24.7,0,
2017-12-22 05:48:38,0,1,2,14.1,3716.8,40000.5,9400.3,34269.9,24.7,0,
2017-12-22 05:48:41,0,1,2,14.2,3717.1,40000.5,9467.0,34517.7,24.7,0,
2017-12-22 05:48:44,0,1,2,14.2,3717.5,40000.5,9467.0,34517.7,24.7,0,
2017-12-22 05:48:47,0,1,2,14.3,3717.8,40000.8,9533.7,34765.6,24.7,0,
2017-12-22 05:48:50,0,1,2,14.3,3718.1,40000.5,9533.7,34765.6,24.7,0,
2017-12-22 05:48:53,0,1,2,14.4,3718.5,40000.8,9600.3,35013.4,24.7,0,
2017-12-22 05:48:57,0,1,2,14.4,3718.7,40000.0,9600.3,35013.4,24.7,0,
2017-12-22 05:49:00,0,1,2,14.5,3719.0,40000.3,9667.0,35261.4,24.7,0,
2017-12-22 05:49:03,0,1,2,14.5,3719.6,40000.6,9667.0,35261.4,24.7,0,
2017-12-22 05:49:06,0,1,2,14.6,3719.7,40000.3,9733.7,35509.3,24.7,0,
2017-12-22 05:49:09,0,1,2,14.7,3720.2,40000.7,9800.3,35757.4,24.7,0,
2017-12-22 05:49:12,0,1,2,14.7,3720.5,40000.7,9800.3,35757.4,24.7,0,
2017-12-22 05:49:15,0,1,2,14.8,3720.7,40000.7,9867.0,36005.4,24.7,0,
2017-12-22 05:49:19,0,1,2,14.8,3721.2,40000.3,9867.0,36005.4,24.7,0,
2017-12-22 05:49:22,0,1,2,14.9,3721.4,40000.9,9933.7,36253.5,24.7,0,
2017-12-22 05:49:25,0,1,2,14.9,3721.9,40000.2,9933.7,36253.5,24.7,0,
2017-12-22 05:49:28,0,1,2,15.0,3722.2,40000.7,10000.3,36501.7,24.7,0,
2017-12-22 05:49:31,0,1,2,15.0,3722.5,40001.0,10000.3,36501.7,24.6,0,
2017-12-22 05:49:34,0,1,2,15.1,3722.9,40000.3,10067.0,36749.9,24.6,0,
2017-12-22 05:49:37,0,1,2,15.1,3723.2,40000.7,10067.0,36749.9,24.6,0,
2017-12-22 05:49:40,0,1,2,15.2,3723.5,40000.8,10133.7,36998.1,24.6,0,
2017-12-22 05:49:43,0,1,2,15.2,3723.9,40000.5,10133.7,36998.1,24.6,0,
2017-12-22 05:49:47,0,1,2,15.3,3724.2,40000.0,10200.3,37246.4,24.6,0,
2017-12-22 05:49:50,0,1,2,15.3,3724.5,40000.4,10200.3,37246.4,24.6,0,
2017-12-22 05:49:53,0,1,2,15.4,3725.0,40000.7,10267.0,37494.7,24.6,0,
2017-12-22 05:49:56,0,1,2,15.4,3725.1,40000.4,10267.0,37494.7,24.6,0,
2017-12-22 05:49:59,0,1,2,15.5,3725.5,40000.8,10333.7,37743.1,24.6,0,
2017-12-22 05:50:02,0,1,2,15.5,3726.0,40000.3,10333.7,37743.1,24.6,0,
2017-12-22 05:50:05,0,1,2,15.6,3726.3,40000.3,10400.3,37991.5,24.6,0,
2017-12-22 05:50:08,0,1,2,15.6,3726.7,40000.5,10400.3,37991.5,24.6,0,
2017-12-22 05:50:11,0,1,2,15.7,3726.9,40000.2,10467.0,38239.9,24.6,0,
2017-12-22 05:50:14,0,1,2,15.7,3727.2,40000.3,10467.0,38239.9,24.6,0,
2017-12-22 05:50:17,0,1,2,15.8,3727.5,39999.9,10533.7,38488.4,24.6,0,
2017-12-22 05:50:21,0,1,2,15.8,3727.9,40000.4,10533.7,38488.4,24.6,0,
2017-12-22 05:50:24,0,1,2,15.9,3728.5,40000.0,10600.4,38737.0,24.6,0,
2017-12-22 05:50:27,0,1,2,15.9,3728.7,39999.8,10600.4,38737.0,24.6,0,
2017-12-22 05:50:30,0,1,2,16.0,3729.0,40000.2,10667.0,38985.6,24.6,0,
2017-12-22 05:50:33,0,1,2,16.0,3729.4,39999.7,10667.0,38985.6,24.7,0,
2017-12-22 05:50:37,0,1,2,16.1,3729.8,39999.7,10733.7,39234.2,24.6,0,
2017-12-22 05:50:40,0,1,2,16.2,3730.1,40000.0,10800.4,39482.9,24.6,0,
2017-12-22 05:50:43,0,1,2,16.2,3730.5,40000.3,10800.4,39482.9,24.6,0,
2017-12-22 05:50:46,0,1,2,16.3,3730.9,40000.3,10867.0,39731.6,24.6,0,
2017-12-22 05:50:49,0,1,2,16.3,3731.3,40000.5,10867.0,39731.6,24.7,0,
2017-12-22 05:50:52,0,1,2,16.4,3731.6,40000.4,10933.7,39980.4,24.7,0,
2017-12-22 05:50:55,0,1,2,16.4,3731.8,40000.5,10933.7,39980.4,24.7,0,
2017-12-22 05:50:58,0,1,2,16.5,3732.3,40000.3,11000.4,40229.2,24.7,0,
2017-12-22 05:51:01,0,1,2,16.5,3732.6,40000.0,11000.4,40229.2,24.7,0,
2017-12-22 05:51:04,0,1,2,16.6,3733.0,40000.2,11067.0,40478.1,24.7,0,
2017-12-22 05:51:07,0,1,2,16.6,3733.2,40000.3,11067.0,40478.1,24.7,0,
2017-12-22 05:51:10,0,1,2,16.7,3733.7,40000.2,11133.7,40727.0,24.7,0,
2017-12-22 05:51:13,0,1,2,16.7,3734.0,40000.0,11133.7,40727.0,24.6,0,
2017-12-22 05:51:16,0,1,2,16.8,3734.4,40000.4,11200.4,40975.9,24.6,0,
2017-12-22 05:51:19,0,1,2,16.8,3734.7,40000.0,11200.4,40975.9,24.6,0,
2017-12-22 05:51:22,0,1,2,16.9,3735.1,40000.4,11267.0,41224.9,24.7,0,
2017-12-22 05:51:25,0,1,2,16.9,3735.6,40000.4,11267.0,41224.9,24.7,0,
2017-12-22 05:51:28,0,1,2,17.0,3735.8,40000.0,11333.7,41474.0,24.7,0,
2017-12-22 05:51:31,0,1,2,17.0,3736.2,40000.1,11333.7,41474.0,24.6,0,
2017-12-22 05:51:34,0,1,2,17.1,3736.6,39999.7,11400.4,41723.1,24.6,0,
2017-12-22 05:51:37,0,1,2,17.1,3737.0,40000.5,11400.4,41723.1,24.7,0,
2017-12-22 05:51:41,0,1,2,17.2,3737.3,40000.1,11467.0,41972.2,24.6,0,
2017-12-22 05:51:44,0,1,2,17.2,3737.7,39999.7,11467.0,41972.2,24.7,0,
2017-12-22 05:51:47,0,1,2,17.3,3738.2,40000.0,11533.7,42221.4,24.6,0,
2017-12-22 05:51:50,0,1,2,17.3,3738.4,40000.1,11533.7,42221.4,24.6,0,
2017-12-22 05:51:53,0,1,2,17.4,3738.9,39999.7,11600.4,42470.7,24.6,0,
2017-12-22 05:51:56,0,1,2,17.4,3739.2,39999.5,11600.4,42470.7,24.6,0,
2017-12-22 05:51:59,0,1,2,17.5,3739.7,40000.0,11667.0,42720.0,24.7,0,
2017-12-22 05:52:03,0,1,2,17.5,3739.9,39999.7,11667.0,42720.0,24.7,0,
2017-12-22 05:52:06,0,1,2,17.6,3740.3,40000.2,11733.7,42969.3,24.7,0,
2017-12-22 05:52:09,0,1,2,17.6,3740.8,40000.3,11733.7,42969.3,24.8,0,
2017-12-22 05:52:12,0,1,2,17.7,3741.1,40000.0,11800.4,43218.7,24.7,0,
2017-12-22 05:52:15,0,1,2,17.7,3741.5,39999.9,11800.4,43218.7,24.7,0,
2017-12-22 05:52:18,0,1,2,17.8,3741.8,39999.6,11867.0,43468.1,24.8,0,
2017-12-22 05:52:21,0,1,2,17.8,3742.4,39999.8,11867.0,43468.1,24.8,0,
2017-12-22 05:52:25,0,1,2,17.9,3742.9,40000.2,11933.7,43717.6,24.8,0,
2017-12-22 05:52:28,0,1,2,18.0,3743.1,39999.8,12000.4,43967.2,24.7,0,
2017-12-22 05:52:31,0,1,2,18.0,3743.4,39999.8,12000.4,43967.2,24.7,0,
2017-12-22 05:52:34,0,1,2,18.1,3743.9,39999.7,12067.0,44216.7,24.7,0,
2017-12-22 05:52:37,0,1,2,18.1,3744.4,40000.1,12067.0,44216.7,24.8,0,
2017-12-22 05:52:40,0,1,2,18.2,3744.7,39999.9,12133.7,44466.4,24.7,0,
2017-12-22 05:52:43,0,1,2,18.2,3745.0,40000.1,12133.7,44466.4,24.7,0,
2017-12-22 05:52:46,0,1,2,18.3,3745.4,40000.1,12200.4,44716.1,24.7,0,
2017-12-22 05:52:50,0,1,2,18.3,3745.9,39999.9,12200.4,44716.1,24.7,0,
2017-12-22 05:52:53,0,1,2,18.4,3746.4,40000.5,12267.0,44965.8,24.8,0,
2017-12-22 05:52:56,0,1,2,18.4,3746.7,40000.0,12267.0,44965.8,24.8,0,
2017-12-22 05:52:59,0,1,2,18.5,3747.0,39999.8,12333.7,45215.6,24.8,0,
2017-12-22 05:53:02,0,1,2,18.5,3747.6,40000.2,12333.7,45215.6,24.8,0,
2017-12-22 05:53:05,0,1,2,18.6,3747.9,39999.5,12400.4,45465.4,24.7,0,
2017-12-22 05:53:09,0,1,2,18.6,3748.3,40000.2,12400.4,45465.4,24.8,0,
2017-12-22 05:53:12,0,1,2,18.7,3748.9,40000.2,12467.0,45715.3,24.8,0,
2017-12-22 05:53:15,0,1,2,18.7,3749.3,40000.0,12467.0,45715.3,24.8,0,
2017-12-22 05:53:18,0,1,2,18.8,3749.6,39999.4,12533.7,45965.3,24.8,0,
2017-12-22 05:53:21,0,1,2,18.9,3750.2,40000.0,12600.4,46215.3,24.8,0,
2017-12-22 05:53:25,0,1,2,18.9,3750.5,40000.0,12600.4,46215.3,24.8,0,
2017-12-22 05:53:28,0,1,2,19.0,3751.1,39999.8,12667.0,46465.4,24.7,0,
2017-12-22 05:53:31,0,1,2,19.0,3751.4,40000.5,12667.0,46465.4,24.8,0,
2017-12-22 05:53:34,0,1,2,19.1,3751.7,40000.2,12733.7,46715.5,24.8,0,
2017-12-22 05:53:37,0,1,2,19.1,3752.3,40000.3,12733.7,46715.5,24.7,0,
2017-12-22 05:53:41,0,1,2,19.2,3752.6,40000.0,12800.4,46965.6,24.7,0,
2017-12-22 05:53:44,0,1,2,19.2,3753.2,40000.1,12800.4,46965.6,24.7,0,
2017-12-22 05:53:47,0,1,2,19.3,3753.7,39999.8,12867.0,47215.9,24.8,0,
2017-12-22 05:53:50,0,1,2,19.3,3753.9,40000.2,12867.0,47215.9,24.8,0,
2017-12-22 05:53:53,0,1,2,19.4,3754.4,40000.2,12933.7,47466.1,24.7,0,
2017-12-22 05:53:56,0,1,2,19.4,3754.9,39999.7,12933.7,47466.1,24.8,0,
2017-12-22 05:53:59,0,1,2,19.5,3755.3,40000.0,13000.4,47716.5,24.8,0,
2017-12-22 05:54:03,0,1,2,19.5,3755.7,40000.0,13000.4,47716.5,24.8,0,
2017-12-22 05:54:06,0,1,2,19.6,3756.1,40000.0,13067.0,47966.9,24.8,0,
2017-12-22 05:54:09,0,1,2,19.6,3756.7,39999.8,13067.0,47966.9,24.8,0,
2017-12-22 05:54:12,0,1,2,19.7,3757.0,39999.9,13133.7,48217.3,24.8,0,
2017-12-22 05:54:15,0,1,2,19.7,3757.5,39999.5,13133.7,48217.3,24.8,0,
2017-12-22 05:54:18,0,1,2,19.8,3758.0,39999.9,13200.4,48467.8,24.8,0,
2017-12-22 05:54:21,0,1,2,19.8,3758.4,40000.0,13200.4,48467.8,24.8,0,
2017-12-22 05:54:24,0,1,2,19.9,3758.8,39999.7,13267.0,48718.4,24.8,0,
2017-12-22 05:54:28,0,1,2,20.0,3759.2,40000.1,13333.7,48969.0,24.8,0,
2017-12-22 05:54:31,0,1,2,20.0,3759.7,39999.9,13333.7,48969.0,24.8,0,
2017-12-22 05:54:34,0,1,2,20.1,3760.4,39999.6,13400.4,49219.7,24.8,0,
2017-12-22 05:54:37,0,1,2,20.1,3760.6,39999.8,13400.4,49219.7,24.7,0,
2017-12-22 05:54:40,0,1,2,20.2,3761.3,39999.8,13467.0,49470.4,24.7,0,
2017-12-22 05:54:43,0,1,2,20.2,3761.5,40000.1,13467.0,49470.4,24.7,0,
2017-12-22 05:54:46,0,1,2,20.3,3762.1,40000.0,13533.7,49721.2,24.7,0,
2017-12-22 05:54:49,0,1,2,20.3,3762.5,39999.3,13533.7,49721.2,24.7,0,
2017-12-22 05:54:52,0,1,2,20.4,3763.0,39999.7,13600.4,49972.0,24.6,0,
2017-12-22 05:54:55,0,1,2,20.4,3763.3,39999.8,13600.4,49972.0,24.6,0,
2017-12-22 05:54:58,0,1,2,20.5,3763.8,40000.0,13667.0,50222.9,24.6,0,
2017-12-22 05:55:01,0,1,2,20.5,3764.2,39999.5,13667.0,50222.9,24.6,0,
2017-12-22 05:55:04,0,1,2,20.6,3764.8,40000.0,13733.7,50473.9,24.6,0,
2017-12-22 05:55:07,0,1,2,20.6,3765.2,39999.8,13733.7,50473.9,24.6,0,
2017-12-22 05:55:11,0,1,2,20.7,3765.7,40000.1,13800.3,50724.9,24.6,0,
2017-12-22 05:55:14,0,1,2,20.7,3766.3,39999.5,13800.3,50724.9,24.6,0,
2017-12-22 05:55:17,0,1,2,20.8,3766.8,39999.7,13867.0,50976.0,24.7,0,
2017-12-22 05:55:20,0,1,2,20.8,3767.2,39999.5,13867.0,50976.0,24.7,0,
2017-12-22 05:55:23,0,1,2,20.9,3767.8,40000.0,13933.7,51227.2,24.7,0,
2017-12-22 05:55:26,0,1,2,20.9,3768.2,40000.2,13933.7,51227.2,24.7,0,
2017-12-22 05:55:29,0,1,2,21.0,3768.7,39999.6,14000.3,51478.4,24.7,0,
2017-12-22 05:55:33,0,1,2,21.0,3769.1,40000.1,14000.3,51478.4,24.7,0,
2017-12-22 05:55:36,0,1,2,21.1,3769.7,40000.2,14067.0,51729.7,24.8,0,
2017-12-22 05:55:39,0,1,2,21.1,3770.1,40000.0,14067.0,51729.7,24.8,0,
2017-12-22 05:55:42,0,1,2,21.2,3770.6,39999.5,14133.7,51981.0,24.8,0,
2017-12-22 05:55:46,0,1,2,21.3,3771.2,40000.0,14200.3,52232.5,24.8,0,
2017-12-22 05:55:49,0,1,2,21.3,3771.7,39999.8,14200.3,52232.5,24.8,0,
2017-12-22 05:55:52,0,1,2,21.4,3772.2,39999.8,14267.0,52483.9,24.8,0,
2017-12-22 05:55:55,0,1,2,21.4,3772.7,39999.2,14267.0,52483.9,24.8,0,
2017-12-22 05:55:58,0,1,2,21.5,3773.1,39999.7,14333.7,52735.5,24.8,0,
2017-12-22 05:56:01,0,1,2,21.5,3773.6,40000.0,14333.7,52735.5,24.8,0,
2017-12-22 05:56:04,0,1,2,21.6,3774.1,40000.2,14400.3,52987.1,24.8,0,
2017-12-22 05:56:07,0,1,2,21.6,3774.6,39999.7,14400.3,52987.1,24.8,0,
2017-12-22 05:56:10,0,1,2,21.7,3775.2,40000.0,14467.0,53238.7,24.8,0,
2017-12-22 05:56:13,0,1,2,21.7,3775.6,39999.7,14467.0,53238.7,24.8,0,
2017-12-22 05:56:16,0,1,2,21.8,3776.2,39999.6,14533.7,53490.5,24.8,0,
2017-12-22 05:56:19,0,1,2,21.8,3776.8,39999.7,14533.7,53490.5,24.8,0,
2017-12-22 05:56:23,0,1,2,21.9,3777.3,39999.6,14600.3,53742.3,24.8,0,
2017-12-22 05:56:26,0,1,2,21.9,3777.8,39999.7,14600.3,53742.3,24.8,0,
2017-12-22 05:56:29,0,1,2,22.0,3778.2,39999.7,14667.0,53994.1,24.8,0,
2017-12-22 05:56:32,0,1,2,22.0,3778.7,39999.7,14667.0,53994.1,24.8,0,
2017-12-22 05:56:35,0,1,2,22.1,3779.4,39999.8,14733.7,54246.1,24.8,0,
2017-12-22 05:56:38,0,1,2,22.1,3779.8,39999.6,14733.7,54246.1,24.8,0,
2017-12-22 05:56:42,0,1,2,22.2,3780.4,39999.9,14800.3,54498.1,24.8,0,
2017-12-22 05:56:45,0,1,2,22.2,3781.0,39999.4,14800.3,54498.1,24.8,0,
2017-12-22 05:56:48,0,1,2,22.3,3781.5,39999.4,14867.0,54750.1,24.8,0,
2017-12-22 05:56:51,0,1,2,22.3,3782.0,39999.7,14867.0,54750.1,24.8,0,
2017-12-22 05:56:55,0,1,2,22.4,3782.7,39999.7,14933.7,55002.3,24.8,0,
2017-12-22 05:56:58,0,1,2,22.5,3783.3,39999.0,15000.3,55254.5,24.8,0,
2017-12-22 05:57:01,0,1,2,22.5,3783.6,39999.7,15000.3,55254.5,24.8,0,
2017-12-22 05:57:04,0,1,2,22.6,3784.2,39999.4,15067.0,55506.8,24.8,0,
2017-12-22 05:57:07,0,1,2,22.6,3784.7,39999.7,15067.0,55506.8,24.8,0,
2017-12-22 05:57:10,0,1,2,22.7,3785.3,39999.7,15133.7,55759.1,24.8,0,
2017-12-22 05:57:13,0,1,2,22.7,3786.1,39999.7,15133.7,55759.1,24.7,0,
2017-12-22 05:57:16,0,1,2,22.8,3786.6,39999.5,15200.3,56011.5,24.8,0,
2017-12-22 05:57:20,0,1,2,22.8,3787.1,39999.5,15200.3,56011.5,24.8,0,
2017-12-22 05:57:23,0,1,2,22.9,3787.7,39999.7,15267.0,56264.0,24.7,0,
2017-12-22 05:57:26,0,1,2,22.9,3788.4,39999.3,15267.0,56264.0,24.8,0,
2017-12-22 05:57:29,0,1,2,23.0,3788.8,39999.7,15333.7,56516.6,24.8,0,
2017-12-22 05:57:32,0,1,2,23.0,3789.5,39999.6,15333.7,56516.6,24.8,0,
2017-12-22 05:57:36,0,1,2,23.1,3790.1,39999.2,15400.3,56769.2,24.8,0,
2017-12-22 05:57:39,0,1,2,23.1,3790.7,40000.0,15400.3,56769.2,24.8,0,
2017-12-22 05:57:42,0,1,2,23.2,3791.2,39999.7,15467.0,57021.9,24.8,0,
2017-12-22 05:57:45,0,1,2,23.2,3791.7,39999.5,15467.0,57021.9,24.8,0,
2017-12-22 05:57:48,0,1,2,23.3,3792.5,40000.0,15533.7,57274.7,24.8,0,
2017-12-22 05:57:51,0,1,2,23.4,3792.9,39999.7,15600.3,57527.6,24.8,0,
2017-12-22 05:57:55,0,1,2,23.4,3793.7,39999.5,15600.3,57527.6,24.8,0,
2017-12-22 05:57:58,0,1,2,23.5,3794.1,39999.7,15667.0,57780.5,24.8,0,
2017-12-22 05:58:01,0,1,2,23.5,3794.8,39999.8,15667.0,57780.5,24.8,0,
2017-12-22 05:58:04,0,1,2,23.6,3795.5,39999.7,15733.7,58033.5,24.8,0,
2017-12-22 05:58:07,0,1,2,23.6,3795.9,39999.3,15733.7,58033.5,24.8,0,
2017-12-22 05:58:10,0,1,2,23.7,3796.5,40000.0,15800.3,58286.6,24.8,0,
2017-12-22 05:58:14,0,1,2,23.7,3797.2,39999.6,15800.3,58286.6,24.8,0,
2017-12-22 05:58:17,0,1,2,23.8,3797.9,39999.2,15867.0,58539.8,24.8,0,
2017-12-22 05:58:20,0,1,2,23.8,3798.5,39999.5,15867.0,58539.8,24.8,0,
2017-12-22 05:58:23,0,1,2,23.9,3799.0,39999.5,15933.7,58793.0,24.8,0,
2017-12-22 05:58:26,0,1,2,23.9,3799.8,39999.5,15933.7,58793.0,24.9,0,
2017-12-22 05:58:29,0,1,2,24.0,3800.3,39999.8,16000.3,59046.4,24.9,0,
2017-12-22 05:58:33,0,1,2,24.0,3801.0,39999.2,16000.3,59046.4,24.8,0,
2017-12-22 05:58:36,0,1,2,24.1,3801.7,39999.5,16067.0,59299.8,24.9,0,
2017-12-22 05:58:39,0,1,2,24.1,3802.3,39999.7,16067.0,59299.8,24.8,0,
2017-12-22 05:58:42,0,1,2,24.2,3803.0,39999.2,16133.7,59553.3,24.9,0,
2017-12-22 05:58:45,0,1,2,24.3,3803.5,39999.6,16200.3,59806.8,24.9,0,
2017-12-22 05:58:49,0,1,2,24.3,3804.3,39999.5,16200.3,59806.8,24.9,0,
2017-12-22 05:58:52,0,1,2,24.4,3804.9,39998.7,16267.0,60060.5,24.9,0,
2017-12-22 05:58:55,0,1,2,24.4,3805.6,39999.3,16267.0,60060.5,24.8,0,
2017-12-22 05:58:58,0,1,2,24.5,3806.2,39998.9,16333.6,60314.2,24.8,0,
2017-12-22 05:59:01,0,1,2,24.5,3806.8,39998.7,16333.6,60314.2,24.8,0,
2017-12-22 05:59:05,0,1,2,24.6,3807.6,39998.8,16400.3,60568.0,24.8,0,
2017-12-22 05:59:08,0,1,2,24.6,3808.1,39999.0,16400.3,60568.0,24.8,0,
2017-12-22 05:59:11,0,1,2,24.7,3808.9,39998.8,16467.0,60821.9,24.8,0,
2017-12-22 05:59:14,0,1,2,24.7,3809.6,39998.5,16467.0,60821.9,24.8,0,
2017-12-22 05:59:17,0,1,2,24.8,3810.2,39999.1,16533.6,61075.9,24.8,0,
2017-12-22 05:59:20,0,1,2,24.8,3810.9,39999.2,16533.6,61075.9,24.8,0,
2017-12-22 05:59:23,0,1,2,24.9,3811.4,39999.0,16600.3,61329.9,24.8,0,
2017-12-22 05:59:27,0,1,2,24.9,3812.2,39999.2,16600.3,61329.9,24.8,0,
2017-12-22 05:59:30,0,1,2,25.0,3812.7,39998.8,16667.0,61584.1,24.8,0,
2017-12-22 05:59:33,0,1,2,25.0,3813.4,39999.2,16667.0,61584.1,24.8,0,
2017-12-22 05:59:36,0,1,2,25.1,3814.2,39998.9,16733.6,61838.3,24.8,0,
2017-12-22 05:59:39,0,1,2,25.1,3814.9,39999.3,16733.6,61838.3,24.8,0,
2017-12-22 05:59:42,0,1,2,25.2,3815.6,39999.7,16800.3,62092.6,24.8,0,
2017-12-22 05:59:45,0,1,2,25.2,3816.1,39999.1,16800.3,62092.6,24.8,0,
2017-12-22 05:59:48,0,1,2,25.3,3816.8,39999.4,16866.9,62347.0,24.8,0,
2017-12-22 05:59:51,0,1,2,25.3,3817.4,39999.1,16866.9,62347.0,24.8,0,
2017-12-22 05:59:54,0,1,2,25.4,3818.1,39999.3,16933.6,62601.5,24.8,0,
2017-12-22 05:59:57,0,1,2,25.4,3818.9,39999.0,16933.6,62601.5,24.8,0,
2017-12-22 06:00:00,0,1,2,25.5,3819.5,39999.5,17000.3,62856.1,24.8,0,
2017-12-22 06:00:04,0,1,2,25.6,3820.4,39998.8,17066.9,63110.8,24.8,0,
2017-12-22 06:00:07,0,1,2,25.6,3821.1,39999.0,17066.9,63110.8,24.8,0,
2017-12-22 06:00:10,0,1,2,25.7,3821.6,39999.4,17133.6,63365.5,24.8,0,
2017-12-22 06:00:13,0,1,2,25.7,3822.5,39999.0,17133.6,63365.5,24.8,0,
2017-12-22 06:00:17,0,1,2,25.8,3823.3,39999.2,17200.3,63620.4,24.8,0,
2017-12-22 06:00:20,0,1,2,25.8,3824.0,39999.1,17200.3,63620.4,24.8,0,
2017-12-22 06:00:23,0,1,2,25.9,3824.7,39998.6,17266.9,63875.3,24.8,0,
2017-12-22 06:00:26,0,1,2,25.9,3825.3,39999.0,17266.9,63875.3,24.8,0,
2017-12-22 06:00:29,0,1,2,26.0,3826.0,39998.9,17333.6,64130.4,24.8,0,
2017-12-22 06:00:32,0,1,2,26.0,3826.8,39999.3,17333.6,64130.4,24.8,0,
2017-12-22 06:00:36,0,1,2,26.1,3827.7,39999.1,17400.3,64385.5,24.8,0,
2017-12-22 06:00:39,0,1,2,26.1,3828.3,39999.0,17400.3,64385.5,24.8,0,
2017-12-22 06:00:42,0,1,2,26.2,3829.1,39999.2,17466.9,64640.7,24.8,0,
2017-12-22 06:00:45,0,1,2,26.2,3829.8,39999.0,17466.9,64640.7,24.8,0,
2017-12-22 06:00:48,0,1,2,26.3,3830.5,39999.2,17533.6,64896.0,24.8,0,
2017-12-22 06:00:51,0,1,2,26.3,3831.2,39998.8,17533.6,64896.0,24.8,0,
2017-12-22 06:00:54,0,1,2,26.4,3832.0,39999.0,17600.2,65151.5,24.8,0,
2017-12-22 06:00:57,0,1,2,26.5,3832.8,39998.6,17666.9,65407.0,24.8,0,
2017-12-22 06:01:01,0,1,2,26.5,3833.6,39999.0,17666.9,65407.0,24.8,0,
2017-12-22 06:01:04,0,1,2,26.6,3834.3,39999.2,17733.6,65662.6,24.8,0,
2017-12-22 06:01:07,0,1,2,26.6,3835.1,39998.9,17733.6,65662.6,24.8,0,
2017-12-22 06:01:10,0,1,2,26.7,3836.0,39998.5,17800.2,65918.3,24.8,0,
2017-12-22 06:01:14,0,1,2,26.7,3836.8,39998.8,17800.2,65918.3,24.8,0,
2017-12-22 06:01:17,0,1,2,26.8,3837.4,39998.8,17866.9,66174.1,24.8,0,
2017-12-22 06:01:20,0,1,2,26.8,3838.2,39999.0,17866.9,66174.1,24.8,0,
2017-12-22 06:01:23,0,1,2,26.9,3839.0,39998.7,17933.6,66430.0,24.8,0,
2017-12-22 06:01:26,0,1,2,26.9,3839.9,39998.3,17933.6,66430.0,24.8,0,
2017-12-22 06:01:29,0,1,2,27.0,3840.6,39998.9,18000.2,66685.9,24.8,0,
2017-12-22 06:01:32,0,1,2,27.0,3841.4,39999.0,18000.2,66685.9,24.8,0,
2017-12-22 06:01:36,0,1,2,27.1,3842.2,39998.2,18066.9,66942.0,24.8,0,
2017-12-22 06:01:39,0,1,2,27.1,3843.0,39999.1,18066.9,66942.0,24.8,0,
2017-12-22 06:01:42,0,1,2,27.2,3843.9,39998.5,18133.5,67198.2,24.8,0,
2017-12-22 06:01:45,0,1,2,27.2,3844.5,39998.6,18133.5,67198.2,24.9,0,
2017-12-22 06:01:48,0,1,2,27.3,3845.3,39999.0,18200.2,67454.5,24.9,0,
2017-12-22 06:01:51,0,1,2,27.3,3846.3,39998.8,18200.2,67454.5,24.9,0,
2017-12-22 06:01:55,0,1,2,27.4,3847.0,39998.7,18266.9,67710.9,24.9,0,
2017-12-22 06:01:58,0,1,2,27.5,3847.8,39998.5,18333.5,67967.4,24.9,0,
2017-12-22 06:02:01,0,1,2,27.5,3848.6,39998.7,18333.5,67967.4,24.9,0,
2017-12-22 06:02:04,0,1,2,27.6,3849.4,39998.3,18400.2,68224.0,24.9,0,
2017-12-22 06:02:07,0,1,2,27.6,3850.4,39998.2,18400.2,68224.0,24.9,0,
2017-12-22 06:02:10,0,1,2,27.7,3851.1,39998.7,18466.9,68480.7,24.9,0,
2017-12-22 06:02:14,0,1,2,27.7,3851.9,39998.3,18466.9,68480.7,24.9,0,
2017-12-22 06:02:17,0,1,2,27.8,3852.8,39998.7,18533.5,68737.5,24.9,0,
2017-12-22 06:02:20,0,1,2,27.8,3853.5,39998.5,18533.5,68737.5,24.9,0,
2017-12-22 06:02:23,0,1,2,27.9,3854.5,39998.5,18600.2,68994.5,24.9,0,
2017-12-22 06:02:26,0,1,2,27.9,3855.2,39998.7,18600.2,68994.5,24.9,0,
2017-12-22 06:02:29,0,1,2,28.0,3856.1,39998.5,18666.8,69251.5,24.9,0,
2017-12-22 06:02:32,0,1,2,28.0,3856.8,39998.8,18666.8,69251.5,24.9,0,
2017-12-22 06:02:35,0,1,2,28.1,3857.8,39998.2,18733.5,69508.6,25.0,0,
2017-12-22 06:02:38,0,1,2,28.1,3858.6,39998.7,18733.5,69508.6,25.0,0,
2017-12-22 06:02:41,0,1,2,28.2,3859.2,39998.8,18800.2,69765.8,25.0,0,
2017-12-22 06:02:44,0,1,2,28.2,3860.1,39998.7,18800.2,69765.8,25.0,0,
2017-12-22 06:02:47,0,1,2,28.3,3860.9,39998.0,18866.8,70023.2,25.0,0,
2017-12-22 06:02:51,0,1,2,28.3,3861.8,39998.6,18866.8,70023.2,25.0,0,
2017-12-22 06:02:54,0,1,2,28.4,3862.6,39998.8,18933.5,70280.6,25.0,0,
2017-12-22 06:02:57,0,1,2,28.4,3863.6,39998.3,18933.5,70280.6,25.0,0,
2017-12-22 06:03:00,0,1,2,28.5,3864.4,39998.9,19000.1,70538.2,25.0,0,
2017-12-22 06:03:03,0,1,2,28.5,3865.3,39998.7,19000.1,70538.2,25.0,0,
2017-12-22 06:03:06,0,1,2,28.6,3866.1,39998.7,19066.8,70795.9,25.0,0,
2017-12-22 06:03:09,0,1,2,28.6,3867.1,39998.7,19066.8,70795.9,24.9,0,
2017-12-22 06:03:12,0,1,2,28.7,3867.8,39998.8,19133.5,71053.7,24.9,0,
2017-12-22 06:03:16,0,1,2,28.8,3868.8,39998.5,19200.1,71311.6,24.9,0,
2017-12-22 06:03:19,0,1,2,28.8,3869.6,39997.9,19200.1,71311.6,24.8,0,
2017-12-22 06:03:22,0,1,2,28.9,3870.5,39998.3,19266.8,71569.6,24.8,0,
2017-12-22 06:03:25,0,1,2,28.9,3871.3,39998.7,19266.8,71569.6,24.8,0,
2017-12-22 06:03:28,0,1,2,29.0,3872.4,39998.5,19333.5,71827.7,24.8,0,
2017-12-22 06:03:31,0,1,2,29.0,3873.1,39998.7,19333.5,71827.7,24.8,0,
2017-12-22 06:03:34,0,1,2,29.1,3874.0,39998.2,19400.1,72085.9,24.8,0,
2017-12-22 06:03:38,0,1,2,29.1,3874.9,39998.5,19400.1,72085.9,24.8,0,
2017-12-22 06:03:41,0,1,2,29.2,3875.9,39998.7,19466.8,72344.2,24.8,0,
2017-12-22 06:03:44,0,1,2,29.2,3876.7,39998.5,19466.8,72344.2,24.9,0,
2017-12-22 06:03:47,0,1,2,29.3,3877.6,39998.2,19533.4,72602.7,24.8,0,
2017-12-22 06:03:50,0,1,2,29.3,3878.3,39998.2,19533.4,72602.7,24.9,0,
2017-12-22 06:03:53,0,1,2,29.4,3879.2,39998.2,19600.1,72861.3,24.9,0,
2017-12-22 06:03:56,0,1,2,29.4,3880.2,39998.2,19600.1,72861.3,24.9,0,
2017-12-22 06:03:59,0,1,2,29.5,3881.1,39998.2,19666.8,73120.0,24.9,0,
2017-12-22 06:04:02,0,1,2,29.5,3882.0,39997.5,19666.8,73120.0,24.9,0,
2017-12-22 06:04:05,0,1,2,29.6,3883.0,39998.5,19733.4,73378.8,24.9,0,
2017-12-22 06:04:08,0,1,2,29.6,3883.8,39998.3,19733.4,73378.8,24.9,0,
2017-12-22 06:04:12,0,1,2,29.7,3884.7,39998.3,19800.1,73637.7,24.9,0,
2017-12-22 06:04:15,0,1,2,29.7,3885.6,39998.5,19800.1,73637.7,24.9,0,
2017-12-22 06:04:18,0,1,2,29.8,3886.6,39998.3,19866.7,73896.7,24.9,0,
2017-12-22 06:04:21,0,1,2,29.8,3887.5,39997.7,19866.7,73896.7,25.0,0,
2017-12-22 06:04:24,0,1,2,29.9,3888.4,39998.5,19933.4,74155.9,25.0,0,
2017-12-22 06:04:27,0,1,2,30.0,3889.5,39998.2,20000.1,74415.1,25.0,0,
2017-12-22 06:04:30,0,1,2,30.0,3890.2,39998.2,20000.1,74415.1,25.0,0,
2017-12-22 06:04:34,0,1,2,30.1,3891.3,39998.0,20066.7,74674.5,25.0,0,
2017-12-22 06:04:37,0,1,2,30.1,3892.1,39998.2,20066.7,74674.5,25.0,0,
2017-12-22 06:04:40,0,1,2,30.2,3893.1,39998.0,20133.4,74934.0,25.0,0,
2017-12-22 06:04:43,0,1,2,30.2,3894.1,39998.3,20133.4,74934.0,25.0,0,
2017-12-22 06:04:46,0,1,2,30.3,3894.8,39998.5,20200.1,75193.7,25.0,0,
2017-12-22 06:04:49,0,1,2,30.3,3895.8,39996.4,20200.1,75193.7,25.0,0,
2017-12-22 06:04:52,0,1,2,30.4,3896.7,39996.4,20266.7,75453.4,25.0,0,
2017-12-22 06:04:55,0,1,2,30.4,3897.6,39995.1,20266.7,75453.4,25.0,0,
2017-12-22 06:04:58,0,1,2,30.5,3898.7,39996.6,20333.4,75713.3,25.0,0,
2017-12-22 06:05:01,0,1,2,30.5,3899.7,39995.5,20333.4,75713.3,25.0,0,
2017-12-22 06:05:05,0,1,2,30.6,3900.0,39199.3,20399.7,75972.0,25.0,0,
2017-12-22 06:05:08,0,1,2,30.6,3900.1,38229.2,20399.7,75972.0,24.9,0,
2017-12-22 06:05:11,0,1,2,30.7,3900.1,37196.9,20462.8,76218.0,24.9,0,
2017-12-22 06:05:14,0,1,2,30.7,3900.0,36459.1,20462.8,76218.0,25.0,0,
2017-12-22 06:05:17,0,1,2,30.8,3900.0,35815.6,20523.1,76453.2,24.9,0,
2017-12-22 06:05:20,0,1,2,30.8,3899.8,35103.6,20523.1,76453.2,24.9,0,
2017-12-22 06:05:24,0,1,2,30.9,3900.0,34407.7,20581.2,76679.7,25.0,0,
2017-12-22 06:05:27,0,1,2,30.9,3900.1,33891.7,20581.2,76679.7,25.0,0,
2017-12-22 06:05:30,0,1,2,31.0,3899.9,33302.7,20637.4,76898.9,25.0,0,
2017-12-22 06:05:33,0,1,2,31.0,3899.9,32804.8,20637.4,76898.9,25.0,0,
2017-12-22 06:05:36,0,1,2,31.1,3900.0,32241.2,20691.8,77111.1,25.0,0,
2017-12-22 06:05:39,0,1,2,31.1,3900.0,31670.7,20691.8,77111.1,25.0,0,
2017-12-22 06:05:42,0,1,2,31.2,3900.0,31120.4,20744.4,77316.4,25.0,0,
2017-12-22 06:05:45,0,1,2,31.2,3899.8,30586.4,20744.4,77316.4,25.0,0,
2017-12-22 06:05:48,0,1,2,31.3,3900.1,30195.9,20795.4,77515.2,24.9,0,
2017-12-22 06:05:51,0,1,2,31.4,3899.9,29670.8,20844.8,77708.0,25.0,0,
2017-12-22 06:05:54,0,1,2,31.4,3900.1,29153.7,20844.8,77708.0,24.9,0,
2017-12-22 06:05:57,0,1,2,31.5,3900.0,28718.2,20892.7,77894.7,24.9,0,
2017-12-22 06:06:01,0,1,2,31.5,3900.0,28359.1,20892.7,77894.7,24.9,0,
2017-12-22 06:06:04,0,1,2,31.6,3900.0,27726.6,20939.0,78075.4,24.9,0,
2017-12-22 06:06:07,0,1,2,31.6,3899.9,27380.8,20939.0,78075.4,25.0,0,
2017-12-22 06:06:10,0,1,2,31.7,3900.0,26970.1,20984.1,78251.1,25.0,0,
2017-12-22 06:06:13,0,1,2,31.7,3899.9,26574.4,20984.1,78251.1,25.0,0,
2017-12-22 06:06:16,0,1,2,31.8,3900.0,26103.9,21027.7,78421.2,25.0,0,
2017-12-22 06:06:19,0,1,2,31.8,3900.1,25782.5,21027.7,78421.2,25.0,0,
2017-12-22 06:06:22,0,1,2,31.9,3899.9,25392.2,21070.1,78586.7,25.0,0,
2017-12-22 06:06:25,0,1,2,31.9,3900.0,25075.7,21070.1,78586.7,25.0,0,
2017-12-22 06:06:29,0,1,2,32.0,3900.0,24576.8,21111.2,78746.9,25.0,0,
2017-12-22 06:06:32,0,1,2,32.0,3900.1,24269.3,21111.2,78746.9,25.0,0,
2017-12-22 06:06:35,0,1,2,32.1,3900.0,23853.3,21151.3,78903.0,25.0,0,
2017-12-22 06:06:38,0,1,2,32.1,3900.0,23490.4,21151.3,78903.0,25.0,0,
2017-12-22 06:06:41,0,1,2,32.2,3899.9,23079.9,21190.2,79055.0,25.0,0,
2017-12-22 06:06:44,0,1,2,32.2,3900.1,22849.7,21190.2,79055.0,25.0,0,
2017-12-22 06:06:47,0,1,2,32.3,3900.1,22394.7,21228.0,79202.4,25.0,0,
2017-12-22 06:06:50,0,1,2,32.3,3899.9,22065.5,21228.0,79202.4,25.0,0,
2017-12-22 06:06:53,0,1,2,32.4,3899.9,21674.1,21264.5,79344.7,25.0,0,
2017-12-22 06:06:56,0,1,2,32.4,3900.1,21405.0,21264.5,79344.7,25.0,0,
2017-12-22 06:07:00,0,1,2,32.5,3899.9,21084.5,21300.0,79483.1,25.0,0,
2017-12-22 06:07:03,0,1,2,32.5,3900.0,20769.5,21300.0,79483.1,25.0,0,
2017-12-22 06:07:06,0,1,2,32.6,3900.1,20406.5,21334.4,79617.5,25.0,0,
2017-12-22 06:07:09,0,1,2,32.6,3900.1,20107.3,21334.4,79617.5,25.0,0,
2017-12-22 06:07:12,0,1,2,32.7,3900.1,19806.6,21367.9,79747.8,25.0,0,
2017-12-22 06:07:16,0,1,2,32.8,3899.9,19510.4,21400.5,79875.0,25.0,0,
2017-12-22 06:07:19,0,1,2,32.8,3899.9,19212.4,21400.5,79875.0,25.0,0,
2017-12-22 06:07:22,0,1,2,32.9,3899.9,18832.5,21432.1,79998.3,25.0,0,
2017-12-22 06:07:25,0,1,2,32.9,3899.9,18602.3,21432.1,79998.3,25.0,0,
2017-12-22 06:07:28,0,1,2,33.0,3899.9,18319.5,21462.8,80118.0,25.0,0,
2017-12-22 06:07:32,0,1,2,33.0,3900.1,18045.6,21462.8,80118.0,25.0,0,
2017-12-22 06:07:35,0,1,2,33.1,3900.1,17781.0,21492.6,80234.1,25.0,0,
2017-12-22 06:07:38,0,1,2,33.1,3900.0,17555.2,21492.6,80234.1,25.0,0,
2017-12-22 06:07:41,0,1,2,33.2,3900.1,17248.3,21521.5,80347.1,25.0,0,
2017-12-22 06:07:44,0,1,2,33.2,3900.1,16948.6,21521.5,80347.1,25.0,0,
2017-12-22 06:07:48,0,1,2,33.3,3900.1,16735.9,21549.6,80456.4,25.0,0,
2017-12-22 06:07:51,0,1,2,33.3,3900.1,16444.3,21549.6,80456.4,25.0,0,
2017-12-22 06:07:54,0,1,2,33.4,3900.1,16198.7,21576.9,80563.0,25.0,0,
2017-12-22 06:07:57,0,1,2,33.4,3899.9,15877.2,21576.9,80563.0,24.9,0,
2017-12-22 06:08:00,0,1,2,33.5,3900.1,15756.7,21603.2,80665.7,24.9,0,
2017-12-22 06:08:03,0,1,2,33.5,3900.0,15521.6,21603.2,80665.7,24.9,0,
2017-12-22 06:08:06,0,1,2,33.6,3900.1,15254.7,21629.1,80766.6,24.9,0,
2017-12-22 06:08:09,0,1,2,33.7,3899.9,15060.2,21654.2,80864.5,24.9,0,
2017-12-22 06:08:12,0,1,2,33.7,3900.1,14871.9,21654.2,80864.5,24.9,0,
2017-12-22 06:08:16,0,1,2,33.8,3900.0,14613.2,21678.6,80959.5,24.9,0,
2017-12-22 06:08:19,0,1,2,33.8,3899.9,14357.3,21678.6,80959.5,24.9,0,
2017-12-22 06:08:22,0,1,2,33.9,3899.9,14214.5,21702.3,81052.1,24.9,0,
2017-12-22 06:08:25,0,1,2,33.9,3900.1,14036.5,21702.3,81052.1,24.9,0,
2017-12-22 06:08:28,0,1,2,34.0,3899.9,13756.0,21725.3,81142.0,24.8,0,
2017-12-22 06:08:31,0,1,2,34.0,3899.9,13584.5,21725.3,81142.0,24.8,0,
2017-12-22 06:08:34,0,1,2,34.1,3899.9,13346.6,21747.7,81229.2,24.9,0,
2017-12-22 06:08:38,0,1,2,34.1,3900.1,13213.2,21747.7,81229.2,24.9,0,
2017-12-22 06:08:41,0,1,2,34.2,3900.2,13016.2,21769.5,81314.2,24.9,0,
2017-12-22 06:08:44,0,1,2,34.2,3899.9,12820.7,21769.5,81314.2,24.9,0,
2017-12-22 06:08:47,0,1,2,34.3,3900.0,12565.2,21790.6,81396.3,24.9,0,
2017-12-22 06:08:50,0,1,2,34.3,3899.9,12407.3,21790.6,81396.3,24.9,0,
2017-12-22 06:08:53,0,1,2,34.4,3899.9,12252.1,21811.1,81476.4,24.9,0,
2017-12-22 06:08:56,0,1,2,34.4,3899.9,12069.2,21811.1,81476.4,25.0,0,
2017-12-22 06:09:00,0,1,2,34.5,3900.0,11856.9,21831.1,81554.4,25.0,0,
2017-12-22 06:09:03,0,1,2,34.5,3900.1,11738.7,21831.1,81554.4,25.0,0,
2017-12-22 06:09:06,0,1,2,34.6,3899.9,11590.9,21850.6,81630.4,25.0,0,
2017-12-22 06:09:09,0,1,2,34.6,3900.1,11360.4,21850.6,81630.4,25.0,0,
2017-12-22 06:09:12,0,1,2,34.7,3900.0,11190.1,21869.5,81704.0,25.0,0,
2017-12-22 06:09:16,0,1,2,34.8,3900.0,10965.8,21887.8,81775.5,25.0,0,
2017-12-22 06:09:19,0,1,2,34.8,3900.0,10883.2,21887.8,81775.5,24.9,0,
2017-12-22 06:09:22,0,1,2,34.9,3899.9,10746.1,21905.7,81845.3,24.9,0,
2017-12-22 06:09:25,0,1,2,34.9,3900.0,10584.4,21905.7,81845.3,24.9,0,
2017-12-22 06:09:28,0,1,2,35.0,3899.9,10428.3,21923.2,81913.5,24.9,0,
2017-12-22 06:09:31,0,1,2,35.0,3899.9,10269.0,21923.2,81913.5,24.9,0,
2017-12-22 06:09:34,0,1,2,35.1,3900.1,10140.3,21940.2,81979.7,24.9,0,
2017-12-22 06:09:37,0,1,2,35.1,3900.0,9986.7,21940.2,81979.7,24.9,5,终止电流到
2017-12-22 06:09:38,0,1,2,35.1,3892.2,5.5,21940.2,81979.7,24.9,5,终止电流到
2017-12-22 06:09:41,0,1,2,35.2,3890.7,5.0,21940.2,81979.7,24.9,5,终止电流到
2017-12-22 06:09:44,0,1,2,35.2,3889.7,5.1,21940.2,81979.7,24.8,5,终止电流到
2017-12-22 06:09:47,0,1,2,35.3,3888.8,4.7,21940.2,81979.8,24.9,5,终止电流到
2017-12-22 06:09:50,0,1,2,35.3,3888.3,6.1,21940.2,81979.8,24.8,5,终止电流到
2017-12-22 06:09:53,0,1,2,35.4,3887.6,4.4,21940.2,81979.8,24.9,5,终止电流到
2017-12-22 06:09:57,0,1,2,35.4,3887.1,4.8,21940.2,81979.8,24.9,5,终止电流到
2017-12-22 06:10:00,0,1,2,35.5,3886.6,5.9,21940.2,81979.8,24.9,5,终止电流到
2017-12-22 06:10:03,0,1,2,35.5,3886.3,4.7,21940.2,81979.8,24.9,5,终止电流到
2017-12-22 06:10:06,0,1,2,35.6,3886.0,6.0,21940.2,81979.9,24.8,5,终止电流到
2017-12-22 06:10:09,0,1,2,35.6,3885.6,3.9,21940.2,81979.9,24.9,5,终止电流到
2017-12-22 06:10:13,0,1,2,35.7,3885.2,4.9,21940.2,81979.9,24.8,5,终止电流到
2017-12-22 06:10:15,0,1,2,35.8,3885.2,4.0,21940.2,81979.9,24.8,5,终止电流到
2017-12-22 06:10:18,0,1,2,35.8,3884.9,3.4,21940.2,81979.9,24.8,5,终止电流到
2017-12-22 06:10:22,0,1,2,35.9,3884.8,4.4,21940.2,81979.9,24.8,5,终止电流到
2017-12-22 06:10:25,0,1,2,35.9,3884.5,4.8,21940.2,81979.9,24.8,5,终止电流到
2017-12-22 06:10:28,0,1,2,36.0,3884.4,5.0,21940.2,81980.0,24.8,5,终止电流到
2017-12-22 06:10:31,0,1,2,36.0,3884.1,4.8,21940.2,81980.0,24.8,5,终止电流到
2017-12-22 06:10:34,0,1,2,36.1,3884.0,5.7,21940.2,81980.0,24.8,5,终止电流到
2017-12-22 06:10:37,0,1,2,36.1,3883.9,4.2,21940.2,81980.0,24.8,5,终止电流到
2017-12-22 06:10:40,0,1,2,36.2,3883.8,3.7,21940.2,81980.0,24.8,5,终止电流到
2017-12-22 06:10:43,0,1,2,36.2,3883.8,4.2,21940.2,81980.0,24.8,5,终止电流到
2017-12-22 06:10:46,0,1,2,36.3,3883.6,3.3,21940.2,81980.1,24.8,5,终止电流到
2017-12-22 06:10:50,0,1,2,36.3,3883.5,3.9,21940.2,81980.1,24.8,5,终止电流到
2017-12-22 06:10:53,0,1,2,36.4,3883.4,4.3,21940.2,81980.1,24.8,5,终止电流到
2017-12-22 06:10:56,0,1,2,36.4,3883.3,5.1,21940.2,81980.1,24.8,5,终止电流到
2017-12-22 06:10:59,0,1,2,36.5,3883.2,5.1,21940.3,81980.1,24.8,5,终止电流到
2017-12-22 06:11:02,0,1,2,36.5,3883.0,4.3,21940.3,81980.1,24.8,5,终止电流到
2017-12-22 06:11:07,0,2,3,0.0,3882.9,0,0.0,0.0,24.8,0,
2017-12-22 06:11:30,0,2,3,0.4,3882.3,21.5,0.0,0.0,24.8,0,
2017-12-22 06:11:33,0,2,3,0.4,3882.4,20.5,0.0,0.0,24.7,0,
2017-12-22 06:11:36,0,2,3,0.5,3882.3,21.2,0.0,0.0,24.8,0,
2017-12-22 06:11:39,0,2,3,0.5,3882.1,20.7,0.0,0.0,24.8,0,
2017-12-22 06:11:42,0,2,3,0.6,3882.2,21.0,0.0,0.0,24.8,0,
2017-12-22 06:11:45,0,2,3,0.6,3882.2,21.2,0.0,0.0,24.8,0,
2017-12-22 06:11:49,0,2,3,0.7,3882.0,21.4,0.0,0.0,24.8,0,
2017-12-22 06:11:52,0,2,3,0.7,3881.9,20.1,0.0,0.0,24.8,0,
2017-12-22 06:11:55,0,2,3,0.8,3881.8,21.4,0.0,0.0,24.8,0,
2017-12-22 06:11:58,0,2,3,0.8,3881.9,19.9,0.0,0.0,24.8,0,
2017-12-22 06:12:01,0,2,3,0.9,3881.7,20.0,0.0,0.0,24.8,0,
2017-12-22 06:12:04,0,2,3,0.9,3881.8,20.7,0.0,0.0,24.8,0,
2017-12-22 06:12:07,0,2,3,1.0,3881.6,20.0,0.0,0.0,24.7,0,
2017-12-22 06:12:08,0,2,3,1.0,3881.8,20.7,0.0,0.0,24.8,1,时间到
2017-12-22 06:12:12,0,3,4,0.0,3881.6,0,0.0,0.0,24.8,0,
2017-12-22 06:12:34,0,3,4,0.4,3827.5,-40000.1,266.7,1023.2,24.7,0,
2017-12-22 06:12:38,0,3,4,0.4,3825.0,-39999.9,266.7,1023.2,24.8,0,
2017-12-22 06:12:41,0,3,4,0.5,3822.5,-40000.5,333.3,1278.1,24.8,0,
2017-12-22 06:12:44,0,3,4,0.5,3820.2,-40001.1,333.3,1278.1,24.7,0,
2017-12-22 06:12:47,0,3,4,0.6,3817.9,-40000.9,400.0,1532.7,24.7,0,
2017-12-22 06:12:50,0,3,4,0.6,3816.0,-40001.6,400.0,1532.7,24.7,0,
2017-12-22 06:12:53,0,3,4,0.7,3813.9,-40001.1,466.7,1787.0,24.8,0,
2017-12-22 06:12:56,0,3,4,0.7,3812.1,-40001.6,466.7,1787.0,24.8,0,
2017-12-22 06:13:00,0,3,4,0.8,3810.3,-40001.4,533.4,2041.1,24.8,0,
2017-12-22 06:13:03,0,3,4,0.8,3808.7,-40001.6,533.4,2041.1,24.8,0,
2017-12-22 06:13:06,0,3,4,0.9,3807.0,-40001.6,600.0,2294.9,24.8,0,
2017-12-22 06:13:09,0,3,4,0.9,3805.3,-40001.5,600.0,2294.9,24.8,0,
2017-12-22 06:13:12,0,3,4,1.0,3803.6,-40002.0,666.7,2548.6,24.8,0,
2017-12-22 06:13:15,0,3,4,1.0,3802.1,-40002.0,666.7,2548.6,24.8,0,
2017-12-22 06:13:18,0,3,4,1.1,3800.6,-40002.2,733.4,2802.1,24.8,0,
2017-12-22 06:13:22,0,3,4,1.1,3799.0,-40002.1,733.4,2802.1,24.8,0,
2017-12-22 06:13:25,0,3,4,1.2,3797.5,-40001.7,800.0,3055.3,24.8,0,
2017-12-22 06:13:28,0,3,4,1.2,3795.9,-40001.8,800.0,3055.3,24.7,0,
2017-12-22 06:13:31,0,3,4,1.3,3794.5,-40001.5,866.7,3308.4,24.8,0,
2017-12-22 06:13:34,0,3,4,1.3,3792.9,-40002.2,866.7,3308.4,24.8,0,
2017-12-22 06:13:37,0,3,4,1.4,3791.6,-40002.3,933.4,3561.3,24.8,0,
2017-12-22 06:13:40,0,3,4,1.5,3790.1,-40001.8,1000.1,3814.0,24.8,0,
2017-12-22 06:13:44,0,3,4,1.5,3788.6,-40002.2,1000.1,3814.0,24.8,0,
2017-12-22 06:13:47,0,3,4,1.6,3787.1,-40001.5,1066.7,4066.5,24.8,0,
2017-12-22 06:13:50,0,3,4,1.6,3785.7,-40001.8,1066.7,4066.5,24.8,0,
2017-12-22 06:13:53,0,3,4,1.7,3784.2,-40002.0,1133.4,4318.8,24.8,0,
2017-12-22 06:13:56,0,3,4,1.7,3782.9,-40001.5,1133.4,4318.8,24.7,0,
2017-12-22 06:14:00,0,3,4,1.8,3781.5,-40001.5,1200.1,4571.0,24.7,0,
2017-12-22 06:14:03,0,3,4,1.8,3780.2,-40001.4,1200.1,4571.0,24.8,0,
2017-12-22 06:14:06,0,3,4,1.9,3778.7,-40001.9,1266.8,4823.0,24.7,0,
2017-12-22 06:14:09,0,3,4,1.9,3777.4,-40001.9,1266.8,4823.0,24.8,0,
2017-12-22 06:14:12,0,3,4,2.0,3775.9,-40001.5,1333.4,5074.8,24.8,0,
2017-12-22 06:14:15,0,3,4,2.0,3774.6,-40002.0,1333.4,5074.8,24.7,0,
2017-12-22 06:14:18,0,3,4,2.1,3773.1,-40001.8,1400.1,5326.4,24.8,0,
2017-12-22 06:14:22,0,3,4,2.1,3771.9,-40002.0,1400.1,5326.4,24.7,0,
2017-12-22 06:14:25,0,3,4,2.2,3770.5,-40001.9,1466.8,5577.8,24.7,0,
2017-12-22 06:14:28,0,3,4,2.2,3769.2,-40001.7,1466.8,5577.8,24.8,0,
2017-12-22 06:14:31,0,3,4,2.3,3767.7,-40002.2,1533.4,5829.1,24.8,0,
2017-12-22 06:14:34,0,3,4,2.3,3766.4,-40001.6,1533.4,5829.1,24.8,0,
2017-12-22 06:14:37,0,3,4,2.4,3765.2,-40002.2,1600.1,6080.2,24.8,0,
2017-12-22 06:14:40,0,3,4,2.5,3763.6,-40001.9,1666.8,6331.2,24.8,0,
2017-12-22 06:14:44,0,3,4,2.5,3762.4,-40001.9,1666.8,6331.2,24.8,0,
2017-12-22 06:14:47,0,3,4,2.6,3761.2,-40002.0,1733.5,6581.9,24.8,0,
2017-12-22 06:14:50,0,3,4,2.6,3759.8,-40001.6,1733.5,6581.9,24.8,0,
2017-12-22 06:14:53,0,3,4,2.7,3758.5,-40001.7,1800.1,6832.6,24.8,0,
2017-12-22 06:14:56,0,3,4,2.7,3757.1,-40001.8,1800.1,6832.6,24.8,0,
2017-12-22 06:14:59,0,3,4,2.8,3755.9,-40001.6,1866.8,7083.0,24.8,0,
2017-12-22 06:15:02,0,3,4,2.8,3754.6,-40001.7,1866.8,7083.0,24.8,0,
2017-12-22 06:15:05,0,3,4,2.9,3753.4,-40001.3,1933.5,7333.3,24.8,0,
2017-12-22 06:15:09,0,3,4,2.9,3752.0,-40001.6,1933.5,7333.3,24.8,0,
2017-12-22 06:15:12,0,3,4,3.0,3750.7,-40001.3,2000.1,7583.4,24.8,0,
2017-12-22 06:15:15,0,3,4,3.0,3749.4,-40001.5,2000.1,7583.4,24.8,0,
2017-12-22 06:15:18,0,3,4,3.1,3748.2,-40002.2,2066.8,7833.3,24.8,0,
2017-12-22 06:15:21,0,3,4,3.1,3747.0,-40001.3,2066.8,7833.3,24.8,0,
2017-12-22 06:15:24,0,3,4,3.2,3745.8,-40001.7,2133.5,8083.1,24.8,0,
2017-12-22 06:15:27,0,3,4,3.2,3744.4,-40001.3,2133.5,8083.1,24.8,0,
2017-12-22 06:15:31,0,3,4,3.3,3743.3,-40001.3,2200.2,8332.8,24.8,0,
2017-12-22 06:15:34,0,3,4,3.3,3742.1,-40001.8,2200.2,8332.8,24.7,0,
2017-12-22 06:15:37,0,3,4,3.4,3740.8,-40001.3,2266.8,8582.3,24.8,0,
2017-12-22 06:15:40,0,3,4,3.4,3739.5,-40001.8,2266.8,8582.3,24.8,0,
2017-12-22 06:15:43,0,3,4,3.5,3738.4,-40001.6,2333.5,8831.6,24.8,0,
2017-12-22 06:15:46,0,3,4,3.6,3737.4,-40001.9,2400.2,9080.8,24.8,0,
2017-12-22 06:15:49,0,3,4,3.6,3736.1,-40001.2,2400.2,9080.8,24.8,0,
2017-12-22 06:15:53,0,3,4,3.7,3734.9,-40001.5,2466.9,9329.8,24.8,0,
2017-12-22 06:15:56,0,3,4,3.7,3733.7,-40001.8,2466.9,9329.8,24.8,0,
2017-12-22 06:15:59,0,3,4,3.8,3732.7,-40001.5,2533.5,9578.7,24.8,0,
2017-12-22 06:16:02,0,3,4,3.8,3731.4,-40001.3,2533.5,9578.7,24.8,0,
2017-12-22 06:16:05,0,3,4,3.9,3730.4,-40001.4,2600.2,9827.4,24.8,0,
2017-12-22 06:16:08,0,3,4,3.9,3729.2,-40001.5,2600.2,9827.4,24.8,0,
2017-12-22 06:16:11,0,3,4,4.0,3728.1,-40002.0,2666.9,10076.0,24.8,0,
2017-12-22 06:16:15,0,3,4,4.0,3727.0,-40001.8,2666.9,10076.0,24.8,0,
2017-12-22 06:16:18,0,3,4,4.1,3725.7,-40002.2,2733.5,10324.4,24.8,0,
2017-12-22 06:16:21,0,3,4,4.1,3724.8,-40001.8,2733.5,10324.4,24.7,0,
2017-12-22 06:16:24,0,3,4,4.2,3723.6,-40001.8,2800.2,10572.7,24.8,0,
2017-12-22 06:16:27,0,3,4,4.2,3722.6,-40002.2,2800.2,10572.7,24.8,0,
2017-12-22 06:16:30,0,3,4,4.3,3721.5,-40001.7,2866.9,10820.9,24.8,0,
2017-12-22 06:16:33,0,3,4,4.3,3720.5,-40002.2,2866.9,10820.9,24.8,0,
2017-12-22 06:16:37,0,3,4,4.4,3719.2,-40001.3,2933.6,11068.9,24.8,0,
2017-12-22 06:16:40,0,3,4,4.4,3718.3,-40002.4,2933.6,11068.9,24.8,0,
2017-12-22 06:16:43,0,3,4,4.5,3717.3,-40001.7,3000.2,11316.8,24.8,0,
2017-12-22 06:16:46,0,3,4,4.5,3716.3,-40001.5,3000.2,11316.8,24.8,0,
2017-12-22 06:16:49,0,3,4,4.6,3715.2,-40002.2,3066.9,11564.5,24.8,0,
2017-12-22 06:16:52,0,3,4,4.6,3714.2,-40001.7,3066.9,11564.5,24.8,0,
2017-12-22 06:16:55,0,3,4,4.7,3713.0,-40001.6,3133.6,11812.2,24.8,0,
2017-12-22 06:16:58,0,3,4,4.8,3712.1,-40001.6,3200.3,12059.7,24.8,0,
2017-12-22 06:17:02,0,3,4,4.8,3711.0,-40001.6,3200.3,12059.7,24.8,0,
2017-12-22 06:17:05,0,3,4,4.9,3710.1,-40001.8,3266.9,12307.0,24.7,0,
2017-12-22 06:17:08,0,3,4,4.9,3709.2,-40001.8,3266.9,12307.0,24.8,0,
2017-12-22 06:17:11,0,3,4,5.0,3708.2,-40001.8,3333.6,12554.3,24.7,0,
2017-12-22 06:17:14,0,3,4,5.0,3707.2,-40001.5,3333.6,12554.3,24.7,0,
2017-12-22 06:17:17,0,3,4,5.1,3706.1,-40001.2,3400.3,12801.4,24.8,0,
2017-12-22 06:17:20,0,3,4,5.1,3705.3,-40002.1,3400.3,12801.4,24.7,0,
2017-12-22 06:17:24,0,3,4,5.2,3704.2,-40001.7,3466.9,13048.4,24.7,0,
2017-12-22 06:17:27,0,3,4,5.2,3703.3,-40002.0,3466.9,13048.4,24.7,0,
2017-12-22 06:17:30,0,3,4,5.3,3702.3,-40001.6,3533.6,13295.3,24.7,0,
2017-12-22 06:17:33,0,3,4,5.3,3701.1,-40001.8,3533.6,13295.3,24.7,0,
2017-12-22 06:17:36,0,3,4,5.4,3700.3,-40002.0,3600.3,13542.0,24.7,0,
2017-12-22 06:17:39,0,3,4,5.4,3699.3,-40001.6,3600.3,13542.0,24.7,0,
2017-12-22 06:17:42,0,3,4,5.5,3698.5,-40001.8,3667.0,13788.6,24.7,0,
2017-12-22 06:17:46,0,3,4,5.5,3697.5,-40001.3,3667.0,13788.6,24.7,0,
2017-12-22 06:17:49,0,3,4,5.6,3696.6,-40001.7,3733.6,14035.1,24.7,0,
2017-12-22 06:17:52,0,3,4,5.6,3695.6,-40001.5,3733.6,14035.1,24.7,0,
2017-12-22 06:17:55,0,3,4,5.7,3694.9,-40001.3,3800.3,14281.5,24.7,0,
2017-12-22 06:17:58,0,3,4,5.7,3693.8,-40001.7,3800.3,14281.5,24.7,0,
2017-12-22 06:18:01,0,3,4,5.8,3693.0,-40001.3,3867.0,14527.8,24.7,0,
2017-12-22 06:18:04,0,3,4,5.9,3692.0,-40001.4,3933.6,14773.9,24.7,0,
2017-12-22 06:18:07,0,3,4,5.9,3691.2,-40001.1,3933.6,14773.9,24.6,0,
2017-12-22 06:18:11,0,3,4,6.0,3690.3,-40001.3,4000.3,15020.0,24.7,0,
2017-12-22 06:18:14,0,3,4,6.0,3689.4,-40001.6,4000.3,15020.0,24.7,0,
2017-12-22 06:18:17,0,3,4,6.1,3688.6,-40001.5,4067.0,15265.9,24.7,0,
2017-12-22 06:18:20,0,3,4,6.1,3687.8,-40002.0,4067.0,15265.9,24.6,0,
2017-12-22 06:18:23,0,3,4,6.2,3686.8,-40001.6,4133.7,15511.7,24.7,0,
2017-12-22 06:18:26,0,3,4,6.2,3686.0,-40001.8,4133.7,15511.7,24.6,0,
2017-12-22 06:18:29,0,3,4,6.3,3685.1,-40001.5,4200.3,15757.5,24.7,0,
2017-12-22 06:18:33,0,3,4,6.3,3684.4,-40001.5,4200.3,15757.5,24.7,0,
2017-12-22 06:18:36,0,3,4,6.4,3683.4,-40001.8,4267.0,16003.1,24.7,0,
2017-12-22 06:18:39,0,3,4,6.4,3682.8,-40001.6,4267.0,16003.1,24.6,0,
2017-12-22 06:18:42,0,3,4,6.5,3681.8,-40002.0,4333.7,16248.6,24.7,0,
2017-12-22 06:18:45,0,3,4,6.5,3681.0,-40001.4,4333.7,16248.6,24.7,0,
2017-12-22 06:18:48,0,3,4,6.6,3680.1,-40001.8,4400.3,16494.0,24.6,0,
2017-12-22 06:18:51,0,3,4,6.6,3679.3,-40001.7,4400.3,16494.0,24.6,0,
2017-12-22 06:18:54,0,3,4,6.7,3678.5,-40001.6,4467.0,16739.3,24.6,0,
2017-12-22 06:18:58,0,3,4,6.7,3677.7,-40001.7,4467.0,16739.3,24.6,0,
2017-12-22 06:19:01,0,3,4,6.8,3676.9,-40001.8,4533.7,16984.5,24.6,0,
2017-12-22 06:19:04,0,3,4,6.8,3676.1,-40001.6,4533.7,16984.5,24.6,0,
2017-12-22 06:19:07,0,3,4,6.9,3675.3,-40001.8,4600.4,17229.6,24.6,0,
2017-12-22 06:19:10,0,3,4,7.0,3674.4,-40001.3,4667.0,17474.5,24.6,0,
2017-12-22 06:19:13,0,3,4,7.0,3673.7,-40002.0,4667.0,17474.5,24.6,0,
2017-12-22 06:19:17,0,3,4,7.1,3672.9,-40001.2,4733.7,17719.4,24.6,0,
2017-12-22 06:19:20,0,3,4,7.1,3672.1,-40001.5,4733.7,17719.4,24.6,0,
2017-12-22 06:19:23,0,3,4,7.2,3671.3,-40002.2,4800.4,17964.2,24.6,0,
2017-12-22 06:19:26,0,3,4,7.2,3670.6,-40001.8,4800.4,17964.2,24.6,0,
2017-12-22 06:19:29,0,3,4,7.3,3669.9,-40002.0,4867.1,18208.9,24.6,0,
2017-12-22 06:19:32,0,3,4,7.3,3668.9,-40001.2,4867.1,18208.9,24.7,0,
2017-12-22 06:19:35,0,3,4,7.4,3668.2,-40001.9,4933.7,18453.5,24.7,0,
2017-12-22 06:19:38,0,3,4,7.4,3667.6,-40001.5,4933.7,18453.5,24.6,0,
2017-12-22 06:19:41,0,3,4,7.5,3666.7,-40001.9,5000.4,18697.9,24.6,0,
2017-12-22 06:19:45,0,3,4,7.5,3666.1,-40001.5,5000.4,18697.9,24.7,0,
2017-12-22 06:19:48,0,3,4,7.6,3665.3,-40001.2,5067.1,18942.3,24.7,0,
2017-12-22 06:19:51,0,3,4,7.6,3664.6,-40001.7,5067.1,18942.3,24.7,0,
2017-12-22 06:19:54,0,3,4,7.7,3663.9,-40001.5,5133.7,19186.6,24.7,0,
2017-12-22 06:19:57,0,3,4,7.7,3663.1,-40001.3,5133.7,19186.6,24.7,0,
2017-12-22 06:20:00,0,3,4,7.8,3662.3,-40001.8,5200.4,19430.8,24.7,0,
2017-12-22 06:20:03,0,3,4,7.8,3661.5,-40001.5,5200.4,19430.8,24.7,0,
2017-12-22 06:20:07,0,3,4,7.9,3660.8,-40001.5,5267.1,19674.9,24.7,0,
2017-12-22 06:20:10,0,3,4,7.9,3660.1,-40001.5,5267.1,19674.9,24.7,0,
2017-12-22 06:20:13,0,3,4,8.0,3659.4,-40001.2,5333.8,19918.9,24.7,0,
2017-12-22 06:20:16,0,3,4,8.1,3658.6,-40001.8,5400.4,20162.9,24.7,0,
2017-12-22 06:20:19,0,3,4,8.1,3658.0,-40001.5,5400.4,20162.9,24.7,0,
2017-12-22 06:20:23,0,3,4,8.2,3657.1,-40001.8,5467.1,20406.7,24.8,0,
2017-12-22 06:20:26,0,3,4,8.2,3656.4,-40001.5,5467.1,20406.7,24.7,0,
2017-12-22 06:20:29,0,3,4,8.3,3655.7,-40001.9,5533.8,20650.4,24.7,0,
2017-12-22 06:20:32,0,3,4,8.3,3654.9,-40002.2,5533.8,20650.4,24.7,0,
2017-12-22 06:20:35,0,3,4,8.4,3654.3,-40001.7,5600.4,20894.1,24.7,0,
2017-12-22 06:20:38,0,3,4,8.4,3653.6,-40001.2,5600.4,20894.1,24.7,0,
2017-12-22 06:20:41,0,3,4,8.5,3653.0,-40001.5,5667.1,21137.7,24.7,0,
2017-12-22 06:20:45,0,3,4,8.5,3652.1,-40001.3,5667.1,21137.7,24.7,0,
2017-12-22 06:20:48,0,3,4,8.6,3651.4,-40001.3,5733.8,21381.1,24.7,0,
2017-12-22 06:20:51,0,3,4,8.6,3650.8,-40001.2,5733.8,21381.1,24.7,0,
2017-12-22 06:20:54,0,3,4,8.7,3650.2,-40001.7,5800.5,21624.5,24.6,0,
2017-12-22 06:20:57,0,3,4,8.7,3649.4,-40001.0,5800.5,21624.5,24.7,0,
2017-12-22 06:21:00,0,3,4,8.8,3648.8,-40001.2,5867.1,21867.8,24.7,0,
2017-12-22 06:21:03,0,3,4,8.8,3648.2,-40001.5,5867.1,21867.8,24.7,0,
2017-12-22 06:21:06,0,3,4,8.9,3647.4,-40001.0,5933.8,22111.0,24.7,0,
2017-12-22 06:21:10,0,3,4,8.9,3646.8,-40001.7,5933.8,22111.0,24.7,0,
2017-12-22 06:21:13,0,3,4,9.0,3646.0,-40001.0,6000.5,22354.2,24.7,0,
2017-12-22 06:21:16,0,3,4,9.0,3645.5,-40001.4,6000.5,22354.2,24.7,0,
2017-12-22 06:21:19,0,3,4,9.1,3644.6,-40001.7,6067.1,22597.2,24.7,0,
2017-12-22 06:21:22,0,3,4,9.1,3644.1,-40001.4,6067.1,22597.2,24.7,0,
2017-12-22 06:21:25,0,3,4,9.2,3643.5,-40001.3,6133.8,22840.1,24.7,0,
2017-12-22 06:21:28,0,3,4,9.3,3642.9,-40001.3,6200.5,23083.0,24.7,0,
2017-12-22 06:21:32,0,3,4,9.3,3642.0,-40001.9,6200.5,23083.0,24.7,0,
2017-12-22 06:21:35,0,3,4,9.4,3641.4,-40001.8,6267.2,23325.8,24.7,0,
2017-12-22 06:21:38,0,3,4,9.4,3640.8,-40001.5,6267.2,23325.8,24.7,0,
2017-12-22 06:21:41,0,3,4,9.5,3640.1,-40001.5,6333.8,23568.5,24.7,0,
2017-12-22 06:21:44,0,3,4,9.5,3639.4,-40001.5,6333.8,23568.5,24.7,0,
2017-12-22 06:21:47,0,3,4,9.6,3638.9,-40001.7,6400.5,23811.1,24.7,0,
2017-12-22 06:21:51,0,3,4,9.6,3638.3,-40002.0,6400.5,23811.1,24.7,0,
2017-12-22 06:21:54,0,3,4,9.7,3637.6,-40001.1,6467.2,24053.7,24.6,0,
2017-12-22 06:21:57,0,3,4,9.7,3637.1,-40001.2,6467.2,24053.7,24.7,0,
2017-12-22 06:22:00,0,3,4,9.8,3636.3,-40001.5,6533.8,24296.1,24.7,0,
2017-12-22 06:22:03,0,3,4,9.8,3635.7,-40001.8,6533.8,24296.1,24.7,0,
2017-12-22 06:22:06,0,3,4,9.9,3635.0,-40001.5,6600.5,24538.5,24.7,0,
2017-12-22 06:22:09,0,3,4,9.9,3634.5,-40001.3,6600.5,24538.5,24.7,0,
2017-12-22 06:22:13,0,3,4,10.0,3633.8,-40001.4,6667.2,24780.8,24.7,0,
2017-12-22 06:22:16,0,3,4,10.0,3633.3,-40001.3,6667.2,24780.8,24.7,0,
2017-12-22 06:22:19,0,3,4,10.1,3632.5,-40001.8,6733.9,25023.0,24.7,0,
2017-12-22 06:22:22,0,3,4,10.1,3632.0,-40001.6,6733.9,25023.0,24.7,0,
2017-12-22 06:22:25,0,3,4,10.2,3631.3,-40001.5,6800.5,25265.2,24.7,0,
2017-12-22 06:22:28,0,3,4,10.2,3630.7,-40002.1,6800.5,25265.2,24.7,0,
2017-12-22 06:22:31,0,3,4,10.3,3630.1,-40001.3,6867.2,25507.2,24.7,0,
2017-12-22 06:22:34,0,3,4,10.4,3629.6,-40001.8,6933.9,25749.2,24.7,0,
2017-12-22 06:22:38,0,3,4,10.4,3628.9,-40001.6,6933.9,25749.2,24.7,0,
2017-12-22 06:22:41,0,3,4,10.5,3628.4,-40001.6,7000.5,25991.2,24.8,0,
2017-12-22 06:22:44,0,3,4,10.5,3627.7,-40001.8,7000.5,25991.2,24.8,0,
2017-12-22 06:22:47,0,3,4,10.6,3627.0,-40001.8,7067.2,26233.0,24.7,0,
2017-12-22 06:22:50,0,3,4,10.6,3626.6,-40001.8,7067.2,26233.0,24.7,0,
2017-12-22 06:22:53,0,3,4,10.7,3626.0,-40001.7,7133.9,26474.8,24.8,0,
2017-12-22 06:22:56,0,3,4,10.7,3625.3,-40001.7,7133.9,26474.8,24.7,0,
2017-12-22 06:23:00,0,3,4,10.8,3624.7,-40001.8,7200.6,26716.4,24.8,0,
2017-12-22 06:23:03,0,3,4,10.8,3624.2,-40001.3,7200.6,26716.4,24.8,0,
2017-12-22 06:23:06,0,3,4,10.9,3623.5,-40001.9,7267.2,26958.1,24.8,0,
2017-12-22 06:23:09,0,3,4,10.9,3622.9,-40001.5,7267.2,26958.1,24.8,0,
2017-12-22 06:23:12,0,3,4,11.0,3622.3,-40001.8,7333.9,27199.6,24.8,0,
2017-12-22 06:23:15,0,3,4,11.0,3621.8,-40001.5,7333.9,27199.6,24.8,0,
2017-12-22 06:23:18,0,3,4,11.1,3621.3,-40001.2,7400.6,27441.1,24.8,0,
2017-12-22 06:23:21,0,3,4,11.1,3620.6,-40002.0,7400.6,27441.1,24.8,0,
2017-12-22 06:23:25,0,3,4,11.2,3620.0,-40001.2,7467.2,27682.4,24.8,0,
2017-12-22 06:23:28,0,3,4,11.2,3619.6,-40001.8,7467.2,27682.4,24.7,0,
2017-12-22 06:23:31,0,3,4,11.3,3618.9,-40001.5,7533.9,27923.7,24.8,0,
2017-12-22 06:23:34,0,3,4,11.3,3618.4,-40001.8,7533.9,27923.7,24.8,0,
2017-12-22 06:23:37,0,3,4,11.4,3617.9,-40001.8,7600.6,28165.0,24.7,0,
2017-12-22 06:23:40,0,3,4,11.4,3617.2,-40001.4,7600.6,28165.0,24.8,0,
2017-12-22 06:23:43,0,3,4,11.5,3616.7,-40001.7,7667.3,28406.2,24.8,0,
2017-12-22 06:23:46,0,3,4,11.6,3616.1,-40001.5,7733.9,28647.3,24.7,0,
2017-12-22 06:23:49,0,3,4,11.6,3615.6,-40001.9,7733.9,28647.3,24.7,0,
2017-12-22 06:23:53,0,3,4,11.7,3615.0,-40001.8,7800.6,28888.3,24.8,0,
2017-12-22 06:23:56,0,3,4,11.7,3614.4,-40001.4,7800.6,28888.3,24.8,0,
2017-12-22 06:23:59,0,3,4,11.8,3613.9,-40001.9,7867.3,29129.2,24.8,0,
2017-12-22 06:24:02,0,3,4,11.8,3613.3,-40002.2,7867.3,29129.2,24.8,0,
2017-12-22 06:24:05,0,3,4,11.9,3612.8,-40002.0,7934.0,29370.1,24.8,0,
2017-12-22 06:24:08,0,3,4,11.9,3612.2,-40001.8,7934.0,29370.1,24.7,0,
2017-12-22 06:24:11,0,3,4,12.0,3611.6,-40002.3,8000.6,29610.9,24.8,0,
2017-12-22 06:24:15,0,3,4,12.0,3611.2,-40002.4,8000.6,29610.9,24.7,0,
2017-12-22 06:24:18,0,3,4,12.1,3610.5,-40001.8,8067.3,29851.7,24.8,0,
2017-12-22 06:24:21,0,3,4,12.1,3610.0,-40002.2,8067.3,29851.7,24.8,0,
2017-12-22 06:24:24,0,3,4,12.2,3609.5,-40002.0,8134.0,30092.4,24.8,0,
2017-12-22 06:24:27,0,3,4,12.2,3609.0,-40002.1,8134.0,30092.4,24.7,0,
2017-12-22 06:24:30,0,3,4,12.3,3608.4,-40002.3,8200.6,30333.0,24.7,0,
2017-12-22 06:24:33,0,3,4,12.3,3607.8,-40001.6,8200.6,30333.0,24.7,0,
2017-12-22 06:24:37,0,3,4,12.4,3607.3,-40002.2,8267.3,30573.5,24.8,0,
2017-12-22 06:24:40,0,3,4,12.4,3606.8,-40001.9,8267.3,30573.5,24.7,0,
2017-12-22 06:24:43,0,3,4,12.5,3606.2,-40002.2,8334.0,30814.0,24.8,0,
2017-12-22 06:24:46,0,3,4,12.5,3605.6,-40001.7,8334.0,30814.0,24.8,0,
2017-12-22 06:24:49,0,3,4,12.6,3605.1,-40002.0,8400.7,31054.4,24.7,0,
2017-12-22 06:24:52,0,3,4,12.7,3604.6,-40002.1,8467.3,31294.7,24.7,0,
2017-12-22 06:24:56,0,3,4,12.7,3604.1,-40001.9,8467.3,31294.7,24.7,0,
2017-12-22 06:24:59,0,3,4,12.8,3603.5,-40002.3,8534.0,31535.0,24.7,0,
2017-12-22 06:25:02,0,3,4,12.8,3603.0,-40002.3,8534.0,31535.0,24.7,0,
2017-12-22 06:25:05,0,3,4,12.9,3602.4,-40002.3,8600.7,31775.2,24.8,0,
2017-12-22 06:25:08,0,3,4,12.9,3601.8,-40002.2,8600.7,31775.2,24.8,0,
2017-12-22 06:25:11,0,3,4,13.0,3601.4,-40002.0,8667.4,32015.3,24.8,0,
2017-12-22 06:25:14,0,3,4,13.0,3600.9,-40002.1,8667.4,32015.3,24.7,0,
2017-12-22 06:25:18,0,3,4,13.1,3600.3,-40002.1,8734.0,32255.4,24.7,0,
2017-12-22 06:25:21,0,3,4,13.1,3599.7,-40002.0,8734.0,32255.4,24.8,0,
2017-12-22 06:25:24,0,3,4,13.2,3599.1,-40002.0,8800.7,32495.3,24.7,0,
2017-12-22 06:25:27,0,3,4,13.2,3598.8,-40001.7,8800.7,32495.3,24.8,0,
2017-12-22 06:25:30,0,3,4,13.3,3598.2,-40002.0,8867.4,32735.3,24.7,0,
2017-12-22 06:25:33,0,3,4,13.3,3597.7,-40002.3,8867.4,32735.3,24.8,0,
2017-12-22 06:25:37,0,3,4,13.4,3597.1,-40001.6,8934.1,32975.1,24.8,0,
2017-12-22 06:25:40,0,3,4,13.4,3596.7,-40001.7,8934.1,32975.1,24.8,0,
2017-12-22 06:25:43,0,3,4,13.5,3596.0,-40001.5,9000.7,33214.9,24.8,0,
2017-12-22 06:25:46,0,3,4,13.5,3595.7,-40001.8,9000.7,33214.9,24.8,0,
2017-12-22 06:25:49,0,3,4,13.6,3595.1,-40001.8,9067.4,33454.7,24.8,0,
2017-12-22 06:25:52,0,3,4,13.7,3594.5,-40001.6,9134.1,33694.3,24.7,0,
2017-12-22 06:25:56,0,3,4,13.7,3594.0,-40002.2,9134.1,33694.3,24.8,0,
2017-12-22 06:25:59,0,3,4,13.8,3593.4,-40001.8,9200.7,33933.9,24.8,0,
2017-12-22 06:26:02,0,3,4,13.8,3593.0,-40002.0,9200.7,33933.9,24.8,0,
2017-12-22 06:26:05,0,3,4,13.9,3592.4,-40002.2,9267.4,34173.4,24.8,0,
2017-12-22 06:26:08,0,3,4,13.9,3592.0,-40002.0,9267.4,34173.4,24.8,0,
2017-12-22 06:26:11,0,3,4,14.0,3591.5,-40002.1,9334.1,34412.9,24.8,0,
2017-12-22 06:26:14,0,3,4,14.0,3591.0,-40001.9,9334.1,34412.9,24.8,0,
2017-12-22 06:26:18,0,3,4,14.1,3590.4,-40002.3,9400.8,34652.3,24.8,0,
2017-12-22 06:26:21,0,3,4,14.1,3589.9,-40001.7,9400.8,34652.3,24.8,0,
2017-12-22 06:26:24,0,3,4,14.2,3589.3,-40001.9,9467.4,34891.6,24.8,0,
2017-12-22 06:26:27,0,3,4,14.2,3588.8,-40002.3,9467.4,34891.6,24.8,0,
2017-12-22 06:26:30,0,3,4,14.3,3588.2,-40001.5,9534.1,35130.9,24.8,0,
2017-12-22 06:26:33,0,3,4,14.3,3587.8,-40002.1,9534.1,35130.9,24.8,0,
2017-12-22 06:26:36,0,3,4,14.4,3587.4,-40001.6,9600.8,35370.1,24.8,0,
2017-12-22 06:26:39,0,3,4,14.4,3586.7,-40001.8,9600.8,35370.1,24.8,0,
2017-12-22 06:26:43,0,3,4,14.5,3586.3,-40002.3,9667.5,35609.2,24.8,0,
2017-12-22 06:26:46,0,3,4,14.5,3585.9,-40002.0,9667.5,35609.2,24.8,0,
2017-12-22 06:26:49,0,3,4,14.6,3585.4,-40001.9,9734.1,35848.3,24.8,0,
2017-12-22 06:26:52,0,3,4,14.6,3584.9,-40001.7,9734.1,35848.3,24.8,0,
2017-12-22 06:26:55,0,3,4,14.7,3584.3,-40001.3,9800.8,36087.3,24.8,0,
2017-12-22 06:26:58,0,3,4,14.8,3583.9,-40002.0,9867.5,36326.2,24.9,0,
2017-12-22 06:27:01,0,3,4,14.8,3583.2,-40001.6,9867.5,36326.2,24.8,0,
2017-12-22 06:27:04,0,3,4,14.9,3582.9,-40001.6,9934.1,36565.1,24.9,0,
2017-12-22 06:27:08,0,3,4,14.9,3582.3,-40001.6,9934.1,36565.1,24.9,0,
2017-12-22 06:27:11,0,3,4,15.0,3581.8,-40002.0,10000.8,36803.9,24.9,0,
2017-12-22 06:27:14,0,3,4,15.0,3581.5,-40001.5,10000.8,36803.9,24.9,0,
2017-12-22 06:27:17,0,3,4,15.1,3580.8,-40001.8,10067.5,37042.7,24.9,0,
2017-12-22 06:27:20,0,3,4,15.1,3580.4,-40001.9,10067.5,37042.7,24.9,0,
2017-12-22 06:27:23,0,3,4,15.2,3579.8,-40001.5,10134.2,37281.4,24.9,0,
2017-12-22 06:27:26,0,3,4,15.2,3579.4,-40002.2,10134.2,37281.4,24.9,0,
2017-12-22 06:27:30,0,3,4,15.3,3578.8,-40001.3,10200.8,37520.0,24.9,0,
2017-12-22 06:27:33,0,3,4,15.3,3578.5,-40001.9,10200.8,37520.0,24.9,0,
2017-12-22 06:27:36,0,3,4,15.4,3577.9,-40002.2,10267.5,37758.6,24.8,0,
2017-12-22 06:27:39,0,3,4,15.4,3577.4,-40001.5,10267.5,37758.6,24.9,0,
2017-12-22 06:27:42,0,3,4,15.5,3576.9,-40001.8,10334.2,37997.0,24.8,0,
2017-12-22 06:27:45,0,3,4,15.5,3576.4,-40001.5,10334.2,37997.0,24.8,0,
2017-12-22 06:27:48,0,3,4,15.6,3575.9,-40002.0,10400.9,38235.5,24.8,0,
2017-12-22 06:27:51,0,3,4,15.6,3575.5,-40002.5,10400.9,38235.5,24.8,0,
2017-12-22 06:27:54,0,3,4,15.7,3575.0,-40001.8,10467.5,38473.9,24.8,0,
2017-12-22 06:27:58,0,3,4,15.7,3574.4,-40002.2,10467.5,38473.9,24.9,0,
2017-12-22 06:28:01,0,3,4,15.8,3574.0,-40001.8,10534.2,38712.2,24.8,0,
2017-12-22 06:28:04,0,3,4,15.8,3573.4,-40002.0,10534.2,38712.2,24.8,0,
2017-12-22 06:28:07,0,3,4,15.9,3573.0,-40002.1,10600.9,38950.4,24.8,0,
2017-12-22 06:28:10,0,3,4,16.0,3572.4,-40001.8,10667.5,39188.6,24.8,0,
2017-12-22 06:28:13,0,3,4,16.0,3571.9,-40002.0,10667.5,39188.6,24.8,0,
2017-12-22 06:28:17,0,3,4,16.1,3571.5,-40001.8,10734.2,39426.7,24.8,0,
2017-12-22 06:28:20,0,3,4,16.1,3571.1,-40001.9,10734.2,39426.7,24.8,0,
2017-12-22 06:28:23,0,3,4,16.2,3570.6,-40002.0,10800.9,39664.8,24.8,0,
2017-12-22 06:28:26,0,3,4,16.2,3570.0,-40001.8,10800.9,39664.8,24.9,0,
2017-12-22 06:28:29,0,3,4,16.3,3569.6,-40002.2,10867.6,39902.8,24.9,0,
2017-12-22 06:28:32,0,3,4,16.3,3569.1,-40002.0,10867.6,39902.8,24.9,0,
2017-12-22 06:28:35,0,3,4,16.4,3568.6,-40002.2,10934.2,40140.7,24.9,0,
2017-12-22 06:28:38,0,3,4,16.4,3568.0,-40002.1,10934.2,40140.7,24.9,0,
2017-12-22 06:28:42,0,3,4,16.5,3567.5,-40002.3,11000.9,40378.6,24.9,0,
2017-12-22 06:28:45,0,3,4,16.5,3567.0,-40002.5,11000.9,40378.6,24.9,0,
2017-12-22 06:28:48,0,3,4,16.6,3566.6,-40001.8,11067.6,40616.4,24.9,0,
2017-12-22 06:28:51,0,3,4,16.6,3566.0,-40002.2,11067.6,40616.4,24.9,0,
2017-12-22 06:28:54,0,3,4,16.7,3565.6,-40002.0,11134.3,40854.1,24.9,0,
2017-12-22 06:28:57,0,3,4,16.7,3565.0,-40002.1,11134.3,40854.1,24.9,0,
2017-12-22 06:29:00,0,3,4,16.8,3564.6,-40002.3,11200.9,41091.8,24.9,0,
2017-12-22 06:29:04,0,3,4,16.8,3564.0,-40001.9,11200.9,41091.8,24.9,0,
2017-12-22 06:29:07,0,3,4,16.9,3563.6,-40002.3,11267.6,41329.4,24.9,0,
2017-12-22 06:29:10,0,3,4,16.9,3563.0,-40002.0,11267.6,41329.4,24.9,0,
2017-12-22 06:29:13,0,3,4,17.0,3562.7,-40002.3,11334.3,41567.0,24.9,0,
2017-12-22 06:29:16,0,3,4,17.1,3562.1,-40002.3,11401.0,41804.5,24.9,0,
2017-12-22 06:29:20,0,3,4,17.1,3561.7,-40001.8,11401.0,41804.5,24.9,0,
2017-12-22 06:29:23,0,3,4,17.2,3561.2,-40002.5,11467.6,42041.9,24.9,0,
2017-12-22 06:29:26,0,3,4,17.2,3560.6,-40001.8,11467.6,42041.9,24.9,0,
2017-12-22 06:29:29,0,3,4,17.3,3560.1,-40002.5,11534.3,42279.3,24.9,0,
2017-12-22 06:29:32,0,3,4,17.3,3559.7,-40001.8,11534.3,42279.3,24.9,0,
2017-12-22 06:29:35,0,3,4,17.4,3559.1,-40002.3,11601.0,42516.6,24.9,0,
2017-12-22 06:29:38,0,3,4,17.4,3558.7,-40002.2,11601.0,42516.6,24.9,0,
2017-12-22 06:29:41,0,3,4,17.5,3558.2,-40001.9,11667.6,42753.9,24.8,0,
2017-12-22 06:29:44,0,3,4,17.5,3557.8,-40002.5,11667.6,42753.9,24.9,0,
2017-12-22 06:29:47,0,3,4,17.6,3557.3,-40002.3,11734.3,42991.1,24.9,0,
2017-12-22 06:29:50,0,3,4,17.6,3556.9,-40002.4,11734.3,42991.1,24.9,0,
2017-12-22 06:29:54,0,3,4,17.7,3556.3,-40002.5,11801.0,43228.2,24.9,0,
2017-12-22 06:29:57,0,3,4,17.7,3555.7,-40001.8,11801.0,43228.2,24.9,0,
2017-12-22 06:30:00,0,3,4,17.8,3555.2,-40002.5,11867.7,43465.3,24.9,0,
2017-12-22 06:30:03,0,3,4,17.8,3554.8,-40002.3,11867.7,43465.3,24.9,0,
2017-12-22 06:30:06,0,3,4,17.9,3554.3,-40002.5,11934.4,43702.3,24.9,0,
2017-12-22 06:30:09,0,3,4,17.9,3553.9,-40002.3,11934.4,43702.3,24.9,0,
2017-12-22 06:30:12,0,3,4,18.0,3553.3,-40002.3,12001.0,43939.2,24.9,0,
2017-12-22 06:30:16,0,3,4,18.0,3552.9,-40002.7,12001.0,43939.2,25.0,0,
2017-12-22 06:30:19,0,3,4,18.1,3552.5,-40002.3,12067.7,44176.1,24.9,0,
2017-12-22 06:30:22,0,3,4,18.1,3552.0,-40002.5,12067.7,44176.1,24.9,0,
2017-12-22 06:30:25,0,3,4,18.2,3551.5,-40002.5,12134.4,44412.9,25.0,0,
2017-12-22 06:30:28,0,3,4,18.2,3550.9,-39999.5,12134.4,44412.9,25.0,0,
2017-12-22 06:30:31,0,3,4,18.3,3550.6,-39999.3,12201.0,44649.7,25.0,0,
2017-12-22 06:30:34,0,3,4,18.4,3550.1,-39999.2,12267.7,44886.3,25.0,0,
2017-12-22 06:30:38,0,3,4,18.4,3549.6,-39999.2,12267.7,44886.3,25.0,0,
2017-12-22 06:30:41,0,3,4,18.5,3549.0,-39999.0,12334.4,45122.9,25.0,0,
2017-12-22 06:30:44,0,3,4,18.5,3548.5,-39999.5,12334.4,45122.9,25.0,0,
2017-12-22 06:30:47,0,3,4,18.6,3548.0,-39999.4,12401.0,45359.4,25.0,0,
2017-12-22 06:30:50,0,3,4,18.6,3547.5,-39999.3,12401.0,45359.4,25.0,0,
2017-12-22 06:30:53,0,3,4,18.7,3547.1,-39999.2,12467.7,45595.9,25.0,0,
2017-12-22 06:30:56,0,3,4,18.7,3546.6,-39998.8,12467.7,45595.9,25.0,0,
2017-12-22 06:31:00,0,3,4,18.8,3546.1,-39999.5,12534.4,45832.3,25.0,0,
2017-12-22 06:31:03,0,3,4,18.8,3545.7,-39999.5,12534.4,45832.3,25.0,0,
2017-12-22 06:31:06,0,3,4,18.9,3545.1,-39999.0,12601.0,46068.7,25.0,0,
2017-12-22 06:31:09,0,3,4,18.9,3544.7,-39999.5,12601.0,46068.7,25.0,0,
2017-12-22 06:31:12,0,3,4,19.0,3544.3,-39999.3,12667.7,46304.9,25.0,0,
2017-12-22 06:31:15,0,3,4,19.0,3543.7,-39999.3,12667.7,46304.9,25.0,0,
2017-12-22 06:31:18,0,3,4,19.1,3543.1,-39999.0,12734.3,46541.2,24.9,0,
2017-12-22 06:31:21,0,3,4,19.1,3542.8,-39999.2,12734.3,46541.2,24.9,0,
2017-12-22 06:31:25,0,3,4,19.2,3542.3,-39999.7,12801.0,46777.3,24.9,0,
2017-12-22 06:31:28,0,3,4,19.2,3541.7,-39999.5,12801.0,46777.3,24.9,0,
2017-12-22 06:31:31,0,3,4,19.3,3541.2,-39999.5,12867.7,47013.4,24.9,0,
2017-12-22 06:31:34,0,3,4,19.4,3540.7,-39999.5,12934.3,47249.5,24.9,0,
2017-12-22 06:31:37,0,3,4,19.4,3540.2,-39999.2,12934.3,47249.5,24.9,0,
2017-12-22 06:31:41,0,3,4,19.5,3539.7,-39999.2,13001.0,47485.4,24.9,0,
2017-12-22 06:31:44,0,3,4,19.5,3539.3,-39999.0,13001.0,47485.4,24.9,0,
2017-12-22 06:31:47,0,3,4,19.6,3538.8,-39999.3,13067.7,47721.3,24.9,0,
2017-12-22 06:31:50,0,3,4,19.6,3538.4,-39999.0,13067.7,47721.3,25.0,0,
2017-12-22 06:31:53,0,3,4,19.7,3537.7,-39998.8,13134.3,47957.2,25.0,0,
2017-12-22 06:31:56,0,3,4,19.7,3537.2,-39999.7,13134.3,47957.2,25.0,0,
2017-12-22 06:31:59,0,3,4,19.8,3536.7,-39999.7,13201.0,48193.0,25.0,0,
2017-12-22 06:32:03,0,3,4,19.8,3536.2,-39999.3,13201.0,48193.0,25.0,0,
2017-12-22 06:32:06,0,3,4,19.9,3535.9,-39999.0,13267.7,48428.7,25.0,0,
2017-12-22 06:32:09,0,3,4,19.9,3535.4,-39999.3,13267.7,48428.7,25.0,0,
2017-12-22 06:32:12,0,3,4,20.0,3534.9,-39999.4,13334.3,48664.4,25.0,0,
2017-12-22 06:32:15,0,3,4,20.0,3534.3,-39999.2,13334.3,48664.4,25.0,0,
2017-12-22 06:32:18,0,3,4,20.1,3533.8,-39999.7,13401.0,48900.0,25.0,0,
2017-12-22 06:32:21,0,3,4,20.1,3533.3,-39998.9,13401.0,48900.0,25.0,0,
2017-12-22 06:32:24,0,3,4,20.2,3532.9,-39999.2,13467.7,49135.6,25.0,0,
2017-12-22 06:32:28,0,3,4,20.2,3532.3,-39999.7,13467.7,49135.6,25.0,0,
2017-12-22 06:32:31,0,3,4,20.3,3531.9,-39999.3,13534.3,49371.0,25.0,0,
2017-12-22 06:32:34,0,3,4,20.3,3531.4,-39999.3,13534.3,49371.0,25.0,0,
2017-12-22 06:32:37,0,3,4,20.4,3530.9,-39999.3,13601.0,49606.4,25.0,0,
2017-12-22 06:32:40,0,3,4,20.4,3530.4,-39999.5,13601.0,49606.4,25.0,0,
2017-12-22 06:32:43,0,3,4,20.5,3529.8,-39998.8,13667.7,49841.8,25.0,0,
2017-12-22 06:32:46,0,3,4,20.6,3529.5,-39999.3,13734.3,50077.1,25.0,0,
2017-12-22 06:32:49,0,3,4,20.6,3528.9,-39999.5,13734.3,50077.1,25.0,0,
2017-12-22 06:32:53,0,3,4,20.7,3528.5,-39998.8,13801.0,50312.3,25.0,0,
2017-12-22 06:32:56,0,3,4,20.7,3528.0,-39999.3,13801.0,50312.3,25.0,0,
2017-12-22 06:32:59,0,3,4,20.8,3527.3,-39999.4,13867.6,50547.5,25.0,0,
2017-12-22 06:33:02,0,3,4,20.8,3526.9,-39999.3,13867.6,50547.5,25.0,0,
2017-12-22 06:33:05,0,3,4,20.9,3526.2,-39999.6,13934.3,50782.5,25.0,0,
2017-12-22 06:33:08,0,3,4,20.9,3525.9,-39999.3,13934.3,50782.5,25.0,0,
2017-12-22 06:33:11,0,3,4,21.0,3525.3,-39999.5,14001.0,51017.6,25.0,0,
2017-12-22 06:33:15,0,3,4,21.0,3524.9,-39999.6,14001.0,51017.6,25.0,0,
2017-12-22 06:33:18,0,3,4,21.1,3524.4,-39999.4,14067.6,51252.5,25.0,0,
2017-12-22 06:33:21,0,3,4,21.1,3523.8,-39999.5,14067.6,51252.5,24.9,0,
2017-12-22 06:33:24,0,3,4,21.2,3523.4,-39998.7,14134.3,51487.4,25.0,0,
2017-12-22 06:33:27,0,3,4,21.2,3522.9,-39999.7,14134.3,51487.4,24.9,0,
2017-12-22 06:33:30,0,3,4,21.3,3522.2,-39999.3,14201.0,51722.3,24.9,0,
2017-12-22 06:33:34,0,3,4,21.3,3521.7,-39999.5,14201.0,51722.3,24.9,0,
2017-12-22 06:33:37,0,3,4,21.4,3521.2,-39999.8,14267.6,51957.0,24.9,0,
2017-12-22 06:33:40,0,3,4,21.4,3520.8,-39999.3,14267.6,51957.0,24.9,0,
2017-12-22 06:33:43,0,3,4,21.5,3520.3,-39999.5,14334.3,52191.7,25.0,0,
2017-12-22 06:33:46,0,3,4,21.5,3519.8,-39999.5,14334.3,52191.7,24.9,0,
2017-12-22 06:33:49,0,3,4,21.6,3519.2,-39999.5,14401.0,52426.4,24.9,0,
2017-12-22 06:33:52,0,3,4,21.7,3518.6,-39999.3,14467.6,52660.9,25.0,0,
2017-12-22 06:33:55,0,3,4,21.7,3518.1,-39999.2,14467.6,52660.9,25.0,0,
2017-12-22 06:33:59,0,3,4,21.8,3517.7,-39999.9,14534.3,52895.4,25.0,0,
2017-12-22 06:34:02,0,3,4,21.8,3517.2,-39999.7,14534.3,52895.4,25.0,0,
2017-12-22 06:34:05,0,3,4,21.9,3516.5,-39999.7,14601.0,53129.9,25.0,0,
2017-12-22 06:34:08,0,3,4,21.9,3516.0,-39999.5,14601.0,53129.9,25.0,0,
2017-12-22 06:34:11,0,3,4,22.0,3515.6,-39999.5,14667.6,53364.2,25.0,0,
2017-12-22 06:34:14,0,3,4,22.0,3515.0,-39999.9,14667.6,53364.2,25.0,0,
2017-12-22 06:34:17,0,3,4,22.1,3514.6,-40000.0,14734.3,53598.6,25.0,0,
2017-12-22 06:34:21,0,3,4,22.1,3514.0,-39999.9,14734.3,53598.6,25.0,0,
2017-12-22 06:34:24,0,3,4,22.2,3513.5,-39999.3,14801.0,53832.8,25.0,0,
2017-12-22 06:34:27,0,3,4,22.2,3512.9,-39999.7,14801.0,53832.8,25.0,0,
2017-12-22 06:34:30,0,3,4,22.3,3512.5,-39999.7,14867.6,54067.0,25.0,0,
2017-12-22 06:34:33,0,3,4,22.3,3511.9,-39999.0,14867.6,54067.0,25.0,0,
2017-12-22 06:34:36,0,3,4,22.4,3511.4,-39999.5,14934.3,54301.1,25.0,0,
2017-12-22 06:34:39,0,3,4,22.4,3510.8,-39999.2,14934.3,54301.1,25.0,0,
2017-12-22 06:34:43,0,3,4,22.5,3510.4,-39999.5,15001.0,54535.1,25.0,0,
2017-12-22 06:34:46,0,3,4,22.5,3509.8,-39999.8,15001.0,54535.1,25.0,0,
2017-12-22 06:34:49,0,3,4,22.6,3509.3,-39999.3,15067.6,54769.1,25.0,0,
2017-12-22 06:34:52,0,3,4,22.6,3508.7,-39999.7,15067.6,54769.1,25.0,0,
2017-12-22 06:34:55,0,3,4,22.7,3508.2,-39999.2,15134.3,55003.0,25.0,0,
2017-12-22 06:34:58,0,3,4,22.8,3507.6,-39999.7,15200.9,55236.8,25.0,0,
2017-12-22 06:35:01,0,3,4,22.8,3507.1,-39999.7,15200.9,55236.8,25.0,0,
2017-12-22 06:35:04,0,3,4,22.9,3506.6,-39999.6,15267.6,55470.6,25.0,0,
2017-12-22 06:35:08,0,3,4,22.9,3506.1,-39999.6,15267.6,55470.6,25.0,0,
2017-12-22 06:35:11,0,3,4,23.0,3505.6,-39999.7,15334.3,55704.3,25.0,0,
2017-12-22 06:35:14,0,3,4,23.0,3505.1,-39999.7,15334.3,55704.3,25.0,0,
2017-12-22 06:35:17,0,3,4,23.1,3504.4,-39999.3,15400.9,55937.9,25.0,0,
2017-12-22 06:35:20,0,3,4,23.1,3503.9,-39999.6,15400.9,55937.9,25.0,0,
2017-12-22 06:35:23,0,3,4,23.2,3503.4,-39999.7,15467.6,56171.5,25.0,0,
2017-12-22 06:35:26,0,3,4,23.2,3502.9,-39999.7,15467.6,56171.5,25.0,0,
2017-12-22 06:35:30,0,3,4,23.3,3502.3,-39999.9,15534.3,56405.0,25.0,0,
2017-12-22 06:35:33,0,3,4,23.3,3501.7,-39999.7,15534.3,56405.0,25.0,0,
2017-12-22 06:35:36,0,3,4,23.4,3501.3,-39999.7,15600.9,56638.4,25.0,0,
2017-12-22 06:35:39,0,3,4,23.4,3500.8,-40000.1,15600.9,56638.4,25.0,0,
2017-12-22 06:35:42,0,3,4,23.5,3500.1,-39999.3,15667.6,56871.8,25.0,0,
2017-12-22 06:35:45,0,3,4,23.5,3499.6,-39999.5,15667.6,56871.8,25.0,0,
2017-12-22 06:35:48,0,3,4,23.6,3499.1,-39999.5,15734.3,57105.1,25.0,0,
2017-12-22 06:35:52,0,3,4,23.6,3498.6,-39999.3,15734.3,57105.1,25.0,0,
2017-12-22 06:35:55,0,3,4,23.7,3497.9,-39999.7,15800.9,57338.3,25.0,0,
2017-12-22 06:35:58,0,3,4,23.7,3497.3,-39999.8,15800.9,57338.3,25.0,0,
2017-12-22 06:36:01,0,3,4,23.8,3496.8,-40000.1,15867.6,57571.4,25.0,0,
2017-12-22 06:36:04,0,3,4,23.9,3496.4,-39999.7,15934.3,57804.5,25.0,0,
2017-12-22 06:36:07,0,3,4,23.9,3495.8,-39999.5,15934.3,57804.5,25.0,0,
2017-12-22 06:36:10,0,3,4,24.0,3495.2,-39999.3,16000.9,58037.5,25.0,0,
2017-12-22 06:36:14,0,3,4,24.0,3494.6,-39999.7,16000.9,58037.5,25.0,0,
2017-12-22 06:36:17,0,3,4,24.1,3494.0,-39999.5,16067.6,58270.5,25.0,0,
2017-12-22 06:36:20,0,3,4,24.1,3493.6,-39999.7,16067.6,58270.5,25.1,0,
2017-12-22 06:36:23,0,3,4,24.2,3493.1,-39999.7,16134.3,58503.3,25.1,0,
2017-12-22 06:36:26,0,3,4,24.2,3492.4,-39999.6,16134.3,58503.3,25.1,0,
2017-12-22 06:36:29,0,3,4,24.3,3491.9,-39999.7,16200.9,58736.1,25.1,0,
2017-12-22 06:36:32,0,3,4,24.3,3491.3,-39999.6,16200.9,58736.1,25.1,0,
2017-12-22 06:36:36,0,3,4,24.4,3490.7,-39999.7,16267.6,58968.9,25.1,0,
2017-12-22 06:36:39,0,3,4,24.4,3490.2,-39999.7,16267.6,58968.9,25.1,0,
2017-12-22 06:36:42,0,3,4,24.5,3489.6,-39999.7,16334.3,59201.5,25.1,0,
2017-12-22 06:36:45,0,3,4,24.5,3489.0,-39999.9,16334.3,59201.5,25.0,0,
2017-12-22 06:36:48,0,3,4,24.6,3488.5,-40000.0,16400.9,59434.1,25.1,0,
2017-12-22 06:36:51,0,3,4,24.6,3488.0,-39999.7,16400.9,59434.1,25.0,0,
2017-12-22 06:36:54,0,3,4,24.7,3487.3,-40000.0,16467.6,59666.7,25.0,0,
2017-12-22 06:36:57,0,3,4,24.7,3486.8,-39999.9,16467.6,59666.7,25.0,0,
2017-12-22 06:37:01,0,3,4,24.8,3486.2,-39999.8,16534.3,59899.1,25.0,0,
2017-12-22 06:37:04,0,3,4,24.8,3485.5,-40000.0,16534.3,59899.1,25.0,0,
2017-12-22 06:37:07,0,3,4,24.9,3485.1,-39999.6,16600.9,60131.4,25.0,0,
2017-12-22 06:37:10,0,3,4,24.9,3484.4,-39999.8,16600.9,60131.4,25.0,0,
2017-12-22 06:37:13,0,3,4,25.0,3483.8,-39999.3,16667.6,60363.7,25.0,0,
2017-12-22 06:37:16,0,3,4,25.1,3483.3,-40000.0,16734.3,60596.0,25.1,0,
2017-12-22 06:37:19,0,3,4,25.1,3482.6,-39999.9,16734.3,60596.0,25.1,0,
2017-12-22 06:37:23,0,3,4,25.2,3482.0,-39999.9,16800.9,60828.1,25.0,0,
2017-12-22 06:37:26,0,3,4,25.2,3481.5,-40000.1,16800.9,60828.1,25.0,0,
2017-12-22 06:37:29,0,3,4,25.3,3480.9,-39999.5,16867.6,61060.1,25.1,0,
2017-12-22 06:37:32,0,3,4,25.3,3480.3,-39999.7,16867.6,61060.1,25.0,0,
2017-12-22 06:37:35,0,3,4,25.4,3479.7,-39999.5,16934.3,61292.1,25.1,0,
2017-12-22 06:37:38,0,3,4,25.4,3479.1,-39999.2,16934.3,61292.1,25.0,0,
2017-12-22 06:37:41,0,3,4,25.5,3478.5,-39999.7,17000.9,61524.0,25.0,0,
2017-12-22 06:37:44,0,3,4,25.5,3477.7,-39999.2,17000.9,61524.0,25.0,0,
2017-12-22 06:37:48,0,3,4,25.6,3477.2,-39998.7,17067.6,61755.9,25.0,0,
2017-12-22 06:37:51,0,3,4,25.6,3476.6,-39999.3,17067.6,61755.9,25.0,0,
2017-12-22 06:37:54,0,3,4,25.7,3476.0,-39999.5,17134.2,61987.6,25.0,0,
2017-12-22 06:37:57,0,3,4,25.7,3475.2,-39999.6,17134.2,61987.6,25.0,0,
2017-12-22 06:38:00,0,3,4,25.8,3474.6,-39999.2,17200.9,62219.3,25.0,0,
2017-12-22 06:38:03,0,3,4,25.8,3474.1,-39999.6,17200.9,62219.3,25.0,0,
2017-12-22 06:38:06,0,3,4,25.9,3473.4,-39999.0,17267.6,62450.8,25.0,0,
2017-12-22 06:38:10,0,3,4,25.9,3472.8,-39999.7,17267.6,62450.8,25.0,0,
2017-12-22 06:38:13,0,3,4,26.0,3472.1,-39999.5,17334.2,62682.3,25.0,0,
2017-12-22 06:38:16,0,3,4,26.0,3471.4,-39999.7,17334.2,62682.3,25.0,0,
2017-12-22 06:38:19,0,3,4,26.1,3470.9,-39999.7,17400.9,62913.8,25.0,0,
2017-12-22 06:38:22,0,3,4,26.2,3470.2,-39999.7,17467.6,63145.1,25.0,0,
2017-12-22 06:38:25,0,3,4,26.2,3469.6,-39999.9,17467.6,63145.1,25.0,0,
2017-12-22 06:38:29,0,3,4,26.3,3468.9,-40000.0,17534.2,63376.4,25.0,0,
2017-12-22 06:38:32,0,3,4,26.3,3468.2,-39999.3,17534.2,63376.4,25.0,0,
2017-12-22 06:38:35,0,3,4,26.4,3467.5,-39999.7,17600.9,63607.5,25.0,0,
2017-12-22 06:38:38,0,3,4,26.4,3467.0,-39999.5,17600.9,63607.5,25.0,0,
2017-12-22 06:38:41,0,3,4,26.5,3466.3,-39999.9,17667.6,63838.6,25.0,0,
2017-12-22 06:38:44,0,3,4,26.5,3465.5,-39999.8,17667.6,63838.6,25.0,0,
2017-12-22 06:38:47,0,3,4,26.6,3464.8,-39999.9,17734.2,64069.6,25.0,0,
2017-12-22 06:38:50,0,3,4,26.6,3464.1,-39999.9,17734.2,64069.6,25.0,0,
2017-12-22 06:38:54,0,3,4,26.7,3463.5,-39999.5,17800.9,64300.5,25.0,0,
2017-12-22 06:38:57,0,3,4,26.7,3462.8,-39999.9,17800.9,64300.5,25.0,0,
2017-12-22 06:39:00,0,3,4,26.8,3462.1,-40000.0,17867.6,64531.4,25.0,0,
2017-12-22 06:39:03,0,3,4,26.8,3461.3,-39999.8,17867.6,64531.4,25.0,0,
2017-12-22 06:39:06,0,3,4,26.9,3460.8,-39999.8,17934.2,64762.1,25.0,0,
2017-12-22 06:39:09,0,3,4,26.9,3460.1,-39999.7,17934.2,64762.1,25.0,0,
2017-12-22 06:39:12,0,3,4,27.0,3459.4,-40000.0,18000.9,64992.8,25.0,0,
2017-12-22 06:39:16,0,3,4,27.0,3458.6,-39999.3,18000.9,64992.8,25.0,0,
2017-12-22 06:39:19,0,3,4,27.1,3457.9,-39999.7,18067.6,65223.3,25.0,0,
2017-12-22 06:39:22,0,3,4,27.1,3457.2,-39999.9,18067.6,65223.3,25.0,0,
2017-12-22 06:39:25,0,3,4,27.2,3456.4,-39999.7,18134.2,65453.8,25.0,0,
2017-12-22 06:39:28,0,3,4,27.3,3455.7,-39999.9,18200.9,65684.2,25.0,0,
2017-12-22 06:39:31,0,3,4,27.3,3455.0,-39999.7,18200.9,65684.2,25.0,0,
2017-12-22 06:39:35,0,3,4,27.4,3454.3,-39999.5,18267.6,65914.4,25.0,0,
2017-12-22 06:39:38,0,3,4,27.4,3453.5,-39999.9,18267.6,65914.4,25.0,0,
2017-12-22 06:39:41,0,3,4,27.5,3452.7,-39999.2,18334.2,66144.6,25.0,0,
2017-12-22 06:39:44,0,3,4,27.5,3451.9,-39999.7,18334.2,66144.6,25.0,0,
2017-12-22 06:39:47,0,3,4,27.6,3451.1,-39999.2,18400.9,66374.7,25.0,0,
2017-12-22 06:39:50,0,3,4,27.6,3450.5,-39999.2,18400.9,66374.7,25.0,0,
2017-12-22 06:39:54,0,3,4,27.7,3449.6,-40000.2,18467.6,66604.7,25.0,0,
2017-12-22 06:39:57,0,3,4,27.7,3448.9,-39999.7,18467.6,66604.7,25.0,0,
2017-12-22 06:40:00,0,3,4,27.8,3448.0,-40000.3,18534.2,66834.6,25.0,0,
2017-12-22 06:40:03,0,3,4,27.8,3447.3,-40000.0,18534.2,66834.6,25.0,0,
2017-12-22 06:40:06,0,3,4,27.9,3446.6,-39999.8,18600.9,67064.4,25.0,0,
2017-12-22 06:40:09,0,3,4,27.9,3445.8,-39999.9,18600.9,67064.4,25.0,0,
2017-12-22 06:40:12,0,3,4,28.0,3444.9,-39999.5,18667.6,67294.1,25.0,0,
2017-12-22 06:40:16,0,3,4,28.0,3444.2,-40000.0,18667.6,67294.1,25.0,0,
2017-12-22 06:40:19,0,3,4,28.1,3443.4,-39999.5,18734.2,67523.7,25.0,0,
2017-12-22 06:40:22,0,3,4,28.1,3442.7,-39999.6,18734.2,67523.7,25.0,0,
2017-12-22 06:40:25,0,3,4,28.2,3441.8,-39999.6,18800.9,67753.2,25.0,0,
2017-12-22 06:40:28,0,3,4,28.2,3440.9,-39999.9,18800.9,67753.2,25.0,0,
2017-12-22 06:40:31,0,3,4,28.3,3440.1,-39999.7,18867.5,67982.6,25.0,0,
2017-12-22 06:40:34,0,3,4,28.4,3439.4,-39999.6,18934.2,68211.9,25.0,0,
2017-12-22 06:40:37,0,3,4,28.4,3438.5,-40000.1,18934.2,68211.9,25.1,0,
2017-12-22 06:40:40,0,3,4,28.5,3437.6,-39999.5,19000.9,68441.0,25.0,0,
2017-12-22 06:40:44,0,3,4,28.5,3436.9,-39999.3,19000.9,68441.0,25.1,0,
2017-12-22 06:40:47,0,3,4,28.6,3436.0,-39999.5,19067.5,68670.1,25.0,0,
2017-12-22 06:40:50,0,3,4,28.6,3435.1,-39999.4,19067.5,68670.1,25.0,0,
2017-12-22 06:40:53,0,3,4,28.7,3434.4,-39999.4,19134.2,68899.1,25.0,0,
2017-12-22 06:40:56,0,3,4,28.7,3433.4,-39999.0,19134.2,68899.1,25.0,0,
2017-12-22 06:40:59,0,3,4,28.8,3432.5,-39999.5,19200.9,69127.9,25.1,0,
2017-12-22 06:41:03,0,3,4,28.8,3431.6,-39999.7,19200.9,69127.9,25.1,0,
2017-12-22 06:41:06,0,3,4,28.9,3430.8,-39999.5,19267.5,69356.6,25.0,0,
2017-12-22 06:41:09,0,3,4,28.9,3429.7,-39999.7,19267.5,69356.6,25.1,0,
2017-12-22 06:41:12,0,3,4,29.0,3428.9,-39999.4,19334.2,69585.3,25.1,0,
2017-12-22 06:41:15,0,3,4,29.0,3427.9,-39999.3,19334.2,69585.3,25.1,0,
2017-12-22 06:41:18,0,3,4,29.1,3427.1,-39999.7,19400.9,69813.8,25.1,0,
2017-12-22 06:41:21,0,3,4,29.1,3426.1,-39999.5,19400.9,69813.8,25.1,0,
2017-12-22 06:41:25,0,3,4,29.2,3425.2,-39999.7,19467.5,70042.2,25.1,0,
2017-12-22 06:41:28,0,3,4,29.2,3424.2,-39999.5,19467.5,70042.2,25.1,0,
2017-12-22 06:41:31,0,3,4,29.3,3423.4,-39999.8,19534.2,70270.4,25.1,0,
2017-12-22 06:41:34,0,3,4,29.3,3422.4,-39999.7,19534.2,70270.4,25.1,0,
2017-12-22 06:41:37,0,3,4,29.4,3421.4,-39999.7,19600.9,70498.6,25.1,0,
2017-12-22 06:41:40,0,3,4,29.5,3420.4,-40000.2,19667.5,70726.6,25.1,0,
2017-12-22 06:41:43,0,3,4,29.5,3419.5,-39999.7,19667.5,70726.6,25.1,0,
2017-12-22 06:41:47,0,3,4,29.6,3418.5,-39999.8,19734.2,70954.5,25.1,0,
2017-12-22 06:41:50,0,3,4,29.6,3417.5,-40000.1,19734.2,70954.5,25.1,0,
2017-12-22 06:41:53,0,3,4,29.7,3416.4,-39999.7,19800.9,71182.3,25.0,0,
2017-12-22 06:41:56,0,3,4,29.7,3415.5,-39999.6,19800.9,71182.3,25.0,0,
2017-12-22 06:41:59,0,3,4,29.8,3414.4,-39999.5,19867.5,71409.9,25.0,0,
2017-12-22 06:42:02,0,3,4,29.8,3413.4,-39999.9,19867.5,71409.9,25.0,0,
2017-12-22 06:42:05,0,3,4,29.9,3412.4,-39999.7,19934.2,71637.4,25.1,0,
2017-12-22 06:42:09,0,3,4,29.9,3411.3,-39999.4,19934.2,71637.4,25.0,0,
2017-12-22 06:42:12,0,3,4,30.0,3410.2,-40000.0,20000.9,71864.8,25.1,0,
2017-12-22 06:42:15,0,3,4,30.0,3409.1,-39999.4,20000.9,71864.8,25.1,0,
2017-12-22 06:42:18,0,3,4,30.1,3408.1,-39999.5,20067.5,72092.0,25.1,0,
2017-12-22 06:42:21,0,3,4,30.1,3406.8,-39999.7,20067.5,72092.0,25.1,0,
2017-12-22 06:42:24,0,3,4,30.2,3405.7,-39999.3,20134.2,72319.1,25.1,0,
2017-12-22 06:42:28,0,3,4,30.2,3404.4,-39999.5,20134.2,72319.1,25.1,0,
2017-12-22 06:42:31,0,3,4,30.3,3403.4,-39999.2,20200.9,72546.1,25.1,0,
2017-12-22 06:42:34,0,3,4,30.3,3402.1,-39999.0,20200.9,72546.1,25.1,0,
2017-12-22 06:42:37,0,3,4,30.4,3401.0,-40000.3,20267.5,72772.9,25.1,0,
2017-12-22 06:42:40,0,3,4,30.4,3399.8,-39999.6,20267.5,72772.9,25.1,0,
2017-12-22 06:42:43,0,3,4,30.5,3398.6,-40000.2,20334.2,72999.5,25.1,0,
2017-12-22 06:42:46,0,3,4,30.6,3397.3,-39999.7,20400.9,73226.0,25.1,0,
2017-12-22 06:42:49,0,3,4,30.6,3396.0,-40000.0,20400.9,73226.0,25.1,0,
2017-12-22 06:42:53,0,3,4,30.7,3394.6,-39999.6,20467.5,73452.3,25.1,0,
2017-12-22 06:42:56,0,3,4,30.7,3393.3,-39999.8,20467.5,73452.3,25.1,0,
2017-12-22 06:42:59,0,3,4,30.8,3392.1,-39999.7,20534.2,73678.5,25.1,0,
2017-12-22 06:43:02,0,3,4,30.8,3390.8,-39999.6,20534.2,73678.5,25.1,0,
2017-12-22 06:43:05,0,3,4,30.9,3389.3,-40000.0,20600.9,73904.4,25.1,0,
2017-12-22 06:43:08,0,3,4,30.9,3388.0,-39999.2,20600.9,73904.4,25.1,0,
2017-12-22 06:43:11,0,3,4,31.0,3386.6,-39999.8,20667.5,74130.2,25.1,0,
2017-12-22 06:43:15,0,3,4,31.0,3385.1,-39999.5,20667.5,74130.2,25.1,0,
2017-12-22 06:43:18,0,3,4,31.1,3383.5,-39999.3,20734.2,74355.8,25.1,0,
2017-12-22 06:43:21,0,3,4,31.1,3381.9,-39999.7,20734.2,74355.8,25.1,0,
2017-12-22 06:43:24,0,3,4,31.2,3380.5,-39999.6,20800.8,74581.3,25.1,0,
2017-12-22 06:43:27,0,3,4,31.2,3378.8,-39999.7,20800.8,74581.3,25.1,0,
2017-12-22 06:43:30,0,3,4,31.3,3377.2,-39999.7,20867.5,74806.5,25.1,0,
2017-12-22 06:43:33,0,3,4,31.3,3375.6,-39999.8,20867.5,74806.5,25.1,0,
2017-12-22 06:43:37,0,3,4,31.4,3373.9,-39999.8,20934.2,75031.5,25.1,0,
2017-12-22 06:43:40,0,3,4,31.4,3372.1,-39999.7,20934.2,75031.5,25.1,0,
2017-12-22 06:43:43,0,3,4,31.5,3370.4,-40000.3,21000.8,75256.2,25.1,0,
2017-12-22 06:43:46,0,3,4,31.5,3368.4,-40000.3,21000.8,75256.2,25.1,0,
2017-12-22 06:43:49,0,3,4,31.6,3366.6,-39999.7,21067.5,75480.8,25.1,0,
2017-12-22 06:43:52,0,3,4,31.7,3364.7,-39999.8,21134.2,75705.1,25.1,0,
2017-12-22 06:43:55,0,3,4,31.7,3362.8,-39999.7,21134.2,75705.1,25.1,0,
2017-12-22 06:43:59,0,3,4,31.8,3360.6,-39999.8,21200.8,75929.2,25.2,0,
2017-12-22 06:44:02,0,3,4,31.8,3358.5,-39999.8,21200.8,75929.2,25.2,0,
2017-12-22 06:44:05,0,3,4,31.9,3356.4,-39999.9,21267.5,76153.0,25.2,0,
2017-12-22 06:44:08,0,3,4,31.9,3354.1,-39999.9,21267.5,76153.0,25.2,0,
2017-12-22 06:44:11,0,3,4,32.0,3351.8,-39999.7,21334.2,76376.4,25.2,0,
2017-12-22 06:44:14,0,3,4,32.0,3349.5,-39999.7,21334.2,76376.4,25.2,0,
2017-12-22 06:44:18,0,3,4,32.1,3347.1,-39999.7,21400.8,76599.6,25.2,0,
2017-12-22 06:44:21,0,3,4,32.1,3344.5,-39999.7,21400.8,76599.6,25.2,0,
2017-12-22 06:44:24,0,3,4,32.2,3342.0,-39999.2,21467.5,76822.5,25.2,0,
2017-12-22 06:44:27,0,3,4,32.2,3339.3,-39999.6,21467.5,76822.5,25.2,0,
2017-12-22 06:44:30,0,3,4,32.3,3336.5,-40000.2,21534.2,77045.1,25.2,0,
2017-12-22 06:44:33,0,3,4,32.3,3333.7,-39999.5,21534.2,77045.1,25.2,0,
2017-12-22 06:44:36,0,3,4,32.4,3330.7,-39999.7,21600.8,77267.2,25.3,0,
2017-12-22 06:44:39,0,3,4,32.4,3327.8,-40000.1,21600.8,77267.2,25.3,0,
2017-12-22 06:44:43,0,3,4,32.5,3324.6,-39999.4,21667.5,77489.0,25.3,0,
2017-12-22 06:44:46,0,3,4,32.5,3321.4,-39999.5,21667.5,77489.0,25.3,0,
2017-12-22 06:44:49,0,3,4,32.6,3318.0,-39999.2,21734.2,77710.4,25.3,0,
2017-12-22 06:44:52,0,3,4,32.6,3314.3,-39999.7,21734.2,77710.4,25.3,0,
2017-12-22 06:44:55,0,3,4,32.7,3310.8,-39999.8,21800.8,77931.4,25.3,0,
2017-12-22 06:44:58,0,3,4,32.8,3307.0,-39999.3,21867.5,78151.8,25.3,0,
2017-12-22 06:45:02,0,3,4,32.8,3302.9,-39999.7,21867.5,78151.8,25.2,0,
2017-12-22 06:45:04,0,3,4,32.8,3300.0,-39999.5,21867.5,78151.8,25.2,3,下限电压到
2017-12-22 06:45:05,0,3,4,32.9,3372.2,18.4,21867.5,78151.9,25.2,3,下限电压到
2017-12-22 06:45:08,0,3,4,32.9,3391.9,18.3,21867.5,78151.9,25.2,3,下限电压到
2017-12-22 06:45:11,0,3,4,33.0,3400.3,18.6,21867.6,78152.0,25.2,3,下限电压到
2017-12-22 06:45:14,0,3,4,33.0,3406.1,19.1,21867.6,78152.0,25.2,3,下限电压到
2017-12-22 06:45:17,0,3,4,33.1,3410.3,18.0,21867.6,78152.1,25.1,3,下限电压到
2017-12-22 06:45:20,0,3,4,33.1,3414.0,18.4,21867.6,78152.1,25.2,3,下限电压到
2017-12-22 06:45:23,0,3,4,33.2,3417.2,18.2,21867.6,78152.3,25.2,3,下限电压到
2017-12-22 06:45:27,0,3,4,33.2,3419.9,18.5,21867.6,78152.3,25.2,3,下限电压到
2017-12-22 06:45:30,0,3,4,33.3,3422.0,18.2,21867.7,78152.4,25.2,3,下限电压到
2017-12-22 06:45:33,0,3,4,33.3,3424.0,17.7,21867.7,78152.4,25.2,3,下限电压到
2017-12-22 06:45:36,0,3,4,33.4,3425.9,18.9,21867.7,78152.5,25.3,3,下限电压到
2017-12-22 06:45:39,0,3,4,33.4,3427.6,18.3,21867.7,78152.5,25.3,3,下限电压到
2017-12-22 06:45:42,0,3,4,33.5,3429.1,18.4,21867.7,78152.6,25.3,3,下限电压到
2017-12-22 06:45:45,0,3,4,33.5,3430.2,18.0,21867.7,78152.6,25.3,3,下限电压到
2017-12-22 06:45:49,0,3,4,33.6,3431.4,17.8,21867.8,78152.7,25.3,3,下限电压到
2017-12-22 06:45:52,0,3,4,33.6,3432.4,18.0,21867.8,78152.7,25.3,3,下限电压到
2017-12-22 06:45:55,0,3,4,33.7,3433.4,18.1,21867.8,78152.8,25.3,3,下限电压到
2017-12-22 06:45:58,0,3,4,33.7,3434.2,18.5,21867.8,78152.8,25.3,3,下限电压到
2017-12-22 06:46:01,0,3,4,33.8,3435.0,17.8,21867.8,78152.9,25.3,3,下限电压到
2017-12-22 06:46:04,0,3,4,33.8,3435.6,18.4,21867.8,78152.9,25.3,3,下限电压到
2017-12-22 06:46:07,0,3,4,33.9,3436.4,18.0,21867.8,78153.0,25.3,3,下限电压到
2017-12-22 06:46:10,0,3,4,34.0,3437.0,18.0,21867.9,78153.1,25.3,3,下限电压到
2017-12-22 06:46:14,0,3,4,34.0,3437.8,18.5,21867.9,78153.1,25.3,3,下限电压到
2017-12-22 06:46:17,0,3,4,34.1,3438.4,17.6,21867.9,78153.2,25.3,3,下限电压到
2017-12-22 06:46:20,0,3,4,34.1,3439.0,17.8,21867.9,78153.2,25.3,3,下限电压到
2017-12-22 06:46:23,0,3,4,34.2,3439.5,17.7,21867.9,78153.3,25.3,3,下限电压到
2017-12-22 06:46:26,0,3,4,34.2,3439.7,21.4,21867.9,78153.3,25.3,3,下限电压到
2017-12-22 06:46:29,0,3,4,34.3,3440.2,20.5,21868.0,78153.4,25.3,3,下限电压到
2017-12-22 06:46:32,0,3,4,34.3,3440.7,21.0,21868.0,78153.4,25.3,3,下限电压到
2017-12-22 06:46:35,0,3,4,34.4,3441.0,21.5,21868.0,78153.5,25.3,3,下限电压到
2017-12-22 06:46:38,0,3,4,34.4,3441.6,20.4,21868.0,78153.5,25.3,3,下限电压到
2017-12-22 06:46:42,0,3,4,34.5,3442.0,21.6,21868.0,78153.6,25.3,3,下限电压到
2017-12-22 06:46:45,0,3,4,34.5,3442.3,21.3,21868.0,78153.6,25.3,3,下限电压到
2017-12-22 06:46:50,0,4,6,0.0,3442.8,0,0.0,0.0,25.3,0,
