2017-12-22 05:33:19,0,0,3,0.0,3428.8,0,0.0,0.0,24.8,0,
2017-12-22 05:33:47,0,0,3,0.4,3430.1,27.2,0.0,0.0,24.6,0,
2017-12-22 05:33:50,0,0,3,0.4,3430.2,26.8,0.0,0.0,24.6,0,
2017-12-22 05:33:53,0,0,3,0.5,3430.2,27.4,0.0,0.0,24.6,0,
2017-12-22 05:33:56,0,0,3,0.5,3430.5,27.2,0.0,0.0,24.7,0,
2017-12-22 05:33:59,0,0,3,0.6,3430.6,26.9,0.0,0.0,24.7,0,
2017-12-22 05:34:02,0,0,3,0.6,3430.6,27.1,0.0,0.0,24.7,0,
2017-12-22 05:34:05,0,0,3,0.7,3430.8,27.1,0.0,0.0,24.7,0,
2017-12-22 05:34:08,0,0,3,0.7,3430.8,27.3,0.0,0.0,24.7,0,
2017-12-22 05:34:12,0,0,3,0.8,3430.9,27.1,0.0,0.0,24.7,0,
2017-12-22 05:34:15,0,0,3,0.8,3431.1,27.2,0.0,0.0,24.7,0,
2017-12-22 05:34:18,0,0,3,0.9,3431.2,26.7,0.0,0.0,24.7,0,
2017-12-22 05:34:21,0,0,3,0.9,3431.4,26.2,0.0,0.0,24.7,0,
2017-12-22 05:34:24,0,0,3,1.0,3431.4,26.6,0.0,0.0,24.7,0,
2017-12-22 05:34:25,0,0,3,1.0,3431.5,27.4,0.0,0.0,24.7,1,时间到
2017-12-22 05:34:29,0,1,2,0.0,3431.4,0,0.0,0.0,24.7,0,
2017-12-22 05:34:51,0,1,2,0.4,3513.1,39998.4,266.6,932.9,24.8,0,
2017-12-22 05:34:54,0,1,2,0.4,3517.0,39998.1,266.6,932.9,24.8,0,
2017-12-22 05:34:58,0,1,2,0.5,3521.1,39997.3,333.3,1167.6,24.8,0,
2017-12-22 05:35:01,0,1,2,0.5,3524.7,40000.2,333.3,1167.6,24.8,0,
2017-12-22 05:35:04,0,1,2,0.6,3527.8,39999.8,400.0,1402.8,24.8,0,
2017-12-22 05:35:07,0,1,2,0.6,3531.0,39999.8,400.0,1402.8,24.8,0,
2017-12-22 05:35:11,0,1,2,0.7,3533.9,39999.5,466.6,1638.3,24.8,0,
2017-12-22 05:35:14,0,1,2,0.7,3536.6,39999.3,466.6,1638.3,24.8,0,
2017-12-22 05:35:17,0,1,2,0.8,3538.8,39998.8,533.3,1874.1,24.8,0,
2017-12-22 05:35:20,0,1,2,0.8,3541.2,39998.3,533.3,1874.1,24.8,0,
2017-12-22 05:35:23,0,1,2,0.9,3543.2,39998.2,600.0,2110.2,24.8,0,
2017-12-22 05:35:27,0,1,2,0.9,3545.1,39997.8,600.0,2110.2,24.8,0,
2017-12-22 05:35:30,0,1,2,1.0,3546.9,39997.2,666.6,2346.5,24.8,0,
2017-12-22 05:35:33,0,1,2,1.0,3548.2,39997.6,666.6,2346.5,24.8,0,
2017-12-22 05:35:36,0,1,2,1.1,3549.7,39997.2,733.3,2583.1,24.9,0,
2017-12-22 05:35:39,0,1,2,1.1,3551.0,40000.2,733.3,2583.1,24.9,0,
2017-12-22 05:35:42,0,1,2,1.2,3552.4,39999.8,799.9,2819.8,24.9,0,
2017-12-22 05:35:45,0,1,2,1.2,3553.6,39999.7,799.9,2819.8,25.0,0,
2017-12-22 05:35:48,0,1,2,1.3,3554.6,39999.2,866.6,3056.7,25.0,0,
2017-12-22 05:35:51,0,1,2,1.4,3556.0,39999.2,933.3,3293.8,25.0,0,
2017-12-22 05:35:54,0,1,2,1.4,3556.9,39998.9,933.3,3293.8,24.9,0,
2017-12-22 05:35:58,0,1,2,1.5,3558.0,39999.0,999.9,3531.0,24.9,0,
2017-12-22 05:36:01,0,1,2,1.5,3559.0,39998.5,999.9,3531.0,24.9,0,
2017-12-22 05:36:04,0,1,2,1.6,3560.1,39998.8,1066.6,3768.3,24.9,0,
2017-12-22 05:36:07,0,1,2,1.6,3561.0,39998.7,1066.6,3768.3,24.9,0,
2017-12-22 05:36:10,0,1,2,1.7,3562.0,39997.8,1133.3,4005.7,24.9,0,
2017-12-22 05:36:13,0,1,2,1.7,3562.8,39997.8,1133.3,4005.7,24.9,0,
2017-12-22 05:36:17,0,1,2,1.8,3563.7,39997.8,1199.9,4243.3,24.9,0,
2017-12-22 05:36:20,0,1,2,1.8,3564.6,39997.8,1199.9,4243.3,24.9,0,
2017-12-22 05:36:23,0,1,2,1.9,3565.4,40000.8,1266.6,4480.9,24.9,0,
2017-12-22 05:36:26,0,1,2,1.9,3566.3,40000.2,1266.6,4480.9,25.0,0,
2017-12-22 05:36:29,0,1,2,2.0,3567.2,40000.2,1333.2,4718.7,24.9,0,
2017-12-22 05:36:32,0,1,2,2.0,3568.0,39999.8,1333.2,4718.7,24.9,0,
2017-12-22 05:36:35,0,1,2,2.1,3568.9,39999.8,1399.9,4956.6,24.9,0,
2017-12-22 05:36:39,0,1,2,2.1,3569.8,39999.9,1399.9,4956.6,24.9,0,
2017-12-22 05:36:42,0,1,2,2.2,3570.6,39999.7,1466.6,5194.6,24.9,0,
2017-12-22 05:36:45,0,1,2,2.2,3571.4,39999.3,1466.6,5194.6,24.9,0,
2017-12-22 05:36:48,0,1,2,2.3,3572.4,39999.3,1533.2,5432.7,24.9,0,
2017-12-22 05:36:52,0,1,2,2.4,3573.3,39999.3,1599.9,5670.9,24.9,0,
2017-12-22 05:36:55,0,1,2,2.4,3574.0,39999.2,1599.9,5670.9,24.9,0,
2017-12-22 05:36:58,0,1,2,2.5,3575.0,39999.1,1666.6,5909.2,24.9,0,
2017-12-22 05:37:01,0,1,2,2.5,3575.7,39998.8,1666.6,5909.2,24.9,0,
2017-12-22 05:37:04,0,1,2,2.6,3576.4,39998.6,1733.2,6147.6,24.8,0,
2017-12-22 05:37:07,0,1,2,2.6,3577.4,39998.8,1733.2,6147.6,24.8,0,
2017-12-22 05:37:10,0,1,2,2.7,3578.1,39998.7,1799.9,6386.1,24.8,0,
2017-12-22 05:37:13,0,1,2,2.7,3578.8,39998.4,1799.9,6386.1,24.8,0,
2017-12-22 05:37:17,0,1,2,2.8,3579.7,39997.9,1866.6,6624.7,24.8,0,
2017-12-22 05:37:20,0,1,2,2.8,3580.4,39998.1,1866.6,6624.7,24.8,0,
2017-12-22 05:37:23,0,1,2,2.9,3581.2,39998.0,1933.2,6863.4,24.8,0,
2017-12-22 05:37:26,0,1,2,2.9,3582.1,39998.1,1933.2,6863.4,24.8,0,
2017-12-22 05:37:29,0,1,2,3.0,3582.9,39998.0,1999.9,7102.2,24.8,0,
2017-12-22 05:37:32,0,1,2,3.0,3583.8,39998.0,1999.9,7102.2,24.7,0,
2017-12-22 05:37:35,0,1,2,3.1,3584.7,39997.8,2066.5,7341.1,24.8,0,
2017-12-22 05:37:38,0,1,2,3.1,3585.3,39997.4,2066.5,7341.1,24.7,0,
2017-12-22 05:37:41,0,1,2,3.2,3586.2,40000.5,2133.2,7580.2,24.7,0,
2017-12-22 05:37:44,0,1,2,3.2,3587.2,40000.4,2133.2,7580.2,24.7,0,
2017-12-22 05:37:47,0,1,2,3.3,3587.9,40000.3,2199.9,7819.3,24.7,0,
2017-12-22 05:37:51,0,1,2,3.3,3588.8,40000.4,2199.9,7819.3,24.7,0,
2017-12-22 05:37:54,0,1,2,3.4,3589.5,40000.3,2266.5,8058.6,24.7,0,
2017-12-22 05:37:57,0,1,2,3.4,3590.4,40000.2,2266.5,8058.6,24.7,0,
2017-12-22 05:38:00,0,1,2,3.5,3591.3,40000.1,2333.2,8298.0,24.6,0,
2017-12-22 05:38:03,0,1,2,3.5,3592.1,40000.0,2333.2,8298.0,24.6,0,
2017-12-22 05:38:06,0,1,2,3.6,3592.8,39999.9,2399.9,8537.5,24.6,0,
2017-12-22 05:38:09,0,1,2,3.6,3593.8,39999.9,2399.9,8537.5,24.6,0,
2017-12-22 05:38:12,0,1,2,3.7,3594.4,40000.0,2466.5,8777.0,24.6,0,
2017-12-22 05:38:15,0,1,2,3.7,3595.2,39999.5,2466.5,8777.0,24.6,0,
2017-12-22 05:38:18,0,1,2,3.8,3596.3,39999.0,2533.2,9016.7,24.6,0,
2017-12-22 05:38:21,0,1,2,3.9,3597.1,39999.4,2599.9,9256.5,24.6,0,
2017-12-22 05:38:24,0,1,2,3.9,3597.7,39999.0,2599.9,9256.5,24.6,0,
2017-12-22 05:38:27,0,1,2,4.0,3598.6,39999.2,2666.5,9496.4,24.6,0,
2017-12-22 05:38:30,0,1,2,4.0,3599.5,39999.3,2666.5,9496.4,24.6,0,
2017-12-22 05:38:33,0,1,2,4.1,3600.3,39999.3,2733.2,9736.5,24.6,0,
2017-12-22 05:38:36,0,1,2,4.1,3601.1,39999.3,2733.2,9736.5,24.6,0,
2017-12-22 05:38:40,0,1,2,4.2,3602.0,39999.0,2799.9,9976.6,24.6,0,
2017-12-22 05:38:43,0,1,2,4.2,3602.8,39999.1,2799.9,9976.6,24.6,0,
2017-12-22 05:38:46,0,1,2,4.3,3603.8,39999.2,2866.5,10216.8,24.7,0,
2017-12-22 05:38:49,0,1,2,4.3,3604.5,39998.7,2866.5,10216.8,24.7,0,
2017-12-22 05:38:52,0,1,2,4.4,3605.2,39998.7,2933.2,10457.1,24.7,0,
2017-12-22 05:38:55,0,1,2,4.4,3606.0,39998.6,2933.2,10457.1,24.7,0,
2017-12-22 05:38:58,0,1,2,4.5,3606.9,39998.7,2999.8,10697.5,24.6,0,
2017-12-22 05:39:01,0,1,2,4.5,3607.8,39998.6,2999.8,10697.5,24.6,0,
2017-12-22 05:39:04,0,1,2,4.6,3608.4,39998.6,3066.5,10938.1,24.6,0,
2017-12-22 05:39:08,0,1,2,4.6,3609.4,39998.5,3066.5,10938.1,24.6,0,
2017-12-22 05:39:11,0,1,2,4.7,3610.2,39998.7,3133.2,11178.7,24.6,0,
2017-12-22 05:39:14,0,1,2,4.7,3611.0,39998.7,3133.2,11178.7,24.7,0,
2017-12-22 05:39:17,0,1,2,4.8,3611.9,39998.3,3199.8,11419.4,24.7,0,
2017-12-22 05:39:20,0,1,2,4.8,3612.7,39998.3,3199.8,11419.4,24.7,0,
2017-12-22 05:39:23,0,1,2,4.9,3613.5,39998.6,3266.5,11660.3,24.6,0,
2017-12-22 05:39:27,0,1,2,4.9,3614.3,39998.1,3266.5,11660.3,24.7,0,
2017-12-22 05:39:30,0,1,2,5.0,3615.2,39998.5,3333.1,11901.3,24.7,0,
2017-12-22 05:39:33,0,1,2,5.0,3616.0,39998.2,3333.1,11901.3,24.7,0,
2017-12-22 05:39:36,0,1,2,5.1,3616.8,39997.7,3399.8,12142.3,24.7,0,
2017-12-22 05:39:39,0,1,2,5.1,3617.6,39997.8,3399.8,12142.3,24.7,0,
2017-12-22 05:39:42,0,1,2,5.2,3618.3,39998.2,3466.5,12383.5,24.7,0,
2017-12-22 05:39:45,0,1,2,5.2,3619.3,39998.5,3466.5,12383.5,24.7,0,
2017-12-22 05:39:48,0,1,2,5.3,3620.1,39997.9,3533.1,12624.8,24.7,0,
2017-12-22 05:39:51,0,1,2,5.3,3620.7,39997.7,3533.1,12624.8,24.7,0,
2017-12-22 05:39:54,0,1,2,5.4,3621.6,39997.7,3599.8,12866.1,24.7,0,
2017-12-22 05:39:58,0,1,2,5.5,3622.3,39998.0,3666.5,13107.6,24.7,0,
2017-12-22 05:40:01,0,1,2,5.5,3623.1,39997.8,3666.5,13107.6,24.7,0,
2017-12-22 05:40:04,0,1,2,5.6,3624.0,39998.0,3733.1,13349.1,24.7,0,
2017-12-22 05:40:07,0,1,2,5.6,3624.7,39997.8,3733.1,13349.1,24.7,0,
2017-12-22 05:40:10,0,1,2,5.7,3625.4,39997.7,3799.8,13590.8,24.7,0,
2017-12-22 05:40:13,0,1,2,5.7,3626.2,39997.7,3799.8,13590.8,24.7,0,
2017-12-22 05:40:16,0,1,2,5.8,3626.9,39997.4,3866.4,13832.6,24.7,0,
2017-12-22 05:40:19,0,1,2,5.8,3627.7,40000.8,3866.4,13832.6,24.7,0,
2017-12-22 05:40:22,0,1,2,5.9,3628.4,40000.7,3933.1,14074.5,24.8,0,
2017-12-22 05:40:25,0,1,2,5.9,3629.4,40000.7,3933.1,14074.5,24.7,0,
2017-12-22 05:40:28,0,1,2,6.0,3630.0,40000.2,3999.8,14316.4,24.8,0,
2017-12-22 05:40:32,0,1,2,6.0,3630.8,40000.5,3999.8,14316.4,24.8,0,
2017-12-22 05:40:35,0,1,2,6.1,3631.6,40000.5,4066.4,14558.5,24.8,0,
2017-12-22 05:40:38,0,1,2,6.1,3632.2,39999.8,4066.4,14558.5,24.8,0,
2017-12-22 05:40:41,0,1,2,6.2,3633.2,40000.3,4133.1,14800.7,24.8,0,
2017-12-22 05:40:44,0,1,2,6.2,3633.8,40000.3,4133.1,14800.7,24.8,0,
2017-12-22 05:40:47,0,1,2,6.3,3634.6,40000.1,4199.8,15043.0,24.8,0,
2017-12-22 05:40:51,0,1,2,6.3,3635.4,40000.3,4199.8,15043.0,24.7,0,
2017-12-22 05:40:54,0,1,2,6.4,3636.0,40000.1,4266.4,15285.3,24.8,0,
2017-12-22 05:40:57,0,1,2,6.4,3636.8,40000.8,4266.4,15285.3,24.8,0,
2017-12-22 05:41:00,0,1,2,6.5,3637.4,39999.3,4333.1,15527.8,24.7,0,
2017-12-22 05:41:03,0,1,2,6.5,3638.3,40000.2,4333.1,15527.8,24.7,0,
2017-12-22 05:41:06,0,1,2,6.6,3638.8,39998.8,4399.8,15770.3,24.8,0,
2017-12-22 05:41:09,0,1,2,6.7,3639.5,39999.5,4466.4,16013.0,24.7,0,
2017-12-22 05:41:13,0,1,2,6.7,3640.2,40000.0,4466.4,16013.0,24.8,0,
2017-12-22 05:41:16,0,1,2,6.8,3640.9,40000.0,4533.1,16255.7,24.8,0,
2017-12-22 05:41:19,0,1,2,6.8,3641.7,40000.0,4533.1,16255.7,24.8,0,
2017-12-22 05:41:22,0,1,2,6.9,3642.5,40000.0,4599.8,16498.5,24.8,0,
2017-12-22 05:41:25,0,1,2,6.9,3643.0,39999.8,4599.8,16498.5,24.8,0,
2017-12-22 05:41:28,0,1,2,7.0,3643.6,39999.8,4666.4,16741.4,24.8,0,
2017-12-22 05:41:31,0,1,2,7.0,3644.4,39999.7,4666.4,16741.4,24.7,0,
2017-12-22 05:41:34,0,1,2,7.1,3645.1,39999.3,4733.1,16984.4,24.7,0,
2017-12-22 05:41:38,0,1,2,7.1,3645.8,40000.0,4733.1,16984.4,24.7,0,
2017-12-22 05:41:41,0,1,2,7.2,3646.6,39999.8,4799.8,17227.5,24.8,0,
2017-12-22 05:41:44,0,1,2,7.2,3647.2,39999.2,4799.8,17227.5,24.8,0,
2017-12-22 05:41:47,0,1,2,7.3,3647.8,39999.8,4866.4,17470.7,24.8,0,
2017-12-22 05:41:50,0,1,2,7.3,3648.5,39999.7,4866.4,17470.7,24.8,0,
2017-12-22 05:41:53,0,1,2,7.4,3649.1,39999.9,4933.1,17714.0,24.8,0,
2017-12-22 05:41:57,0,1,2,7.4,3650.0,39999.6,4933.1,17714.0,24.8,0,
2017-12-22 05:42:00,0,1,2,7.5,3650.5,39999.9,4999.8,17957.3,24.7,0,
2017-12-22 05:42:03,0,1,2,7.5,3651.3,39999.8,4999.8,17957.3,24.7,0,
2017-12-22 05:42:06,0,1,2,7.6,3652.0,39999.8,5066.4,18200.7,24.7,0,
2017-12-22 05:42:09,0,1,2,7.7,3652.5,39999.7,5133.1,18444.2,24.8,0,
2017-12-22 05:42:13,0,1,2,7.7,3653.2,39999.2,5133.1,18444.2,24.8,0,
2017-12-22 05:42:16,0,1,2,7.8,3654.0,39999.7,5199.8,18687.8,24.8,0,
2017-12-22 05:42:19,0,1,2,7.8,3654.5,39999.2,5199.8,18687.8,24.8,0,
2017-12-22 05:42:22,0,1,2,7.9,3655.1,39999.3,5266.4,18931.4,24.8,0,
2017-12-22 05:42:25,0,1,2,7.9,3655.8,39999.5,5266.4,18931.4,24.8,0,
2017-12-22 05:42:28,0,1,2,8.0,3656.3,39999.7,5333.1,19175.2,24.8,0,
2017-12-22 05:42:31,0,1,2,8.0,3657.0,39999.7,5333.1,19175.2,24.8,0,
2017-12-22 05:42:34,0,1,2,8.1,3657.7,39998.9,5399.7,19419.0,24.8,0,
2017-12-22 05:42:37,0,1,2,8.1,3658.2,39998.7,5399.7,19419.0,24.8,0,
2017-12-22 05:42:41,0,1,2,8.2,3659.1,39999.2,5466.4,19662.9,24.8,0,
2017-12-22 05:42:44,0,1,2,8.2,3659.7,39999.3,5466.4,19662.9,24.8,0,
2017-12-22 05:42:47,0,1,2,8.3,3660.2,39999.7,5533.1,19906.9,24.8,0,
2017-12-22 05:42:50,0,1,2,8.3,3660.9,39998.9,5533.1,19906.9,24.8,0,
2017-12-22 05:42:53,0,1,2,8.4,3661.5,39999.0,5599.7,20151.0,24.8,0,
2017-12-22 05:42:56,0,1,2,8.4,3662.2,39999.7,5599.7,20151.0,24.8,0,
2017-12-22 05:43:00,0,1,2,8.5,3662.7,39999.6,5666.4,20395.1,24.8,0,
2017-12-22 05:43:03,0,1,2,8.5,3663.4,39998.7,5666.4,20395.1,24.8,0,
2017-12-22 05:43:06,0,1,2,8.6,3663.9,39999.5,5733.1,20639.3,24.8,0,
2017-12-22 05:43:09,0,1,2,8.6,3664.7,39999.2,5733.1,20639.3,24.8,0,
2017-12-22 05:43:12,0,1,2,8.7,3665.2,39999.4,5799.7,20883.6,24.8,0,
2017-12-22 05:43:16,0,1,2,8.8,3665.7,39999.2,5866.4,21128.0,24.7,0,
2017-12-22 05:43:19,0,1,2,8.8,3666.3,39999.0,5866.4,21128.0,24.8,0,
2017-12-22 05:43:22,0,1,2,8.9,3666.9,39999.0,5933.1,21372.4,24.7,0,
2017-12-22 05:43:25,0,1,2,8.9,3667.6,39999.2,5933.1,21372.4,24.7,0,
2017-12-22 05:43:28,0,1,2,9.0,3668.1,39999.2,5999.7,21617.0,24.7,0,
2017-12-22 05:43:31,0,1,2,9.0,3668.6,39999.1,5999.7,21617.0,24.7,0,
2017-12-22 05:43:34,0,1,2,9.1,3669.1,39998.6,6066.4,21861.5,24.6,0,
2017-12-22 05:43:37,0,1,2,9.1,3669.6,39998.7,6066.4,21861.5,24.6,0,
2017-12-22 05:43:40,0,1,2,9.2,3670.2,39998.7,6133.0,22106.2,24.6,0,
2017-12-22 05:43:43,0,1,2,9.2,3670.8,39999.1,6133.0,22106.2,24.7,0,
2017-12-22 05:43:46,0,1,2,9.3,3671.2,39998.8,6199.7,22350.9,24.7,0,
2017-12-22 05:43:49,0,1,2,9.3,3671.9,39999.0,6199.7,22350.9,24.7,0,
2017-12-22 05:43:53,0,1,2,9.4,3672.4,39999.1,6266.4,22595.7,24.7,0,
2017-12-22 05:43:56,0,1,2,9.4,3673.0,39998.8,6266.4,22595.7,24.7,0,
2017-12-22 05:43:59,0,1,2,9.5,3673.3,39998.9,6333.0,22840.6,24.7,0,
2017-12-22 05:44:02,0,1,2,9.5,3674.1,39999.0,6333.0,22840.6,24.7,0,
2017-12-22 05:44:05,0,1,2,9.6,3674.4,39999.3,6399.7,23085.5,24.7,0,
2017-12-22 05:44:08,0,1,2,9.6,3674.8,39999.2,6399.7,23085.5,24.6,0,
2017-12-22 05:44:11,0,1,2,9.7,3675.4,39999.0,6466.4,23330.5,24.6,0,
2017-12-22 05:44:14,0,1,2,9.7,3675.9,39998.8,6466.4,23330.5,24.6,0,
2017-12-22 05:44:17,0,1,2,9.8,3676.4,39999.0,6533.0,23575.6,24.6,0,
2017-12-22 05:44:20,0,1,2,9.8,3677.0,39999.0,6533.0,23575.6,24.6,0,
2017-12-22 05:44:24,0,1,2,9.9,3677.3,39999.0,6599.7,23820.7,24.6,0,
2017-12-22 05:44:27,0,1,2,9.9,3677.9,39998.7,6599.7,23820.7,24.6,0,
2017-12-22 05:44:30,0,1,2,10.0,3678.4,39999.2,6666.3,24065.9,24.6,0,
2017-12-22 05:44:33,0,1,2,10.0,3678.9,39998.7,6666.3,24065.9,24.6,0,
2017-12-22 05:44:36,0,1,2,10.1,3679.5,39998.8,6733.0,24311.2,24.6,0,
2017-12-22 05:44:40,0,1,2,10.2,3680.0,39999.0,6799.7,24556.5,24.6,0,
2017-12-22 05:44:43,0,1,2,10.2,3680.4,39998.9,6799.7,24556.5,24.6,0,
2017-12-22 05:44:46,0,1,2,10.3,3680.8,39998.4,6866.3,24801.9,24.6,0,
2017-12-22 05:44:49,0,1,2,10.3,3681.3,39999.0,6866.3,24801.9,24.7,0,
2017-12-22 05:44:52,0,1,2,10.4,3681.8,39998.7,6933.0,25047.3,24.7,0,
2017-12-22 05:44:55,0,1,2,10.4,3682.3,39998.8,6933.0,25047.3,24.7,0,
2017-12-22 05:44:58,0,1,2,10.5,3682.7,39998.3,6999.7,25292.8,24.7,0,
2017-12-22 05:45:02,0,1,2,10.5,3683.2,39998.7,6999.7,25292.8,24.7,0,
2017-12-22 05:45:05,0,1,2,10.6,3683.6,39998.5,7066.3,25538.3,24.6,0,
2017-12-22 05:45:08,0,1,2,10.6,3683.9,39998.6,7066.3,25538.3,24.7,0,
2017-12-22 05:45:11,0,1,2,10.7,3684.4,39999.1,7133.0,25783.9,24.7,0,
2017-12-22 05:45:15,0,1,2,10.7,3684.8,39999.1,7133.0,25783.9,24.7,0,
2017-12-22 05:45:18,0,1,2,10.8,3685.2,39999.1,7199.6,26029.6,24.6,0,
2017-12-22 05:45:21,0,1,2,10.8,3685.7,39998.7,7199.6,26029.6,24.6,0,
2017-12-22 05:45:24,0,1,2,10.9,3686.1,39998.7,7266.3,26275.3,24.6,0,
2017-12-22 05:45:27,0,1,2,10.9,3686.5,39998.4,7266.3,26275.3,24.6,0,
2017-12-22 05:45:30,0,1,2,11.0,3686.9,39998.7,7333.0,26521.0,24.6,0,
2017-12-22 05:45:33,0,1,2,11.0,3687.4,39998.8,7333.0,26521.0,24.6,0,
2017-12-22 05:45:36,0,1,2,11.1,3687.9,39998.2,7399.6,26766.8,24.6,0,
2017-12-22 05:45:39,0,1,2,11.1,3688.3,39998.6,7399.6,26766.8,24.6,0,
2017-12-22 05:45:42,0,1,2,11.2,3688.6,39998.7,7466.3,27012.7,24.6,0,
2017-12-22 05:45:45,0,1,2,11.3,3689.0,39998.6,7533.0,27258.6,24.6,0,
2017-12-22 05:45:49,0,1,2,11.3,3689.4,39998.7,7533.0,27258.6,24.6,0,
2017-12-22 05:45:52,0,1,2,11.4,3689.9,39998.6,7599.6,27504.6,24.7,0,
2017-12-22 05:45:55,0,1,2,11.4,3690.2,39998.7,7599.6,27504.6,24.7,0,
2017-12-22 05:45:58,0,1,2,11.5,3690.6,39999.2,7666.3,27750.6,24.7,0,
2017-12-22 05:46:01,0,1,2,11.5,3690.9,39998.5,7666.3,27750.6,24.7,0,
2017-12-22 05:46:04,0,1,2,11.6,3691.3,39998.3,7732.9,27996.7,24.7,0,
2017-12-22 05:46:07,0,1,2,11.6,3691.8,39999.0,7732.9,27996.7,24.6,0,
2017-12-22 05:46:10,0,1,2,11.7,3692.0,39998.7,7799.6,28242.8,24.7,0,
2017-12-22 05:46:13,0,1,2,11.7,3692.4,39999.0,7799.6,28242.8,24.6,0,
2017-12-22 05:46:16,0,1,2,11.8,3692.8,39998.3,7866.3,28488.9,24.6,0,
2017-12-22 05:46:19,0,1,2,11.8,3693.2,39999.7,7866.3,28488.9,24.7,0,
2017-12-22 05:46:22,0,1,2,11.9,3693.5,39999.3,7932.9,28735.2,24.6,0,
2017-12-22 05:46:25,0,1,2,11.9,3694.0,39998.8,7932.9,28735.2,24.6,0,
2017-12-22 05:46:28,0,1,2,12.0,3694.4,39999.1,7999.6,28981.4,24.6,0,
2017-12-22 05:46:32,0,1,2,12.0,3694.7,39999.1,7999.6,28981.4,24.6,0,
2017-12-22 05:46:35,0,1,2,12.1,3695.2,39999.0,8066.3,29227.7,24.6,0,
2017-12-22 05:46:38,0,1,2,12.1,3695.5,39999.3,8066.3,29227.7,24.6,0,
2017-12-22 05:46:41,0,1,2,12.2,3695.9,39998.3,8132.9,29474.1,24.6,0,
2017-12-22 05:46:44,0,1,2,12.2,3696.2,39999.5,8132.9,29474.1,24.6,0,
2017-12-22 05:46:47,0,1,2,12.3,3696.5,39998.8,8199.6,29720.5,24.6,0,
2017-12-22 05:46:50,0,1,2,12.3,3696.9,39998.6,8199.6,29720.5,24.6,0,
2017-12-22 05:46:53,0,1,2,12.4,3697.2,39998.5,8266.2,29967.0,24.6,0,
2017-12-22 05:46:56,0,1,2,12.4,3697.7,39998.5,8266.2,29967.0,24.6,0,
2017-12-22 05:46:59,0,1,2,12.5,3697.8,39998.5,8332.9,30213.5,24.6,0,
2017-12-22 05:47:03,0,1,2,12.5,3698.2,39998.3,8332.9,30213.5,24.6,0,
2017-12-22 05:47:06,0,1,2,12.6,3698.7,39998.6,8399.6,30460.0,24.6,0,
2017-12-22 05:47:09,0,1,2,12.6,3699.0,39998.3,8399.6,30460.0,24.6,0,
2017-12-22 05:47:12,0,1,2,12.7,3699.5,39998.7,8466.2,30706.6,24.6,0,
2017-12-22 05:47:15,0,1,2,12.7,3699.7,39999.0,8466.2,30706.6,24.6,0,
2017-12-22 05:47:18,0,1,2,12.8,3700.1,39998.5,8532.9,30953.2,24.6,0,
2017-12-22 05:47:21,0,1,2,12.8,3700.4,39999.0,8532.9,30953.2,24.6,0,
2017-12-22 05:47:24,0,1,2,12.9,3700.8,39999.2,8599.6,31199.9,24.6,0,
2017-12-22 05:47:27,0,1,2,13.0,3701.2,39998.7,8666.2,31446.6,24.7,0,
2017-12-22 05:47:30,0,1,2,13.0,3701.5,39999.0,8666.2,31446.6,24.7,0,
2017-12-22 05:47:33,0,1,2,13.1,3701.8,39998.8,8732.9,31693.4,24.7,0,
2017-12-22 05:47:36,0,1,2,13.1,3702.2,39999.0,8732.9,31693.4,24.7,0,
2017-12-22 05:47:39,0,1,2,13.2,3702.4,39999.0,8799.5,31940.2,24.7,0,
2017-12-22 05:47:43,0,1,2,13.2,3702.7,39998.8,8799.5,31940.2,24.7,0,
2017-12-22 05:47:46,0,1,2,13.3,3703.2,39998.7,8866.2,32187.1,24.6,0,
2017-12-22 05:47:49,0,1,2,13.3,3703.6,39998.9,8866.2,32187.1,24.6,0,
2017-12-22 05:47:52,0,1,2,13.4,3703.8,39999.0,8932.9,32434.0,24.6,0,
2017-12-22 05:47:55,0,1,2,13.4,3704.3,39999.0,8932.9,32434.0,24.7,0,
2017-12-22 05:47:58,0,1,2,13.5,3704.7,39998.7,8999.5,32680.9,24.7,0,
2017-12-22 05:48:01,0,1,2,13.5,3704.9,39999.5,8999.5,32680.9,24.7,0,
2017-12-22 05:48:04,0,1,2,13.6,3705.3,39999.2,9066.2,32928.0,24.7,0,
2017-12-22 05:48:07,0,1,2,13.6,3705.6,39999.2,9066.2,32928.0,24.7,0,
2017-12-22 05:48:10,0,1,2,13.7,3706.0,39999.1,9132.9,33175.0,24.7,0,
2017-12-22 05:48:13,0,1,2,13.7,3706.3,39998.9,9132.9,33175.0,24.7,0,
2017-12-22 05:48:16,0,1,2,13.8,3706.6,39999.0,9199.5,33422.1,24.7,0,
2017-12-22 05:48:19,0,1,2,13.8,3707.0,39998.3,9199.5,33422.1,24.7,0,
2017-12-22 05:48:22,0,1,2,13.9,3707.3,39998.7,9266.2,33669.2,24.7,0,
2017-12-22 05:48:26,0,1,2,13.9,3707.7,39998.8,9266.2,33669.2,24.7,0,
2017-12-22 05:48:29,0,1,2,14.0,3707.9,39998.5,9332.8,33916.4,24.7,0,
2017-12-22 05:48:32,0,1,2,14.0,3708.2,39998.6,9332.8,33916.4,24.7,0,
2017-12-22 05:48:35,0,1,2,14.1,3708.5,39999.0,9399.5,34163.6,24.7,0,
2017-12-22 05:48:38,0,1,2,14.1,3708.9,39999.2,9399.5,34163.6,24.7,0,
2017-12-22 05:48:41,0,1,2,14.2,3709.3,39998.7,9466.2,34410.8,24.7,0,
2017-12-22 05:48:44,0,1,2,14.2,3709.7,39998.3,9466.2,34410.8,24.7,0,
2017-12-22 05:48:47,0,1,2,14.3,3710.1,39998.5,9532.8,34658.1,24.7,0,
2017-12-22 05:48:50,0,1,2,14.3,3710.2,39998.2,9532.8,34658.1,24.7,0,
2017-12-22 05:48:53,0,1,2,14.4,3710.6,39998.8,9599.5,34905.5,24.7,0,
2017-12-22 05:48:57,0,1,2,14.4,3711.0,39998.7,9599.5,34905.5,24.7,0,
2017-12-22 05:49:00,0,1,2,14.5,3711.4,39999.0,9666.2,35152.9,24.7,0,
2017-12-22 05:49:03,0,1,2,14.5,3711.8,39998.7,9666.2,35152.9,24.7,0,
2017-12-22 05:49:06,0,1,2,14.6,3711.9,39998.0,9732.8,35400.3,24.7,0,
2017-12-22 05:49:09,0,1,2,14.7,3712.4,39998.7,9799.5,35647.8,24.7,0,
2017-12-22 05:49:12,0,1,2,14.7,3712.6,39998.8,9799.5,35647.8,24.7,0,
2017-12-22 05:49:15,0,1,2,14.8,3713.1,39998.8,9866.1,35895.3,24.7,0,
2017-12-22 05:49:19,0,1,2,14.8,3713.3,39998.1,9866.1,35895.3,24.7,0,
2017-12-22 05:49:22,0,1,2,14.9,3713.8,39998.8,9932.8,36142.9,24.7,0,
2017-12-22 05:49:25,0,1,2,14.9,3714.0,39998.8,9932.8,36142.9,24.7,0,
2017-12-22 05:49:28,0,1,2,15.0,3714.3,39998.1,9999.5,36390.5,24.7,0,
2017-12-22 05:49:31,0,1,2,15.0,3714.7,39998.9,9999.5,36390.5,24.6,0,
2017-12-22 05:49:34,0,1,2,15.1,3715.1,39998.5,10066.1,36638.1,24.6,0,
2017-12-22 05:49:37,0,1,2,15.1,3715.4,39998.7,10066.1,36638.1,24.6,0,
2017-12-22 05:49:40,0,1,2,15.2,3715.8,39998.8,10132.8,36885.8,24.6,0,
2017-12-22 05:49:43,0,1,2,15.2,3716.1,39999.0,10132.8,36885.8,24.6,0,
2017-12-22 05:49:47,0,1,2,15.3,3716.5,39999.3,10199.5,37133.5,24.6,0,
2017-12-22 05:49:50,0,1,2,15.3,3716.8,39998.4,10199.5,37133.5,24.6,0,
2017-12-22 05:49:53,0,1,2,15.4,3717.3,39998.7,10266.1,37381.3,24.6,0,
2017-12-22 05:49:56,0,1,2,15.4,3717.6,39999.2,10266.1,37381.3,24.6,0,
2017-12-22 05:49:59,0,1,2,15.5,3717.9,39999.2,10332.8,37629.2,24.6,0,
2017-12-22 05:50:02,0,1,2,15.5,3718.2,39998.6,10332.8,37629.2,24.6,0,
2017-12-22 05:50:05,0,1,2,15.6,3718.5,39998.2,10399.4,37877.0,24.6,0,
2017-12-22 05:50:08,0,1,2,15.6,3719.0,39998.6,10399.4,37877.0,24.6,0,
2017-12-22 05:50:11,0,1,2,15.7,3719.2,39998.0,10466.1,38125.0,24.6,0,
2017-12-22 05:50:14,0,1,2,15.7,3719.5,39998.6,10466.1,38125.0,24.6,0,
2017-12-22 05:50:17,0,1,2,15.8,3720.0,39998.6,10532.8,38372.9,24.6,0,
2017-12-22 05:50:21,0,1,2,15.8,3720.3,39998.3,10532.8,38372.9,24.6,0,
2017-12-22 05:50:24,0,1,2,15.9,3720.6,39998.4,10599.4,38620.9,24.6,0,
2017-12-22 05:50:27,0,1,2,15.9,3721.1,39999.0,10599.4,38620.9,24.6,0,
2017-12-22 05:50:30,0,1,2,16.0,3721.4,39998.9,10666.1,38869.0,24.6,0,
2017-12-22 05:50:33,0,1,2,16.0,3721.6,39999.2,10666.1,38869.0,24.7,0,
2017-12-22 05:50:37,0,1,2,16.1,3722.1,39998.8,10732.8,39117.1,24.6,0,
2017-12-22 05:50:40,0,1,2,16.2,3722.3,39998.0,10799.4,39365.3,24.6,0,
2017-12-22 05:50:43,0,1,2,16.2,3722.8,39998.4,10799.4,39365.3,24.6,0,
2017-12-22 05:50:46,0,1,2,16.3,3723.1,39998.7,10866.1,39613.4,24.6,0,
2017-12-22 05:50:49,0,1,2,16.3,3723.3,39997.6,10866.1,39613.4,24.7,0,
2017-12-22 05:50:52,0,1,2,16.4,3723.9,39997.3,10932.7,39861.7,24.7,0,
2017-12-22 05:50:55,0,1,2,16.4,3724.2,39998.1,10932.7,39861.7,24.7,0,
2017-12-22 05:50:58,0,1,2,16.5,3724.6,39998.5,10999.4,40110.0,24.7,0,
2017-12-22 05:51:01,0,1,2,16.5,3724.8,39998.2,10999.4,40110.0,24.7,0,
2017-12-22 05:51:04,0,1,2,16.6,3725.1,39998.2,11066.1,40358.3,24.7,0,
2017-12-22 05:51:07,0,1,2,16.6,3725.7,39998.0,11066.1,40358.3,24.7,0,
2017-12-22 05:51:10,0,1,2,16.7,3725.9,39998.0,11132.7,40606.7,24.7,0,
2017-12-22 05:51:13,0,1,2,16.7,3726.2,39998.1,11132.7,40606.7,24.6,0,
2017-12-22 05:51:16,0,1,2,16.8,3726.7,39998.3,11199.4,40855.1,24.6,0,
2017-12-22 05:51:19,0,1,2,16.8,3727.0,39998.0,11199.4,40855.1,24.6,0,
2017-12-22 05:51:22,0,1,2,16.9,3727.3,39998.0,11266.0,41103.5,24.7,0,
2017-12-22 05:51:25,0,1,2,16.9,3727.7,39998.2,11266.0,41103.5,24.7,0,
2017-12-22 05:51:28,0,1,2,17.0,3728.0,39998.2,11332.7,41352.0,24.7,0,
2017-12-22 05:51:31,0,1,2,17.0,3728.5,39998.5,11332.7,41352.0,24.6,0,
2017-12-22 05:51:34,0,1,2,17.1,3728.9,39999.1,11399.4,41600.6,24.6,0,
2017-12-22 05:51:37,0,1,2,17.1,3729.2,39999.0,11399.4,41600.6,24.7,0,
2017-12-22 05:51:41,0,1,2,17.2,3729.4,39998.0,11466.0,41849.2,24.6,0,
2017-12-22 05:51:44,0,1,2,17.2,3729.9,39998.2,11466.0,41849.2,24.7,0,
2017-12-22 05:51:47,0,1,2,17.3,3730.4,39998.3,11532.7,42097.9,24.6,0,
2017-12-22 05:51:50,0,1,2,17.3,3730.8,39998.3,11532.7,42097.9,24.6,0,
2017-12-22 05:51:53,0,1,2,17.4,3731.1,39998.1,11599.3,42346.6,24.6,0,
2017-12-22 05:51:56,0,1,2,17.4,3731.3,39998.4,11599.3,42346.6,24.6,0,
2017-12-22 05:51:59,0,1,2,17.5,3731.8,39998.5,11666.0,42595.3,24.7,0,
2017-12-22 05:52:03,0,1,2,17.5,3732.2,39998.1,11666.0,42595.3,24.7,0,
2017-12-22 05:52:06,0,1,2,17.6,3732.5,39998.2,11732.7,42844.1,24.7,0,
2017-12-22 05:52:09,0,1,2,17.6,3733.0,39998.8,11732.7,42844.1,24.8,0,
2017-12-22 05:52:12,0,1,2,17.7,3733.2,39998.5,11799.3,43092.9,24.7,0,
2017-12-22 05:52:15,0,1,2,17.7,3733.8,39997.7,11799.3,43092.9,24.7,0,
2017-12-22 05:52:18,0,1,2,17.8,3734.0,39997.8,11866.0,43341.8,24.8,0,
2017-12-22 05:52:21,0,1,2,17.8,3734.3,39998.3,11866.0,43341.8,24.8,0,
2017-12-22 05:52:25,0,1,2,17.9,3734.7,39998.6,11932.7,43590.8,24.8,0,
2017-12-22 05:52:28,0,1,2,18.0,3735.2,39999.0,11999.3,43839.8,24.7,0,
2017-12-22 05:52:31,0,1,2,18.0,3735.6,39997.7,11999.3,43839.8,24.7,0,
2017-12-22 05:52:34,0,1,2,18.1,3735.9,39998.5,12066.0,44088.8,24.7,0,
2017-12-22 05:52:37,0,1,2,18.1,3736.3,39998.0,12066.0,44088.8,24.8,0,
2017-12-22 05:52:40,0,1,2,18.2,3736.7,39997.8,12132.6,44337.9,24.7,0,
2017-12-22 05:52:43,0,1,2,18.2,3737.1,39998.1,12132.6,44337.9,24.7,0,
2017-12-22 05:52:46,0,1,2,18.3,3737.5,39997.7,12199.3,44587.1,24.7,0,
2017-12-22 05:52:50,0,1,2,18.3,3738.0,39998.2,12199.3,44587.1,24.7,0,
2017-12-22 05:52:53,0,1,2,18.4,3738.3,39997.7,12266.0,44836.3,24.8,0,
2017-12-22 05:52:56,0,1,2,18.4,3738.8,39998.0,12266.0,44836.3,24.8,0,
2017-12-22 05:52:59,0,1,2,18.5,3739.1,39998.3,12332.6,45085.5,24.8,0,
2017-12-22 05:53:02,0,1,2,18.5,3739.6,39998.5,12332.6,45085.5,24.8,0,
2017-12-22 05:53:05,0,1,2,18.6,3739.9,39997.7,12399.3,45334.8,24.7,0,
2017-12-22 05:53:09,0,1,2,18.6,3740.3,39997.2,12399.3,45334.8,24.8,0,
2017-12-22 05:53:12,0,1,2,18.7,3740.9,39998.2,12465.9,45584.1,24.8,0,
2017-12-22 05:53:15,0,1,2,18.7,3741.1,39997.9,12465.9,45584.1,24.8,0,
2017-12-22 05:53:18,0,1,2,18.8,3741.7,39997.9,12532.6,45833.5,24.8,0,
2017-12-22 05:53:21,0,1,2,18.9,3742.0,39997.4,12599.3,46083.0,24.8,0,
2017-12-22 05:53:25,0,1,2,18.9,3742.3,39997.4,12599.3,46083.0,24.8,0,
2017-12-22 05:53:28,0,1,2,19.0,3743.0,39997.5,12665.9,46332.4,24.7,0,
2017-12-22 05:53:31,0,1,2,19.0,3743.3,39997.6,12665.9,46332.4,24.8,0,
2017-12-22 05:53:34,0,1,2,19.1,3743.7,39997.7,12732.6,46582.0,24.8,0,
2017-12-22 05:53:37,0,1,2,19.1,3744.1,39997.8,12732.6,46582.0,24.7,0,
2017-12-22 05:53:41,0,1,2,19.2,3744.6,39997.9,12799.2,46831.6,24.7,0,
2017-12-22 05:53:44,0,1,2,19.2,3745.0,39997.7,12799.2,46831.6,24.7,0,
2017-12-22 05:53:47,0,1,2,19.3,3745.3,39997.7,12865.9,47081.3,24.8,0,
2017-12-22 05:53:50,0,1,2,19.3,3745.8,39997.9,12865.9,47081.3,24.8,0,
2017-12-22 05:53:53,0,1,2,19.4,3746.3,39997.8,12932.6,47331.0,24.7,0,
2017-12-22 05:53:56,0,1,2,19.4,3746.7,39997.7,12932.6,47331.0,24.8,0,
2017-12-22 05:53:59,0,1,2,19.5,3747.1,39998.0,12999.2,47580.7,24.8,0,
2017-12-22 05:54:03,0,1,2,19.5,3747.6,39997.8,12999.2,47580.7,24.8,0,
2017-12-22 05:54:06,0,1,2,19.6,3747.9,39997.7,13065.9,47830.5,24.8,0,
2017-12-22 05:54:09,0,1,2,19.6,3748.2,39997.6,13065.9,47830.5,24.8,0,
2017-12-22 05:54:12,0,1,2,19.7,3748.8,39997.9,13132.5,48080.4,24.8,0,
2017-12-22 05:54:15,0,1,2,19.7,3749.1,39998.1,13132.5,48080.4,24.8,0,
2017-12-22 05:54:18,0,1,2,19.8,3749.5,39998.8,13199.2,48330.3,24.8,0,
2017-12-22 05:54:21,0,1,2,19.8,3750.1,39997.8,13199.2,48330.3,24.8,0,
2017-12-22 05:54:24,0,1,2,19.9,3750.4,39998.5,13265.9,48580.3,24.8,0,
2017-12-22 05:54:28,0,1,2,20.0,3750.9,39998.2,13332.5,48830.3,24.8,0,
2017-12-22 05:54:31,0,1,2,20.0,3751.5,39998.1,13332.5,48830.3,24.8,0,
2017-12-22 05:54:34,0,1,2,20.1,3751.9,39998.0,13399.2,49080.4,24.8,0,
2017-12-22 05:54:37,0,1,2,20.1,3752.3,39998.0,13399.2,49080.4,24.7,0,
2017-12-22 05:54:40,0,1,2,20.2,3752.7,39998.2,13465.8,49330.6,24.7,0,
2017-12-22 05:54:43,0,1,2,20.2,3753.2,39997.8,13465.8,49330.6,24.7,0,
2017-12-22 05:54:46,0,1,2,20.3,3753.7,39997.8,13532.5,49580.8,24.7,0,
2017-12-22 05:54:49,0,1,2,20.3,3753.9,39998.0,13532.5,49580.8,24.7,0,
2017-12-22 05:54:52,0,1,2,20.4,3754.4,39998.2,13599.2,49831.1,24.6,0,
2017-12-22 05:54:55,0,1,2,20.4,3754.8,39997.7,13599.2,49831.1,24.6,0,
2017-12-22 05:54:58,0,1,2,20.5,3755.4,39997.7,13665.8,50081.4,24.6,0,
2017-12-22 05:55:01,0,1,2,20.5,3755.7,39998.2,13665.8,50081.4,24.6,0,
2017-12-22 05:55:04,0,1,2,20.6,3756.2,39998.5,13732.5,50331.8,24.6,0,
2017-12-22 05:55:07,0,1,2,20.6,3756.6,39997.8,13732.5,50331.8,24.6,0,
2017-12-22 05:55:11,0,1,2,20.7,3757.0,39997.6,13799.1,50582.2,24.6,0,
2017-12-22 05:55:14,0,1,2,20.7,3757.5,39998.3,13799.1,50582.2,24.6,0,
2017-12-22 05:55:17,0,1,2,20.8,3758.0,39998.0,13865.8,50832.7,24.7,0,
2017-12-22 05:55:20,0,1,2,20.8,3758.6,39998.3,13865.8,50832.7,24.7,0,
2017-12-22 05:55:23,0,1,2,20.9,3759.0,39998.0,13932.5,51083.3,24.7,0,
2017-12-22 05:55:26,0,1,2,20.9,3759.4,39998.6,13932.5,51083.3,24.7,0,
2017-12-22 05:55:29,0,1,2,21.0,3760.0,39997.9,13999.1,51333.9,24.7,0,
2017-12-22 05:55:33,0,1,2,21.0,3760.5,39998.2,13999.1,51333.9,24.7,0,
2017-12-22 05:55:36,0,1,2,21.1,3760.9,39998.3,14065.8,51584.5,24.8,0,
2017-12-22 05:55:39,0,1,2,21.1,3761.3,39998.2,14065.8,51584.5,24.8,0,
2017-12-22 05:55:42,0,1,2,21.2,3761.9,39997.8,14132.4,51835.3,24.8,0,
2017-12-22 05:55:46,0,1,2,21.3,3762.3,39997.8,14199.1,52086.1,24.8,0,
2017-12-22 05:55:49,0,1,2,21.3,3762.9,39997.6,14199.1,52086.1,24.8,0,
2017-12-22 05:55:52,0,1,2,21.4,3763.2,39997.8,14265.8,52336.9,24.8,0,
2017-12-22 05:55:55,0,1,2,21.4,3763.6,39997.7,14265.8,52336.9,24.8,0,
2017-12-22 05:55:58,0,1,2,21.5,3764.3,39998.0,14332.4,52587.8,24.8,0,
2017-12-22 05:56:01,0,1,2,21.5,3764.7,39998.2,14332.4,52587.8,24.8,0,
2017-12-22 05:56:04,0,1,2,21.6,3765.2,39997.7,14399.1,52838.8,24.8,0,
2017-12-22 05:56:07,0,1,2,21.6,3765.5,39998.1,14399.1,52838.8,24.8,0,
2017-12-22 05:56:10,0,1,2,21.7,3766.1,39998.0,14465.7,53089.8,24.8,0,
2017-12-22 05:56:13,0,1,2,21.7,3766.6,39998.1,14465.7,53089.8,24.8,0,
2017-12-22 05:56:16,0,1,2,21.8,3767.1,39998.0,14532.4,53340.9,24.8,0,
2017-12-22 05:56:19,0,1,2,21.8,3767.5,39998.0,14532.4,53340.9,24.8,0,
2017-12-22 05:56:23,0,1,2,21.9,3767.9,39997.7,14599.1,53592.1,24.8,0,
2017-12-22 05:56:26,0,1,2,21.9,3768.5,39998.4,14599.1,53592.1,24.8,0,
2017-12-22 05:56:29,0,1,2,22.0,3769.0,39997.8,14665.7,53843.3,24.8,0,
2017-12-22 05:56:32,0,1,2,22.0,3769.6,39997.9,14665.7,53843.3,24.8,0,
2017-12-22 05:56:35,0,1,2,22.1,3770.2,39998.4,14732.4,54094.6,24.8,0,
2017-12-22 05:56:38,0,1,2,22.1,3770.6,39998.7,14732.4,54094.6,24.8,0,
2017-12-22 05:56:42,0,1,2,22.2,3771.0,39997.7,14799.0,54346.0,24.8,0,
2017-12-22 05:56:45,0,1,2,22.2,3771.6,39997.8,14799.0,54346.0,24.8,0,
2017-12-22 05:56:48,0,1,2,22.3,3772.2,39997.4,14865.7,54597.4,24.8,0,
2017-12-22 05:56:51,0,1,2,22.3,3772.6,40000.3,14865.7,54597.4,24.8,0,
2017-12-22 05:56:55,0,1,2,22.4,3773.2,40001.2,14932.4,54849.0,24.8,0,
2017-12-22 05:56:58,0,1,2,22.5,3773.6,40001.3,14999.0,55100.6,24.8,0,
2017-12-22 05:57:01,0,1,2,22.5,3774.3,40001.5,14999.0,55100.6,24.8,0,
2017-12-22 05:57:04,0,1,2,22.6,3774.9,40001.3,15065.7,55352.2,24.8,0,
2017-12-22 05:57:07,0,1,2,22.6,3775.4,40001.3,15065.7,55352.2,24.8,0,
2017-12-22 05:57:10,0,1,2,22.7,3775.7,40001.0,15132.4,55604.0,24.8,0,
2017-12-22 05:57:13,0,1,2,22.7,3776.5,40001.3,15132.4,55604.0,24.7,0,
2017-12-22 05:57:16,0,1,2,22.8,3776.9,40000.7,15199.0,55855.8,24.8,0,
2017-12-22 05:57:20,0,1,2,22.8,3777.4,40000.5,15199.0,55855.8,24.8,0,
2017-12-22 05:57:23,0,1,2,22.9,3777.8,40001.3,15265.7,56107.6,24.7,0,
2017-12-22 05:57:26,0,1,2,22.9,3778.4,40001.0,15265.7,56107.6,24.8,0,
2017-12-22 05:57:29,0,1,2,23.0,3779.1,40000.6,15332.4,56359.6,24.8,0,
2017-12-22 05:57:32,0,1,2,23.0,3779.7,40000.8,15332.4,56359.6,24.8,0,
2017-12-22 05:57:36,0,1,2,23.1,3780.3,40001.3,15399.1,56611.6,24.8,0,
2017-12-22 05:57:39,0,1,2,23.1,3780.8,40000.8,15399.1,56611.6,24.8,0,
2017-12-22 05:57:42,0,1,2,23.2,3781.2,40000.5,15465.7,56863.6,24.8,0,
2017-12-22 05:57:45,0,1,2,23.2,3781.9,40001.3,15465.7,56863.6,24.8,0,
2017-12-22 05:57:48,0,1,2,23.3,3782.3,40000.5,15532.4,57115.8,24.8,0,
2017-12-22 05:57:51,0,1,2,23.4,3783.1,40000.7,15599.1,57368.0,24.8,0,
2017-12-22 05:57:55,0,1,2,23.4,3783.5,40001.5,15599.1,57368.0,24.8,0,
2017-12-22 05:57:58,0,1,2,23.5,3784.0,40000.6,15665.7,57620.3,24.8,0,
2017-12-22 05:58:01,0,1,2,23.5,3784.8,40000.6,15665.7,57620.3,24.8,0,
2017-12-22 05:58:04,0,1,2,23.6,3785.4,40001.2,15732.4,57872.6,24.8,0,
2017-12-22 05:58:07,0,1,2,23.6,3785.8,40001.2,15732.4,57872.6,24.8,0,
2017-12-22 05:58:10,0,1,2,23.7,3786.5,40001.4,15799.1,58125.1,24.8,0,
2017-12-22 05:58:14,0,1,2,23.7,3787.1,40001.0,15799.1,58125.1,24.8,0,
2017-12-22 05:58:17,0,1,2,23.8,3787.6,40001.3,15865.7,58377.6,24.8,0,
2017-12-22 05:58:20,0,1,2,23.8,3788.3,40001.1,15865.7,58377.6,24.8,0,
2017-12-22 05:58:23,0,1,2,23.9,3788.9,40001.2,15932.4,58630.2,24.8,0,
2017-12-22 05:58:26,0,1,2,23.9,3789.5,40000.8,15932.4,58630.2,24.9,0,
2017-12-22 05:58:29,0,1,2,24.0,3789.9,40000.7,15999.1,58882.8,24.9,0,
2017-12-22 05:58:33,0,1,2,24.0,3790.5,40001.0,15999.1,58882.8,24.8,0,
2017-12-22 05:58:36,0,1,2,24.1,3791.2,40001.5,16065.8,59135.5,24.9,0,
2017-12-22 05:58:39,0,1,2,24.1,3791.8,40001.0,16065.8,59135.5,24.8,0,
2017-12-22 05:58:42,0,1,2,24.2,3792.4,40001.0,16132.4,59388.4,24.9,0,
2017-12-22 05:58:45,0,1,2,24.3,3793.0,40001.5,16199.1,59641.2,24.9,0,
2017-12-22 05:58:49,0,1,2,24.3,3793.6,40000.7,16199.1,59641.2,24.9,0,
2017-12-22 05:58:52,0,1,2,24.4,3794.3,40001.5,16265.8,59894.2,24.9,0,
2017-12-22 05:58:55,0,1,2,24.4,3794.9,40001.5,16265.8,59894.2,24.8,0,
2017-12-22 05:58:58,0,1,2,24.5,3795.4,40001.3,16332.4,60147.2,24.8,0,
2017-12-22 05:59:01,0,1,2,24.5,3796.1,40001.5,16332.4,60147.2,24.8,0,
2017-12-22 05:59:05,0,1,2,24.6,3796.7,40001.4,16399.1,60400.4,24.8,0,
2017-12-22 05:59:08,0,1,2,24.6,3797.3,40001.8,16399.1,60400.4,24.8,0,
2017-12-22 05:59:11,0,1,2,24.7,3797.9,40001.5,16465.8,60653.5,24.8,0,
2017-12-22 05:59:14,0,1,2,24.7,3798.5,40001.1,16465.8,60653.5,24.8,0,
2017-12-22 05:59:17,0,1,2,24.8,3799.2,40001.0,16532.4,60906.8,24.8,0,
2017-12-22 05:59:20,0,1,2,24.8,3799.9,40000.8,16532.4,60906.8,24.8,0,
2017-12-22 05:59:23,0,1,2,24.9,3800.5,40001.0,16599.1,61160.1,24.8,0,
2017-12-22 05:59:27,0,1,2,24.9,3801.2,40000.8,16599.1,61160.1,24.8,0,
2017-12-22 05:59:30,0,1,2,25.0,3801.6,40001.0,16665.8,61413.6,24.8,0,
2017-12-22 05:59:33,0,1,2,25.0,3802.4,40000.8,16665.8,61413.6,24.8,0,
2017-12-22 05:59:36,0,1,2,25.1,3802.8,40000.8,16732.5,61667.1,24.8,0,
2017-12-22 05:59:39,0,1,2,25.1,3803.6,40001.7,16732.5,61667.1,24.8,0,
2017-12-22 05:59:42,0,1,2,25.2,3804.1,40001.0,16799.1,61920.7,24.8,0,
2017-12-22 05:59:45,0,1,2,25.2,3804.9,40000.8,16799.1,61920.7,24.8,0,
2017-12-22 05:59:48,0,1,2,25.3,3805.4,40000.9,16865.8,62174.3,24.8,0,
2017-12-22 05:59:51,0,1,2,25.3,3806.2,40000.8,16865.8,62174.3,24.8,0,
2017-12-22 05:59:54,0,1,2,25.4,3806.6,40001.3,16932.5,62428.1,24.8,0,
2017-12-22 05:59:57,0,1,2,25.4,3807.4,40001.4,16932.5,62428.1,24.8,0,
2017-12-22 06:00:00,0,1,2,25.5,3808.1,40001.0,16999.1,62681.9,24.8,0,
2017-12-22 06:00:04,0,1,2,25.6,3808.6,40001.3,17065.8,62935.9,24.8,0,
2017-12-22 06:00:07,0,1,2,25.6,3809.4,40001.2,17065.8,62935.9,24.8,0,
2017-12-22 06:00:10,0,1,2,25.7,3809.9,40001.0,17132.5,63189.8,24.8,0,
2017-12-22 06:00:13,0,1,2,25.7,3810.6,40001.2,17132.5,63189.8,24.8,0,
2017-12-22 06:00:17,0,1,2,25.8,3811.3,40000.8,17199.1,63443.9,24.8,0,
2017-12-22 06:00:20,0,1,2,25.8,3812.0,40000.5,17199.1,63443.9,24.8,0,
2017-12-22 06:00:23,0,1,2,25.9,3812.7,40001.0,17265.8,63698.1,24.8,0,
2017-12-22 06:00:26,0,1,2,25.9,3813.3,40001.0,17265.8,63698.1,24.8,0,
2017-12-22 06:00:29,0,1,2,26.0,3814.0,40001.1,17332.5,63952.4,24.8,0,
2017-12-22 06:00:32,0,1,2,26.0,3814.6,40001.3,17332.5,63952.4,24.8,0,
2017-12-22 06:00:36,0,1,2,26.1,3815.5,40001.0,17399.2,64206.7,24.8,0,
2017-12-22 06:00:39,0,1,2,26.1,3816.1,40001.2,17399.2,64206.7,24.8,0,
2017-12-22 06:00:42,0,1,2,26.2,3816.8,40000.3,17465.8,64461.2,24.8,0,
2017-12-22 06:00:45,0,1,2,26.2,3817.5,40001.0,17465.8,64461.2,24.8,0,
2017-12-22 06:00:48,0,1,2,26.3,3818.3,40001.0,17532.5,64715.7,24.8,0,
2017-12-22 06:00:51,0,1,2,26.3,3819.0,40001.0,17532.5,64715.7,24.8,0,
2017-12-22 06:00:54,0,1,2,26.4,3819.6,40001.1,17599.2,64970.3,24.8,0,
2017-12-22 06:00:57,0,1,2,26.5,3820.3,40001.0,17665.8,65225.0,24.8,0,
2017-12-22 06:01:01,0,1,2,26.5,3821.1,40000.8,17665.8,65225.0,24.8,0,
2017-12-22 06:01:04,0,1,2,26.6,3821.7,40001.2,17732.5,65479.8,24.8,0,
2017-12-22 06:01:07,0,1,2,26.6,3822.6,40001.3,17732.5,65479.8,24.8,0,
2017-12-22 06:01:10,0,1,2,26.7,3823.3,40000.8,17799.2,65734.7,24.8,0,
2017-12-22 06:01:14,0,1,2,26.7,3824.0,40000.6,17799.2,65734.7,24.8,0,
2017-12-22 06:01:17,0,1,2,26.8,3824.8,40000.8,17865.8,65989.7,24.8,0,
2017-12-22 06:01:20,0,1,2,26.8,3825.4,40001.3,17865.8,65989.7,24.8,0,
2017-12-22 06:01:23,0,1,2,26.9,3826.3,40001.5,17932.5,66244.7,24.8,0,
2017-12-22 06:01:26,0,1,2,26.9,3826.9,40001.3,17932.5,66244.7,24.8,0,
2017-12-22 06:01:29,0,1,2,27.0,3827.5,40001.8,17999.2,66499.9,24.8,0,
2017-12-22 06:01:32,0,1,2,27.0,3828.3,40001.8,17999.2,66499.9,24.8,0,
2017-12-22 06:01:36,0,1,2,27.1,3829.1,40001.9,18065.9,66755.2,24.8,0,
2017-12-22 06:01:39,0,1,2,27.1,3829.9,40001.9,18065.9,66755.2,24.8,0,
2017-12-22 06:01:42,0,1,2,27.2,3830.6,40001.5,18132.5,67010.5,24.8,0,
2017-12-22 06:01:45,0,1,2,27.2,3831.2,40001.8,18132.5,67010.5,24.9,0,
2017-12-22 06:01:48,0,1,2,27.3,3832.0,40001.8,18199.2,67266.0,24.9,0,
2017-12-22 06:01:51,0,1,2,27.3,3833.0,40001.8,18199.2,67266.0,24.9,0,
2017-12-22 06:01:55,0,1,2,27.4,3833.6,40001.7,18265.9,67521.5,24.9,0,
2017-12-22 06:01:58,0,1,2,27.5,3834.5,40001.8,18332.6,67777.2,24.9,0,
2017-12-22 06:02:01,0,1,2,27.5,3835.2,40001.7,18332.6,67777.2,24.9,0,
2017-12-22 06:02:04,0,1,2,27.6,3835.9,40001.7,18399.2,68032.9,24.9,0,
2017-12-22 06:02:07,0,1,2,27.6,3836.8,40001.0,18399.2,68032.9,24.9,0,
2017-12-22 06:02:10,0,1,2,27.7,3837.6,40001.0,18465.9,68288.8,24.9,0,
2017-12-22 06:02:14,0,1,2,27.7,3838.2,40001.5,18465.9,68288.8,24.9,0,
2017-12-22 06:02:17,0,1,2,27.8,3839.0,40001.0,18532.6,68544.7,24.9,0,
2017-12-22 06:02:20,0,1,2,27.8,3839.8,40001.0,18532.6,68544.7,24.9,0,
2017-12-22 06:02:23,0,1,2,27.9,3840.6,40001.5,18599.2,68800.7,24.9,0,
2017-12-22 06:02:26,0,1,2,27.9,3841.3,40000.9,18599.2,68800.7,24.9,0,
2017-12-22 06:02:29,0,1,2,28.0,3842.1,40001.0,18665.9,69056.8,24.9,0,
2017-12-22 06:02:32,0,1,2,28.0,3842.9,40001.0,18665.9,69056.8,24.9,0,
2017-12-22 06:02:35,0,1,2,28.1,3843.6,40001.2,18732.6,69313.0,25.0,0,
2017-12-22 06:02:38,0,1,2,28.1,3844.5,40001.2,18732.6,69313.0,25.0,0,
2017-12-22 06:02:41,0,1,2,28.2,3845.1,40001.1,18799.2,69569.4,25.0,0,
2017-12-22 06:02:44,0,1,2,28.2,3845.8,40001.1,18799.2,69569.4,25.0,0,
2017-12-22 06:02:47,0,1,2,28.3,3846.8,40001.2,18865.9,69825.8,25.0,0,
2017-12-22 06:02:51,0,1,2,28.3,3847.6,40001.1,18865.9,69825.8,25.0,0,
2017-12-22 06:02:54,0,1,2,28.4,3848.5,40001.1,18932.6,70082.3,25.0,0,
2017-12-22 06:02:57,0,1,2,28.4,3849.1,40001.1,18932.6,70082.3,25.0,0,
2017-12-22 06:03:00,0,1,2,28.5,3850.0,40001.1,18999.3,70338.9,25.0,0,
2017-12-22 06:03:03,0,1,2,28.5,3850.8,40001.3,18999.3,70338.9,25.0,0,
2017-12-22 06:03:06,0,1,2,28.6,3851.5,40001.3,19065.9,70595.7,25.0,0,
2017-12-22 06:03:09,0,1,2,28.6,3852.3,40001.1,19065.9,70595.7,24.9,0,
2017-12-22 06:03:12,0,1,2,28.7,3853.3,40001.0,19132.6,70852.5,24.9,0,
2017-12-22 06:03:16,0,1,2,28.8,3854.0,40001.3,19199.3,71109.5,24.9,0,
2017-12-22 06:03:19,0,1,2,28.8,3855.0,40001.5,19199.3,71109.5,24.8,0,
2017-12-22 06:03:22,0,1,2,28.9,3855.6,40001.0,19265.9,71366.5,24.8,0,
2017-12-22 06:03:25,0,1,2,28.9,3856.6,40000.8,19265.9,71366.5,24.8,0,
2017-12-22 06:03:28,0,1,2,29.0,3857.4,40001.2,19332.6,71623.7,24.8,0,
2017-12-22 06:03:31,0,1,2,29.0,3858.1,40000.5,19332.6,71623.7,24.8,0,
2017-12-22 06:03:34,0,1,2,29.1,3859.0,40001.0,19399.3,71880.9,24.8,0,
2017-12-22 06:03:38,0,1,2,29.1,3859.8,40001.0,19399.3,71880.9,24.8,0,
2017-12-22 06:03:41,0,1,2,29.2,3860.7,40001.1,19465.9,72138.3,24.8,0,
2017-12-22 06:03:44,0,1,2,29.2,3861.4,40001.3,19465.9,72138.3,24.9,0,
2017-12-22 06:03:47,0,1,2,29.3,3862.4,40000.5,19532.6,72395.8,24.8,0,
2017-12-22 06:03:50,0,1,2,29.3,3863.0,40000.7,19532.6,72395.8,24.9,0,
2017-12-22 06:03:53,0,1,2,29.4,3863.9,40001.2,19599.3,72653.4,24.9,0,
2017-12-22 06:03:56,0,1,2,29.4,3864.9,40001.0,19599.3,72653.4,24.9,0,
2017-12-22 06:03:59,0,1,2,29.5,3865.8,40001.0,19666.0,72911.1,24.9,0,
2017-12-22 06:04:02,0,1,2,29.5,3866.4,40001.7,19666.0,72911.1,24.9,0,
2017-12-22 06:04:05,0,1,2,29.6,3867.3,40001.0,19732.6,73168.9,24.9,0,
2017-12-22 06:04:08,0,1,2,29.6,3868.2,40000.4,19732.6,73168.9,24.9,0,
2017-12-22 06:04:12,0,1,2,29.7,3869.0,40001.3,19799.3,73426.8,24.9,0,
2017-12-22 06:04:15,0,1,2,29.7,3870.0,40001.0,19799.3,73426.8,24.9,0,
2017-12-22 06:04:18,0,1,2,29.8,3870.9,40001.3,19866.0,73684.8,24.9,0,
2017-12-22 06:04:21,0,1,2,29.8,3871.9,40001.5,19866.0,73684.8,25.0,0,
2017-12-22 06:04:24,0,1,2,29.9,3872.6,40001.5,19932.6,73943.0,25.0,0,
2017-12-22 06:04:27,0,1,2,30.0,3873.6,40001.8,19999.3,74201.2,25.0,0,
2017-12-22 06:04:30,0,1,2,30.0,3874.5,40001.1,19999.3,74201.2,25.0,0,
2017-12-22 06:04:34,0,1,2,30.1,3875.4,40001.0,20066.0,74459.6,25.0,0,
2017-12-22 06:04:37,0,1,2,30.1,3876.1,40001.7,20066.0,74459.6,25.0,0,
2017-12-22 06:04:40,0,1,2,30.2,3876.9,40001.7,20132.6,74718.1,25.0,0,
2017-12-22 06:04:43,0,1,2,30.2,3877.7,40001.7,20132.6,74718.1,25.0,0,
2017-12-22 06:04:46,0,1,2,30.3,3878.7,40001.9,20199.3,74976.6,25.0,0,
2017-12-22 06:04:49,0,1,2,30.3,3879.6,40000.8,20199.3,74976.6,25.0,0,
2017-12-22 06:04:52,0,1,2,30.4,3880.4,40001.2,20266.0,75235.4,25.0,0,
2017-12-22 06:04:55,0,1,2,30.4,3881.4,40001.0,20266.0,75235.4,25.0,0,
2017-12-22 06:04:58,0,1,2,30.5,3882.3,40001.3,20332.7,75494.2,25.0,0,
2017-12-22 06:05:01,0,1,2,30.5,3883.3,40001.7,20332.7,75494.2,25.0,0,
2017-12-22 06:05:05,0,1,2,30.6,3884.1,40001.7,20399.3,75753.1,25.0,0,
2017-12-22 06:05:08,0,1,2,30.6,3885.1,40001.3,20399.3,75753.1,24.9,0,
2017-12-22 06:05:11,0,1,2,30.7,3886.1,40001.7,20466.0,76012.2,24.9,0,
2017-12-22 06:05:14,0,1,2,30.7,3887.0,40001.5,20466.0,76012.2,25.0,0,
2017-12-22 06:05:17,0,1,2,30.8,3887.9,40001.4,20532.7,76271.3,24.9,0,
2017-12-22 06:05:20,0,1,2,30.8,3888.6,40001.5,20532.7,76271.3,24.9,0,
2017-12-22 06:05:24,0,1,2,30.9,3889.8,40001.5,20599.3,76530.6,25.0,0,
2017-12-22 06:05:27,0,1,2,30.9,3890.7,40001.8,20599.3,76530.6,25.0,0,
2017-12-22 06:05:30,0,1,2,31.0,3891.5,40001.5,20666.0,76790.0,25.0,0,
2017-12-22 06:05:33,0,1,2,31.0,3892.4,40001.5,20666.0,76790.0,25.0,0,
2017-12-22 06:05:36,0,1,2,31.1,3893.2,40001.9,20732.7,77049.6,25.0,0,
2017-12-22 06:05:39,0,1,2,31.1,3894.1,40002.2,20732.7,77049.6,25.0,0,
2017-12-22 06:05:42,0,1,2,31.2,3895.2,40003.4,20799.4,77309.2,25.0,0,
2017-12-22 06:05:45,0,1,2,31.2,3896.1,40002.1,20799.4,77309.2,25.0,0,
2017-12-22 06:05:48,0,1,2,31.3,3897.1,40001.8,20866.0,77569.0,24.9,0,
2017-12-22 06:05:51,0,1,2,31.4,3897.8,40003.4,20932.7,77828.8,25.0,0,
2017-12-22 06:05:54,0,1,2,31.4,3898.9,40002.6,20932.7,77828.8,24.9,0,
2017-12-22 06:05:57,0,1,2,31.5,3899.9,40002.4,20999.4,78088.9,24.9,0,
2017-12-22 06:06:01,0,1,2,31.5,3900.2,39204.1,20999.4,78088.9,24.9,0,
2017-12-22 06:06:04,0,1,2,31.6,3900.0,38123.9,21063.1,78337.4,24.9,0,
2017-12-22 06:06:07,0,1,2,31.6,3899.9,37270.8,21063.1,78337.4,25.0,0,
2017-12-22 06:06:10,0,1,2,31.7,3900.1,36550.1,21124.1,78575.4,25.0,0,
2017-12-22 06:06:13,0,1,2,31.7,3900.1,35805.2,21124.1,78575.4,25.0,0,
2017-12-22 06:06:16,0,1,2,31.8,3900.0,35184.1,21182.9,78804.7,25.0,0,
2017-12-22 06:06:19,0,1,2,31.8,3899.9,34400.5,21182.9,78804.7,25.0,0,
2017-12-22 06:06:22,0,1,2,31.9,3900.0,33885.4,21239.5,79025.5,25.0,0,
2017-12-22 06:06:25,0,1,2,31.9,3900.0,33379.5,21239.5,79025.5,25.0,0,
2017-12-22 06:06:29,0,1,2,32.0,3900.0,32720.7,21294.4,79239.2,25.0,0,
2017-12-22 06:06:32,0,1,2,32.0,3900.0,32147.6,21294.4,79239.2,25.0,0,
2017-12-22 06:06:35,0,1,2,32.1,3900.1,31590.9,21347.3,79445.6,25.0,0,
2017-12-22 06:06:38,0,1,2,32.1,3900.0,31061.3,21347.3,79445.6,25.0,0,
2017-12-22 06:06:41,0,1,2,32.2,3900.0,30502.6,21398.6,79645.9,25.0,0,
2017-12-22 06:06:44,0,1,2,32.2,3900.0,30049.1,21398.6,79645.9,25.0,0,
2017-12-22 06:06:47,0,1,2,32.3,3900.1,29597.3,21448.3,79839.7,25.0,0,
2017-12-22 06:06:50,0,1,2,32.3,3900.0,29230.3,21448.3,79839.7,25.0,0,
2017-12-22 06:06:53,0,1,2,32.4,3900.0,28721.9,21496.6,80027.8,25.0,0,
2017-12-22 06:06:56,0,1,2,32.4,3899.9,28293.4,21496.6,80027.8,25.0,0,
2017-12-22 06:07:00,0,1,2,32.5,3900.0,27814.6,21543.5,80210.9,25.0,0,
2017-12-22 06:07:03,0,1,2,32.5,3900.1,27385.2,21543.5,80210.9,25.0,0,
2017-12-22 06:07:06,0,1,2,32.6,3899.9,26840.6,21589.0,80388.4,25.0,0,
2017-12-22 06:07:09,0,1,2,32.6,3900.1,26507.8,21589.0,80388.4,25.0,0,
2017-12-22 06:07:12,0,1,2,32.7,3899.9,26047.2,21633.1,80560.4,25.0,0,
2017-12-22 06:07:16,0,1,2,32.8,3899.9,25657.9,21675.9,80727.2,25.0,0,
2017-12-22 06:07:19,0,1,2,32.8,3900.1,25211.2,21675.9,80727.2,25.0,0,
2017-12-22 06:07:22,0,1,2,32.9,3899.9,24843.4,21717.5,80889.4,25.0,0,
2017-12-22 06:07:25,0,1,2,32.9,3899.9,24401.2,21717.5,80889.4,25.0,0,
2017-12-22 06:07:28,0,1,2,33.0,3900.0,24219.1,21757.8,81046.8,25.0,0,
2017-12-22 06:07:32,0,1,2,33.0,3899.9,23738.7,21757.8,81046.8,25.0,0,
2017-12-22 06:07:35,0,1,2,33.1,3900.0,23325.1,21797.0,81199.6,25.0,0,
2017-12-22 06:07:38,0,1,2,33.1,3900.2,22977.4,21797.0,81199.6,25.0,0,
2017-12-22 06:07:41,0,1,2,33.2,3899.9,22576.5,21835.0,81347.8,25.0,0,
2017-12-22 06:07:44,0,1,2,33.2,3899.9,22240.6,21835.0,81347.8,25.0,0,
2017-12-22 06:07:48,0,1,2,33.3,3899.9,21961.8,21871.9,81491.7,25.0,0,
2017-12-22 06:07:51,0,1,2,33.3,3900.1,21577.9,21871.9,81491.7,25.0,0,
2017-12-22 06:07:54,0,1,2,33.4,3899.9,21256.5,21907.7,81631.2,25.0,0,
2017-12-22 06:07:57,0,1,2,33.4,3900.1,20886.6,21907.7,81631.2,24.9,0,
2017-12-22 06:08:00,0,1,2,33.5,3900.0,20573.4,21942.4,81766.6,24.9,0,
2017-12-22 06:08:03,0,1,2,33.5,3899.9,20215.1,21942.4,81766.6,24.9,0,
2017-12-22 06:08:06,0,1,2,33.6,3900.0,19971.5,21976.1,81898.0,24.9,0,
2017-12-22 06:08:09,0,1,2,33.7,3900.0,19663.5,22008.9,82025.8,24.9,0,
2017-12-22 06:08:12,0,1,2,33.7,3900.1,19368.1,22008.9,82025.8,24.9,0,
2017-12-22 06:08:16,0,1,2,33.8,3900.0,19078.3,22040.7,82149.9,24.9,0,
2017-12-22 06:08:19,0,1,2,33.8,3899.9,18793.9,22040.7,82149.9,24.9,0,
2017-12-22 06:08:22,0,1,2,33.9,3899.9,18465.7,22071.5,82270.0,24.9,0,
2017-12-22 06:08:25,0,1,2,33.9,3899.9,18235.1,22071.5,82270.0,24.9,0,
2017-12-22 06:08:28,0,1,2,34.0,3900.1,17971.7,22101.5,82387.0,24.8,0,
2017-12-22 06:08:31,0,1,2,34.0,3899.9,17738.5,22101.5,82387.0,24.8,0,
2017-12-22 06:08:34,0,1,2,34.1,3899.9,17475.3,22130.7,82500.9,24.9,0,
2017-12-22 06:08:38,0,1,2,34.1,3900.0,17136.2,22130.7,82500.9,24.9,0,
2017-12-22 06:08:41,0,1,2,34.2,3900.0,16870.7,22159.0,82611.4,24.9,0,
2017-12-22 06:08:44,0,1,2,34.2,3900.1,16701.7,22159.0,82611.4,24.9,0,
2017-12-22 06:08:47,0,1,2,34.3,3900.1,16409.5,22186.6,82718.8,24.9,0,
2017-12-22 06:08:50,0,1,2,34.3,3900.0,16205.5,22186.6,82718.8,24.9,0,
2017-12-22 06:08:53,0,1,2,34.4,3900.1,15970.5,22213.4,82823.4,24.9,0,
2017-12-22 06:08:56,0,1,2,34.4,3900.0,15763.3,22213.4,82823.4,25.0,0,
2017-12-22 06:09:00,0,1,2,34.5,3900.1,15528.3,22239.4,82925.1,25.0,0,
2017-12-22 06:09:03,0,1,2,34.5,3899.8,15186.0,22239.4,82925.1,25.0,0,
2017-12-22 06:09:06,0,1,2,34.6,3900.0,14960.4,22264.7,83023.5,25.0,0,
2017-12-22 06:09:09,0,1,2,34.6,3899.9,14765.7,22264.7,83023.5,25.0,0,
2017-12-22 06:09:12,0,1,2,34.7,3899.9,14508.3,22289.3,83119.5,25.0,0,
2017-12-22 06:09:16,0,1,2,34.8,3900.1,14327.0,22313.2,83212.6,24.9,0,
2017-12-22 06:09:19,0,1,2,34.8,3899.9,14119.5,22313.2,83212.6,24.9,0,
2017-12-22 06:09:22,0,1,2,34.9,3899.9,13943.0,22336.6,83303.9,24.9,0,
2017-12-22 06:09:25,0,1,2,34.9,3899.9,13657.8,22336.6,83303.9,24.9,0,
2017-12-22 06:09:28,0,1,2,35.0,3899.9,13486.2,22359.1,83391.8,24.9,0,
2017-12-22 06:09:31,0,1,2,35.0,3900.1,13352.1,22359.1,83391.8,24.9,0,
2017-12-22 06:09:34,0,1,2,35.1,3900.1,13152.1,22381.2,83478.0,24.9,0,
2017-12-22 06:09:38,0,1,2,35.1,3900.0,12857.5,22381.2,83478.0,24.9,0,
2017-12-22 06:09:41,0,1,2,35.2,3899.9,12727.6,22402.5,83560.9,24.9,0,
2017-12-22 06:09:44,0,1,2,35.2,3900.1,12568.8,22402.5,83560.9,24.8,0,
2017-12-22 06:09:47,0,1,2,35.3,3900.1,12411.9,22423.3,83642.0,24.9,0,
2017-12-22 06:09:50,0,1,2,35.3,3900.0,12225.8,22423.3,83642.0,24.8,0,
2017-12-22 06:09:53,0,1,2,35.4,3900.0,12010.8,22443.4,83720.5,24.9,0,
2017-12-22 06:09:57,0,1,2,35.4,3900.0,11860.3,22443.4,83720.5,24.9,0,
2017-12-22 06:10:00,0,1,2,35.5,3900.1,11652.2,22463.1,83797.2,24.9,0,
2017-12-22 06:10:03,0,1,2,35.5,3900.0,11450.4,22463.1,83797.2,24.9,0,
2017-12-22 06:10:06,0,1,2,35.6,3900.1,11309.5,22482.2,83871.6,24.8,0,
2017-12-22 06:10:09,0,1,2,35.6,3899.9,11165.0,22482.2,83871.6,24.9,0,
2017-12-22 06:10:13,0,1,2,35.7,3899.8,10996.9,22500.8,83944.2,24.8,0,
2017-12-22 06:10:15,0,1,2,35.8,3899.9,10832.3,22518.8,84014.6,24.8,0,
2017-12-22 06:10:18,0,1,2,35.8,3899.9,10675.6,22518.8,84014.6,24.8,0,
2017-12-22 06:10:22,0,1,2,35.9,3900.0,10563.6,22536.4,84083.2,24.8,0,
2017-12-22 06:10:25,0,1,2,35.9,3900.0,10404.7,22536.4,84083.2,24.8,0,
2017-12-22 06:10:28,0,1,2,36.0,3900.0,10227.9,22553.5,84149.9,24.8,0,
2017-12-22 06:10:31,0,1,2,36.0,3899.9,10069.3,22553.5,84149.9,24.8,0,
2017-12-22 06:10:33,0,1,2,36.0,3900.1,10000.0,22553.5,84149.9,24.8,5,终止电流到
2017-12-22 06:10:34,0,1,2,36.1,3892.0,7.7,22553.5,84149.9,24.8,5,终止电流到
2017-12-22 06:10:37,0,1,2,36.1,3890.7,7.7,22553.5,84149.9,24.8,5,终止电流到
2017-12-22 06:10:40,0,1,2,36.2,3889.8,7.3,22553.5,84150.0,24.8,5,终止电流到
2017-12-22 06:10:43,0,1,2,36.2,3888.9,7.6,22553.5,84150.0,24.8,5,终止电流到
2017-12-22 06:10:46,0,1,2,36.3,3888.2,7.2,22553.5,84150.0,24.8,5,终止电流到
2017-12-22 06:10:50,0,1,2,36.3,3887.7,7.3,22553.5,84150.0,24.8,5,终止电流到
2017-12-22 06:10:53,0,1,2,36.4,3887.4,7.0,22553.6,84150.1,24.8,5,终止电流到
2017-12-22 06:10:56,0,1,2,36.4,3886.9,6.7,22553.6,84150.1,24.8,5,终止电流到
2017-12-22 06:10:59,0,1,2,36.5,3886.5,6.9,22553.6,84150.1,24.8,5,终止电流到
2017-12-22 06:11:02,0,1,2,36.5,3886.2,6.8,22553.6,84150.1,24.8,5,终止电流到
2017-12-22 06:11:07,0,2,3,0.0,3885.7,0,0.0,0.0,24.8,0,
2017-12-22 06:11:30,0,2,3,0.4,3884.4,27.1,0.0,0.0,24.8,0,
2017-12-22 06:11:33,0,2,3,0.4,3884.2,27.3,0.0,0.0,24.7,0,
2017-12-22 06:11:36,0,2,3,0.5,3884.2,27.5,0.0,0.0,24.8,0,
2017-12-22 06:11:39,0,2,3,0.5,3884.1,26.6,0.0,0.0,24.8,0,
2017-12-22 06:11:42,0,2,3,0.6,3883.9,27.5,0.0,0.0,24.8,0,
2017-12-22 06:11:45,0,2,3,0.6,3883.8,27.8,0.0,0.0,24.8,0,
2017-12-22 06:11:49,0,2,3,0.7,3883.6,27.2,0.0,0.0,24.8,0,
2017-12-22 06:11:52,0,2,3,0.7,3883.6,27.8,0.0,0.0,24.8,0,
2017-12-22 06:11:55,0,2,3,0.8,3883.4,27.7,0.0,0.0,24.8,0,
2017-12-22 06:11:58,0,2,3,0.8,3883.3,27.8,0.0,0.0,24.8,0,
2017-12-22 06:12:01,0,2,3,0.9,3883.4,27.6,0.0,0.0,24.8,0,
2017-12-22 06:12:04,0,2,3,0.9,3883.3,27.2,0.0,0.0,24.8,0,
2017-12-22 06:12:07,0,2,3,1.0,3883.2,27.2,0.0,0.0,24.7,0,
2017-12-22 06:12:08,0,2,3,1.0,3883.2,27.6,0.0,0.0,24.8,1,时间到
2017-12-22 06:12:12,0,3,4,0.0,3882.9,0,0.0,0.0,24.8,0,
2017-12-22 06:12:34,0,3,4,0.4,3830.9,-39999.0,266.7,1023.9,24.7,0,
2017-12-22 06:12:38,0,3,4,0.4,3828.5,-39998.8,266.7,1023.9,24.8,0,
2017-12-22 06:12:41,0,3,4,0.5,3826.2,-39998.2,333.3,1279.0,24.8,0,
2017-12-22 06:12:44,0,3,4,0.5,3824.0,-39997.6,333.3,1279.0,24.7,0,
2017-12-22 06:12:47,0,3,4,0.6,3822.0,-40000.7,400.0,1533.8,24.7,0,
2017-12-22 06:12:50,0,3,4,0.6,3819.9,-40000.7,400.0,1533.8,24.7,0,
2017-12-22 06:12:53,0,3,4,0.7,3818.2,-39999.8,466.6,1788.4,24.8,0,
2017-12-22 06:12:56,0,3,4,0.7,3816.3,-39999.8,466.6,1788.4,24.8,0,
2017-12-22 06:13:00,0,3,4,0.8,3814.6,-39999.7,533.3,2042.8,24.8,0,
2017-12-22 06:13:03,0,3,4,0.8,3813.1,-39999.0,533.3,2042.8,24.8,0,
2017-12-22 06:13:06,0,3,4,0.9,3811.4,-39999.3,600.0,2296.9,24.8,0,
2017-12-22 06:13:09,0,3,4,0.9,3810.0,-39998.5,600.0,2296.9,24.8,0,
2017-12-22 06:13:12,0,3,4,1.0,3808.3,-39998.5,666.6,2550.9,24.8,0,
2017-12-22 06:13:15,0,3,4,1.0,3806.8,-39998.2,666.6,2550.9,24.8,0,
2017-12-22 06:13:18,0,3,4,1.1,3805.3,-39998.0,733.3,2804.6,24.8,0,
2017-12-22 06:13:22,0,3,4,1.1,3803.9,-39998.5,733.3,2804.6,24.8,0,
2017-12-22 06:13:25,0,3,4,1.2,3802.5,-39998.0,800.0,3058.2,24.8,0,
2017-12-22 06:13:28,0,3,4,1.2,3801.2,-39997.8,800.0,3058.2,24.7,0,
2017-12-22 06:13:31,0,3,4,1.3,3799.8,-39997.7,866.6,3311.5,24.8,0,
2017-12-22 06:13:34,0,3,4,1.3,3798.3,-39998.0,866.6,3311.5,24.8,0,
2017-12-22 06:13:37,0,3,4,1.4,3797.0,-40000.2,933.3,3564.7,24.8,0,
2017-12-22 06:13:40,0,3,4,1.5,3795.6,-40000.3,999.9,3817.8,24.8,0,
2017-12-22 06:13:44,0,3,4,1.5,3794.4,-40000.4,999.9,3817.8,24.8,0,
2017-12-22 06:13:47,0,3,4,1.6,3793.0,-40000.7,1066.6,4070.7,24.8,0,
2017-12-22 06:13:50,0,3,4,1.6,3791.6,-39999.9,1066.6,4070.7,24.8,0,
2017-12-22 06:13:53,0,3,4,1.7,3790.3,-40000.5,1133.3,4323.4,24.8,0,
2017-12-22 06:13:56,0,3,4,1.7,3789.0,-40000.2,1133.3,4323.4,24.7,0,
2017-12-22 06:14:00,0,3,4,1.8,3787.6,-39999.9,1199.9,4575.9,24.7,0,
2017-12-22 06:14:03,0,3,4,1.8,3786.3,-40000.3,1199.9,4575.9,24.8,0,
2017-12-22 06:14:06,0,3,4,1.9,3784.8,-39999.9,1266.6,4828.3,24.7,0,
2017-12-22 06:14:09,0,3,4,1.9,3783.6,-40000.0,1266.6,4828.3,24.8,0,
2017-12-22 06:14:12,0,3,4,2.0,3782.3,-39999.5,1333.3,5080.5,24.8,0,
2017-12-22 06:14:15,0,3,4,2.0,3781.0,-40000.0,1333.3,5080.5,24.7,0,
2017-12-22 06:14:18,0,3,4,2.1,3779.7,-39999.7,1399.9,5332.5,24.8,0,
2017-12-22 06:14:22,0,3,4,2.1,3778.4,-39999.7,1399.9,5332.5,24.7,0,
2017-12-22 06:14:25,0,3,4,2.2,3777.1,-40000.0,1466.6,5584.4,24.7,0,
2017-12-22 06:14:28,0,3,4,2.2,3775.8,-39999.7,1466.6,5584.4,24.8,0,
2017-12-22 06:14:31,0,3,4,2.3,3774.6,-39999.4,1533.3,5836.1,24.8,0,
2017-12-22 06:14:34,0,3,4,2.3,3773.2,-39999.5,1533.3,5836.1,24.8,0,
2017-12-22 06:14:37,0,3,4,2.4,3771.9,-39999.5,1599.9,6087.6,24.8,0,
2017-12-22 06:14:40,0,3,4,2.5,3770.7,-39999.7,1666.6,6339.0,24.8,0,
2017-12-22 06:14:44,0,3,4,2.5,3769.5,-39999.3,1666.6,6339.0,24.8,0,
2017-12-22 06:14:47,0,3,4,2.6,3768.1,-39999.5,1733.3,6590.2,24.8,0,
2017-12-22 06:14:50,0,3,4,2.6,3767.0,-39999.3,1733.3,6590.2,24.8,0,
2017-12-22 06:14:53,0,3,4,2.7,3765.6,-39999.5,1799.9,6841.3,24.8,0,
2017-12-22 06:14:56,0,3,4,2.7,3764.4,-39999.3,1799.9,6841.3,24.8,0,
2017-12-22 06:14:59,0,3,4,2.8,3763.2,-39999.5,1866.6,7092.2,24.8,0,
2017-12-22 06:15:02,0,3,4,2.8,3762.0,-39999.2,1866.6,7092.2,24.8,0,
2017-12-22 06:15:05,0,3,4,2.9,3760.8,-39999.6,1933.3,7342.9,24.8,0,
2017-12-22 06:15:09,0,3,4,2.9,3759.4,-39999.3,1933.3,7342.9,24.8,0,
2017-12-22 06:15:12,0,3,4,3.0,3758.1,-39999.0,1999.9,7593.5,24.8,0,
2017-12-22 06:15:15,0,3,4,3.0,3757.0,-39999.2,1999.9,7593.5,24.8,0,
2017-12-22 06:15:18,0,3,4,3.1,3755.8,-39999.1,2066.6,7843.9,24.8,0,
2017-12-22 06:15:21,0,3,4,3.1,3754.4,-39999.3,2066.6,7843.9,24.8,0,
2017-12-22 06:15:24,0,3,4,3.2,3753.3,-39999.5,2133.3,8094.2,24.8,0,
2017-12-22 06:15:27,0,3,4,3.2,3752.1,-39999.2,2133.3,8094.2,24.8,0,
2017-12-22 06:15:31,0,3,4,3.3,3750.9,-39999.5,2199.9,8344.3,24.8,0,
2017-12-22 06:15:34,0,3,4,3.3,3749.6,-39999.3,2199.9,8344.3,24.7,0,
2017-12-22 06:15:37,0,3,4,3.4,3748.5,-39999.2,2266.6,8594.2,24.8,0,
2017-12-22 06:15:40,0,3,4,3.4,3747.2,-39999.6,2266.6,8594.2,24.8,0,
2017-12-22 06:15:43,0,3,4,3.5,3746.1,-39999.2,2333.3,8844.0,24.8,0,
2017-12-22 06:15:46,0,3,4,3.6,3744.8,-39999.0,2399.9,9093.7,24.8,0,
2017-12-22 06:15:49,0,3,4,3.6,3743.8,-39999.1,2399.9,9093.7,24.8,0,
2017-12-22 06:15:53,0,3,4,3.7,3742.4,-40000.0,2466.6,9343.2,24.8,0,
2017-12-22 06:15:56,0,3,4,3.7,3741.2,-39999.2,2466.6,9343.2,24.8,0,
2017-12-22 06:15:59,0,3,4,3.8,3740.2,-39999.5,2533.2,9592.5,24.8,0,
2017-12-22 06:16:02,0,3,4,3.8,3739.0,-39999.3,2533.2,9592.5,24.8,0,
2017-12-22 06:16:05,0,3,4,3.9,3737.8,-39999.3,2599.9,9841.7,24.8,0,
2017-12-22 06:16:08,0,3,4,3.9,3736.6,-39999.5,2599.9,9841.7,24.8,0,
2017-12-22 06:16:11,0,3,4,4.0,3735.6,-39998.5,2666.6,10090.8,24.8,0,
2017-12-22 06:16:15,0,3,4,4.0,3734.4,-39999.2,2666.6,10090.8,24.8,0,
2017-12-22 06:16:18,0,3,4,4.1,3733.2,-39998.6,2733.2,10339.7,24.8,0,
2017-12-22 06:16:21,0,3,4,4.1,3732.2,-39999.2,2733.2,10339.7,24.7,0,
2017-12-22 06:16:24,0,3,4,4.2,3731.0,-39998.8,2799.9,10588.4,24.8,0,
2017-12-22 06:16:27,0,3,4,4.2,3729.9,-39999.0,2799.9,10588.4,24.8,0,
2017-12-22 06:16:30,0,3,4,4.3,3728.8,-39999.0,2866.6,10837.1,24.8,0,
2017-12-22 06:16:33,0,3,4,4.3,3727.8,-39999.2,2866.6,10837.1,24.8,0,
2017-12-22 06:16:37,0,3,4,4.4,3726.6,-39999.0,2933.2,11085.5,24.8,0,
2017-12-22 06:16:40,0,3,4,4.4,3725.5,-39999.0,2933.2,11085.5,24.8,0,
2017-12-22 06:16:43,0,3,4,4.5,3724.6,-39999.0,2999.9,11333.9,24.8,0,
2017-12-22 06:16:46,0,3,4,4.5,3723.4,-39999.0,2999.9,11333.9,24.8,0,
2017-12-22 06:16:49,0,3,4,4.6,3722.3,-39999.4,3066.5,11582.1,24.8,0,
2017-12-22 06:16:52,0,3,4,4.6,3721.2,-39998.8,3066.5,11582.1,24.8,0,
2017-12-22 06:16:55,0,3,4,4.7,3720.2,-39999.0,3133.2,11830.2,24.8,0,
2017-12-22 06:16:58,0,3,4,4.8,3719.2,-39998.3,3199.9,12078.1,24.8,0,
2017-12-22 06:17:02,0,3,4,4.8,3718.0,-39999.5,3199.9,12078.1,24.8,0,
2017-12-22 06:17:05,0,3,4,4.9,3717.0,-39999.5,3266.5,12325.9,24.7,0,
2017-12-22 06:17:08,0,3,4,4.9,3716.1,-39999.0,3266.5,12325.9,24.8,0,
2017-12-22 06:17:11,0,3,4,5.0,3715.1,-39999.0,3333.2,12573.6,24.7,0,
2017-12-22 06:17:14,0,3,4,5.0,3714.0,-39999.2,3333.2,12573.6,24.7,0,
2017-12-22 06:17:17,0,3,4,5.1,3713.1,-39999.1,3399.9,12821.1,24.8,0,
2017-12-22 06:17:20,0,3,4,5.1,3712.0,-39998.8,3399.9,12821.1,24.7,0,
2017-12-22 06:17:24,0,3,4,5.2,3711.1,-39999.0,3466.5,13068.6,24.7,0,
2017-12-22 06:17:27,0,3,4,5.2,3710.1,-39998.8,3466.5,13068.6,24.7,0,
2017-12-22 06:17:30,0,3,4,5.3,3709.0,-39998.8,3533.2,13315.8,24.7,0,
2017-12-22 06:17:33,0,3,4,5.3,3708.1,-39999.0,3533.2,13315.8,24.7,0,
2017-12-22 06:17:36,0,3,4,5.4,3707.2,-39999.0,3599.9,13563.0,24.7,0,
2017-12-22 06:17:39,0,3,4,5.4,3706.2,-39998.5,3599.9,13563.0,24.7,0,
2017-12-22 06:17:42,0,3,4,5.5,3705.2,-39999.0,3666.5,13810.1,24.7,0,
2017-12-22 06:17:46,0,3,4,5.5,3704.3,-39999.0,3666.5,13810.1,24.7,0,
2017-12-22 06:17:49,0,3,4,5.6,3703.4,-39999.1,3733.2,14057.0,24.7,0,
2017-12-22 06:17:52,0,3,4,5.6,3702.5,-39999.3,3733.2,14057.0,24.7,0,
2017-12-22 06:17:55,0,3,4,5.7,3701.4,-39998.7,3799.8,14303.8,24.7,0,
2017-12-22 06:17:58,0,3,4,5.7,3700.7,-39999.3,3799.8,14303.8,24.7,0,
2017-12-22 06:18:01,0,3,4,5.8,3699.5,-39999.6,3866.5,14550.5,24.7,0,
2017-12-22 06:18:04,0,3,4,5.9,3698.7,-39999.5,3933.2,14797.1,24.7,0,
2017-12-22 06:18:07,0,3,4,5.9,3697.9,-39999.4,3933.2,14797.1,24.6,0,
2017-12-22 06:18:11,0,3,4,6.0,3697.0,-39999.2,3999.8,15043.5,24.7,0,
2017-12-22 06:18:14,0,3,4,6.0,3696.1,-39999.6,3999.8,15043.5,24.7,0,
2017-12-22 06:18:17,0,3,4,6.1,3695.3,-39999.3,4066.5,15289.9,24.7,0,
2017-12-22 06:18:20,0,3,4,6.1,3694.3,-39999.3,4066.5,15289.9,24.6,0,
2017-12-22 06:18:23,0,3,4,6.2,3693.3,-39999.3,4133.2,15536.1,24.7,0,
2017-12-22 06:18:26,0,3,4,6.2,3692.6,-39999.6,4133.2,15536.1,24.6,0,
2017-12-22 06:18:29,0,3,4,6.3,3691.8,-39999.5,4199.8,15782.2,24.7,0,
2017-12-22 06:18:33,0,3,4,6.3,3690.8,-39999.7,4199.8,15782.2,24.7,0,
2017-12-22 06:18:36,0,3,4,6.4,3690.1,-39999.8,4266.5,16028.2,24.7,0,
2017-12-22 06:18:39,0,3,4,6.4,3689.2,-39999.5,4266.5,16028.2,24.6,0,
2017-12-22 06:18:42,0,3,4,6.5,3688.4,-39999.3,4333.2,16274.2,24.7,0,
2017-12-22 06:18:45,0,3,4,6.5,3687.6,-39999.7,4333.2,16274.2,24.7,0,
2017-12-22 06:18:48,0,3,4,6.6,3686.7,-39999.2,4399.8,16520.0,24.6,0,
2017-12-22 06:18:51,0,3,4,6.6,3685.7,-39999.0,4399.8,16520.0,24.6,0,
2017-12-22 06:18:54,0,3,4,6.7,3685.1,-39999.7,4466.5,16765.6,24.6,0,
2017-12-22 06:18:58,0,3,4,6.7,3684.1,-39999.4,4466.5,16765.6,24.6,0,
2017-12-22 06:19:01,0,3,4,6.8,3683.4,-39999.7,4533.2,17011.2,24.6,0,
2017-12-22 06:19:04,0,3,4,6.8,3682.6,-39999.4,4533.2,17011.2,24.6,0,
2017-12-22 06:19:07,0,3,4,6.9,3681.8,-39999.6,4599.8,17256.7,24.6,0,
2017-12-22 06:19:10,0,3,4,7.0,3681.0,-39999.5,4666.5,17502.1,24.6,0,
2017-12-22 06:19:13,0,3,4,7.0,3680.1,-39999.7,4666.5,17502.1,24.6,0,
2017-12-22 06:19:17,0,3,4,7.1,3679.3,-39999.7,4733.2,17747.4,24.6,0,
2017-12-22 06:19:20,0,3,4,7.1,3678.5,-39999.7,4733.2,17747.4,24.6,0,
2017-12-22 06:19:23,0,3,4,7.2,3677.8,-39999.7,4799.8,17992.6,24.6,0,
2017-12-22 06:19:26,0,3,4,7.2,3677.0,-39999.2,4799.8,17992.6,24.6,0,
2017-12-22 06:19:29,0,3,4,7.3,3676.2,-39999.4,4866.5,18237.7,24.6,0,
2017-12-22 06:19:32,0,3,4,7.3,3675.5,-39999.2,4866.5,18237.7,24.7,0,
2017-12-22 06:19:35,0,3,4,7.4,3674.7,-39999.2,4933.2,18482.7,24.7,0,
2017-12-22 06:19:38,0,3,4,7.4,3673.9,-39999.5,4933.2,18482.7,24.6,0,
2017-12-22 06:19:41,0,3,4,7.5,3673.2,-39999.2,4999.8,18727.6,24.6,0,
2017-12-22 06:19:45,0,3,4,7.5,3672.5,-39999.3,4999.8,18727.6,24.7,0,
2017-12-22 06:19:48,0,3,4,7.6,3671.6,-39999.3,5066.5,18972.4,24.7,0,
2017-12-22 06:19:51,0,3,4,7.6,3671.0,-39999.5,5066.5,18972.4,24.7,0,
2017-12-22 06:19:54,0,3,4,7.7,3670.2,-39999.5,5133.2,19217.1,24.7,0,
2017-12-22 06:19:57,0,3,4,7.7,3669.4,-39999.2,5133.2,19217.1,24.7,0,
2017-12-22 06:20:00,0,3,4,7.8,3668.7,-39999.5,5199.8,19461.7,24.7,0,
2017-12-22 06:20:03,0,3,4,7.8,3667.8,-39999.7,5199.8,19461.7,24.7,0,
2017-12-22 06:20:07,0,3,4,7.9,3667.2,-39999.3,5266.5,19706.2,24.7,0,
2017-12-22 06:20:10,0,3,4,7.9,3666.4,-39999.5,5266.5,19706.2,24.7,0,
2017-12-22 06:20:13,0,3,4,8.0,3665.8,-39999.2,5333.1,19950.6,24.7,0,
2017-12-22 06:20:16,0,3,4,8.1,3664.9,-39999.4,5399.8,20194.9,24.7,0,
2017-12-22 06:20:19,0,3,4,8.1,3664.2,-39999.3,5399.8,20194.9,24.7,0,
2017-12-22 06:20:23,0,3,4,8.2,3663.4,-39999.3,5466.5,20439.1,24.8,0,
2017-12-22 06:20:26,0,3,4,8.2,3662.8,-39999.1,5466.5,20439.1,24.7,0,
2017-12-22 06:20:29,0,3,4,8.3,3662.0,-39999.4,5533.1,20683.3,24.7,0,
2017-12-22 06:20:32,0,3,4,8.3,3661.2,-39999.2,5533.1,20683.3,24.7,0,
2017-12-22 06:20:35,0,3,4,8.4,3660.6,-39999.1,5599.8,20927.3,24.7,0,
2017-12-22 06:20:38,0,3,4,8.4,3659.8,-39999.2,5599.8,20927.3,24.7,0,
2017-12-22 06:20:41,0,3,4,8.5,3659.2,-39999.3,5666.5,21171.3,24.7,0,
2017-12-22 06:20:45,0,3,4,8.5,3658.5,-39999.0,5666.5,21171.3,24.7,0,
2017-12-22 06:20:48,0,3,4,8.6,3657.8,-39999.4,5733.1,21415.1,24.7,0,
2017-12-22 06:20:51,0,3,4,8.6,3657.0,-39999.3,5733.1,21415.1,24.7,0,
2017-12-22 06:20:54,0,3,4,8.7,3656.3,-39999.7,5799.8,21658.9,24.6,0,
2017-12-22 06:20:57,0,3,4,8.7,3655.7,-39999.2,5799.8,21658.9,24.7,0,
2017-12-22 06:21:00,0,3,4,8.8,3655.1,-39999.4,5866.5,21902.6,24.7,0,
2017-12-22 06:21:03,0,3,4,8.8,3654.5,-39999.2,5866.5,21902.6,24.7,0,
2017-12-22 06:21:06,0,3,4,8.9,3653.8,-39999.1,5933.1,22146.2,24.7,0,
2017-12-22 06:21:10,0,3,4,8.9,3653.1,-39999.5,5933.1,22146.2,24.7,0,
2017-12-22 06:21:13,0,3,4,9.0,3652.4,-39999.3,5999.8,22389.7,24.7,0,
2017-12-22 06:21:16,0,3,4,9.0,3651.8,-39999.7,5999.8,22389.7,24.7,0,
2017-12-22 06:21:19,0,3,4,9.1,3651.0,-39999.2,6066.4,22633.1,24.7,0,
2017-12-22 06:21:22,0,3,4,9.1,3650.4,-39999.2,6066.4,22633.1,24.7,0,
2017-12-22 06:21:25,0,3,4,9.2,3649.8,-39999.2,6133.1,22876.5,24.7,0,
2017-12-22 06:21:28,0,3,4,9.3,3649.1,-39999.2,6199.8,23119.7,24.7,0,
2017-12-22 06:21:32,0,3,4,9.3,3648.5,-39999.5,6199.8,23119.7,24.7,0,
2017-12-22 06:21:35,0,3,4,9.4,3647.8,-39999.7,6266.4,23362.9,24.7,0,
2017-12-22 06:21:38,0,3,4,9.4,3647.1,-39999.6,6266.4,23362.9,24.7,0,
2017-12-22 06:21:41,0,3,4,9.5,3646.4,-40000.1,6333.1,23606.0,24.7,0,
2017-12-22 06:21:44,0,3,4,9.5,3645.9,-39999.7,6333.1,23606.0,24.7,0,
2017-12-22 06:21:47,0,3,4,9.6,3645.1,-39999.1,6399.8,23849.1,24.7,0,
2017-12-22 06:21:51,0,3,4,9.6,3644.6,-39999.3,6399.8,23849.1,24.7,0,
2017-12-22 06:21:54,0,3,4,9.7,3644.0,-39999.4,6466.4,24092.0,24.6,0,
2017-12-22 06:21:57,0,3,4,9.7,3643.4,-39999.5,6466.4,24092.0,24.7,0,
2017-12-22 06:22:00,0,3,4,9.8,3642.7,-39999.7,6533.1,24334.9,24.7,0,
2017-12-22 06:22:03,0,3,4,9.8,3642.1,-39999.5,6533.1,24334.9,24.7,0,
2017-12-22 06:22:06,0,3,4,9.9,3641.5,-39999.3,6599.8,24577.6,24.7,0,
2017-12-22 06:22:09,0,3,4,9.9,3640.8,-39999.5,6599.8,24577.6,24.7,0,
2017-12-22 06:22:13,0,3,4,10.0,3640.2,-39999.3,6666.4,24820.3,24.7,0,
2017-12-22 06:22:16,0,3,4,10.0,3639.5,-39999.2,6666.4,24820.3,24.7,0,
2017-12-22 06:22:19,0,3,4,10.1,3638.9,-39999.2,6733.1,25063.0,24.7,0,
2017-12-22 06:22:22,0,3,4,10.1,3638.5,-39999.5,6733.1,25063.0,24.7,0,
2017-12-22 06:22:25,0,3,4,10.2,3637.7,-39999.5,6799.8,25305.5,24.7,0,
2017-12-22 06:22:28,0,3,4,10.2,3637.1,-39999.2,6799.8,25305.5,24.7,0,
2017-12-22 06:22:31,0,3,4,10.3,3636.6,-39999.4,6866.4,25548.0,24.7,0,
2017-12-22 06:22:34,0,3,4,10.4,3636.1,-39999.3,6933.1,25790.4,24.7,0,
2017-12-22 06:22:38,0,3,4,10.4,3635.5,-39999.5,6933.1,25790.4,24.7,0,
2017-12-22 06:22:41,0,3,4,10.5,3634.9,-39999.3,6999.8,26032.7,24.8,0,
2017-12-22 06:22:44,0,3,4,10.5,3634.2,-39999.5,6999.8,26032.7,24.8,0,
2017-12-22 06:22:47,0,3,4,10.6,3633.6,-40000.1,7066.4,26275.0,24.7,0,
2017-12-22 06:22:50,0,3,4,10.6,3633.1,-39999.7,7066.4,26275.0,24.7,0,
2017-12-22 06:22:53,0,3,4,10.7,3632.4,-39999.0,7133.1,26517.1,24.8,0,
2017-12-22 06:22:56,0,3,4,10.7,3631.9,-39999.3,7133.1,26517.1,24.7,0,
2017-12-22 06:23:00,0,3,4,10.8,3631.3,-39999.7,7199.7,26759.2,24.8,0,
2017-12-22 06:23:03,0,3,4,10.8,3630.6,-39999.2,7199.7,26759.2,24.8,0,
2017-12-22 06:23:06,0,3,4,10.9,3630.1,-39999.5,7266.4,27001.2,24.8,0,
2017-12-22 06:23:09,0,3,4,10.9,3629.4,-39999.5,7266.4,27001.2,24.8,0,
2017-12-22 06:23:12,0,3,4,11.0,3628.9,-39999.3,7333.1,27243.2,24.8,0,
2017-12-22 06:23:15,0,3,4,11.0,3628.3,-39999.3,7333.1,27243.2,24.8,0,
2017-12-22 06:23:18,0,3,4,11.1,3627.8,-39999.5,7399.7,27485.1,24.8,0,
2017-12-22 06:23:21,0,3,4,11.1,3627.2,-39999.9,7399.7,27485.1,24.8,0,
2017-12-22 06:23:25,0,3,4,11.2,3626.7,-39999.3,7466.4,27726.9,24.8,0,
2017-12-22 06:23:28,0,3,4,11.2,3626.0,-39999.7,7466.4,27726.9,24.7,0,
2017-12-22 06:23:31,0,3,4,11.3,3625.6,-39999.1,7533.1,27968.6,24.8,0,
2017-12-22 06:23:34,0,3,4,11.3,3624.9,-39999.5,7533.1,27968.6,24.8,0,
2017-12-22 06:23:37,0,3,4,11.4,3624.4,-39999.7,7599.7,28210.2,24.7,0,
2017-12-22 06:23:40,0,3,4,11.4,3623.7,-39999.5,7599.7,28210.2,24.8,0,
2017-12-22 06:23:43,0,3,4,11.5,3623.3,-39999.7,7666.4,28451.8,24.8,0,
2017-12-22 06:23:46,0,3,4,11.6,3622.7,-39999.5,7733.1,28693.3,24.7,0,
2017-12-22 06:23:49,0,3,4,11.6,3622.2,-39999.5,7733.1,28693.3,24.7,0,
2017-12-22 06:23:53,0,3,4,11.7,3621.5,-39999.8,7799.7,28934.7,24.8,0,
2017-12-22 06:23:56,0,3,4,11.7,3621.0,-40000.0,7799.7,28934.7,24.8,0,
2017-12-22 06:23:59,0,3,4,11.8,3620.4,-40000.0,7866.4,29176.1,24.8,0,
2017-12-22 06:24:02,0,3,4,11.8,3619.9,-39999.7,7866.4,29176.1,24.8,0,
2017-12-22 06:24:05,0,3,4,11.9,3619.3,-39999.6,7933.1,29417.4,24.8,0,
2017-12-22 06:24:08,0,3,4,11.9,3618.8,-39999.3,7933.1,29417.4,24.7,0,
2017-12-22 06:24:11,0,3,4,12.0,3618.1,-39999.2,7999.7,29658.6,24.8,0,
2017-12-22 06:24:15,0,3,4,12.0,3617.6,-39999.5,7999.7,29658.6,24.7,0,
2017-12-22 06:24:18,0,3,4,12.1,3617.1,-40000.0,8066.4,29899.8,24.8,0,
2017-12-22 06:24:21,0,3,4,12.1,3616.5,-40000.3,8066.4,29899.8,24.8,0,
2017-12-22 06:24:24,0,3,4,12.2,3616.1,-39999.6,8133.1,30140.9,24.8,0,
2017-12-22 06:24:27,0,3,4,12.2,3615.5,-39999.8,8133.1,30140.9,24.7,0,
2017-12-22 06:24:30,0,3,4,12.3,3615.1,-39999.7,8199.7,30381.9,24.7,0,
2017-12-22 06:24:33,0,3,4,12.3,3614.5,-40000.0,8199.7,30381.9,24.7,0,
2017-12-22 06:24:37,0,3,4,12.4,3614.0,-39999.9,8266.4,30622.8,24.8,0,
2017-12-22 06:24:40,0,3,4,12.4,3613.4,-40000.1,8266.4,30622.8,24.7,0,
2017-12-22 06:24:43,0,3,4,12.5,3612.8,-39999.7,8333.1,30863.7,24.8,0,
2017-12-22 06:24:46,0,3,4,12.5,3612.4,-40000.0,8333.1,30863.7,24.8,0,
2017-12-22 06:24:49,0,3,4,12.6,3611.9,-39999.8,8399.7,31104.5,24.7,0,
2017-12-22 06:24:52,0,3,4,12.7,3611.3,-39999.8,8466.4,31345.3,24.7,0,
2017-12-22 06:24:56,0,3,4,12.7,3610.8,-39999.9,8466.4,31345.3,24.7,0,
2017-12-22 06:24:59,0,3,4,12.8,3610.1,-40000.3,8533.1,31586.0,24.7,0,
2017-12-22 06:25:02,0,3,4,12.8,3609.6,-39999.8,8533.1,31586.0,24.7,0,
2017-12-22 06:25:05,0,3,4,12.9,3609.2,-39999.9,8599.7,31826.6,24.8,0,
2017-12-22 06:25:08,0,3,4,12.9,3608.6,-39999.9,8599.7,31826.6,24.8,0,
2017-12-22 06:25:11,0,3,4,13.0,3608.1,-39999.6,8666.4,32067.1,24.8,0,
2017-12-22 06:25:14,0,3,4,13.0,3607.6,-39999.7,8666.4,32067.1,24.7,0,
2017-12-22 06:25:18,0,3,4,13.1,3607.0,-40000.0,8733.0,32307.6,24.7,0,
2017-12-22 06:25:21,0,3,4,13.1,3606.4,-39999.7,8733.0,32307.6,24.8,0,
2017-12-22 06:25:24,0,3,4,13.2,3605.9,-39999.3,8799.7,32548.0,24.7,0,
2017-12-22 06:25:27,0,3,4,13.2,3605.5,-39999.8,8799.7,32548.0,24.8,0,
2017-12-22 06:25:30,0,3,4,13.3,3605.0,-39999.9,8866.4,32788.3,24.7,0,
2017-12-22 06:25:33,0,3,4,13.3,3604.3,-40000.0,8866.4,32788.3,24.8,0,
2017-12-22 06:25:37,0,3,4,13.4,3604.0,-40000.0,8933.0,33028.6,24.8,0,
2017-12-22 06:25:40,0,3,4,13.4,3603.3,-39999.6,8933.0,33028.6,24.8,0,
2017-12-22 06:25:43,0,3,4,13.5,3602.8,-40000.4,8999.7,33268.8,24.8,0,
2017-12-22 06:25:46,0,3,4,13.5,3602.3,-40000.0,8999.7,33268.8,24.8,0,
2017-12-22 06:25:49,0,3,4,13.6,3601.9,-40000.0,9066.4,33509.0,24.8,0,
2017-12-22 06:25:52,0,3,4,13.7,3601.3,-39999.7,9133.0,33749.1,24.7,0,
2017-12-22 06:25:56,0,3,4,13.7,3600.8,-40000.3,9133.0,33749.1,24.8,0,
2017-12-22 06:25:59,0,3,4,13.8,3600.3,-39999.8,9199.7,33989.1,24.8,0,
2017-12-22 06:26:02,0,3,4,13.8,3599.7,-39999.9,9199.7,33989.1,24.8,0,
2017-12-22 06:26:05,0,3,4,13.9,3599.4,-39999.7,9266.4,34229.1,24.8,0,
2017-12-22 06:26:08,0,3,4,13.9,3598.8,-40000.1,9266.4,34229.1,24.8,0,
2017-12-22 06:26:11,0,3,4,14.0,3598.1,-39999.9,9333.0,34469.0,24.8,0,
2017-12-22 06:26:14,0,3,4,14.0,3597.7,-39999.6,9333.0,34469.0,24.8,0,
2017-12-22 06:26:18,0,3,4,14.1,3597.2,-39999.6,9399.7,34708.8,24.8,0,
2017-12-22 06:26:21,0,3,4,14.1,3596.6,-40000.1,9399.7,34708.8,24.8,0,
2017-12-22 06:26:24,0,3,4,14.2,3596.3,-40000.0,9466.4,34948.6,24.8,0,
2017-12-22 06:26:27,0,3,4,14.2,3595.7,-40000.0,9466.4,34948.6,24.8,0,
2017-12-22 06:26:30,0,3,4,14.3,3595.3,-40000.1,9533.0,35188.3,24.8,0,
2017-12-22 06:26:33,0,3,4,14.3,3594.6,-40000.5,9533.0,35188.3,24.8,0,
2017-12-22 06:26:36,0,3,4,14.4,3594.1,-40000.4,9599.7,35427.9,24.8,0,
2017-12-22 06:26:39,0,3,4,14.4,3593.6,-40000.5,9599.7,35427.9,24.8,0,
2017-12-22 06:26:43,0,3,4,14.5,3593.1,-40000.1,9666.4,35667.5,24.8,0,
2017-12-22 06:26:46,0,3,4,14.5,3592.6,-39999.7,9666.4,35667.5,24.8,0,
2017-12-22 06:26:49,0,3,4,14.6,3592.1,-39999.5,9733.0,35907.0,24.8,0,
2017-12-22 06:26:52,0,3,4,14.6,3591.6,-40000.3,9733.0,35907.0,24.8,0,
2017-12-22 06:26:55,0,3,4,14.7,3591.1,-40000.5,9799.7,36146.4,24.8,0,
2017-12-22 06:26:58,0,3,4,14.8,3590.9,-39999.8,9866.4,36385.8,24.9,0,
2017-12-22 06:27:01,0,3,4,14.8,3590.3,-39999.6,9866.4,36385.8,24.8,0,
2017-12-22 06:27:04,0,3,4,14.9,3589.8,-39999.5,9933.0,36625.1,24.9,0,
2017-12-22 06:27:08,0,3,4,14.9,3589.2,-40000.0,9933.0,36625.1,24.9,0,
2017-12-22 06:27:11,0,3,4,15.0,3588.9,-40000.0,9999.7,36864.4,24.9,0,
2017-12-22 06:27:14,0,3,4,15.0,3588.2,-40000.3,9999.7,36864.4,24.9,0,
2017-12-22 06:27:17,0,3,4,15.1,3587.8,-40000.1,10066.4,37103.6,24.9,0,
2017-12-22 06:27:20,0,3,4,15.1,3587.3,-40000.1,10066.4,37103.6,24.9,0,
2017-12-22 06:27:23,0,3,4,15.2,3586.9,-39999.7,10133.0,37342.7,24.9,0,
2017-12-22 06:27:26,0,3,4,15.2,3586.4,-40000.2,10133.0,37342.7,24.9,0,
2017-12-22 06:27:30,0,3,4,15.3,3585.8,-39999.9,10199.7,37581.8,24.9,0,
2017-12-22 06:27:33,0,3,4,15.3,3585.5,-39999.8,10199.7,37581.8,24.9,0,
2017-12-22 06:27:36,0,3,4,15.4,3584.8,-40000.3,10266.4,37820.8,24.8,0,
2017-12-22 06:27:39,0,3,4,15.4,3584.4,-40000.5,10266.4,37820.8,24.9,0,
2017-12-22 06:27:42,0,3,4,15.5,3583.9,-40000.0,10333.0,38059.7,24.8,0,
2017-12-22 06:27:45,0,3,4,15.5,3583.4,-40000.3,10333.0,38059.7,24.8,0,
2017-12-22 06:27:48,0,3,4,15.6,3582.9,-39999.7,10399.7,38298.6,24.8,0,
2017-12-22 06:27:51,0,3,4,15.6,3582.6,-40000.1,10399.7,38298.6,24.8,0,
2017-12-22 06:27:54,0,3,4,15.7,3582.0,-39999.7,10466.4,38537.4,24.8,0,
2017-12-22 06:27:58,0,3,4,15.7,3581.5,-39999.7,10466.4,38537.4,24.9,0,
2017-12-22 06:28:01,0,3,4,15.8,3581.1,-40000.4,10533.0,38776.2,24.8,0,
2017-12-22 06:28:04,0,3,4,15.8,3580.5,-40000.4,10533.0,38776.2,24.8,0,
2017-12-22 06:28:07,0,3,4,15.9,3580.1,-40000.0,10599.7,39014.9,24.8,0,
2017-12-22 06:28:10,0,3,4,16.0,3579.6,-39999.8,10666.4,39253.5,24.8,0,
2017-12-22 06:28:13,0,3,4,16.0,3579.1,-40000.3,10666.4,39253.5,24.8,0,
2017-12-22 06:28:17,0,3,4,16.1,3578.5,-40000.5,10733.0,39492.1,24.8,0,
2017-12-22 06:28:20,0,3,4,16.1,3578.1,-40000.0,10733.0,39492.1,24.8,0,
2017-12-22 06:28:23,0,3,4,16.2,3577.6,-40000.0,10799.7,39730.6,24.8,0,
2017-12-22 06:28:26,0,3,4,16.2,3577.1,-40000.2,10799.7,39730.6,24.9,0,
2017-12-22 06:28:29,0,3,4,16.3,3576.6,-40000.4,10866.4,39969.1,24.9,0,
2017-12-22 06:28:32,0,3,4,16.3,3576.2,-40000.1,10866.4,39969.1,24.9,0,
2017-12-22 06:28:35,0,3,4,16.4,3575.7,-40000.0,10933.0,40207.5,24.9,0,
2017-12-22 06:28:38,0,3,4,16.4,3575.2,-40000.4,10933.0,40207.5,24.9,0,
2017-12-22 06:28:42,0,3,4,16.5,3574.7,-40000.0,10999.7,40445.8,24.9,0,
2017-12-22 06:28:45,0,3,4,16.5,3574.2,-40000.5,10999.7,40445.8,24.9,0,
2017-12-22 06:28:48,0,3,4,16.6,3573.8,-40000.0,11066.4,40684.0,24.9,0,
2017-12-22 06:28:51,0,3,4,16.6,3573.2,-40000.3,11066.4,40684.0,24.9,0,
2017-12-22 06:28:54,0,3,4,16.7,3572.7,-40000.0,11133.0,40922.3,24.9,0,
2017-12-22 06:28:57,0,3,4,16.7,3572.3,-40000.1,11133.0,40922.3,24.9,0,
2017-12-22 06:29:00,0,3,4,16.8,3571.7,-40000.3,11199.7,41160.4,24.9,0,
2017-12-22 06:29:04,0,3,4,16.8,3571.3,-40000.3,11199.7,41160.4,24.9,0,
2017-12-22 06:29:07,0,3,4,16.9,3570.8,-40000.1,11266.4,41398.5,24.9,0,
2017-12-22 06:29:10,0,3,4,16.9,3570.4,-40000.3,11266.4,41398.5,24.9,0,
2017-12-22 06:29:13,0,3,4,17.0,3569.9,-40000.4,11333.0,41636.5,24.9,0,
2017-12-22 06:29:16,0,3,4,17.1,3569.4,-40000.2,11399.7,41874.5,24.9,0,
2017-12-22 06:29:20,0,3,4,17.1,3568.9,-40000.3,11399.7,41874.5,24.9,0,
2017-12-22 06:29:23,0,3,4,17.2,3568.4,-40000.3,11466.4,42112.4,24.9,0,
2017-12-22 06:29:26,0,3,4,17.2,3567.9,-40000.2,11466.4,42112.4,24.9,0,
2017-12-22 06:29:29,0,3,4,17.3,3567.3,-40000.3,11533.0,42350.2,24.9,0,
2017-12-22 06:29:32,0,3,4,17.3,3566.9,-40000.8,11533.0,42350.2,24.9,0,
2017-12-22 06:29:35,0,3,4,17.4,3566.5,-40000.2,11599.7,42588.0,24.9,0,
2017-12-22 06:29:38,0,3,4,17.4,3565.9,-39999.4,11599.7,42588.0,24.9,0,
2017-12-22 06:29:41,0,3,4,17.5,3565.6,-39999.5,11666.4,42825.7,24.8,0,
2017-12-22 06:29:44,0,3,4,17.5,3565.2,-40000.0,11666.4,42825.7,24.9,0,
2017-12-22 06:29:47,0,3,4,17.6,3564.6,-39999.6,11733.0,43063.3,24.9,0,
2017-12-22 06:29:50,0,3,4,17.6,3564.0,-39999.5,11733.0,43063.3,24.9,0,
2017-12-22 06:29:54,0,3,4,17.7,3563.6,-39999.5,11799.7,43300.9,24.9,0,
2017-12-22 06:29:57,0,3,4,17.7,3563.1,-39999.8,11799.7,43300.9,24.9,0,
2017-12-22 06:30:00,0,3,4,17.8,3562.6,-39999.2,11866.4,43538.4,24.9,0,
2017-12-22 06:30:03,0,3,4,17.8,3562.2,-39999.5,11866.4,43538.4,24.9,0,
2017-12-22 06:30:06,0,3,4,17.9,3561.6,-39999.5,11933.0,43775.9,24.9,0,
2017-12-22 06:30:09,0,3,4,17.9,3561.2,-39999.5,11933.0,43775.9,24.9,0,
2017-12-22 06:30:12,0,3,4,18.0,3560.7,-39999.2,11999.7,44013.3,24.9,0,
2017-12-22 06:30:16,0,3,4,18.0,3560.3,-39999.8,11999.7,44013.3,25.0,0,
2017-12-22 06:30:19,0,3,4,18.1,3559.8,-39999.0,12066.4,44250.6,24.9,0,
2017-12-22 06:30:22,0,3,4,18.1,3559.3,-39999.5,12066.4,44250.6,24.9,0,
2017-12-22 06:30:25,0,3,4,18.2,3558.9,-40000.3,12133.0,44487.9,25.0,0,
2017-12-22 06:30:28,0,3,4,18.2,3558.3,-40000.0,12133.0,44487.9,25.0,0,
2017-12-22 06:30:31,0,3,4,18.3,3557.8,-40000.1,12199.7,44725.1,25.0,0,
2017-12-22 06:30:34,0,3,4,18.4,3557.4,-39999.5,12266.4,44962.3,25.0,0,
2017-12-22 06:30:38,0,3,4,18.4,3556.8,-40000.1,12266.4,44962.3,25.0,0,
2017-12-22 06:30:41,0,3,4,18.5,3556.5,-39999.7,12333.0,45199.4,25.0,0,
2017-12-22 06:30:44,0,3,4,18.5,3556.0,-40000.3,12333.0,45199.4,25.0,0,
2017-12-22 06:30:47,0,3,4,18.6,3555.5,-39999.4,12399.7,45436.4,25.0,0,
2017-12-22 06:30:50,0,3,4,18.6,3555.0,-39999.3,12399.7,45436.4,25.0,0,
2017-12-22 06:30:53,0,3,4,18.7,3554.7,-39999.2,12466.4,45673.4,25.0,0,
2017-12-22 06:30:56,0,3,4,18.7,3554.1,-39999.6,12466.4,45673.4,25.0,0,
2017-12-22 06:31:00,0,3,4,18.8,3553.5,-40000.2,12533.0,45910.3,25.0,0,
2017-12-22 06:31:03,0,3,4,18.8,3553.1,-40000.3,12533.0,45910.3,25.0,0,
2017-12-22 06:31:06,0,3,4,18.9,3552.6,-39999.6,12599.7,46147.1,25.0,0,
2017-12-22 06:31:09,0,3,4,18.9,3552.2,-39999.4,12599.7,46147.1,25.0,0,
2017-12-22 06:31:12,0,3,4,19.0,3551.7,-40000.1,12666.4,46383.9,25.0,0,
2017-12-22 06:31:15,0,3,4,19.0,3551.1,-39999.6,12666.4,46383.9,25.0,0,
2017-12-22 06:31:18,0,3,4,19.1,3550.7,-39999.8,12733.0,46620.7,24.9,0,
2017-12-22 06:31:21,0,3,4,19.1,3550.1,-40000.2,12733.0,46620.7,24.9,0,
2017-12-22 06:31:25,0,3,4,19.2,3549.7,-40000.0,12799.7,46857.4,24.9,0,
2017-12-22 06:31:28,0,3,4,19.2,3549.3,-39999.8,12799.7,46857.4,24.9,0,
2017-12-22 06:31:31,0,3,4,19.3,3548.8,-40000.0,12866.4,47094.0,24.9,0,
2017-12-22 06:31:34,0,3,4,19.4,3548.2,-39999.5,12933.0,47330.5,24.9,0,
2017-12-22 06:31:37,0,3,4,19.4,3547.7,-40000.3,12933.0,47330.5,24.9,0,
2017-12-22 06:31:41,0,3,4,19.5,3547.3,-39999.7,12999.7,47567.0,24.9,0,
2017-12-22 06:31:44,0,3,4,19.5,3546.8,-39999.5,12999.7,47567.0,24.9,0,
2017-12-22 06:31:47,0,3,4,19.6,3546.3,-40000.1,13066.4,47803.4,24.9,0,
2017-12-22 06:31:50,0,3,4,19.6,3545.9,-39999.7,13066.4,47803.4,25.0,0,
2017-12-22 06:31:53,0,3,4,19.7,3545.4,-40000.2,13133.0,48039.8,25.0,0,
2017-12-22 06:31:56,0,3,4,19.7,3544.8,-39999.9,13133.0,48039.8,25.0,0,
2017-12-22 06:31:59,0,3,4,19.8,3544.2,-40000.0,13199.7,48276.1,25.0,0,
2017-12-22 06:32:03,0,3,4,19.8,3543.9,-39999.9,13199.7,48276.1,25.0,0,
2017-12-22 06:32:06,0,3,4,19.9,3543.3,-39999.7,13266.4,48512.3,25.0,0,
2017-12-22 06:32:09,0,3,4,19.9,3542.9,-40000.0,13266.4,48512.3,25.0,0,
2017-12-22 06:32:12,0,3,4,20.0,3542.5,-39999.7,13333.0,48748.5,25.0,0,
2017-12-22 06:32:15,0,3,4,20.0,3541.9,-39999.6,13333.0,48748.5,25.0,0,
2017-12-22 06:32:18,0,3,4,20.1,3541.5,-39999.5,13399.7,48984.6,25.0,0,
2017-12-22 06:32:21,0,3,4,20.1,3541.0,-39999.8,13399.7,48984.6,25.0,0,
2017-12-22 06:32:24,0,3,4,20.2,3540.6,-39999.4,13466.3,49220.7,25.0,0,
2017-12-22 06:32:28,0,3,4,20.2,3539.9,-39999.8,13466.3,49220.7,25.0,0,
2017-12-22 06:32:31,0,3,4,20.3,3539.4,-39999.5,13533.0,49456.6,25.0,0,
2017-12-22 06:32:34,0,3,4,20.3,3538.9,-39999.7,13533.0,49456.6,25.0,0,
2017-12-22 06:32:37,0,3,4,20.4,3538.5,-39999.9,13599.7,49692.5,25.0,0,
2017-12-22 06:32:40,0,3,4,20.4,3537.8,-39999.9,13599.7,49692.5,25.0,0,
2017-12-22 06:32:43,0,3,4,20.5,3537.5,-39999.7,13666.3,49928.4,25.0,0,
2017-12-22 06:32:46,0,3,4,20.6,3536.9,-40000.2,13733.0,50164.2,25.0,0,
2017-12-22 06:32:49,0,3,4,20.6,3536.4,-40000.7,13733.0,50164.2,25.0,0,
2017-12-22 06:32:53,0,3,4,20.7,3536.0,-39999.5,13799.7,50399.9,25.0,0,
2017-12-22 06:32:56,0,3,4,20.7,3535.5,-39999.9,13799.7,50399.9,25.0,0,
2017-12-22 06:32:59,0,3,4,20.8,3534.9,-39999.7,13866.3,50635.6,25.0,0,
2017-12-22 06:33:02,0,3,4,20.8,3534.5,-40000.0,13866.3,50635.6,25.0,0,
2017-12-22 06:33:05,0,3,4,20.9,3534.0,-39999.7,13933.0,50871.2,25.0,0,
2017-12-22 06:33:08,0,3,4,20.9,3533.4,-39999.5,13933.0,50871.2,25.0,0,
2017-12-22 06:33:11,0,3,4,21.0,3533.0,-39999.7,13999.7,51106.7,25.0,0,
2017-12-22 06:33:15,0,3,4,21.0,3532.4,-39999.8,13999.7,51106.7,25.0,0,
2017-12-22 06:33:18,0,3,4,21.1,3532.0,-40000.1,14066.3,51342.2,25.0,0,
2017-12-22 06:33:21,0,3,4,21.1,3531.4,-40000.1,14066.3,51342.2,24.9,0,
2017-12-22 06:33:24,0,3,4,21.2,3530.9,-39999.8,14133.0,51577.6,25.0,0,
2017-12-22 06:33:27,0,3,4,21.2,3530.5,-39999.9,14133.0,51577.6,24.9,0,
2017-12-22 06:33:30,0,3,4,21.3,3530.1,-40000.2,14199.7,51813.0,24.9,0,
2017-12-22 06:33:34,0,3,4,21.3,3529.3,-39999.8,14199.7,51813.0,24.9,0,
2017-12-22 06:33:37,0,3,4,21.4,3529.0,-39999.7,14266.3,52048.3,24.9,0,
2017-12-22 06:33:40,0,3,4,21.4,3528.4,-39999.7,14266.3,52048.3,24.9,0,
2017-12-22 06:33:43,0,3,4,21.5,3527.9,-39999.7,14333.0,52283.5,25.0,0,
2017-12-22 06:33:46,0,3,4,21.5,3527.4,-39999.8,14333.0,52283.5,24.9,0,
2017-12-22 06:33:49,0,3,4,21.6,3527.0,-39999.8,14399.7,52518.7,24.9,0,
2017-12-22 06:33:52,0,3,4,21.7,3526.4,-39999.9,14466.3,52753.7,25.0,0,
2017-12-22 06:33:55,0,3,4,21.7,3526.0,-39999.4,14466.3,52753.7,25.0,0,
2017-12-22 06:33:59,0,3,4,21.8,3525.4,-39999.7,14533.0,52988.8,25.0,0,
2017-12-22 06:34:02,0,3,4,21.8,3525.0,-39999.7,14533.0,52988.8,25.0,0,
2017-12-22 06:34:05,0,3,4,21.9,3524.5,-40000.0,14599.7,53223.7,25.0,0,
2017-12-22 06:34:08,0,3,4,21.9,3524.0,-39999.3,14599.7,53223.7,25.0,0,
2017-12-22 06:34:11,0,3,4,22.0,3523.4,-39999.7,14666.3,53458.7,25.0,0,
2017-12-22 06:34:14,0,3,4,22.0,3522.9,-39999.7,14666.3,53458.7,25.0,0,
2017-12-22 06:34:17,0,3,4,22.1,3522.3,-39999.7,14733.0,53693.5,25.0,0,
2017-12-22 06:34:21,0,3,4,22.1,3521.8,-40000.0,14733.0,53693.5,25.0,0,
2017-12-22 06:34:24,0,3,4,22.2,3521.4,-39999.5,14799.7,53928.3,25.0,0,
2017-12-22 06:34:27,0,3,4,22.2,3520.9,-39999.7,14799.7,53928.3,25.0,0,
2017-12-22 06:34:30,0,3,4,22.3,3520.3,-39999.4,14866.3,54163.0,25.0,0,
2017-12-22 06:34:33,0,3,4,22.3,3519.9,-39999.8,14866.3,54163.0,25.0,0,
2017-12-22 06:34:36,0,3,4,22.4,3519.4,-39999.6,14933.0,54397.6,25.0,0,
2017-12-22 06:34:39,0,3,4,22.4,3518.9,-39999.9,14933.0,54397.6,25.0,0,
2017-12-22 06:34:43,0,3,4,22.5,3518.3,-39999.7,14999.7,54632.2,25.0,0,
2017-12-22 06:34:46,0,3,4,22.5,3517.9,-39999.9,14999.7,54632.2,25.0,0,
2017-12-22 06:34:49,0,3,4,22.6,3517.2,-39999.7,15066.3,54866.7,25.0,0,
2017-12-22 06:34:52,0,3,4,22.6,3516.8,-39999.7,15066.3,54866.7,25.0,0,
2017-12-22 06:34:55,0,3,4,22.7,3516.2,-40000.0,15133.0,55101.1,25.0,0,
2017-12-22 06:34:58,0,3,4,22.8,3515.8,-39999.6,15199.7,55335.5,25.0,0,
2017-12-22 06:35:01,0,3,4,22.8,3515.1,-39999.7,15199.7,55335.5,25.0,0,
2017-12-22 06:35:04,0,3,4,22.9,3514.8,-39999.7,15266.3,55569.8,25.0,0,
2017-12-22 06:35:08,0,3,4,22.9,3514.2,-39999.6,15266.3,55569.8,25.0,0,
2017-12-22 06:35:11,0,3,4,23.0,3513.7,-39999.7,15333.0,55804.1,25.0,0,
2017-12-22 06:35:14,0,3,4,23.0,3513.1,-39999.8,15333.0,55804.1,25.0,0,
2017-12-22 06:35:17,0,3,4,23.1,3512.6,-39999.7,15399.7,56038.2,25.0,0,
2017-12-22 06:35:20,0,3,4,23.1,3512.1,-39999.6,15399.7,56038.2,25.0,0,
2017-12-22 06:35:23,0,3,4,23.2,3511.5,-39999.6,15466.3,56272.4,25.0,0,
2017-12-22 06:35:26,0,3,4,23.2,3511.1,-39999.3,15466.3,56272.4,25.0,0,
2017-12-22 06:35:30,0,3,4,23.3,3510.5,-39999.7,15533.0,56506.4,25.0,0,
2017-12-22 06:35:33,0,3,4,23.3,3510.0,-39999.5,15533.0,56506.4,25.0,0,
2017-12-22 06:35:36,0,3,4,23.4,3509.5,-39999.5,15599.7,56740.4,25.0,0,
2017-12-22 06:35:39,0,3,4,23.4,3509.0,-39999.6,15599.7,56740.4,25.0,0,
2017-12-22 06:35:42,0,3,4,23.5,3508.4,-39999.5,15666.3,56974.3,25.0,0,
2017-12-22 06:35:45,0,3,4,23.5,3507.9,-39999.5,15666.3,56974.3,25.0,0,
2017-12-22 06:35:48,0,3,4,23.6,3507.3,-39999.8,15733.0,57208.1,25.0,0,
2017-12-22 06:35:52,0,3,4,23.6,3506.8,-39999.5,15733.0,57208.1,25.0,0,
2017-12-22 06:35:55,0,3,4,23.7,3506.3,-39999.6,15799.7,57441.9,25.0,0,
2017-12-22 06:35:58,0,3,4,23.7,3505.6,-39999.7,15799.7,57441.9,25.0,0,
2017-12-22 06:36:01,0,3,4,23.8,3505.1,-39999.6,15866.3,57675.6,25.0,0,
2017-12-22 06:36:04,0,3,4,23.9,3504.5,-40000.0,15933.0,57909.2,25.0,0,
2017-12-22 06:36:07,0,3,4,23.9,3504.1,-39999.7,15933.0,57909.2,25.0,0,
2017-12-22 06:36:10,0,3,4,24.0,3503.6,-39999.7,15999.7,58142.8,25.0,0,
2017-12-22 06:36:14,0,3,4,24.0,3503.1,-40000.0,15999.7,58142.8,25.0,0,
2017-12-22 06:36:17,0,3,4,24.1,3502.4,-40000.3,16066.3,58376.3,25.0,0,
2017-12-22 06:36:20,0,3,4,24.1,3501.9,-39999.6,16066.3,58376.3,25.1,0,
2017-12-22 06:36:23,0,3,4,24.2,3501.5,-39999.7,16133.0,58609.8,25.1,0,
2017-12-22 06:36:26,0,3,4,24.2,3500.9,-39999.8,16133.0,58609.8,25.1,0,
2017-12-22 06:36:29,0,3,4,24.3,3500.3,-39999.2,16199.7,58843.1,25.1,0,
2017-12-22 06:36:32,0,3,4,24.3,3499.8,-40000.0,16199.7,58843.1,25.1,0,
2017-12-22 06:36:36,0,3,4,24.4,3499.2,-39999.7,16266.3,59076.4,25.1,0,
2017-12-22 06:36:39,0,3,4,24.4,3498.8,-40000.0,16266.3,59076.4,25.1,0,
2017-12-22 06:36:42,0,3,4,24.5,3498.2,-40000.0,16333.0,59309.6,25.1,0,
2017-12-22 06:36:45,0,3,4,24.5,3497.5,-39999.0,16333.0,59309.6,25.0,0,
2017-12-22 06:36:48,0,3,4,24.6,3497.1,-39999.5,16399.6,59542.8,25.1,0,
2017-12-22 06:36:51,0,3,4,24.6,3496.5,-39999.7,16399.6,59542.8,25.0,0,
2017-12-22 06:36:54,0,3,4,24.7,3496.1,-39999.7,16466.3,59775.9,25.0,0,
2017-12-22 06:36:57,0,3,4,24.7,3495.4,-40000.0,16466.3,59775.9,25.0,0,
2017-12-22 06:37:01,0,3,4,24.8,3494.8,-39999.5,16533.0,60008.9,25.0,0,
2017-12-22 06:37:04,0,3,4,24.8,3494.2,-39999.5,16533.0,60008.9,25.0,0,
2017-12-22 06:37:07,0,3,4,24.9,3493.8,-39999.7,16599.6,60241.8,25.0,0,
2017-12-22 06:37:10,0,3,4,24.9,3493.1,-39999.2,16599.6,60241.8,25.0,0,
2017-12-22 06:37:13,0,3,4,25.0,3492.7,-39999.3,16666.3,60474.7,25.0,0,
2017-12-22 06:37:16,0,3,4,25.1,3492.0,-40000.0,16733.0,60707.5,25.1,0,
2017-12-22 06:37:19,0,3,4,25.1,3491.6,-39999.2,16733.0,60707.5,25.1,0,
2017-12-22 06:37:23,0,3,4,25.2,3491.0,-39999.2,16799.6,60940.2,25.0,0,
2017-12-22 06:37:26,0,3,4,25.2,3490.4,-39999.4,16799.6,60940.2,25.0,0,
2017-12-22 06:37:29,0,3,4,25.3,3489.7,-39999.5,16866.3,61172.9,25.1,0,
2017-12-22 06:37:32,0,3,4,25.3,3489.2,-39999.2,16866.3,61172.9,25.0,0,
2017-12-22 06:37:35,0,3,4,25.4,3488.7,-39999.5,16933.0,61405.5,25.1,0,
2017-12-22 06:37:38,0,3,4,25.4,3488.1,-39998.7,16933.0,61405.5,25.0,0,
2017-12-22 06:37:41,0,3,4,25.5,3487.5,-39998.5,16999.6,61638.0,25.0,0,
2017-12-22 06:37:44,0,3,4,25.5,3487.0,-39999.2,16999.6,61638.0,25.0,0,
2017-12-22 06:37:48,0,3,4,25.6,3486.4,-39999.3,17066.3,61870.4,25.0,0,
2017-12-22 06:37:51,0,3,4,25.6,3485.8,-39999.5,17066.3,61870.4,25.0,0,
2017-12-22 06:37:54,0,3,4,25.7,3485.2,-39999.2,17133.0,62102.7,25.0,0,
2017-12-22 06:37:57,0,3,4,25.7,3484.5,-39999.7,17133.0,62102.7,25.0,0,
2017-12-22 06:38:00,0,3,4,25.8,3484.0,-39999.1,17199.6,62335.0,25.0,0,
2017-12-22 06:38:03,0,3,4,25.8,3483.4,-39998.8,17199.6,62335.0,25.0,0,
2017-12-22 06:38:06,0,3,4,25.9,3482.8,-39999.5,17266.3,62567.2,25.0,0,
2017-12-22 06:38:10,0,3,4,25.9,3482.2,-39999.2,17266.3,62567.2,25.0,0,
2017-12-22 06:38:13,0,3,4,26.0,3481.5,-39999.2,17333.0,62799.3,25.0,0,
2017-12-22 06:38:16,0,3,4,26.0,3481.0,-39998.8,17333.0,62799.3,25.0,0,
2017-12-22 06:38:19,0,3,4,26.1,3480.3,-39999.0,17399.6,63031.4,25.0,0,
2017-12-22 06:38:22,0,3,4,26.2,3479.8,-39998.8,17466.3,63263.4,25.0,0,
2017-12-22 06:38:25,0,3,4,26.2,3479.1,-39999.2,17466.3,63263.4,25.0,0,
2017-12-22 06:38:29,0,3,4,26.3,3478.5,-39999.1,17532.9,63495.3,25.0,0,
2017-12-22 06:38:32,0,3,4,26.3,3478.0,-39998.8,17532.9,63495.3,25.0,0,
2017-12-22 06:38:35,0,3,4,26.4,3477.3,-39998.8,17599.6,63727.1,25.0,0,
2017-12-22 06:38:38,0,3,4,26.4,3476.6,-39999.2,17599.6,63727.1,25.0,0,
2017-12-22 06:38:41,0,3,4,26.5,3475.9,-39999.0,17666.3,63958.8,25.0,0,
2017-12-22 06:38:44,0,3,4,26.5,3475.4,-39998.7,17666.3,63958.8,25.0,0,
2017-12-22 06:38:47,0,3,4,26.6,3474.7,-39998.7,17732.9,64190.5,25.0,0,
2017-12-22 06:38:50,0,3,4,26.6,3474.1,-39998.6,17732.9,64190.5,25.0,0,
2017-12-22 06:38:54,0,3,4,26.7,3473.5,-39998.3,17799.6,64422.0,25.0,0,
2017-12-22 06:38:57,0,3,4,26.7,3472.8,-39998.6,17799.6,64422.0,25.0,0,
2017-12-22 06:39:00,0,3,4,26.8,3472.1,-39998.8,17866.3,64653.5,25.0,0,
2017-12-22 06:39:03,0,3,4,26.8,3471.4,-39999.2,17866.3,64653.5,25.0,0,
2017-12-22 06:39:06,0,3,4,26.9,3470.9,-39999.0,17932.9,64884.9,25.0,0,
2017-12-22 06:39:09,0,3,4,26.9,3470.2,-39998.4,17932.9,64884.9,25.0,0,
2017-12-22 06:39:12,0,3,4,27.0,3469.5,-39998.5,17999.6,65116.2,25.0,0,
2017-12-22 06:39:16,0,3,4,27.0,3468.9,-39998.8,17999.6,65116.2,25.0,0,
2017-12-22 06:39:19,0,3,4,27.1,3468.2,-39998.6,18066.3,65347.5,25.0,0,
2017-12-22 06:39:22,0,3,4,27.1,3467.5,-39998.8,18066.3,65347.5,25.0,0,
2017-12-22 06:39:25,0,3,4,27.2,3466.8,-39998.4,18132.9,65578.6,25.0,0,
2017-12-22 06:39:28,0,3,4,27.3,3466.2,-39998.8,18199.6,65809.7,25.0,0,
2017-12-22 06:39:31,0,3,4,27.3,3465.6,-39998.4,18199.6,65809.7,25.0,0,
2017-12-22 06:39:35,0,3,4,27.4,3464.8,-39998.4,18266.2,66040.7,25.0,0,
2017-12-22 06:39:38,0,3,4,27.4,3464.1,-39998.5,18266.2,66040.7,25.0,0,
2017-12-22 06:39:41,0,3,4,27.5,3463.5,-39998.8,18332.9,66271.6,25.0,0,
2017-12-22 06:39:44,0,3,4,27.5,3462.8,-39998.8,18332.9,66271.6,25.0,0,
2017-12-22 06:39:47,0,3,4,27.6,3462.1,-39998.7,18399.6,66502.4,25.0,0,
2017-12-22 06:39:50,0,3,4,27.6,3461.4,-39998.7,18399.6,66502.4,25.0,0,
2017-12-22 06:39:54,0,3,4,27.7,3460.6,-39998.8,18466.2,66733.1,25.0,0,
2017-12-22 06:39:57,0,3,4,27.7,3459.9,-39999.0,18466.2,66733.1,25.0,0,
2017-12-22 06:40:00,0,3,4,27.8,3459.2,-39998.5,18532.9,66963.7,25.0,0,
2017-12-22 06:40:03,0,3,4,27.8,3458.6,-39998.7,18532.9,66963.7,25.0,0,
2017-12-22 06:40:06,0,3,4,27.9,3457.8,-39998.6,18599.5,67194.2,25.0,0,
2017-12-22 06:40:09,0,3,4,27.9,3457.2,-39998.3,18599.5,67194.2,25.0,0,
2017-12-22 06:40:12,0,3,4,28.0,3456.4,-39998.5,18666.2,67424.7,25.0,0,
2017-12-22 06:40:16,0,3,4,28.0,3455.7,-39999.0,18666.2,67424.7,25.0,0,
2017-12-22 06:40:19,0,3,4,28.1,3454.9,-39998.6,18732.9,67655.0,25.0,0,
2017-12-22 06:40:22,0,3,4,28.1,3454.2,-39998.3,18732.9,67655.0,25.0,0,
2017-12-22 06:40:25,0,3,4,28.2,3453.6,-39998.7,18799.5,67885.3,25.0,0,
2017-12-22 06:40:28,0,3,4,28.2,3452.8,-39998.3,18799.5,67885.3,25.0,0,
2017-12-22 06:40:31,0,3,4,28.3,3452.0,-39998.3,18866.2,68115.4,25.0,0,
2017-12-22 06:40:34,0,3,4,28.4,3451.3,-39998.5,18932.9,68345.5,25.0,0,
2017-12-22 06:40:37,0,3,4,28.4,3450.5,-39998.5,18932.9,68345.5,25.1,0,
2017-12-22 06:40:40,0,3,4,28.5,3449.8,-39998.3,18999.5,68575.5,25.0,0,
2017-12-22 06:40:44,0,3,4,28.5,3449.1,-39998.7,18999.5,68575.5,25.1,0,
2017-12-22 06:40:47,0,3,4,28.6,3448.3,-39999.0,19066.2,68805.4,25.0,0,
2017-12-22 06:40:50,0,3,4,28.6,3447.5,-39998.6,19066.2,68805.4,25.0,0,
2017-12-22 06:40:53,0,3,4,28.7,3446.7,-39998.8,19132.8,69035.1,25.0,0,
2017-12-22 06:40:56,0,3,4,28.7,3445.9,-39998.8,19132.8,69035.1,25.0,0,
2017-12-22 06:40:59,0,3,4,28.8,3445.2,-39998.7,19199.5,69264.8,25.1,0,
2017-12-22 06:41:03,0,3,4,28.8,3444.4,-39998.5,19199.5,69264.8,25.1,0,
2017-12-22 06:41:06,0,3,4,28.9,3443.7,-39998.8,19266.2,69494.4,25.0,0,
2017-12-22 06:41:09,0,3,4,28.9,3442.9,-39998.5,19266.2,69494.4,25.1,0,
2017-12-22 06:41:12,0,3,4,29.0,3442.0,-39998.7,19332.8,69723.9,25.1,0,
2017-12-22 06:41:15,0,3,4,29.0,3441.2,-39998.4,19332.8,69723.9,25.1,0,
2017-12-22 06:41:18,0,3,4,29.1,3440.6,-39998.7,19399.5,69953.3,25.1,0,
2017-12-22 06:41:21,0,3,4,29.1,3439.7,-39998.2,19399.5,69953.3,25.1,0,
2017-12-22 06:41:25,0,3,4,29.2,3438.8,-39998.4,19466.2,70182.6,25.1,0,
2017-12-22 06:41:28,0,3,4,29.2,3438.1,-39998.2,19466.2,70182.6,25.1,0,
2017-12-22 06:41:31,0,3,4,29.3,3437.4,-39998.4,19532.8,70411.7,25.1,0,
2017-12-22 06:41:34,0,3,4,29.3,3436.5,-39998.2,19532.8,70411.7,25.1,0,
2017-12-22 06:41:37,0,3,4,29.4,3435.6,-39998.3,19599.5,70640.8,25.1,0,
2017-12-22 06:41:40,0,3,4,29.5,3434.9,-39998.2,19666.1,70869.8,25.1,0,
2017-12-22 06:41:43,0,3,4,29.5,3433.9,-39998.2,19666.1,70869.8,25.1,0,
2017-12-22 06:41:47,0,3,4,29.6,3433.1,-39997.8,19732.8,71098.7,25.1,0,
2017-12-22 06:41:50,0,3,4,29.6,3432.3,-39998.2,19732.8,71098.7,25.1,0,
2017-12-22 06:41:53,0,3,4,29.7,3431.4,-39997.7,19799.5,71327.4,25.0,0,
2017-12-22 06:41:56,0,3,4,29.7,3430.6,-39998.0,19799.5,71327.4,25.0,0,
2017-12-22 06:41:59,0,3,4,29.8,3429.8,-39998.1,19866.1,71556.0,25.0,0,
2017-12-22 06:42:02,0,3,4,29.8,3428.8,-39998.7,19866.1,71556.0,25.0,0,
2017-12-22 06:42:05,0,3,4,29.9,3428.0,-39998.2,19932.8,71784.6,25.1,0,
2017-12-22 06:42:09,0,3,4,29.9,3427.2,-39998.3,19932.8,71784.6,25.0,0,
2017-12-22 06:42:12,0,3,4,30.0,3426.2,-39997.7,19999.4,72013.0,25.1,0,
2017-12-22 06:42:15,0,3,4,30.0,3425.3,-39997.7,19999.4,72013.0,25.1,0,
2017-12-22 06:42:18,0,3,4,30.1,3424.4,-39997.7,20066.1,72241.3,25.1,0,
2017-12-22 06:42:21,0,3,4,30.1,3423.6,-39998.0,20066.1,72241.3,25.1,0,
2017-12-22 06:42:24,0,3,4,30.2,3422.7,-39998.0,20132.8,72469.5,25.1,0,
2017-12-22 06:42:28,0,3,4,30.2,3421.6,-39998.0,20132.8,72469.5,25.1,0,
2017-12-22 06:42:31,0,3,4,30.3,3420.8,-39998.2,20199.4,72697.6,25.1,0,
2017-12-22 06:42:34,0,3,4,30.3,3419.8,-39997.8,20199.4,72697.6,25.1,0,
2017-12-22 06:42:37,0,3,4,30.4,3418.8,-39998.0,20266.1,72925.5,25.1,0,
2017-12-22 06:42:40,0,3,4,30.4,3417.9,-39997.8,20266.1,72925.5,25.1,0,
2017-12-22 06:42:43,0,3,4,30.5,3416.9,-39998.3,20332.7,73153.4,25.1,0,
2017-12-22 06:42:46,0,3,4,30.6,3415.9,-39998.0,20399.4,73381.1,25.1,0,
2017-12-22 06:42:49,0,3,4,30.6,3414.8,-39997.7,20399.4,73381.1,25.1,0,
2017-12-22 06:42:53,0,3,4,30.7,3413.9,-39997.8,20466.1,73608.6,25.1,0,
2017-12-22 06:42:56,0,3,4,30.7,3412.9,-39998.2,20466.1,73608.6,25.1,0,
2017-12-22 06:42:59,0,3,4,30.8,3411.8,-39998.1,20532.7,73836.1,25.1,0,
2017-12-22 06:43:02,0,3,4,30.8,3410.8,-39997.7,20532.7,73836.1,25.1,0,
2017-12-22 06:43:05,0,3,4,30.9,3409.9,-39998.2,20599.4,74063.4,25.1,0,
2017-12-22 06:43:08,0,3,4,30.9,3408.8,-39998.1,20599.4,74063.4,25.1,0,
2017-12-22 06:43:11,0,3,4,31.0,3407.7,-39997.8,20666.0,74290.6,25.1,0,
2017-12-22 06:43:15,0,3,4,31.0,3406.6,-39998.0,20666.0,74290.6,25.1,0,
2017-12-22 06:43:18,0,3,4,31.1,3405.5,-39997.7,20732.7,74517.6,25.1,0,
2017-12-22 06:43:21,0,3,4,31.1,3404.4,-39998.0,20732.7,74517.6,25.1,0,
2017-12-22 06:43:24,0,3,4,31.2,3403.2,-39998.5,20799.4,74744.5,25.1,0,
2017-12-22 06:43:27,0,3,4,31.2,3402.0,-39997.7,20799.4,74744.5,25.1,0,
2017-12-22 06:43:30,0,3,4,31.3,3401.0,-39997.6,20866.0,74971.3,25.1,0,
2017-12-22 06:43:33,0,3,4,31.3,3399.7,-39998.4,20866.0,74971.3,25.1,0,
2017-12-22 06:43:37,0,3,4,31.4,3398.5,-39997.4,20932.7,75197.9,25.1,0,
2017-12-22 06:43:40,0,3,4,31.4,3397.3,-39998.0,20932.7,75197.9,25.1,0,
2017-12-22 06:43:43,0,3,4,31.5,3396.0,-39997.8,20999.3,75424.3,25.1,0,
2017-12-22 06:43:46,0,3,4,31.5,3394.9,-39997.5,20999.3,75424.3,25.1,0,
2017-12-22 06:43:49,0,3,4,31.6,3393.5,-39997.7,21066.0,75650.6,25.1,0,
2017-12-22 06:43:52,0,3,4,31.7,3392.2,-39997.6,21132.7,75876.7,25.1,0,
2017-12-22 06:43:55,0,3,4,31.7,3391.0,-39997.7,21132.7,75876.7,25.1,0,
2017-12-22 06:43:59,0,3,4,31.8,3389.5,-39997.8,21199.3,76102.7,25.2,0,
2017-12-22 06:44:02,0,3,4,31.8,3388.2,-39997.6,21199.3,76102.7,25.2,0,
2017-12-22 06:44:05,0,3,4,31.9,3386.8,-39997.4,21266.0,76328.5,25.2,0,
2017-12-22 06:44:08,0,3,4,31.9,3385.3,-40000.5,21266.0,76328.5,25.2,0,
2017-12-22 06:44:11,0,3,4,32.0,3383.9,-40000.5,21332.6,76554.1,25.2,0,
2017-12-22 06:44:14,0,3,4,32.0,3382.3,-40000.9,21332.6,76554.1,25.2,0,
2017-12-22 06:44:18,0,3,4,32.1,3380.9,-40000.4,21399.3,76779.5,25.2,0,
2017-12-22 06:44:21,0,3,4,32.1,3379.2,-40001.2,21399.3,76779.5,25.2,0,
2017-12-22 06:44:24,0,3,4,32.2,3377.7,-40000.5,21466.0,77004.8,25.2,0,
2017-12-22 06:44:27,0,3,4,32.2,3376.1,-40000.3,21466.0,77004.8,25.2,0,
2017-12-22 06:44:30,0,3,4,32.3,3374.5,-40000.2,21532.6,77229.8,25.2,0,
2017-12-22 06:44:33,0,3,4,32.3,3372.7,-40000.1,21532.6,77229.8,25.2,0,
2017-12-22 06:44:36,0,3,4,32.4,3371.0,-40000.2,21599.3,77454.6,25.3,0,
2017-12-22 06:44:39,0,3,4,32.4,3369.3,-40000.7,21599.3,77454.6,25.3,0,
2017-12-22 06:44:43,0,3,4,32.5,3367.5,-40000.3,21666.0,77679.2,25.3,0,
2017-12-22 06:44:46,0,3,4,32.5,3365.6,-40000.2,21666.0,77679.2,25.3,0,
2017-12-22 06:44:49,0,3,4,32.6,3363.5,-40000.4,21732.7,77903.6,25.3,0,
2017-12-22 06:44:52,0,3,4,32.6,3361.6,-40000.3,21732.7,77903.6,25.3,0,
2017-12-22 06:44:55,0,3,4,32.7,3359.5,-40000.3,21799.3,78127.7,25.3,0,
2017-12-22 06:44:58,0,3,4,32.8,3357.5,-40000.5,21866.0,78351.5,25.3,0,
2017-12-22 06:45:02,0,3,4,32.8,3355.4,-40000.3,21866.0,78351.5,25.2,0,
2017-12-22 06:45:05,0,3,4,32.9,3353.1,-39998.8,21932.7,78575.0,25.2,0,
2017-12-22 06:45:08,0,3,4,32.9,3350.7,-39999.3,21932.7,78575.0,25.2,0,
2017-12-22 06:45:11,0,3,4,33.0,3348.4,-39999.0,21999.3,78798.3,25.2,0,
2017-12-22 06:45:14,0,3,4,33.0,3345.9,-39998.8,21999.3,78798.3,25.2,0,
2017-12-22 06:45:17,0,3,4,33.1,3343.4,-39999.1,22066.0,79021.2,25.1,0,
2017-12-22 06:45:20,0,3,4,33.1,3341.0,-39999.1,22066.0,79021.2,25.2,0,
2017-12-22 06:45:23,0,3,4,33.2,3338.3,-39999.0,22132.6,79243.8,25.2,0,
2017-12-22 06:45:27,0,3,4,33.2,3335.5,-39999.3,22132.6,79243.8,25.2,0,
2017-12-22 06:45:30,0,3,4,33.3,3332.6,-39999.0,22199.3,79466.1,25.2,0,
2017-12-22 06:45:33,0,3,4,33.3,3329.7,-39999.2,22199.3,79466.1,25.2,0,
2017-12-22 06:45:36,0,3,4,33.4,3326.6,-39999.2,22266.0,79687.9,25.3,0,
2017-12-22 06:45:39,0,3,4,33.4,3323.5,-39999.0,22266.0,79687.9,25.3,0,
2017-12-22 06:45:42,0,3,4,33.5,3320.1,-39999.3,22332.6,79909.4,25.3,0,
2017-12-22 06:45:45,0,3,4,33.5,3316.9,-39998.7,22332.6,79909.4,25.3,0,
2017-12-22 06:45:49,0,3,4,33.6,3313.4,-39998.3,22399.3,80130.5,25.3,0,
2017-12-22 06:45:52,0,3,4,33.6,3309.8,-39998.0,22399.3,80130.5,25.3,0,
2017-12-22 06:45:55,0,3,4,33.7,3306.2,-39997.7,22466.0,80351.1,25.3,0,
2017-12-22 06:45:58,0,3,4,33.7,3302.2,-39999.5,22466.0,80351.1,25.3,0,
2017-12-22 06:46:00,0,3,4,33.8,3300.0,-39999.8,22532.6,80571.2,25.3,3,下限电压到
2017-12-22 06:46:01,0,3,4,33.8,3368.0,28.1,22532.6,80571.2,25.3,3,下限电压到
2017-12-22 06:46:04,0,3,4,33.8,3377.8,28.1,22532.6,80571.2,25.3,3,下限电压到
2017-12-22 06:46:07,0,3,4,33.9,3384.6,28.5,22532.7,80571.4,25.3,3,下限电压到
2017-12-22 06:46:10,0,3,4,34.0,3389.5,29.1,22532.7,80571.5,25.3,3,下限电压到
2017-12-22 06:46:14,0,3,4,34.0,3393.0,29.1,22532.7,80571.5,25.3,3,下限电压到
2017-12-22 06:46:17,0,3,4,34.1,3396.3,28.8,22532.8,80571.7,25.3,3,下限电压到
2017-12-22 06:46:20,0,3,4,34.1,3398.9,29.1,22532.8,80571.7,25.3,3,下限电压到
2017-12-22 06:46:23,0,3,4,34.2,3401.4,29.0,22532.8,80571.8,25.3,3,下限电压到
2017-12-22 06:46:26,0,3,4,34.2,3403.1,29.0,22532.8,80571.8,25.3,3,下限电压到
2017-12-22 06:46:29,0,3,4,34.3,3405.0,28.7,22532.9,80572.0,25.3,3,下限电压到
2017-12-22 06:46:32,0,3,4,34.3,3406.5,28.0,22532.9,80572.0,25.3,3,下限电压到
2017-12-22 06:46:35,0,3,4,34.4,3407.9,28.1,22532.9,80572.2,25.3,3,下限电压到
2017-12-22 06:46:38,0,3,4,34.4,3409.3,28.4,22532.9,80572.2,25.3,3,下限电压到
2017-12-22 06:46:42,0,3,4,34.5,3410.5,28.0,22533.0,80572.3,25.3,3,下限电压到
2017-12-22 06:46:45,0,3,4,34.5,3411.4,28.1,22533.0,80572.3,25.3,3,下限电压到
2017-12-22 06:46:50,0,4,6,0.0,3412.7,0,0.0,0.0,25.3,0,
