2017-12-22 05:33:19,0,0,3,0.0,3433.5,0,0.0,0.0,24.8,0,
2017-12-22 05:33:47,0,0,3,0.4,3434.8,25.3,0.0,0.0,24.6,0,
2017-12-22 05:33:50,0,0,3,0.4,3434.8,25.4,0.0,0.0,24.6,0,
2017-12-22 05:33:53,0,0,3,0.5,3435.0,24.7,0.0,0.0,24.6,0,
2017-12-22 05:33:56,0,0,3,0.5,3435.2,24.7,0.0,0.0,24.7,0,
2017-12-22 05:33:59,0,0,3,0.6,3435.2,24.3,0.0,0.0,24.7,0,
2017-12-22 05:34:02,0,0,3,0.6,3435.3,25.5,0.0,0.0,24.7,0,
2017-12-22 05:34:05,0,0,3,0.7,3435.6,25.3,0.0,0.0,24.7,0,
2017-12-22 05:34:08,0,0,3,0.7,3435.6,25.2,0.0,0.0,24.7,0,
2017-12-22 05:34:12,0,0,3,0.8,3435.8,25.2,0.0,0.0,24.7,0,
2017-12-22 05:34:15,0,0,3,0.8,3435.8,24.5,0.0,0.0,24.7,0,
2017-12-22 05:34:18,0,0,3,0.9,3436.1,25.7,0.0,0.0,24.7,0,
2017-12-22 05:34:21,0,0,3,0.9,3436.1,25.1,0.0,0.0,24.7,0,
2017-12-22 05:34:24,0,0,3,1.0,3436.2,25.6,0.0,0.0,24.7,0,
2017-12-22 05:34:25,0,0,3,1.0,3436.3,25.3,0.0,0.0,24.7,1,时间到
2017-12-22 05:34:29,0,1,2,0.0,3436.3,0,0.0,0.0,24.7,0,
2017-12-22 05:34:51,0,1,2,0.4,3517.2,40001.5,266.7,934.2,24.8,0,
2017-12-22 05:34:54,0,1,2,0.4,3520.8,40002.3,266.7,934.2,24.8,0,
2017-12-22 05:34:58,0,1,2,0.5,3524.5,40002.3,333.4,1169.2,24.8,0,
2017-12-22 05:35:01,0,1,2,0.5,3527.8,40003.0,333.4,1169.2,24.8,0,
2017-12-22 05:35:04,0,1,2,0.6,3530.9,39999.9,400.0,1404.5,24.8,0,
2017-12-22 05:35:07,0,1,2,0.6,3533.6,40000.0,400.0,1404.5,24.8,0,
2017-12-22 05:35:11,0,1,2,0.7,3536.3,40000.3,466.7,1640.2,24.8,0,
2017-12-22 05:35:14,0,1,2,0.7,3538.5,40000.5,466.7,1640.2,24.8,0,
2017-12-22 05:35:17,0,1,2,0.8,3540.7,40000.3,533.4,1876.2,24.8,0,
2017-12-22 05:35:20,0,1,2,0.8,3542.6,40000.7,533.4,1876.2,24.8,0,
2017-12-22 05:35:23,0,1,2,0.9,3544.4,40000.7,600.0,2112.4,24.8,0,
2017-12-22 05:35:27,0,1,2,0.9,3546.1,40000.8,600.0,2112.4,24.8,0,
2017-12-22 05:35:30,0,1,2,1.0,3547.6,40001.0,666.7,2348.9,24.8,0,
2017-12-22 05:35:33,0,1,2,1.0,3548.8,40000.9,666.7,2348.9,24.8,0,
2017-12-22 05:35:36,0,1,2,1.1,3550.2,40000.8,733.4,2585.5,24.9,0,
2017-12-22 05:35:39,0,1,2,1.1,3551.3,40001.3,733.4,2585.5,24.9,0,
2017-12-22 05:35:42,0,1,2,1.2,3552.6,40000.9,800.0,2822.3,24.9,0,
2017-12-22 05:35:45,0,1,2,1.2,3553.7,40001.5,800.0,2822.3,25.0,0,
2017-12-22 05:35:48,0,1,2,1.3,3554.8,40001.3,866.7,3059.2,25.0,0,
2017-12-22 05:35:51,0,1,2,1.4,3555.9,40001.2,933.4,3296.3,25.0,0,
2017-12-22 05:35:54,0,1,2,1.4,3556.9,40001.3,933.4,3296.3,24.9,0,
2017-12-22 05:35:58,0,1,2,1.5,3558.0,40001.2,1000.0,3533.5,24.9,0,
2017-12-22 05:36:01,0,1,2,1.5,3558.9,40001.3,1000.0,3533.5,24.9,0,
2017-12-22 05:36:04,0,1,2,1.6,3559.9,40002.0,1066.7,3770.8,24.9,0,
2017-12-22 05:36:07,0,1,2,1.6,3560.9,40001.6,1066.7,3770.8,24.9,0,
2017-12-22 05:36:10,0,1,2,1.7,3561.6,40001.3,1133.4,4008.3,24.9,0,
2017-12-22 05:36:13,0,1,2,1.7,3562.5,40001.7,1133.4,4008.3,24.9,0,
2017-12-22 05:36:17,0,1,2,1.8,3563.4,40001.2,1200.1,4245.8,24.9,0,
2017-12-22 05:36:20,0,1,2,1.8,3564.3,40001.3,1200.1,4245.8,24.9,0,
2017-12-22 05:36:23,0,1,2,1.9,3565.1,40001.6,1266.7,4483.5,24.9,0,
2017-12-22 05:36:26,0,1,2,1.9,3566.0,40001.6,1266.7,4483.5,25.0,0,
2017-12-22 05:36:29,0,1,2,2.0,3566.8,40001.7,1333.4,4721.3,24.9,0,
2017-12-22 05:36:32,0,1,2,2.0,3567.7,40001.8,1333.4,4721.3,24.9,0,
2017-12-22 05:36:35,0,1,2,2.1,3568.7,40002.0,1400.1,4959.2,24.9,0,
2017-12-22 05:36:39,0,1,2,2.1,3569.5,40001.8,1400.1,4959.2,24.9,0,
2017-12-22 05:36:42,0,1,2,2.2,3570.4,40002.2,1466.8,5197.2,24.9,0,
2017-12-22 05:36:45,0,1,2,2.2,3571.2,40001.6,1466.8,5197.2,24.9,0,
2017-12-22 05:36:48,0,1,2,2.3,3572.1,40001.6,1533.4,5435.3,24.9,0,
2017-12-22 05:36:52,0,1,2,2.4,3573.0,40002.2,1600.1,5673.5,24.9,0,
2017-12-22 05:36:55,0,1,2,2.4,3573.6,40001.7,1600.1,5673.5,24.9,0,
2017-12-22 05:36:58,0,1,2,2.5,3574.5,40002.0,1666.8,5911.8,24.9,0,
2017-12-22 05:37:01,0,1,2,2.5,3575.5,40002.0,1666.8,5911.8,24.9,0,
2017-12-22 05:37:04,0,1,2,2.6,3576.2,40001.8,1733.4,6150.2,24.8,0,
2017-12-22 05:37:07,0,1,2,2.6,3577.0,40002.0,1733.4,6150.2,24.8,0,
2017-12-22 05:37:10,0,1,2,2.7,3577.9,40001.8,1800.1,6388.7,24.8,0,
2017-12-22 05:37:13,0,1,2,2.7,3578.6,40002.0,1800.1,6388.7,24.8,0,
2017-12-22 05:37:17,0,1,2,2.8,3579.5,40001.8,1866.8,6627.4,24.8,0,
2017-12-22 05:37:20,0,1,2,2.8,3580.2,40001.8,1866.8,6627.4,24.8,0,
2017-12-22 05:37:23,0,1,2,2.9,3581.0,40001.8,1933.5,6866.1,24.8,0,
2017-12-22 05:37:26,0,1,2,2.9,3581.8,40001.7,1933.5,6866.1,24.8,0,
2017-12-22 05:37:29,0,1,2,3.0,3582.7,40002.0,2000.1,7105.0,24.8,0,
2017-12-22 05:37:32,0,1,2,3.0,3583.5,40001.6,2000.1,7105.0,24.7,0,
2017-12-22 05:37:35,0,1,2,3.1,3584.3,40002.2,2066.8,7343.9,24.8,0,
2017-12-22 05:37:38,0,1,2,3.1,3585.1,40001.8,2066.8,7343.9,24.7,0,
2017-12-22 05:37:41,0,1,2,3.2,3586.1,40001.8,2133.5,7583.0,24.7,0,
2017-12-22 05:37:44,0,1,2,3.2,3587.0,40002.1,2133.5,7583.0,24.7,0,
2017-12-22 05:37:47,0,1,2,3.3,3587.6,40001.8,2200.2,7822.2,24.7,0,
2017-12-22 05:37:51,0,1,2,3.3,3588.5,40002.0,2200.2,7822.2,24.7,0,
2017-12-22 05:37:54,0,1,2,3.4,3589.5,40001.8,2266.8,8061.4,24.7,0,
2017-12-22 05:37:57,0,1,2,3.4,3590.3,40001.8,2266.8,8061.4,24.7,0,
2017-12-22 05:38:00,0,1,2,3.5,3591.0,40001.9,2333.5,8300.8,24.6,0,
2017-12-22 05:38:03,0,1,2,3.5,3591.8,40001.5,2333.5,8300.8,24.6,0,
2017-12-22 05:38:06,0,1,2,3.6,3592.8,40002.0,2400.2,8540.3,24.6,0,
2017-12-22 05:38:09,0,1,2,3.6,3593.5,40001.8,2400.2,8540.3,24.6,0,
2017-12-22 05:38:12,0,1,2,3.7,3594.4,40001.8,2466.8,8779.9,24.6,0,
2017-12-22 05:38:15,0,1,2,3.7,3595.2,40002.0,2466.8,8779.9,24.6,0,
2017-12-22 05:38:18,0,1,2,3.8,3596.0,40002.0,2533.5,9019.6,24.6,0,
2017-12-22 05:38:21,0,1,2,3.9,3596.9,40001.9,2600.2,9259.4,24.6,0,
2017-12-22 05:38:24,0,1,2,3.9,3597.8,40002.0,2600.2,9259.4,24.6,0,
2017-12-22 05:38:27,0,1,2,4.0,3598.6,40001.5,2666.9,9499.4,24.6,0,
2017-12-22 05:38:30,0,1,2,4.0,3599.4,40002.0,2666.9,9499.4,24.6,0,
2017-12-22 05:38:33,0,1,2,4.1,3600.1,40002.3,2733.5,9739.4,24.6,0,
2017-12-22 05:38:36,0,1,2,4.1,3601.1,40001.8,2733.5,9739.4,24.6,0,
2017-12-22 05:38:40,0,1,2,4.2,3601.9,40002.0,2800.2,9979.5,24.6,0,
2017-12-22 05:38:43,0,1,2,4.2,3602.7,40001.3,2800.2,9979.5,24.6,0,
2017-12-22 05:38:46,0,1,2,4.3,3603.7,40002.1,2866.9,10219.8,24.7,0,
2017-12-22 05:38:49,0,1,2,4.3,3604.4,40002.0,2866.9,10219.8,24.7,0,
2017-12-22 05:38:52,0,1,2,4.4,3605.2,40001.8,2933.6,10460.2,24.7,0,
2017-12-22 05:38:55,0,1,2,4.4,3606.1,40001.8,2933.6,10460.2,24.7,0,
2017-12-22 05:38:58,0,1,2,4.5,3607.1,40002.0,3000.2,10700.6,24.6,0,
2017-12-22 05:39:01,0,1,2,4.5,3607.9,40001.8,3000.2,10700.6,24.6,0,
2017-12-22 05:39:04,0,1,2,4.6,3608.5,40001.9,3066.9,10941.2,24.6,0,
2017-12-22 05:39:08,0,1,2,4.6,3609.5,40002.0,3066.9,10941.2,24.6,0,
2017-12-22 05:39:11,0,1,2,4.7,3610.3,40001.8,3133.6,11181.9,24.6,0,
2017-12-22 05:39:14,0,1,2,4.7,3611.1,40001.9,3133.6,11181.9,24.7,0,
2017-12-22 05:39:17,0,1,2,4.8,3611.9,40002.1,3200.3,11422.7,24.7,0,
2017-12-22 05:39:20,0,1,2,4.8,3612.7,40002.0,3200.3,11422.7,24.7,0,
2017-12-22 05:39:23,0,1,2,4.9,3613.7,40002.0,3266.9,11663.6,24.6,0,
2017-12-22 05:39:27,0,1,2,4.9,3614.4,40001.8,3266.9,11663.6,24.7,0,
2017-12-22 05:39:30,0,1,2,5.0,3615.4,40001.9,3333.6,11904.6,24.7,0,
2017-12-22 05:39:33,0,1,2,5.0,3616.2,40001.9,3333.6,11904.6,24.7,0,
2017-12-22 05:39:36,0,1,2,5.1,3616.8,40001.5,3400.3,12145.7,24.7,0,
2017-12-22 05:39:39,0,1,2,5.1,3617.8,40002.0,3400.3,12145.7,24.7,0,
2017-12-22 05:39:42,0,1,2,5.2,3618.6,40002.0,3466.9,12386.9,24.7,0,
2017-12-22 05:39:45,0,1,2,5.2,3619.3,40001.8,3466.9,12386.9,24.7,0,
2017-12-22 05:39:48,0,1,2,5.3,3620.2,40001.8,3533.6,12628.2,24.7,0,
2017-12-22 05:39:51,0,1,2,5.3,3621.0,40002.0,3533.6,12628.2,24.7,0,
2017-12-22 05:39:54,0,1,2,5.4,3621.6,40001.6,3600.3,12869.6,24.7,0,
2017-12-22 05:39:58,0,1,2,5.5,3622.5,40001.8,3667.0,13111.2,24.7,0,
2017-12-22 05:40:01,0,1,2,5.5,3623.3,40001.8,3667.0,13111.2,24.7,0,
2017-12-22 05:40:04,0,1,2,5.6,3624.1,40001.8,3733.6,13352.8,24.7,0,
2017-12-22 05:40:07,0,1,2,5.6,3624.7,40001.9,3733.6,13352.8,24.7,0,
2017-12-22 05:40:10,0,1,2,5.7,3625.6,40001.2,3800.3,13594.5,24.7,0,
2017-12-22 05:40:13,0,1,2,5.7,3626.2,40001.8,3800.3,13594.5,24.7,0,
2017-12-22 05:40:16,0,1,2,5.8,3627.0,40001.5,3867.0,13836.3,24.7,0,
2017-12-22 05:40:19,0,1,2,5.8,3627.9,40001.8,3867.0,13836.3,24.7,0,
2017-12-22 05:40:22,0,1,2,5.9,3628.7,40001.8,3933.7,14078.2,24.8,0,
2017-12-22 05:40:25,0,1,2,5.9,3629.4,40002.0,3933.7,14078.2,24.7,0,
2017-12-22 05:40:28,0,1,2,6.0,3630.2,40001.8,4000.3,14320.3,24.8,0,
2017-12-22 05:40:32,0,1,2,6.0,3631.0,40001.7,4000.3,14320.3,24.8,0,
2017-12-22 05:40:35,0,1,2,6.1,3631.7,40001.9,4067.0,14562.4,24.8,0,
2017-12-22 05:40:38,0,1,2,6.1,3632.4,40002.2,4067.0,14562.4,24.8,0,
2017-12-22 05:40:41,0,1,2,6.2,3633.1,40001.8,4133.7,14804.6,24.8,0,
2017-12-22 05:40:44,0,1,2,6.2,3634.0,40002.0,4133.7,14804.6,24.8,0,
2017-12-22 05:40:47,0,1,2,6.3,3634.7,40002.0,4200.3,15046.9,24.8,0,
2017-12-22 05:40:51,0,1,2,6.3,3635.5,40001.9,4200.3,15046.9,24.7,0,
2017-12-22 05:40:54,0,1,2,6.4,3636.1,40001.9,4267.0,15289.2,24.8,0,
2017-12-22 05:40:57,0,1,2,6.4,3636.8,40000.5,4267.0,15289.2,24.8,0,
2017-12-22 05:41:00,0,1,2,6.5,3637.6,39999.0,4333.7,15531.7,24.7,0,
2017-12-22 05:41:03,0,1,2,6.5,3638.2,39998.5,4333.7,15531.7,24.7,0,
2017-12-22 05:41:06,0,1,2,6.6,3639.0,39998.8,4400.3,15774.2,24.8,0,
2017-12-22 05:41:09,0,1,2,6.7,3639.6,40001.8,4467.0,16016.9,24.7,0,
2017-12-22 05:41:13,0,1,2,6.7,3640.4,40002.1,4467.0,16016.9,24.8,0,
2017-12-22 05:41:16,0,1,2,6.8,3641.0,40002.0,4533.7,16259.7,24.8,0,
2017-12-22 05:41:19,0,1,2,6.8,3641.8,40002.3,4533.7,16259.7,24.8,0,
2017-12-22 05:41:22,0,1,2,6.9,3642.4,40002.4,4600.4,16502.5,24.8,0,
2017-12-22 05:41:25,0,1,2,6.9,3643.0,40002.5,4600.4,16502.5,24.8,0,
2017-12-22 05:41:28,0,1,2,7.0,3643.8,40002.1,4667.0,16745.5,24.8,0,
2017-12-22 05:41:31,0,1,2,7.0,3644.4,40002.5,4667.0,16745.5,24.7,0,
2017-12-22 05:41:34,0,1,2,7.1,3645.3,40002.2,4733.7,16988.5,24.7,0,
2017-12-22 05:41:38,0,1,2,7.1,3645.9,40002.3,4733.7,16988.5,24.7,0,
2017-12-22 05:41:41,0,1,2,7.2,3646.6,40002.4,4800.4,17231.6,24.8,0,
2017-12-22 05:41:44,0,1,2,7.2,3647.2,40002.3,4800.4,17231.6,24.8,0,
2017-12-22 05:41:47,0,1,2,7.3,3647.9,39999.2,4867.1,17474.8,24.8,0,
2017-12-22 05:41:50,0,1,2,7.3,3648.6,39999.0,4867.1,17474.8,24.8,0,
2017-12-22 05:41:53,0,1,2,7.4,3649.3,39999.2,4933.7,17718.0,24.8,0,
2017-12-22 05:41:57,0,1,2,7.4,3649.9,39999.7,4933.7,17718.0,24.8,0,
2017-12-22 05:42:00,0,1,2,7.5,3650.7,39999.7,5000.4,17961.4,24.7,0,
2017-12-22 05:42:03,0,1,2,7.5,3651.3,39999.9,5000.4,17961.4,24.7,0,
2017-12-22 05:42:06,0,1,2,7.6,3652.1,39999.3,5067.0,18204.8,24.7,0,
2017-12-22 05:42:09,0,1,2,7.7,3652.6,39999.5,5133.7,18448.3,24.8,0,
2017-12-22 05:42:13,0,1,2,7.7,3653.2,39999.5,5133.7,18448.3,24.8,0,
2017-12-22 05:42:16,0,1,2,7.8,3653.9,39999.2,5200.4,18691.9,24.8,0,
2017-12-22 05:42:19,0,1,2,7.8,3654.4,39999.7,5200.4,18691.9,24.8,0,
2017-12-22 05:42:22,0,1,2,7.9,3655.2,39999.0,5267.0,18935.5,24.8,0,
2017-12-22 05:42:25,0,1,2,7.9,3655.9,39999.2,5267.0,18935.5,24.8,0,
2017-12-22 05:42:28,0,1,2,8.0,3656.4,39999.2,5333.7,19179.3,24.8,0,
2017-12-22 05:42:31,0,1,2,8.0,3657.0,39998.8,5333.7,19179.3,24.8,0,
2017-12-22 05:42:34,0,1,2,8.1,3657.8,39999.8,5400.4,19423.1,24.8,0,
2017-12-22 05:42:37,0,1,2,8.1,3658.2,39999.5,5400.4,19423.1,24.8,0,
2017-12-22 05:42:41,0,1,2,8.2,3659.0,39999.3,5467.0,19667.0,24.8,0,
2017-12-22 05:42:44,0,1,2,8.2,3659.5,39999.0,5467.0,19667.0,24.8,0,
2017-12-22 05:42:47,0,1,2,8.3,3660.1,39998.7,5533.7,19911.0,24.8,0,
2017-12-22 05:42:50,0,1,2,8.3,3660.7,39999.0,5533.7,19911.0,24.8,0,
2017-12-22 05:42:53,0,1,2,8.4,3661.3,39999.2,5600.4,20155.1,24.8,0,
2017-12-22 05:42:56,0,1,2,8.4,3662.0,39999.3,5600.4,20155.1,24.8,0,
2017-12-22 05:43:00,0,1,2,8.5,3662.6,39999.5,5667.0,20399.2,24.8,0,
2017-12-22 05:43:03,0,1,2,8.5,3663.2,39999.8,5667.0,20399.2,24.8,0,
2017-12-22 05:43:06,0,1,2,8.6,3664.0,39999.5,5733.7,20643.4,24.8,0,
2017-12-22 05:43:09,0,1,2,8.6,3664.5,39999.8,5733.7,20643.4,24.8,0,
2017-12-22 05:43:12,0,1,2,8.7,3665.2,39999.3,5800.4,20887.7,24.8,0,
2017-12-22 05:43:16,0,1,2,8.8,3665.7,39999.3,5867.0,21132.1,24.7,0,
2017-12-22 05:43:19,0,1,2,8.8,3666.4,40000.0,5867.0,21132.1,24.8,0,
2017-12-22 05:43:22,0,1,2,8.9,3666.8,39999.3,5933.7,21376.6,24.7,0,
2017-12-22 05:43:25,0,1,2,8.9,3667.6,39999.4,5933.7,21376.6,24.7,0,
2017-12-22 05:43:28,0,1,2,9.0,3668.1,39999.3,6000.4,21621.1,24.7,0,
2017-12-22 05:43:31,0,1,2,9.0,3668.6,39999.2,6000.4,21621.1,24.7,0,
2017-12-22 05:43:34,0,1,2,9.1,3669.1,39999.9,6067.0,21865.7,24.6,0,
2017-12-22 05:43:37,0,1,2,9.1,3669.6,39999.2,6067.0,21865.7,24.6,0,
2017-12-22 05:43:40,0,1,2,9.2,3670.2,39999.8,6133.7,22110.3,24.6,0,
2017-12-22 05:43:43,0,1,2,9.2,3670.7,39999.7,6133.7,22110.3,24.7,0,
2017-12-22 05:43:46,0,1,2,9.3,3671.1,39999.0,6200.3,22355.0,24.7,0,
2017-12-22 05:43:49,0,1,2,9.3,3671.8,39999.6,6200.3,22355.0,24.7,0,
2017-12-22 05:43:53,0,1,2,9.4,3672.2,39999.5,6267.0,22599.8,24.7,0,
2017-12-22 05:43:56,0,1,2,9.4,3672.9,39999.6,6267.0,22599.8,24.7,0,
2017-12-22 05:43:59,0,1,2,9.5,3673.3,39999.5,6333.7,22844.7,24.7,0,
2017-12-22 05:44:02,0,1,2,9.5,3673.8,39999.2,6333.7,22844.7,24.7,0,
2017-12-22 05:44:05,0,1,2,9.6,3674.4,39999.3,6400.3,23089.6,24.7,0,
2017-12-22 05:44:08,0,1,2,9.6,3674.7,39999.3,6400.3,23089.6,24.6,0,
2017-12-22 05:44:11,0,1,2,9.7,3675.2,39999.4,6467.0,23334.6,24.6,0,
2017-12-22 05:44:14,0,1,2,9.7,3675.8,39999.0,6467.0,23334.6,24.6,0,
2017-12-22 05:44:17,0,1,2,9.8,3676.3,39999.7,6533.7,23579.7,24.6,0,
2017-12-22 05:44:20,0,1,2,9.8,3676.6,39999.9,6533.7,23579.7,24.6,0,
2017-12-22 05:44:24,0,1,2,9.9,3677.2,39999.2,6600.3,23824.8,24.6,0,
2017-12-22 05:44:27,0,1,2,9.9,3677.7,39999.7,6600.3,23824.8,24.6,0,
2017-12-22 05:44:30,0,1,2,10.0,3678.2,39998.9,6667.0,24070.0,24.6,0,
2017-12-22 05:44:33,0,1,2,10.0,3678.7,39999.4,6667.0,24070.0,24.6,0,
2017-12-22 05:44:36,0,1,2,10.1,3679.3,39999.6,6733.7,24315.2,24.6,0,
2017-12-22 05:44:40,0,1,2,10.2,3679.7,39999.4,6800.3,24560.5,24.6,0,
2017-12-22 05:44:43,0,1,2,10.2,3680.1,39999.8,6800.3,24560.5,24.6,0,
2017-12-22 05:44:46,0,1,2,10.3,3680.6,39999.7,6867.0,24805.9,24.6,0,
2017-12-22 05:44:49,0,1,2,10.3,3681.1,39999.3,6867.0,24805.9,24.7,0,
2017-12-22 05:44:52,0,1,2,10.4,3681.6,39999.6,6933.7,25051.3,24.7,0,
2017-12-22 05:44:55,0,1,2,10.4,3681.9,39999.7,6933.7,25051.3,24.7,0,
2017-12-22 05:44:58,0,1,2,10.5,3682.3,39999.3,7000.3,25296.8,24.7,0,
2017-12-22 05:45:02,0,1,2,10.5,3682.8,39999.6,7000.3,25296.8,24.7,0,
2017-12-22 05:45:05,0,1,2,10.6,3683.2,40000.0,7067.0,25542.4,24.6,0,
2017-12-22 05:45:08,0,1,2,10.6,3683.8,39999.7,7067.0,25542.4,24.7,0,
2017-12-22 05:45:11,0,1,2,10.7,3684.3,39999.1,7133.7,25788.0,24.7,0,
2017-12-22 05:45:15,0,1,2,10.7,3684.6,39999.3,7133.7,25788.0,24.7,0,
2017-12-22 05:45:18,0,1,2,10.8,3685.0,39999.7,7200.3,26033.6,24.6,0,
2017-12-22 05:45:21,0,1,2,10.8,3685.4,39999.7,7200.3,26033.6,24.6,0,
2017-12-22 05:45:24,0,1,2,10.9,3685.9,39999.7,7267.0,26279.3,24.6,0,
2017-12-22 05:45:27,0,1,2,10.9,3686.4,39999.6,7267.0,26279.3,24.6,0,
2017-12-22 05:45:30,0,1,2,11.0,3686.7,39999.7,7333.7,26525.0,24.6,0,
2017-12-22 05:45:33,0,1,2,11.0,3687.0,40000.0,7333.7,26525.0,24.6,0,
2017-12-22 05:45:36,0,1,2,11.1,3687.5,39999.7,7400.3,26770.8,24.6,0,
2017-12-22 05:45:39,0,1,2,11.1,3687.9,39999.4,7400.3,26770.8,24.6,0,
2017-12-22 05:45:42,0,1,2,11.2,3688.4,39999.2,7467.0,27016.7,24.6,0,
2017-12-22 05:45:45,0,1,2,11.3,3688.8,39999.7,7533.6,27262.6,24.6,0,
2017-12-22 05:45:49,0,1,2,11.3,3689.2,39999.8,7533.6,27262.6,24.6,0,
2017-12-22 05:45:52,0,1,2,11.4,3689.5,39999.5,7600.3,27508.6,24.7,0,
2017-12-22 05:45:55,0,1,2,11.4,3689.7,39999.2,7600.3,27508.6,24.7,0,
2017-12-22 05:45:58,0,1,2,11.5,3690.2,39998.6,7667.0,27754.6,24.7,0,
2017-12-22 05:46:01,0,1,2,11.5,3690.5,39999.7,7667.0,27754.6,24.7,0,
2017-12-22 05:46:04,0,1,2,11.6,3690.9,39999.1,7733.6,28000.6,24.7,0,
2017-12-22 05:46:07,0,1,2,11.6,3691.4,39999.0,7733.6,28000.6,24.6,0,
2017-12-22 05:46:10,0,1,2,11.7,3691.7,39999.6,7800.3,28246.7,24.7,0,
2017-12-22 05:46:13,0,1,2,11.7,3692.0,39998.7,7800.3,28246.7,24.6,0,
2017-12-22 05:46:16,0,1,2,11.8,3692.5,39999.0,7867.0,28492.9,24.6,0,
2017-12-22 05:46:19,0,1,2,11.8,3693.0,39999.5,7867.0,28492.9,24.7,0,
2017-12-22 05:46:22,0,1,2,11.9,3693.3,39999.3,7933.6,28739.1,24.6,0,
2017-12-22 05:46:25,0,1,2,11.9,3693.7,39999.2,7933.6,28739.1,24.6,0,
2017-12-22 05:46:28,0,1,2,12.0,3694.1,39999.5,8000.3,28985.3,24.6,0,
2017-12-22 05:46:32,0,1,2,12.0,3694.3,39999.1,8000.3,28985.3,24.6,0,
2017-12-22 05:46:35,0,1,2,12.1,3694.6,39999.3,8067.0,29231.6,24.6,0,
2017-12-22 05:46:38,0,1,2,12.1,3695.0,39999.5,8067.0,29231.6,24.6,0,
2017-12-22 05:46:41,0,1,2,12.2,3695.4,39999.5,8133.6,29478.0,24.6,0,
2017-12-22 05:46:44,0,1,2,12.2,3695.7,39999.2,8133.6,29478.0,24.6,0,
2017-12-22 05:46:47,0,1,2,12.3,3696.1,39999.4,8200.3,29724.4,24.6,0,
2017-12-22 05:46:50,0,1,2,12.3,3696.4,39997.2,8200.3,29724.4,24.6,0,
2017-12-22 05:46:53,0,1,2,12.4,3696.7,39999.3,8267.0,29970.8,24.6,0,
2017-12-22 05:46:56,0,1,2,12.4,3697.2,39999.3,8267.0,29970.8,24.6,0,
2017-12-22 05:46:59,0,1,2,12.5,3697.4,39999.6,8333.6,30217.3,24.6,0,
2017-12-22 05:47:03,0,1,2,12.5,3697.8,39999.2,8333.6,30217.3,24.6,0,
2017-12-22 05:47:06,0,1,2,12.6,3698.2,39999.0,8400.3,30463.8,24.6,0,
2017-12-22 05:47:09,0,1,2,12.6,3698.7,39999.2,8400.3,30463.8,24.6,0,
2017-12-22 05:47:12,0,1,2,12.7,3699.0,39998.7,8466.9,30710.4,24.6,0,
2017-12-22 05:47:15,0,1,2,12.7,3699.4,39999.6,8466.9,30710.4,24.6,0,
2017-12-22 05:47:18,0,1,2,12.8,3699.7,39999.2,8533.6,30957.0,24.6,0,
2017-12-22 05:47:21,0,1,2,12.8,3700.0,39999.2,8533.6,30957.0,24.6,0,
2017-12-22 05:47:24,0,1,2,12.9,3700.4,39998.8,8600.3,31203.6,24.6,0,
2017-12-22 05:47:27,0,1,2,13.0,3700.8,39999.3,8666.9,31450.3,24.7,0,
2017-12-22 05:47:30,0,1,2,13.0,3701.1,39999.2,8666.9,31450.3,24.7,0,
2017-12-22 05:47:33,0,1,2,13.1,3701.3,39999.0,8733.6,31697.1,24.7,0,
2017-12-22 05:47:36,0,1,2,13.1,3701.8,39999.0,8733.6,31697.1,24.7,0,
2017-12-22 05:47:39,0,1,2,13.2,3702.1,39999.4,8800.3,31943.9,24.7,0,
2017-12-22 05:47:43,0,1,2,13.2,3702.4,39999.1,8800.3,31943.9,24.7,0,
2017-12-22 05:47:46,0,1,2,13.3,3702.6,39999.2,8866.9,32190.7,24.6,0,
2017-12-22 05:47:49,0,1,2,13.3,3703.1,39999.6,8866.9,32190.7,24.6,0,
2017-12-22 05:47:52,0,1,2,13.4,3703.4,39999.6,8933.6,32437.6,24.6,0,
2017-12-22 05:47:55,0,1,2,13.4,3703.8,39999.4,8933.6,32437.6,24.7,0,
2017-12-22 05:47:58,0,1,2,13.5,3704.0,39999.3,9000.3,32684.5,24.7,0,
2017-12-22 05:48:01,0,1,2,13.5,3704.3,39999.5,9000.3,32684.5,24.7,0,
2017-12-22 05:48:04,0,1,2,13.6,3704.7,39999.2,9066.9,32931.5,24.7,0,
2017-12-22 05:48:07,0,1,2,13.6,3705.0,39998.9,9066.9,32931.5,24.7,0,
2017-12-22 05:48:10,0,1,2,13.7,3705.5,39998.8,9133.6,33178.5,24.7,0,
2017-12-22 05:48:13,0,1,2,13.7,3705.8,39999.0,9133.6,33178.5,24.7,0,
2017-12-22 05:48:16,0,1,2,13.8,3705.9,39999.0,9200.2,33425.5,24.7,0,
2017-12-22 05:48:19,0,1,2,13.8,3706.3,39999.5,9200.2,33425.5,24.7,0,
2017-12-22 05:48:22,0,1,2,13.9,3706.8,40001.8,9266.9,33672.7,24.7,0,
2017-12-22 05:48:26,0,1,2,13.9,3707.1,40002.3,9266.9,33672.7,24.7,0,
2017-12-22 05:48:29,0,1,2,14.0,3707.3,40002.3,9333.6,33919.8,24.7,0,
2017-12-22 05:48:32,0,1,2,14.0,3707.7,40002.2,9333.6,33919.8,24.7,0,
2017-12-22 05:48:35,0,1,2,14.1,3708.1,40002.0,9400.3,34167.0,24.7,0,
2017-12-22 05:48:38,0,1,2,14.1,3708.5,40002.5,9400.3,34167.0,24.7,0,
2017-12-22 05:48:41,0,1,2,14.2,3708.6,39999.8,9466.9,34414.3,24.7,0,
2017-12-22 05:48:44,0,1,2,14.2,3709.0,39998.7,9466.9,34414.3,24.7,0,
2017-12-22 05:48:47,0,1,2,14.3,3709.4,39998.5,9533.6,34661.5,24.7,0,
2017-12-22 05:48:50,0,1,2,14.3,3709.7,39998.3,9533.6,34661.5,24.7,0,
2017-12-22 05:48:53,0,1,2,14.4,3710.0,40001.6,9600.3,34908.8,24.7,0,
2017-12-22 05:48:57,0,1,2,14.4,3710.3,40001.0,9600.3,34908.8,24.7,0,
2017-12-22 05:49:00,0,1,2,14.5,3710.7,40001.3,9666.9,35156.2,24.7,0,
2017-12-22 05:49:03,0,1,2,14.5,3711.1,40001.7,9666.9,35156.2,24.7,0,
2017-12-22 05:49:06,0,1,2,14.6,3711.4,40001.8,9733.6,35403.6,24.7,0,
2017-12-22 05:49:09,0,1,2,14.7,3711.8,40001.8,9800.3,35651.1,24.7,0,
2017-12-22 05:49:12,0,1,2,14.7,3712.1,40001.5,9800.3,35651.1,24.7,0,
2017-12-22 05:49:15,0,1,2,14.8,3712.3,40001.3,9866.9,35898.6,24.7,0,
2017-12-22 05:49:19,0,1,2,14.8,3712.7,40002.2,9866.9,35898.6,24.7,0,
2017-12-22 05:49:22,0,1,2,14.9,3713.1,40001.8,9933.6,36146.1,24.7,0,
2017-12-22 05:49:25,0,1,2,14.9,3713.4,40001.7,9933.6,36146.1,24.7,0,
2017-12-22 05:49:28,0,1,2,15.0,3713.7,39997.8,10000.3,36393.7,24.7,0,
2017-12-22 05:49:31,0,1,2,15.0,3714.0,39997.2,10000.3,36393.7,24.6,0,
2017-12-22 05:49:34,0,1,2,15.1,3714.3,39997.6,10066.9,36641.3,24.6,0,
2017-12-22 05:49:37,0,1,2,15.1,3714.7,39997.3,10066.9,36641.3,24.6,0,
2017-12-22 05:49:40,0,1,2,15.2,3715.0,40000.5,10133.6,36889.0,24.6,0,
2017-12-22 05:49:43,0,1,2,15.2,3715.4,40000.1,10133.6,36889.0,24.6,0,
2017-12-22 05:49:47,0,1,2,15.3,3715.7,40000.7,10200.3,37136.7,24.6,0,
2017-12-22 05:49:50,0,1,2,15.3,3716.2,40000.8,10200.3,37136.7,24.6,0,
2017-12-22 05:49:53,0,1,2,15.4,3716.5,40000.2,10266.9,37384.4,24.6,0,
2017-12-22 05:49:56,0,1,2,15.4,3716.8,40000.8,10266.9,37384.4,24.6,0,
2017-12-22 05:49:59,0,1,2,15.5,3717.1,40001.4,10333.6,37632.3,24.6,0,
2017-12-22 05:50:02,0,1,2,15.5,3717.5,40000.5,10333.6,37632.3,24.6,0,
2017-12-22 05:50:05,0,1,2,15.6,3717.8,40000.3,10400.3,37880.1,24.6,0,
2017-12-22 05:50:08,0,1,2,15.6,3718.3,40000.4,10400.3,37880.1,24.6,0,
2017-12-22 05:50:11,0,1,2,15.7,3718.6,40000.8,10466.9,38128.0,24.6,0,
2017-12-22 05:50:14,0,1,2,15.7,3718.8,40000.4,10466.9,38128.0,24.6,0,
2017-12-22 05:50:17,0,1,2,15.8,3719.3,40000.7,10533.6,38375.9,24.6,0,
2017-12-22 05:50:21,0,1,2,15.8,3719.6,40000.3,10533.6,38375.9,24.6,0,
2017-12-22 05:50:24,0,1,2,15.9,3719.8,40000.3,10600.3,38623.9,24.6,0,
2017-12-22 05:50:27,0,1,2,15.9,3720.3,40000.5,10600.3,38623.9,24.6,0,
2017-12-22 05:50:30,0,1,2,16.0,3720.6,40000.9,10666.9,38872.0,24.6,0,
2017-12-22 05:50:33,0,1,2,16.0,3720.9,40000.3,10666.9,38872.0,24.7,0,
2017-12-22 05:50:37,0,1,2,16.1,3721.4,40000.5,10733.6,39120.0,24.6,0,
2017-12-22 05:50:40,0,1,2,16.2,3721.7,40001.0,10800.3,39368.2,24.6,0,
2017-12-22 05:50:43,0,1,2,16.2,3722.0,40000.5,10800.3,39368.2,24.6,0,
2017-12-22 05:50:46,0,1,2,16.3,3722.4,40000.5,10867.0,39616.3,24.6,0,
2017-12-22 05:50:49,0,1,2,16.3,3722.7,40001.0,10867.0,39616.3,24.7,0,
2017-12-22 05:50:52,0,1,2,16.4,3722.9,39999.7,10933.6,39864.5,24.7,0,
2017-12-22 05:50:55,0,1,2,16.4,3723.3,40000.3,10933.6,39864.5,24.7,0,
2017-12-22 05:50:58,0,1,2,16.5,3723.8,40000.5,11000.3,40112.8,24.7,0,
2017-12-22 05:51:01,0,1,2,16.5,3724.1,40000.8,11000.3,40112.8,24.7,0,
2017-12-22 05:51:04,0,1,2,16.6,3724.5,40000.3,11067.0,40361.1,24.7,0,
2017-12-22 05:51:07,0,1,2,16.6,3724.8,40000.9,11067.0,40361.1,24.7,0,
2017-12-22 05:51:10,0,1,2,16.7,3725.2,40000.8,11133.6,40609.4,24.7,0,
2017-12-22 05:51:13,0,1,2,16.7,3725.5,40000.4,11133.6,40609.4,24.6,0,
2017-12-22 05:51:16,0,1,2,16.8,3725.9,40000.5,11200.3,40857.8,24.6,0,
2017-12-22 05:51:19,0,1,2,16.8,3726.3,40000.7,11200.3,40857.8,24.6,0,
2017-12-22 05:51:22,0,1,2,16.9,3726.6,40000.7,11267.0,41106.2,24.7,0,
2017-12-22 05:51:25,0,1,2,16.9,3727.0,40000.3,11267.0,41106.2,24.7,0,
2017-12-22 05:51:28,0,1,2,17.0,3727.2,40000.3,11333.6,41354.7,24.7,0,
2017-12-22 05:51:31,0,1,2,17.0,3727.6,40000.2,11333.6,41354.7,24.6,0,
2017-12-22 05:51:34,0,1,2,17.1,3727.9,40001.2,11400.3,41603.3,24.6,0,
2017-12-22 05:51:37,0,1,2,17.1,3728.2,40001.0,11400.3,41603.3,24.7,0,
2017-12-22 05:51:41,0,1,2,17.2,3728.6,40000.9,11467.0,41851.8,24.6,0,
2017-12-22 05:51:44,0,1,2,17.2,3729.1,40001.3,11467.0,41851.8,24.7,0,
2017-12-22 05:51:47,0,1,2,17.3,3729.4,40001.0,11533.6,42100.5,24.6,0,
2017-12-22 05:51:50,0,1,2,17.3,3729.7,40000.2,11533.6,42100.5,24.6,0,
2017-12-22 05:51:53,0,1,2,17.4,3730.1,40001.0,11600.3,42349.1,24.6,0,
2017-12-22 05:51:56,0,1,2,17.4,3730.4,40000.0,11600.3,42349.1,24.6,0,
2017-12-22 05:51:59,0,1,2,17.5,3731.0,40000.1,11667.0,42597.8,24.7,0,
2017-12-22 05:52:03,0,1,2,17.5,3731.4,40000.5,11667.0,42597.8,24.7,0,
2017-12-22 05:52:06,0,1,2,17.6,3731.8,40000.8,11733.6,42846.6,24.7,0,
2017-12-22 05:52:09,0,1,2,17.6,3732.1,40000.5,11733.6,42846.6,24.8,0,
2017-12-22 05:52:12,0,1,2,17.7,3732.3,40000.5,11800.3,43095.4,24.7,0,
2017-12-22 05:52:15,0,1,2,17.7,3732.8,40000.4,11800.3,43095.4,24.7,0,
2017-12-22 05:52:18,0,1,2,17.8,3733.1,40000.1,11867.0,43344.3,24.8,0,
2017-12-22 05:52:21,0,1,2,17.8,3733.4,40000.5,11867.0,43344.3,24.8,0,
2017-12-22 05:52:25,0,1,2,17.9,3734.0,40000.1,11933.7,43593.2,24.8,0,
2017-12-22 05:52:28,0,1,2,18.0,3734.3,40000.2,12000.3,43842.1,24.7,0,
2017-12-22 05:52:31,0,1,2,18.0,3734.6,40000.7,12000.3,43842.1,24.7,0,
2017-12-22 05:52:34,0,1,2,18.1,3735.1,40000.0,12067.0,44091.2,24.7,0,
2017-12-22 05:52:37,0,1,2,18.1,3735.4,40000.3,12067.0,44091.2,24.8,0,
2017-12-22 05:52:40,0,1,2,18.2,3735.7,40000.8,12133.7,44340.2,24.7,0,
2017-12-22 05:52:43,0,1,2,18.2,3736.1,40000.7,12133.7,44340.2,24.7,0,
2017-12-22 05:52:46,0,1,2,18.3,3736.7,40000.8,12200.3,44589.3,24.7,0,
2017-12-22 05:52:50,0,1,2,18.3,3737.0,40000.2,12200.3,44589.3,24.7,0,
2017-12-22 05:52:53,0,1,2,18.4,3737.3,40000.5,12267.0,44838.5,24.8,0,
2017-12-22 05:52:56,0,1,2,18.4,3737.9,40000.0,12267.0,44838.5,24.8,0,
2017-12-22 05:52:59,0,1,2,18.5,3738.3,40000.0,12333.7,45087.7,24.8,0,
2017-12-22 05:53:02,0,1,2,18.5,3738.5,40000.0,12333.7,45087.7,24.8,0,
2017-12-22 05:53:05,0,1,2,18.6,3738.9,40000.8,12400.3,45336.9,24.7,0,
2017-12-22 05:53:09,0,1,2,18.6,3739.4,40000.7,12400.3,45336.9,24.8,0,
2017-12-22 05:53:12,0,1,2,18.7,3739.8,39999.8,12467.0,45586.2,24.8,0,
2017-12-22 05:53:15,0,1,2,18.7,3740.2,40000.3,12467.0,45586.2,24.8,0,
2017-12-22 05:53:18,0,1,2,18.8,3740.7,40000.7,12533.7,45835.6,24.8,0,
2017-12-22 05:53:21,0,1,2,18.9,3741.1,40000.1,12600.3,46085.0,24.8,0,
2017-12-22 05:53:25,0,1,2,18.9,3741.6,40000.3,12600.3,46085.0,24.8,0,
2017-12-22 05:53:28,0,1,2,19.0,3742.0,40000.8,12667.0,46334.5,24.7,0,
2017-12-22 05:53:31,0,1,2,19.0,3742.4,40000.3,12667.0,46334.5,24.8,0,
2017-12-22 05:53:34,0,1,2,19.1,3742.7,40000.1,12733.7,46584.0,24.8,0,
2017-12-22 05:53:37,0,1,2,19.1,3743.2,40000.7,12733.7,46584.0,24.7,0,
2017-12-22 05:53:41,0,1,2,19.2,3743.5,39999.8,12800.3,46833.5,24.7,0,
2017-12-22 05:53:44,0,1,2,19.2,3743.9,40000.3,12800.3,46833.5,24.7,0,
2017-12-22 05:53:47,0,1,2,19.3,3744.4,40000.0,12867.0,47083.1,24.8,0,
2017-12-22 05:53:50,0,1,2,19.3,3744.9,40000.1,12867.0,47083.1,24.8,0,
2017-12-22 05:53:53,0,1,2,19.4,3745.3,40000.0,12933.7,47332.8,24.7,0,
2017-12-22 05:53:56,0,1,2,19.4,3745.6,40000.3,12933.7,47332.8,24.8,0,
2017-12-22 05:53:59,0,1,2,19.5,3746.0,39999.7,13000.3,47582.5,24.8,0,
2017-12-22 05:54:03,0,1,2,19.5,3746.6,39999.8,13000.3,47582.5,24.8,0,
2017-12-22 05:54:06,0,1,2,19.6,3746.8,40000.0,13067.0,47832.3,24.8,0,
2017-12-22 05:54:09,0,1,2,19.6,3747.4,40000.2,13067.0,47832.3,24.8,0,
2017-12-22 05:54:12,0,1,2,19.7,3747.9,40000.2,13133.7,48082.1,24.8,0,
2017-12-22 05:54:15,0,1,2,19.7,3748.1,40000.1,13133.7,48082.1,24.8,0,
2017-12-22 05:54:18,0,1,2,19.8,3748.6,40000.3,13200.3,48332.0,24.8,0,
2017-12-22 05:54:21,0,1,2,19.8,3749.1,40000.5,13200.3,48332.0,24.8,0,
2017-12-22 05:54:24,0,1,2,19.9,3749.6,40000.0,13267.0,48582.0,24.8,0,
2017-12-22 05:54:28,0,1,2,20.0,3749.9,40000.0,13333.7,48832.0,24.8,0,
2017-12-22 05:54:31,0,1,2,20.0,3750.5,40000.3,13333.7,48832.0,24.8,0,
2017-12-22 05:54:34,0,1,2,20.1,3750.8,40000.2,13400.3,49082.0,24.8,0,
2017-12-22 05:54:37,0,1,2,20.1,3751.4,40000.5,13400.3,49082.0,24.7,0,
2017-12-22 05:54:40,0,1,2,20.2,3751.6,40000.5,13467.0,49332.1,24.7,0,
2017-12-22 05:54:43,0,1,2,20.2,3752.1,39999.8,13467.0,49332.1,24.7,0,
2017-12-22 05:54:46,0,1,2,20.3,3752.5,40000.7,13533.7,49582.3,24.7,0,
2017-12-22 05:54:49,0,1,2,20.3,3752.9,40000.3,13533.7,49582.3,24.7,0,
2017-12-22 05:54:52,0,1,2,20.4,3753.4,39999.9,13600.3,49832.5,24.6,0,
2017-12-22 05:54:55,0,1,2,20.4,3753.8,40000.2,13600.3,49832.5,24.6,0,
2017-12-22 05:54:58,0,1,2,20.5,3754.3,40000.2,13667.0,50082.8,24.6,0,
2017-12-22 05:55:01,0,1,2,20.5,3754.8,39999.7,13667.0,50082.8,24.6,0,
2017-12-22 05:55:04,0,1,2,20.6,3755.2,40000.3,13733.7,50333.1,24.6,0,
2017-12-22 05:55:07,0,1,2,20.6,3755.5,40000.3,13733.7,50333.1,24.6,0,
2017-12-22 05:55:11,0,1,2,20.7,3756.1,40000.3,13800.3,50583.5,24.6,0,
2017-12-22 05:55:14,0,1,2,20.7,3756.5,40000.1,13800.3,50583.5,24.6,0,
2017-12-22 05:55:17,0,1,2,20.8,3756.9,40000.3,13867.0,50834.0,24.7,0,
2017-12-22 05:55:20,0,1,2,20.8,3757.5,40000.3,13867.0,50834.0,24.7,0,
2017-12-22 05:55:23,0,1,2,20.9,3757.8,39999.8,13933.7,51084.5,24.7,0,
2017-12-22 05:55:26,0,1,2,20.9,3758.3,39999.8,13933.7,51084.5,24.7,0,
2017-12-22 05:55:29,0,1,2,21.0,3758.9,40000.8,14000.3,51335.1,24.7,0,
2017-12-22 05:55:33,0,1,2,21.0,3759.3,39999.8,14000.3,51335.1,24.7,0,
2017-12-22 05:55:36,0,1,2,21.1,3760.0,40000.0,14067.0,51585.7,24.8,0,
2017-12-22 05:55:39,0,1,2,21.1,3760.5,40000.1,14067.0,51585.7,24.8,0,
2017-12-22 05:55:42,0,1,2,21.2,3760.7,40000.0,14133.7,51836.4,24.8,0,
2017-12-22 05:55:46,0,1,2,21.3,3761.2,40000.8,14200.3,52087.1,24.8,0,
2017-12-22 05:55:49,0,1,2,21.3,3761.8,40000.0,14200.3,52087.1,24.8,0,
2017-12-22 05:55:52,0,1,2,21.4,3762.3,40000.2,14267.0,52338.0,24.8,0,
2017-12-22 05:55:55,0,1,2,21.4,3762.7,39999.7,14267.0,52338.0,24.8,0,
2017-12-22 05:55:58,0,1,2,21.5,3763.2,40000.4,14333.7,52588.8,24.8,0,
2017-12-22 05:56:01,0,1,2,21.5,3763.6,40000.0,14333.7,52588.8,24.8,0,
2017-12-22 05:56:04,0,1,2,21.6,3764.1,40000.3,14400.3,52839.8,24.8,0,
2017-12-22 05:56:07,0,1,2,21.6,3764.6,40000.0,14400.3,52839.8,24.8,0,
2017-12-22 05:56:10,0,1,2,21.7,3765.0,40000.1,14467.0,53090.8,24.8,0,
2017-12-22 05:56:13,0,1,2,21.7,3765.6,40000.0,14467.0,53090.8,24.8,0,
2017-12-22 05:56:16,0,1,2,21.8,3765.9,39999.9,14533.7,53341.8,24.8,0,
2017-12-22 05:56:19,0,1,2,21.8,3766.6,39999.8,14533.7,53341.8,24.8,0,
2017-12-22 05:56:23,0,1,2,21.9,3767.0,40000.1,14600.3,53593.0,24.8,0,
2017-12-22 05:56:26,0,1,2,21.9,3767.5,40000.2,14600.3,53593.0,24.8,0,
2017-12-22 05:56:29,0,1,2,22.0,3767.9,40000.5,14667.0,53844.1,24.8,0,
2017-12-22 05:56:32,0,1,2,22.0,3768.5,40000.3,14667.0,53844.1,24.8,0,
2017-12-22 05:56:35,0,1,2,22.1,3769.0,40000.0,14733.7,54095.4,24.8,0,
2017-12-22 05:56:38,0,1,2,22.1,3769.6,40000.5,14733.7,54095.4,24.8,0,
2017-12-22 05:56:42,0,1,2,22.2,3770.1,39999.4,14800.3,54346.7,24.8,0,
2017-12-22 05:56:45,0,1,2,22.2,3770.6,40000.4,14800.3,54346.7,24.8,0,
2017-12-22 05:56:48,0,1,2,22.3,3771.1,40000.2,14867.0,54598.1,24.8,0,
2017-12-22 05:56:51,0,1,2,22.3,3771.6,40000.2,14867.0,54598.1,24.8,0,
2017-12-22 05:56:55,0,1,2,22.4,3772.1,39999.2,14933.7,54849.5,24.8,0,
2017-12-22 05:56:58,0,1,2,22.5,3772.7,40000.2,15000.3,55101.0,24.8,0,
2017-12-22 05:57:01,0,1,2,22.5,3773.3,39999.7,15000.3,55101.0,24.8,0,
2017-12-22 05:57:04,0,1,2,22.6,3773.7,39999.7,15067.0,55352.6,24.8,0,
2017-12-22 05:57:07,0,1,2,22.6,3774.3,40000.1,15067.0,55352.6,24.8,0,
2017-12-22 05:57:10,0,1,2,22.7,3774.7,39999.7,15133.7,55604.3,24.8,0,
2017-12-22 05:57:13,0,1,2,22.7,3775.3,39999.5,15133.7,55604.3,24.7,0,
2017-12-22 05:57:16,0,1,2,22.8,3775.9,40000.7,15200.3,55856.0,24.8,0,
2017-12-22 05:57:20,0,1,2,22.8,3776.5,40000.8,15200.3,55856.0,24.8,0,
2017-12-22 05:57:23,0,1,2,22.9,3776.8,39999.5,15267.0,56107.8,24.7,0,
2017-12-22 05:57:26,0,1,2,22.9,3777.4,39999.7,15267.0,56107.8,24.8,0,
2017-12-22 05:57:29,0,1,2,23.0,3778.0,39999.6,15333.7,56359.6,24.8,0,
2017-12-22 05:57:32,0,1,2,23.0,3778.6,39999.9,15333.7,56359.6,24.8,0,
2017-12-22 05:57:36,0,1,2,23.1,3779.1,39999.7,15400.3,56611.5,24.8,0,
2017-12-22 05:57:39,0,1,2,23.1,3779.7,40000.3,15400.3,56611.5,24.8,0,
2017-12-22 05:57:42,0,1,2,23.2,3780.1,40000.1,15467.0,56863.5,24.8,0,
2017-12-22 05:57:45,0,1,2,23.2,3780.9,39999.9,15467.0,56863.5,24.8,0,
2017-12-22 05:57:48,0,1,2,23.3,3781.3,39999.7,15533.7,57115.6,24.8,0,
2017-12-22 05:57:51,0,1,2,23.4,3781.9,40000.1,15600.3,57367.7,24.8,0,
2017-12-22 05:57:55,0,1,2,23.4,3782.4,40000.3,15600.3,57367.7,24.8,0,
2017-12-22 05:57:58,0,1,2,23.5,3783.0,40000.8,15667.0,57619.9,24.8,0,
2017-12-22 05:58:01,0,1,2,23.5,3783.5,40000.5,15667.0,57619.9,24.8,0,
2017-12-22 05:58:04,0,1,2,23.6,3784.2,40000.3,15733.7,57872.2,24.8,0,
2017-12-22 05:58:07,0,1,2,23.6,3784.9,40000.3,15733.7,57872.2,24.8,0,
2017-12-22 05:58:10,0,1,2,23.7,3785.4,40000.2,15800.3,58124.5,24.8,0,
2017-12-22 05:58:14,0,1,2,23.7,3785.9,40000.0,15800.3,58124.5,24.8,0,
2017-12-22 05:58:17,0,1,2,23.8,3786.6,39999.7,15867.0,58376.9,24.8,0,
2017-12-22 05:58:20,0,1,2,23.8,3787.0,39999.9,15867.0,58376.9,24.8,0,
2017-12-22 05:58:23,0,1,2,23.9,3787.8,40000.3,15933.7,58629.4,24.8,0,
2017-12-22 05:58:26,0,1,2,23.9,3788.3,40000.5,15933.7,58629.4,24.9,0,
2017-12-22 05:58:29,0,1,2,24.0,3788.9,40000.3,16000.3,58882.0,24.9,0,
2017-12-22 05:58:33,0,1,2,24.0,3789.5,40000.0,16000.3,58882.0,24.8,0,
2017-12-22 05:58:36,0,1,2,24.1,3790.2,39999.7,16067.0,59134.7,24.9,0,
2017-12-22 05:58:39,0,1,2,24.1,3790.6,40000.5,16067.0,59134.7,24.8,0,
2017-12-22 05:58:42,0,1,2,24.2,3791.2,40000.1,16133.7,59387.4,24.9,0,
2017-12-22 05:58:45,0,1,2,24.3,3791.8,39999.9,16200.3,59640.2,24.9,0,
2017-12-22 05:58:49,0,1,2,24.3,3792.6,39999.8,16200.3,59640.2,24.9,0,
2017-12-22 05:58:52,0,1,2,24.4,3793.3,40000.0,16267.0,59893.1,24.9,0,
2017-12-22 05:58:55,0,1,2,24.4,3793.7,40000.2,16267.0,59893.1,24.8,0,
2017-12-22 05:58:58,0,1,2,24.5,3794.4,39999.8,16333.7,60146.0,24.8,0,
2017-12-22 05:59:01,0,1,2,24.5,3795.0,40000.1,16333.7,60146.0,24.8,0,
2017-12-22 05:59:05,0,1,2,24.6,3795.5,39999.7,16400.3,60399.0,24.8,0,
2017-12-22 05:59:08,0,1,2,24.6,3796.3,39999.7,16400.3,60399.0,24.8,0,
2017-12-22 05:59:11,0,1,2,24.7,3796.9,39999.0,16467.0,60652.1,24.8,0,
2017-12-22 05:59:14,0,1,2,24.7,3797.6,39999.5,16467.0,60652.1,24.8,0,
2017-12-22 05:59:17,0,1,2,24.8,3798.1,39999.7,16533.7,60905.3,24.8,0,
2017-12-22 05:59:20,0,1,2,24.8,3798.7,39999.0,16533.7,60905.3,24.8,0,
2017-12-22 05:59:23,0,1,2,24.9,3799.4,39999.3,16600.3,61158.5,24.8,0,
2017-12-22 05:59:27,0,1,2,24.9,3799.9,39999.4,16600.3,61158.5,24.8,0,
2017-12-22 05:59:30,0,1,2,25.0,3800.6,39999.1,16667.0,61411.9,24.8,0,
2017-12-22 05:59:33,0,1,2,25.0,3801.2,39999.5,16667.0,61411.9,24.8,0,
2017-12-22 05:59:36,0,1,2,25.1,3801.8,39999.3,16733.7,61665.3,24.8,0,
2017-12-22 05:59:39,0,1,2,25.1,3802.6,39999.2,16733.7,61665.3,24.8,0,
2017-12-22 05:59:42,0,1,2,25.2,3803.2,39999.5,16800.3,61918.8,24.8,0,
2017-12-22 05:59:45,0,1,2,25.2,3803.7,39999.3,16800.3,61918.8,24.8,0,
2017-12-22 05:59:48,0,1,2,25.3,3804.4,39999.5,16867.0,62172.3,24.8,0,
2017-12-22 05:59:51,0,1,2,25.3,3805.0,39999.4,16867.0,62172.3,24.8,0,
2017-12-22 05:59:54,0,1,2,25.4,3805.6,39999.3,16933.7,62426.0,24.8,0,
2017-12-22 05:59:57,0,1,2,25.4,3806.3,39999.0,16933.7,62426.0,24.8,0,
2017-12-22 06:00:00,0,1,2,25.5,3806.8,39999.3,17000.3,62679.7,24.8,0,
2017-12-22 06:00:04,0,1,2,25.6,3807.6,39998.8,17067.0,62933.6,24.8,0,
2017-12-22 06:00:07,0,1,2,25.6,3808.2,39998.5,17067.0,62933.6,24.8,0,
2017-12-22 06:00:10,0,1,2,25.7,3808.8,39999.7,17133.7,63187.5,24.8,0,
2017-12-22 06:00:13,0,1,2,25.7,3809.5,39999.3,17133.7,63187.5,24.8,0,
2017-12-22 06:00:17,0,1,2,25.8,3810.2,39999.0,17200.3,63441.5,24.8,0,
2017-12-22 06:00:20,0,1,2,25.8,3811.0,40001.3,17200.3,63441.5,24.8,0,
2017-12-22 06:00:23,0,1,2,25.9,3811.6,39999.0,17267.0,63695.5,24.8,0,
2017-12-22 06:00:26,0,1,2,25.9,3812.3,39999.0,17267.0,63695.5,24.8,0,
2017-12-22 06:00:29,0,1,2,26.0,3813.0,39999.2,17333.6,63949.7,24.8,0,
2017-12-22 06:00:32,0,1,2,26.0,3813.7,39998.1,17333.6,63949.7,24.8,0,
2017-12-22 06:00:36,0,1,2,26.1,3814.4,39998.7,17400.3,64204.0,24.8,0,
2017-12-22 06:00:39,0,1,2,26.1,3815.2,39998.8,17400.3,64204.0,24.8,0,
2017-12-22 06:00:42,0,1,2,26.2,3815.6,39999.2,17467.0,64458.3,24.8,0,
2017-12-22 06:00:45,0,1,2,26.2,3816.2,39999.2,17467.0,64458.3,24.8,0,
2017-12-22 06:00:48,0,1,2,26.3,3817.2,40001.3,17533.6,64712.7,24.8,0,
2017-12-22 06:00:51,0,1,2,26.3,3817.9,39999.2,17533.6,64712.7,24.8,0,
2017-12-22 06:00:54,0,1,2,26.4,3818.6,39999.0,17600.3,64967.2,24.8,0,
2017-12-22 06:00:57,0,1,2,26.5,3819.1,39999.5,17667.0,65221.8,24.8,0,
2017-12-22 06:01:01,0,1,2,26.5,3819.9,39999.5,17667.0,65221.8,24.8,0,
2017-12-22 06:01:04,0,1,2,26.6,3820.8,39999.3,17733.6,65476.5,24.8,0,
2017-12-22 06:01:07,0,1,2,26.6,3821.5,39999.2,17733.6,65476.5,24.8,0,
2017-12-22 06:01:10,0,1,2,26.7,3822.0,39999.0,17800.3,65731.3,24.8,0,
2017-12-22 06:01:14,0,1,2,26.7,3822.8,39999.4,17800.3,65731.3,24.8,0,
2017-12-22 06:01:17,0,1,2,26.8,3823.5,39999.5,17867.0,65986.2,24.8,0,
2017-12-22 06:01:20,0,1,2,26.8,3824.2,39999.2,17867.0,65986.2,24.8,0,
2017-12-22 06:01:23,0,1,2,26.9,3825.1,40001.8,17933.6,66241.2,24.8,0,
2017-12-22 06:01:26,0,1,2,26.9,3825.9,39999.2,17933.6,66241.2,24.8,0,
2017-12-22 06:01:29,0,1,2,27.0,3826.4,40001.8,18000.3,66496.3,24.8,0,
2017-12-22 06:01:32,0,1,2,27.0,3827.2,40002.1,18000.3,66496.3,24.8,0,
2017-12-22 06:01:36,0,1,2,27.1,3827.9,40001.5,18067.0,66751.4,24.8,0,
2017-12-22 06:01:39,0,1,2,27.1,3828.6,39998.8,18067.0,66751.4,24.8,0,
2017-12-22 06:01:42,0,1,2,27.2,3829.3,39999.0,18133.6,67006.7,24.8,0,
2017-12-22 06:01:45,0,1,2,27.2,3830.0,39998.9,18133.6,67006.7,24.9,0,
2017-12-22 06:01:48,0,1,2,27.3,3830.8,39998.5,18200.3,67262.0,24.9,0,
2017-12-22 06:01:51,0,1,2,27.3,3831.7,39998.7,18200.3,67262.0,24.9,0,
2017-12-22 06:01:55,0,1,2,27.4,3832.4,39998.7,18267.0,67517.5,24.9,0,
2017-12-22 06:01:58,0,1,2,27.5,3833.3,39998.7,18333.6,67773.0,24.9,0,
2017-12-22 06:02:01,0,1,2,27.5,3834.0,39998.6,18333.6,67773.0,24.9,0,
2017-12-22 06:02:04,0,1,2,27.6,3834.8,39998.9,18400.3,68028.6,24.9,0,
2017-12-22 06:02:07,0,1,2,27.6,3835.4,39999.0,18400.3,68028.6,24.9,0,
2017-12-22 06:02:10,0,1,2,27.7,3836.3,39999.2,18467.0,68284.3,24.9,0,
2017-12-22 06:02:14,0,1,2,27.7,3837.0,39999.2,18467.0,68284.3,24.9,0,
2017-12-22 06:02:17,0,1,2,27.8,3837.8,39998.8,18533.6,68540.2,24.9,0,
2017-12-22 06:02:20,0,1,2,27.8,3838.7,39999.2,18533.6,68540.2,24.9,0,
2017-12-22 06:02:23,0,1,2,27.9,3839.4,39998.5,18600.3,68796.1,24.9,0,
2017-12-22 06:02:26,0,1,2,27.9,3840.1,39999.2,18600.3,68796.1,24.9,0,
2017-12-22 06:02:29,0,1,2,28.0,3840.8,39998.6,18666.9,69052.1,24.9,0,
2017-12-22 06:02:32,0,1,2,28.0,3841.7,39999.3,18666.9,69052.1,24.9,0,
2017-12-22 06:02:35,0,1,2,28.1,3842.4,39998.5,18733.6,69308.2,25.0,0,
2017-12-22 06:02:38,0,1,2,28.1,3843.1,39999.5,18733.6,69308.2,25.0,0,
2017-12-22 06:02:41,0,1,2,28.2,3843.8,39999.2,18800.3,69564.4,25.0,0,
2017-12-22 06:02:44,0,1,2,28.2,3844.7,39999.3,18800.3,69564.4,25.0,0,
2017-12-22 06:02:47,0,1,2,28.3,3845.5,39999.2,18866.9,69820.7,25.0,0,
2017-12-22 06:02:51,0,1,2,28.3,3846.4,39999.0,18866.9,69820.7,25.0,0,
2017-12-22 06:02:54,0,1,2,28.4,3847.1,39999.2,18933.6,70077.2,25.0,0,
2017-12-22 06:02:57,0,1,2,28.4,3847.7,39998.2,18933.6,70077.2,25.0,0,
2017-12-22 06:03:00,0,1,2,28.5,3848.6,39997.9,19000.3,70333.7,25.0,0,
2017-12-22 06:03:03,0,1,2,28.5,3849.5,39998.5,19000.3,70333.7,25.0,0,
2017-12-22 06:03:06,0,1,2,28.6,3850.3,39999.0,19066.9,70590.3,25.0,0,
2017-12-22 06:03:09,0,1,2,28.6,3850.9,39999.2,19066.9,70590.3,24.9,0,
2017-12-22 06:03:12,0,1,2,28.7,3851.9,39999.3,19133.6,70847.0,24.9,0,
2017-12-22 06:03:16,0,1,2,28.8,3852.6,39999.0,19200.2,71103.9,24.9,0,
2017-12-22 06:03:19,0,1,2,28.8,3853.6,39999.5,19200.2,71103.9,24.8,0,
2017-12-22 06:03:22,0,1,2,28.9,3854.5,39999.2,19266.9,71360.8,24.8,0,
2017-12-22 06:03:25,0,1,2,28.9,3855.1,39999.3,19266.9,71360.8,24.8,0,
2017-12-22 06:03:28,0,1,2,29.0,3856.1,39999.2,19333.6,71617.9,24.8,0,
2017-12-22 06:03:31,0,1,2,29.0,3856.9,39999.1,19333.6,71617.9,24.8,0,
2017-12-22 06:03:34,0,1,2,29.1,3857.7,39998.8,19400.2,71875.0,24.8,0,
2017-12-22 06:03:38,0,1,2,29.1,3858.6,39999.2,19400.2,71875.0,24.8,0,
2017-12-22 06:03:41,0,1,2,29.2,3859.3,39999.0,19466.9,72132.3,24.8,0,
2017-12-22 06:03:44,0,1,2,29.2,3860.2,39999.1,19466.9,72132.3,24.9,0,
2017-12-22 06:03:47,0,1,2,29.3,3860.8,39999.0,19533.6,72389.6,24.8,0,
2017-12-22 06:03:50,0,1,2,29.3,3861.7,39999.0,19533.6,72389.6,24.9,0,
2017-12-22 06:03:53,0,1,2,29.4,3862.6,39999.1,19600.2,72647.1,24.9,0,
2017-12-22 06:03:56,0,1,2,29.4,3863.4,39998.9,19600.2,72647.1,24.9,0,
2017-12-22 06:03:59,0,1,2,29.5,3864.4,39996.7,19666.9,72904.7,24.9,0,
2017-12-22 06:04:02,0,1,2,29.5,3865.0,40002.3,19666.9,72904.7,24.9,0,
2017-12-22 06:04:05,0,1,2,29.6,3866.0,39999.5,19733.6,73162.4,24.9,0,
2017-12-22 06:04:08,0,1,2,29.6,3866.8,39999.7,19733.6,73162.4,24.9,0,
2017-12-22 06:04:12,0,1,2,29.7,3867.7,40000.0,19800.2,73420.2,24.9,0,
2017-12-22 06:04:15,0,1,2,29.7,3868.5,39999.4,19800.2,73420.2,24.9,0,
2017-12-22 06:04:18,0,1,2,29.8,3869.5,39999.2,19866.9,73678.1,24.9,0,
2017-12-22 06:04:21,0,1,2,29.8,3870.4,39999.2,19866.9,73678.1,25.0,0,
2017-12-22 06:04:24,0,1,2,29.9,3871.1,39998.9,19933.6,73936.1,25.0,0,
2017-12-22 06:04:27,0,1,2,30.0,3872.0,39998.8,20000.2,74194.2,25.0,0,
2017-12-22 06:04:30,0,1,2,30.0,3872.9,39999.5,20000.2,74194.2,25.0,0,
2017-12-22 06:04:34,0,1,2,30.1,3873.8,39999.4,20066.9,74452.5,25.0,0,
2017-12-22 06:04:37,0,1,2,30.1,3874.6,39998.4,20066.9,74452.5,25.0,0,
2017-12-22 06:04:40,0,1,2,30.2,3875.6,39999.0,20133.6,74710.8,25.0,0,
2017-12-22 06:04:43,0,1,2,30.2,3876.3,39998.2,20133.6,74710.8,25.0,0,
2017-12-22 06:04:46,0,1,2,30.3,3877.3,39999.0,20200.2,74969.3,25.0,0,
2017-12-22 06:04:49,0,1,2,30.3,3878.0,39999.6,20200.2,74969.3,25.0,0,
2017-12-22 06:04:52,0,1,2,30.4,3879.1,39999.4,20266.9,75227.9,25.0,0,
2017-12-22 06:04:55,0,1,2,30.4,3880.0,39999.4,20266.9,75227.9,25.0,0,
2017-12-22 06:04:58,0,1,2,30.5,3880.7,39999.4,20333.5,75486.6,25.0,0,
2017-12-22 06:05:01,0,1,2,30.5,3881.8,39998.7,20333.5,75486.6,25.0,0,
2017-12-22 06:05:05,0,1,2,30.6,3882.6,39998.8,20400.2,75745.4,25.0,0,
2017-12-22 06:05:08,0,1,2,30.6,3883.5,39999.7,20400.2,75745.4,24.9,0,
2017-12-22 06:05:11,0,1,2,30.7,3884.6,39999.5,20466.9,76004.3,24.9,0,
2017-12-22 06:05:14,0,1,2,30.7,3885.4,39998.7,20466.9,76004.3,25.0,0,
2017-12-22 06:05:17,0,1,2,30.8,3886.3,39999.6,20533.5,76263.4,24.9,0,
2017-12-22 06:05:20,0,1,2,30.8,3887.3,39999.2,20533.5,76263.4,24.9,0,
2017-12-22 06:05:24,0,1,2,30.9,3888.2,39999.2,20600.2,76522.5,25.0,0,
2017-12-22 06:05:27,0,1,2,30.9,3889.0,39999.0,20600.2,76522.5,25.0,0,
2017-12-22 06:05:30,0,1,2,31.0,3889.8,39999.5,20666.9,76781.8,25.0,0,
2017-12-22 06:05:33,0,1,2,31.0,3890.9,39999.4,20666.9,76781.8,25.0,0,
2017-12-22 06:05:36,0,1,2,31.1,3891.6,39999.3,20733.5,77041.2,25.0,0,
2017-12-22 06:05:39,0,1,2,31.1,3892.7,39998.7,20733.5,77041.2,25.0,0,
2017-12-22 06:05:42,0,1,2,31.2,3893.5,39998.7,20800.2,77300.7,25.0,0,
2017-12-22 06:05:45,0,1,2,31.2,3894.6,40002.4,20800.2,77300.7,25.0,0,
2017-12-22 06:05:48,0,1,2,31.3,3895.6,40003.1,20866.9,77560.4,24.9,0,
2017-12-22 06:05:51,0,1,2,31.4,3896.3,40002.8,20933.5,77820.1,25.0,0,
2017-12-22 06:05:54,0,1,2,31.4,3897.3,40002.6,20933.5,77820.1,24.9,0,
2017-12-22 06:05:57,0,1,2,31.5,3898.2,40004.4,21000.2,78080.1,24.9,0,
2017-12-22 06:06:01,0,1,2,31.5,3899.2,40003.2,21000.2,78080.1,24.9,0,
2017-12-22 06:06:04,0,1,2,31.6,3900.0,40003.7,21066.9,78340.1,24.9,0,
2017-12-22 06:06:07,0,1,2,31.6,3899.9,38818.1,21066.9,78340.1,25.0,0,
2017-12-22 06:06:10,0,1,2,31.7,3899.9,37843.5,21130.1,78586.8,25.0,0,
2017-12-22 06:06:13,0,1,2,31.7,3900.1,37110.3,21130.1,78586.8,25.0,0,
2017-12-22 06:06:16,0,1,2,31.8,3899.9,36264.7,21190.9,78823.7,25.0,0,
2017-12-22 06:06:19,0,1,2,31.8,3900.0,35543.5,21190.9,78823.7,25.0,0,
2017-12-22 06:06:22,0,1,2,31.9,3900.1,34946.5,21249.4,79051.9,25.0,0,
2017-12-22 06:06:25,0,1,2,31.9,3899.9,34231.6,21249.4,79051.9,25.0,0,
2017-12-22 06:06:29,0,1,2,32.0,3900.1,33636.8,21305.9,79272.2,25.0,0,
2017-12-22 06:06:32,0,1,2,32.0,3900.0,33052.3,21305.9,79272.2,25.0,0,
2017-12-22 06:06:35,0,1,2,32.1,3900.1,32563.6,21360.4,79484.9,25.0,0,
2017-12-22 06:06:38,0,1,2,32.1,3899.9,31997.6,21360.4,79484.9,25.0,0,
2017-12-22 06:06:41,0,1,2,32.2,3900.1,31445.1,21413.2,79690.8,25.0,0,
2017-12-22 06:06:44,0,1,2,32.2,3900.0,30824.3,21413.2,79690.8,25.0,0,
2017-12-22 06:06:47,0,1,2,32.3,3900.1,30427.1,21464.3,79890.1,25.0,0,
2017-12-22 06:06:50,0,1,2,32.3,3900.0,29981.8,21464.3,79890.1,25.0,0,
2017-12-22 06:06:53,0,1,2,32.4,3900.0,29460.6,21514.0,80084.0,25.0,0,
2017-12-22 06:06:56,0,1,2,32.4,3899.9,28966.0,21514.0,80084.0,25.0,0,
2017-12-22 06:07:00,0,1,2,32.5,3899.9,28518.9,21562.0,80271.2,25.0,0,
2017-12-22 06:07:03,0,1,2,32.5,3899.9,28024.2,21562.0,80271.2,25.0,0,
2017-12-22 06:07:06,0,1,2,32.6,3900.1,27590.1,21608.7,80453.3,25.0,0,
2017-12-22 06:07:09,0,1,2,32.6,3899.9,27069.0,21608.7,80453.3,25.0,0,
2017-12-22 06:07:12,0,1,2,32.7,3899.9,26653.7,21653.8,80629.2,25.0,0,
2017-12-22 06:07:16,0,1,2,32.8,3900.0,26320.3,21697.7,80800.3,25.0,0,
2017-12-22 06:07:19,0,1,2,32.8,3900.1,25926.3,21697.7,80800.3,25.0,0,
2017-12-22 06:07:22,0,1,2,32.9,3899.9,25409.8,21740.3,80966.4,25.0,0,
2017-12-22 06:07:25,0,1,2,32.9,3900.0,25033.3,21740.3,80966.4,25.0,0,
2017-12-22 06:07:28,0,1,2,33.0,3900.0,24655.2,21781.5,81127.1,25.0,0,
2017-12-22 06:07:32,0,1,2,33.0,3900.0,24225.4,21781.5,81127.1,25.0,0,
2017-12-22 06:07:35,0,1,2,33.1,3899.9,23861.6,21821.5,81282.9,25.0,0,
2017-12-22 06:07:38,0,1,2,33.1,3900.1,23447.4,21821.5,81282.9,25.0,0,
2017-12-22 06:07:41,0,1,2,33.2,3899.9,23096.7,21860.2,81434.2,25.0,0,
2017-12-22 06:07:44,0,1,2,33.2,3900.0,22649.9,21860.2,81434.2,25.0,0,
2017-12-22 06:07:48,0,1,2,33.3,3899.9,22354.8,21898.0,81581.3,25.0,0,
2017-12-22 06:07:51,0,1,2,33.3,3900.0,22022.4,21898.0,81581.3,25.0,0,
2017-12-22 06:07:54,0,1,2,33.4,3900.0,21637.4,21934.5,81723.8,25.0,0,
2017-12-22 06:07:57,0,1,2,33.4,3900.1,21421.3,21934.5,81723.8,24.9,0,
2017-12-22 06:08:00,0,1,2,33.5,3900.1,20995.4,21970.0,81862.3,24.9,0,
2017-12-22 06:08:03,0,1,2,33.5,3900.0,20692.3,21970.0,81862.3,24.9,0,
2017-12-22 06:08:06,0,1,2,33.6,3900.0,20419.6,22004.4,81996.4,24.9,0,
2017-12-22 06:08:09,0,1,2,33.7,3900.1,20071.1,22037.9,82126.9,24.9,0,
2017-12-22 06:08:12,0,1,2,33.7,3900.1,19765.2,22037.9,82126.9,24.9,0,
2017-12-22 06:08:16,0,1,2,33.8,3900.1,19419.9,22070.2,82253.1,24.9,0,
2017-12-22 06:08:19,0,1,2,33.8,3899.9,19226.1,22070.2,82253.1,24.9,0,
2017-12-22 06:08:22,0,1,2,33.9,3899.9,18891.2,22101.7,82375.9,24.9,0,
2017-12-22 06:08:25,0,1,2,33.9,3899.9,18663.9,22101.7,82375.9,24.9,0,
2017-12-22 06:08:28,0,1,2,34.0,3900.0,18328.9,22132.3,82495.3,24.8,0,
2017-12-22 06:08:31,0,1,2,34.0,3900.1,18063.5,22132.3,82495.3,24.8,0,
2017-12-22 06:08:34,0,1,2,34.1,3899.9,17695.3,22162.0,82610.9,24.9,0,
2017-12-22 06:08:38,0,1,2,34.1,3900.2,17562.3,22162.0,82610.9,24.9,0,
2017-12-22 06:08:41,0,1,2,34.2,3900.0,17180.0,22190.9,82723.7,24.9,0,
2017-12-22 06:08:44,0,1,2,34.2,3900.1,16996.9,22190.9,82723.7,24.9,0,
2017-12-22 06:08:47,0,1,2,34.3,3900.1,16707.0,22218.9,82832.8,24.9,0,
2017-12-22 06:08:50,0,1,2,34.3,3899.9,16447.3,22218.9,82832.8,24.9,0,
2017-12-22 06:08:53,0,1,2,34.4,3900.0,16204.2,22246.2,82939.4,24.9,0,
2017-12-22 06:08:56,0,1,2,34.4,3899.9,15964.8,22246.2,82939.4,25.0,0,
2017-12-22 06:09:00,0,1,2,34.5,3899.9,15721.5,22272.7,83042.7,25.0,0,
2017-12-22 06:09:03,0,1,2,34.5,3900.0,15492.0,22272.7,83042.7,25.0,0,
2017-12-22 06:09:06,0,1,2,34.6,3900.1,15259.9,22298.3,83142.4,25.0,0,
2017-12-22 06:09:09,0,1,2,34.6,3900.1,15030.7,22298.3,83142.4,25.0,0,
2017-12-22 06:09:12,0,1,2,34.7,3899.9,14775.9,22323.2,83239.7,25.0,0,
2017-12-22 06:09:16,0,1,2,34.8,3900.1,14549.6,22347.4,83334.2,24.9,0,
2017-12-22 06:09:19,0,1,2,34.8,3900.0,14364.1,22347.4,83334.2,24.9,0,
2017-12-22 06:09:22,0,1,2,34.9,3900.1,14154.0,22371.2,83426.9,24.9,0,
2017-12-22 06:09:25,0,1,2,34.9,3900.0,13874.3,22371.2,83426.9,24.9,0,
2017-12-22 06:09:28,0,1,2,35.0,3900.0,13666.8,22394.1,83516.1,24.9,0,
2017-12-22 06:09:31,0,1,2,35.0,3899.9,13488.8,22394.1,83516.1,24.9,0,
2017-12-22 06:09:34,0,1,2,35.1,3900.1,13387.1,22416.5,83603.6,24.9,0,
2017-12-22 06:09:38,0,1,2,35.1,3900.0,13096.4,22416.5,83603.6,24.9,0,
2017-12-22 06:09:41,0,1,2,35.2,3899.8,12892.4,22438.2,83688.0,24.9,0,
2017-12-22 06:09:44,0,1,2,35.2,3900.1,12763.0,22438.2,83688.0,24.8,0,
2017-12-22 06:09:47,0,1,2,35.3,3899.9,12571.2,22459.2,83770.0,24.9,0,
2017-12-22 06:09:50,0,1,2,35.3,3899.9,12353.5,22459.2,83770.0,24.8,0,
2017-12-22 06:09:53,0,1,2,35.4,3899.9,12199.8,22479.7,83850.1,24.9,0,
2017-12-22 06:09:57,0,1,2,35.4,3899.9,12016.5,22479.7,83850.1,24.9,0,
2017-12-22 06:10:00,0,1,2,35.5,3900.0,11807.3,22499.7,83928.0,24.9,0,
2017-12-22 06:10:03,0,1,2,35.5,3899.9,11601.6,22499.7,83928.0,24.9,0,
2017-12-22 06:10:06,0,1,2,35.6,3900.0,11456.6,22519.0,84003.4,24.8,0,
2017-12-22 06:10:09,0,1,2,35.6,3899.9,11285.7,22519.0,84003.4,24.9,0,
2017-12-22 06:10:13,0,1,2,35.7,3899.9,11115.9,22537.8,84076.7,24.8,0,
2017-12-22 06:10:15,0,1,2,35.8,3900.0,10977.9,22556.1,84148.1,24.8,0,
2017-12-22 06:10:18,0,1,2,35.8,3900.1,10867.6,22556.1,84148.1,24.8,0,
2017-12-22 06:10:22,0,1,2,35.9,3899.9,10655.3,22573.9,84217.5,24.8,0,
2017-12-22 06:10:25,0,1,2,35.9,3900.1,10516.9,22573.9,84217.5,24.8,0,
2017-12-22 06:10:28,0,1,2,36.0,3900.0,10386.3,22591.3,84285.3,24.8,0,
2017-12-22 06:10:31,0,1,2,36.0,3900.1,10231.4,22591.3,84285.3,24.8,0,
2017-12-22 06:10:34,0,1,2,36.1,3899.8,10068.3,22608.1,84351.0,24.8,0,
2017-12-22 06:10:37,0,1,2,36.1,3900.0,10019.3,22608.1,84351.0,24.8,0,
2017-12-22 06:10:38,0,1,2,36.1,3900.0,10000.0,22608.1,84351.0,24.8,5,终止电流到
2017-12-22 06:10:40,0,1,2,36.2,3891.6,6.6,22608.2,84351.0,24.8,5,终止电流到
2017-12-22 06:10:43,0,1,2,36.2,3890.5,7.4,22608.2,84351.0,24.8,5,终止电流到
2017-12-22 06:10:46,0,1,2,36.3,3889.5,6.3,22608.2,84351.1,24.8,5,终止电流到
2017-12-22 06:10:50,0,1,2,36.3,3888.7,6.5,22608.2,84351.1,24.8,5,终止电流到
2017-12-22 06:10:53,0,1,2,36.4,3888.3,7.1,22608.2,84351.1,24.8,5,终止电流到
2017-12-22 06:10:56,0,1,2,36.4,3887.7,6.1,22608.2,84351.1,24.8,5,终止电流到
2017-12-22 06:10:59,0,1,2,36.5,3887.4,6.2,22608.2,84351.2,24.8,5,终止电流到
2017-12-22 06:11:02,0,1,2,36.5,3886.9,6.2,22608.2,84351.2,24.8,5,终止电流到
2017-12-22 06:11:07,0,2,3,0.0,3886.4,0,0.0,0.0,24.8,0,
2017-12-22 06:11:30,0,2,3,0.4,3884.8,25.1,0.0,0.0,24.8,0,
2017-12-22 06:11:33,0,2,3,0.4,3884.8,25.4,0.0,0.0,24.7,0,
2017-12-22 06:11:36,0,2,3,0.5,3884.6,25.3,0.0,0.0,24.8,0,
2017-12-22 06:11:39,0,2,3,0.5,3884.5,25.6,0.0,0.0,24.8,0,
2017-12-22 06:11:42,0,2,3,0.6,3884.3,25.4,0.0,0.0,24.8,0,
2017-12-22 06:11:45,0,2,3,0.6,3884.2,26.3,0.0,0.0,24.8,0,
2017-12-22 06:11:49,0,2,3,0.7,3884.1,26.4,0.0,0.0,24.8,0,
2017-12-22 06:11:52,0,2,3,0.7,3884.1,26.3,0.0,0.0,24.8,0,
2017-12-22 06:11:55,0,2,3,0.8,3884.0,25.9,0.0,0.0,24.8,0,
2017-12-22 06:11:58,0,2,3,0.8,3883.8,26.1,0.0,0.0,24.8,0,
2017-12-22 06:12:01,0,2,3,0.9,3883.8,26.6,0.0,0.0,24.8,0,
2017-12-22 06:12:04,0,2,3,0.9,3883.7,26.2,0.0,0.0,24.8,0,
2017-12-22 06:12:07,0,2,3,1.0,3883.7,25.4,0.0,0.0,24.7,0,
2017-12-22 06:12:08,0,2,3,1.0,3883.6,25.9,0.0,0.0,24.8,1,时间到
2017-12-22 06:12:12,0,3,4,0.0,3883.4,0,0.0,0.0,24.8,0,
2017-12-22 06:12:34,0,3,4,0.4,3831.7,-40000.6,266.7,1024.2,24.7,0,
2017-12-22 06:12:38,0,3,4,0.4,3829.3,-40000.2,266.7,1024.2,24.8,0,
2017-12-22 06:12:41,0,3,4,0.5,3827.0,-40000.9,333.4,1279.4,24.8,0,
2017-12-22 06:12:44,0,3,4,0.5,3824.9,-40000.7,333.4,1279.4,24.7,0,
2017-12-22 06:12:47,0,3,4,0.6,3822.8,-40001.3,400.0,1534.3,24.7,0,
2017-12-22 06:12:50,0,3,4,0.6,3821.0,-40001.3,400.0,1534.3,24.7,0,
2017-12-22 06:12:53,0,3,4,0.7,3819.1,-40001.5,466.7,1789.0,24.8,0,
2017-12-22 06:12:56,0,3,4,0.7,3817.4,-40001.6,466.7,1789.0,24.8,0,
2017-12-22 06:13:00,0,3,4,0.8,3815.6,-40001.5,533.4,2043.4,24.8,0,
2017-12-22 06:13:03,0,3,4,0.8,3814.1,-40001.5,533.4,2043.4,24.8,0,
2017-12-22 06:13:06,0,3,4,0.9,3812.4,-40001.6,600.0,2297.6,24.8,0,
2017-12-22 06:13:09,0,3,4,0.9,3810.9,-40001.8,600.0,2297.6,24.8,0,
2017-12-22 06:13:12,0,3,4,1.0,3809.3,-40002.3,666.7,2551.7,24.8,0,
2017-12-22 06:13:15,0,3,4,1.0,3807.9,-40001.9,666.7,2551.7,24.8,0,
2017-12-22 06:13:18,0,3,4,1.1,3806.5,-40001.9,733.4,2805.6,24.8,0,
2017-12-22 06:13:22,0,3,4,1.1,3805.0,-40001.9,733.4,2805.6,24.8,0,
2017-12-22 06:13:25,0,3,4,1.2,3803.7,-40001.8,800.1,3059.2,24.8,0,
2017-12-22 06:13:28,0,3,4,1.2,3802.3,-40001.9,800.1,3059.2,24.7,0,
2017-12-22 06:13:31,0,3,4,1.3,3800.8,-40002.0,866.7,3312.7,24.8,0,
2017-12-22 06:13:34,0,3,4,1.3,3799.5,-40002.0,866.7,3312.7,24.8,0,
2017-12-22 06:13:37,0,3,4,1.4,3798.3,-40002.5,933.4,3566.0,24.8,0,
2017-12-22 06:13:40,0,3,4,1.5,3796.8,-40002.0,1000.1,3819.2,24.8,0,
2017-12-22 06:13:44,0,3,4,1.5,3795.5,-40002.1,1000.1,3819.2,24.8,0,
2017-12-22 06:13:47,0,3,4,1.6,3794.3,-40002.0,1066.8,4072.2,24.8,0,
2017-12-22 06:13:50,0,3,4,1.6,3792.8,-40001.6,1066.8,4072.2,24.8,0,
2017-12-22 06:13:53,0,3,4,1.7,3791.5,-40002.5,1133.4,4325.0,24.8,0,
2017-12-22 06:13:56,0,3,4,1.7,3790.2,-39998.8,1133.4,4325.0,24.7,0,
2017-12-22 06:14:00,0,3,4,1.8,3788.9,-39999.3,1200.1,4577.6,24.7,0,
2017-12-22 06:14:03,0,3,4,1.8,3787.5,-39999.0,1200.1,4577.6,24.8,0,
2017-12-22 06:14:06,0,3,4,1.9,3786.3,-39999.3,1266.8,4830.0,24.7,0,
2017-12-22 06:14:09,0,3,4,1.9,3785.0,-39999.3,1266.8,4830.0,24.8,0,
2017-12-22 06:14:12,0,3,4,2.0,3783.6,-39999.3,1333.4,5082.3,24.8,0,
2017-12-22 06:14:15,0,3,4,2.0,3782.3,-39999.2,1333.4,5082.3,24.7,0,
2017-12-22 06:14:18,0,3,4,2.1,3781.0,-39999.2,1400.1,5334.4,24.8,0,
2017-12-22 06:14:22,0,3,4,2.1,3779.7,-39999.2,1400.1,5334.4,24.7,0,
2017-12-22 06:14:25,0,3,4,2.2,3778.6,-39999.0,1466.7,5586.4,24.7,0,
2017-12-22 06:14:28,0,3,4,2.2,3777.2,-39999.0,1466.7,5586.4,24.8,0,
2017-12-22 06:14:31,0,3,4,2.3,3775.9,-39999.3,1533.4,5838.2,24.8,0,
2017-12-22 06:14:34,0,3,4,2.3,3774.7,-39999.3,1533.4,5838.2,24.8,0,
2017-12-22 06:14:37,0,3,4,2.4,3773.4,-39999.3,1600.1,6089.8,24.8,0,
2017-12-22 06:14:40,0,3,4,2.5,3772.2,-39999.7,1666.7,6341.3,24.8,0,
2017-12-22 06:14:44,0,3,4,2.5,3770.9,-39999.2,1666.7,6341.3,24.8,0,
2017-12-22 06:14:47,0,3,4,2.6,3769.6,-39999.5,1733.4,6592.6,24.8,0,
2017-12-22 06:14:50,0,3,4,2.6,3768.4,-39999.3,1733.4,6592.6,24.8,0,
2017-12-22 06:14:53,0,3,4,2.7,3767.1,-39999.3,1800.1,6843.8,24.8,0,
2017-12-22 06:14:56,0,3,4,2.7,3765.8,-39999.3,1800.1,6843.8,24.8,0,
2017-12-22 06:14:59,0,3,4,2.8,3764.7,-39999.3,1866.7,7094.8,24.8,0,
2017-12-22 06:15:02,0,3,4,2.8,3763.4,-39999.7,1866.7,7094.8,24.8,0,
2017-12-22 06:15:05,0,3,4,2.9,3762.2,-39999.5,1933.4,7345.6,24.8,0,
2017-12-22 06:15:09,0,3,4,2.9,3760.9,-39999.5,1933.4,7345.6,24.8,0,
2017-12-22 06:15:12,0,3,4,3.0,3759.6,-39999.7,2000.1,7596.3,24.8,0,
2017-12-22 06:15:15,0,3,4,3.0,3758.4,-39999.2,2000.1,7596.3,24.8,0,
2017-12-22 06:15:18,0,3,4,3.1,3757.2,-39999.3,2066.7,7846.8,24.8,0,
2017-12-22 06:15:21,0,3,4,3.1,3755.9,-39998.8,2066.7,7846.8,24.8,0,
2017-12-22 06:15:24,0,3,4,3.2,3754.6,-39999.5,2133.4,8097.2,24.8,0,
2017-12-22 06:15:27,0,3,4,3.2,3753.5,-39999.2,2133.4,8097.2,24.8,0,
2017-12-22 06:15:31,0,3,4,3.3,3752.2,-39999.2,2200.1,8347.4,24.8,0,
2017-12-22 06:15:34,0,3,4,3.3,3751.1,-39999.2,2200.1,8347.4,24.7,0,
2017-12-22 06:15:37,0,3,4,3.4,3749.7,-39999.0,2266.7,8597.4,24.8,0,
2017-12-22 06:15:40,0,3,4,3.4,3748.5,-39999.4,2266.7,8597.4,24.8,0,
2017-12-22 06:15:43,0,3,4,3.5,3747.3,-39999.5,2333.4,8847.3,24.8,0,
2017-12-22 06:15:46,0,3,4,3.6,3746.3,-39999.5,2400.0,9097.1,24.8,0,
2017-12-22 06:15:49,0,3,4,3.6,3745.1,-39999.3,2400.0,9097.1,24.8,0,
2017-12-22 06:15:53,0,3,4,3.7,3743.7,-39999.2,2466.7,9346.6,24.8,0,
2017-12-22 06:15:56,0,3,4,3.7,3742.6,-39999.2,2466.7,9346.6,24.8,0,
2017-12-22 06:15:59,0,3,4,3.8,3741.5,-39999.0,2533.4,9596.1,24.8,0,
2017-12-22 06:16:02,0,3,4,3.8,3740.3,-39998.8,2533.4,9596.1,24.8,0,
2017-12-22 06:16:05,0,3,4,3.9,3739.2,-39999.4,2600.0,9845.3,24.8,0,
2017-12-22 06:16:08,0,3,4,3.9,3737.9,-39998.7,2600.0,9845.3,24.8,0,
2017-12-22 06:16:11,0,3,4,4.0,3736.8,-39999.4,2666.7,10094.5,24.8,0,
2017-12-22 06:16:15,0,3,4,4.0,3735.5,-39999.5,2666.7,10094.5,24.8,0,
2017-12-22 06:16:18,0,3,4,4.1,3734.5,-39999.5,2733.4,10343.5,24.8,0,
2017-12-22 06:16:21,0,3,4,4.1,3733.3,-39999.3,2733.4,10343.5,24.7,0,
2017-12-22 06:16:24,0,3,4,4.2,3732.2,-39999.0,2800.0,10592.3,24.8,0,
2017-12-22 06:16:27,0,3,4,4.2,3731.0,-39999.4,2800.0,10592.3,24.8,0,
2017-12-22 06:16:30,0,3,4,4.3,3730.0,-39999.0,2866.7,10841.0,24.8,0,
2017-12-22 06:16:33,0,3,4,4.3,3728.8,-39999.3,2866.7,10841.0,24.8,0,
2017-12-22 06:16:37,0,3,4,4.4,3727.7,-39999.2,2933.4,11089.6,24.8,0,
2017-12-22 06:16:40,0,3,4,4.4,3726.6,-39999.2,2933.4,11089.6,24.8,0,
2017-12-22 06:16:43,0,3,4,4.5,3725.6,-39999.1,3000.0,11338.0,24.8,0,
2017-12-22 06:16:46,0,3,4,4.5,3724.5,-39999.2,3000.0,11338.0,24.8,0,
2017-12-22 06:16:49,0,3,4,4.6,3723.4,-40000.2,3066.7,11586.3,24.8,0,
2017-12-22 06:16:52,0,3,4,4.6,3722.3,-39999.8,3066.7,11586.3,24.8,0,
2017-12-22 06:16:55,0,3,4,4.7,3721.3,-39999.3,3133.3,11834.4,24.8,0,
2017-12-22 06:16:58,0,3,4,4.8,3720.3,-39999.1,3200.0,12082.4,24.8,0,
2017-12-22 06:17:02,0,3,4,4.8,3719.2,-39999.1,3200.0,12082.4,24.8,0,
2017-12-22 06:17:05,0,3,4,4.9,3718.1,-39998.8,3266.7,12330.3,24.7,0,
2017-12-22 06:17:08,0,3,4,4.9,3717.1,-39999.2,3266.7,12330.3,24.8,0,
2017-12-22 06:17:11,0,3,4,5.0,3716.0,-39999.2,3333.3,12578.0,24.7,0,
2017-12-22 06:17:14,0,3,4,5.0,3715.1,-39998.8,3333.3,12578.0,24.7,0,
2017-12-22 06:17:17,0,3,4,5.1,3714.1,-39998.5,3400.0,12825.6,24.8,0,
2017-12-22 06:17:20,0,3,4,5.1,3713.2,-39998.7,3400.0,12825.6,24.7,0,
2017-12-22 06:17:24,0,3,4,5.2,3712.1,-39998.8,3466.7,13073.1,24.7,0,
2017-12-22 06:17:27,0,3,4,5.2,3711.1,-39998.7,3466.7,13073.1,24.7,0,
2017-12-22 06:17:30,0,3,4,5.3,3710.1,-39998.8,3533.3,13320.5,24.7,0,
2017-12-22 06:17:33,0,3,4,5.3,3709.1,-39998.8,3533.3,13320.5,24.7,0,
2017-12-22 06:17:36,0,3,4,5.4,3708.2,-39999.0,3600.0,13567.7,24.7,0,
2017-12-22 06:17:39,0,3,4,5.4,3707.2,-39998.7,3600.0,13567.7,24.7,0,
2017-12-22 06:17:42,0,3,4,5.5,3706.3,-39998.7,3666.7,13814.8,24.7,0,
2017-12-22 06:17:46,0,3,4,5.5,3705.2,-39998.5,3666.7,13814.8,24.7,0,
2017-12-22 06:17:49,0,3,4,5.6,3704.2,-39998.8,3733.3,14061.8,24.7,0,
2017-12-22 06:17:52,0,3,4,5.6,3703.4,-39998.7,3733.3,14061.8,24.7,0,
2017-12-22 06:17:55,0,3,4,5.7,3702.4,-39999.0,3800.0,14308.7,24.7,0,
2017-12-22 06:17:58,0,3,4,5.7,3701.5,-39999.0,3800.0,14308.7,24.7,0,
2017-12-22 06:18:01,0,3,4,5.8,3700.6,-39999.0,3866.6,14555.4,24.7,0,
2017-12-22 06:18:04,0,3,4,5.9,3699.7,-39999.2,3933.3,14802.1,24.7,0,
2017-12-22 06:18:07,0,3,4,5.9,3698.8,-39999.2,3933.3,14802.1,24.6,0,
2017-12-22 06:18:11,0,3,4,6.0,3697.8,-39999.0,4000.0,15048.6,24.7,0,
2017-12-22 06:18:14,0,3,4,6.0,3697.0,-39999.2,4000.0,15048.6,24.7,0,
2017-12-22 06:18:17,0,3,4,6.1,3696.1,-39998.6,4066.6,15295.0,24.7,0,
2017-12-22 06:18:20,0,3,4,6.1,3695.2,-39999.0,4066.6,15295.0,24.6,0,
2017-12-22 06:18:23,0,3,4,6.2,3694.3,-39998.8,4133.3,15541.3,24.7,0,
2017-12-22 06:18:26,0,3,4,6.2,3693.4,-39999.5,4133.3,15541.3,24.6,0,
2017-12-22 06:18:29,0,3,4,6.3,3692.6,-39999.4,4200.0,15787.4,24.7,0,
2017-12-22 06:18:33,0,3,4,6.3,3691.7,-39999.1,4200.0,15787.4,24.7,0,
2017-12-22 06:18:36,0,3,4,6.4,3690.9,-39999.0,4266.6,16033.5,24.7,0,
2017-12-22 06:18:39,0,3,4,6.4,3690.0,-39999.0,4266.6,16033.5,24.6,0,
2017-12-22 06:18:42,0,3,4,6.5,3689.2,-39999.1,4333.3,16279.4,24.7,0,
2017-12-22 06:18:45,0,3,4,6.5,3688.3,-39999.0,4333.3,16279.4,24.7,0,
2017-12-22 06:18:48,0,3,4,6.6,3687.4,-39998.5,4399.9,16525.3,24.6,0,
2017-12-22 06:18:51,0,3,4,6.6,3686.6,-39999.0,4399.9,16525.3,24.6,0,
2017-12-22 06:18:54,0,3,4,6.7,3685.8,-39999.0,4466.6,16771.0,24.6,0,
2017-12-22 06:18:58,0,3,4,6.7,3684.8,-39999.3,4466.6,16771.0,24.6,0,
2017-12-22 06:19:01,0,3,4,6.8,3684.1,-39999.0,4533.3,17016.6,24.6,0,
2017-12-22 06:19:04,0,3,4,6.8,3683.2,-39998.8,4533.3,17016.6,24.6,0,
2017-12-22 06:19:07,0,3,4,6.9,3682.4,-39998.7,4599.9,17262.2,24.6,0,
2017-12-22 06:19:10,0,3,4,7.0,3681.7,-39998.5,4666.6,17507.6,24.6,0,
2017-12-22 06:19:13,0,3,4,7.0,3680.7,-39998.5,4666.6,17507.6,24.6,0,
2017-12-22 06:19:17,0,3,4,7.1,3680.1,-39999.0,4733.3,17752.9,24.6,0,
2017-12-22 06:19:20,0,3,4,7.1,3679.2,-39998.7,4733.3,17752.9,24.6,0,
2017-12-22 06:19:23,0,3,4,7.2,3678.5,-39999.0,4799.9,17998.2,24.6,0,
2017-12-22 06:19:26,0,3,4,7.2,3677.7,-39998.6,4799.9,17998.2,24.6,0,
2017-12-22 06:19:29,0,3,4,7.3,3676.9,-39998.5,4866.6,18243.3,24.6,0,
2017-12-22 06:19:32,0,3,4,7.3,3676.0,-39998.3,4866.6,18243.3,24.7,0,
2017-12-22 06:19:35,0,3,4,7.4,3675.4,-39998.3,4933.2,18488.3,24.7,0,
2017-12-22 06:19:38,0,3,4,7.4,3674.6,-39998.7,4933.2,18488.3,24.6,0,
2017-12-22 06:19:41,0,3,4,7.5,3673.9,-39998.0,4999.9,18733.2,24.6,0,
2017-12-22 06:19:45,0,3,4,7.5,3673.1,-39998.5,4999.9,18733.2,24.7,0,
2017-12-22 06:19:48,0,3,4,7.6,3672.3,-39998.7,5066.6,18978.1,24.7,0,
2017-12-22 06:19:51,0,3,4,7.6,3671.5,-39998.3,5066.6,18978.1,24.7,0,
2017-12-22 06:19:54,0,3,4,7.7,3670.9,-39998.5,5133.2,19222.8,24.7,0,
2017-12-22 06:19:57,0,3,4,7.7,3670.0,-39998.6,5133.2,19222.8,24.7,0,
2017-12-22 06:20:00,0,3,4,7.8,3669.3,-39998.1,5199.9,19467.4,24.7,0,
2017-12-22 06:20:03,0,3,4,7.8,3668.6,-39998.5,5199.9,19467.4,24.7,0,
2017-12-22 06:20:07,0,3,4,7.9,3667.8,-39998.2,5266.6,19712.0,24.7,0,
2017-12-22 06:20:10,0,3,4,7.9,3667.1,-39998.2,5266.6,19712.0,24.7,0,
2017-12-22 06:20:13,0,3,4,8.0,3666.4,-39998.5,5333.2,19956.4,24.7,0,
2017-12-22 06:20:16,0,3,4,8.1,3665.6,-39998.7,5399.9,20200.8,24.7,0,
2017-12-22 06:20:19,0,3,4,8.1,3664.9,-39998.5,5399.9,20200.8,24.7,0,
2017-12-22 06:20:23,0,3,4,8.2,3664.3,-39998.5,5466.5,20445.0,24.8,0,
2017-12-22 06:20:26,0,3,4,8.2,3663.5,-39998.6,5466.5,20445.0,24.7,0,
2017-12-22 06:20:29,0,3,4,8.3,3662.7,-39998.5,5533.2,20689.2,24.7,0,
2017-12-22 06:20:32,0,3,4,8.3,3661.9,-39998.7,5533.2,20689.2,24.7,0,
2017-12-22 06:20:35,0,3,4,8.4,3661.4,-39999.2,5599.9,20933.3,24.7,0,
2017-12-22 06:20:38,0,3,4,8.4,3660.6,-39998.8,5599.9,20933.3,24.7,0,
2017-12-22 06:20:41,0,3,4,8.5,3659.9,-39998.7,5666.5,21177.3,24.7,0,
2017-12-22 06:20:45,0,3,4,8.5,3659.3,-39998.6,5666.5,21177.3,24.7,0,
2017-12-22 06:20:48,0,3,4,8.6,3658.6,-39998.7,5733.2,21421.2,24.7,0,
2017-12-22 06:20:51,0,3,4,8.6,3657.7,-39998.7,5733.2,21421.2,24.7,0,
2017-12-22 06:20:54,0,3,4,8.7,3657.1,-39998.8,5799.9,21665.0,24.6,0,
2017-12-22 06:20:57,0,3,4,8.7,3656.4,-39998.6,5799.9,21665.0,24.7,0,
2017-12-22 06:21:00,0,3,4,8.8,3655.8,-39998.6,5866.5,21908.8,24.7,0,
2017-12-22 06:21:03,0,3,4,8.8,3655.2,-39999.0,5866.5,21908.8,24.7,0,
2017-12-22 06:21:06,0,3,4,8.9,3654.5,-39998.3,5933.2,22152.4,24.7,0,
2017-12-22 06:21:10,0,3,4,8.9,3653.9,-39998.3,5933.2,22152.4,24.7,0,
2017-12-22 06:21:13,0,3,4,9.0,3653.1,-39998.5,5999.8,22396.0,24.7,0,
2017-12-22 06:21:16,0,3,4,9.0,3652.5,-39999.0,5999.8,22396.0,24.7,0,
2017-12-22 06:21:19,0,3,4,9.1,3651.7,-39998.2,6066.5,22639.4,24.7,0,
2017-12-22 06:21:22,0,3,4,9.1,3651.0,-39998.7,6066.5,22639.4,24.7,0,
2017-12-22 06:21:25,0,3,4,9.2,3650.5,-39998.7,6133.2,22882.8,24.7,0,
2017-12-22 06:21:28,0,3,4,9.3,3649.7,-39999.0,6199.8,23126.1,24.7,0,
2017-12-22 06:21:32,0,3,4,9.3,3649.1,-39998.7,6199.8,23126.1,24.7,0,
2017-12-22 06:21:35,0,3,4,9.4,3648.4,-39998.7,6266.5,23369.4,24.7,0,
2017-12-22 06:21:38,0,3,4,9.4,3647.7,-39999.0,6266.5,23369.4,24.7,0,
2017-12-22 06:21:41,0,3,4,9.5,3647.2,-39999.0,6333.1,23612.5,24.7,0,
2017-12-22 06:21:44,0,3,4,9.5,3646.5,-39999.0,6333.1,23612.5,24.7,0,
2017-12-22 06:21:47,0,3,4,9.6,3645.9,-39998.8,6399.8,23855.6,24.7,0,
2017-12-22 06:21:51,0,3,4,9.6,3645.2,-39998.8,6399.8,23855.6,24.7,0,
2017-12-22 06:21:54,0,3,4,9.7,3644.7,-39998.7,6466.5,24098.5,24.6,0,
2017-12-22 06:21:57,0,3,4,9.7,3644.0,-39998.7,6466.5,24098.5,24.7,0,
2017-12-22 06:22:00,0,3,4,9.8,3643.3,-39998.8,6533.1,24341.4,24.7,0,
2017-12-22 06:22:03,0,3,4,9.8,3642.9,-39998.8,6533.1,24341.4,24.7,0,
2017-12-22 06:22:06,0,3,4,9.9,3642.0,-39999.3,6599.8,24584.2,24.7,0,
2017-12-22 06:22:09,0,3,4,9.9,3641.4,-39998.7,6599.8,24584.2,24.7,0,
2017-12-22 06:22:13,0,3,4,10.0,3640.8,-39998.6,6666.5,24827.0,24.7,0,
2017-12-22 06:22:16,0,3,4,10.0,3640.2,-39999.1,6666.5,24827.0,24.7,0,
2017-12-22 06:22:19,0,3,4,10.1,3639.6,-39998.8,6733.1,25069.6,24.7,0,
2017-12-22 06:22:22,0,3,4,10.1,3638.9,-39998.8,6733.1,25069.6,24.7,0,
2017-12-22 06:22:25,0,3,4,10.2,3638.3,-39998.8,6799.8,25312.2,24.7,0,
2017-12-22 06:22:28,0,3,4,10.2,3637.7,-39999.3,6799.8,25312.2,24.7,0,
2017-12-22 06:22:31,0,3,4,10.3,3637.2,-39998.7,6866.4,25554.7,24.7,0,
2017-12-22 06:22:34,0,3,4,10.4,3636.7,-39998.8,6933.1,25797.2,24.7,0,
2017-12-22 06:22:38,0,3,4,10.4,3636.1,-39998.7,6933.1,25797.2,24.7,0,
2017-12-22 06:22:41,0,3,4,10.5,3635.5,-39998.5,6999.8,26039.5,24.8,0,
2017-12-22 06:22:44,0,3,4,10.5,3634.9,-39998.8,6999.8,26039.5,24.8,0,
2017-12-22 06:22:47,0,3,4,10.6,3634.3,-39998.5,7066.4,26281.8,24.7,0,
2017-12-22 06:22:50,0,3,4,10.6,3633.7,-39998.5,7066.4,26281.8,24.7,0,
2017-12-22 06:22:53,0,3,4,10.7,3633.2,-39998.5,7133.1,26524.0,24.8,0,
2017-12-22 06:22:56,0,3,4,10.7,3632.5,-39998.2,7133.1,26524.0,24.7,0,
2017-12-22 06:23:00,0,3,4,10.8,3631.8,-39998.3,7199.8,26766.1,24.8,0,
2017-12-22 06:23:03,0,3,4,10.8,3631.3,-39998.5,7199.8,26766.1,24.8,0,
2017-12-22 06:23:06,0,3,4,10.9,3630.7,-39998.5,7266.4,27008.2,24.8,0,
2017-12-22 06:23:09,0,3,4,10.9,3630.1,-39999.1,7266.4,27008.2,24.8,0,
2017-12-22 06:23:12,0,3,4,11.0,3629.5,-39998.2,7333.1,27250.2,24.8,0,
2017-12-22 06:23:15,0,3,4,11.0,3629.1,-39998.6,7333.1,27250.2,24.8,0,
2017-12-22 06:23:18,0,3,4,11.1,3628.5,-39998.2,7399.7,27492.1,24.8,0,
2017-12-22 06:23:21,0,3,4,11.1,3627.9,-39998.8,7399.7,27492.1,24.8,0,
2017-12-22 06:23:25,0,3,4,11.2,3627.3,-39998.4,7466.4,27733.9,24.8,0,
2017-12-22 06:23:28,0,3,4,11.2,3626.8,-39998.4,7466.4,27733.9,24.7,0,
2017-12-22 06:23:31,0,3,4,11.3,3626.2,-39998.5,7533.1,27975.6,24.8,0,
2017-12-22 06:23:34,0,3,4,11.3,3625.7,-39998.3,7533.1,27975.6,24.8,0,
2017-12-22 06:23:37,0,3,4,11.4,3625.0,-39998.5,7599.7,28217.3,24.7,0,
2017-12-22 06:23:40,0,3,4,11.4,3624.5,-39998.2,7599.7,28217.3,24.8,0,
2017-12-22 06:23:43,0,3,4,11.5,3624.0,-39998.5,7666.4,28458.9,24.8,0,
2017-12-22 06:23:46,0,3,4,11.6,3623.3,-39998.4,7733.0,28700.5,24.7,0,
2017-12-22 06:23:49,0,3,4,11.6,3622.8,-39998.4,7733.0,28700.5,24.7,0,
2017-12-22 06:23:53,0,3,4,11.7,3622.2,-39998.6,7799.7,28941.9,24.8,0,
2017-12-22 06:23:56,0,3,4,11.7,3621.8,-39998.5,7799.7,28941.9,24.8,0,
2017-12-22 06:23:59,0,3,4,11.8,3621.2,-39998.5,7866.4,29183.3,24.8,0,
2017-12-22 06:24:02,0,3,4,11.8,3620.7,-39998.4,7866.4,29183.3,24.8,0,
2017-12-22 06:24:05,0,3,4,11.9,3620.1,-39998.2,7933.0,29424.7,24.8,0,
2017-12-22 06:24:08,0,3,4,11.9,3619.5,-39998.7,7933.0,29424.7,24.7,0,
2017-12-22 06:24:11,0,3,4,12.0,3619.0,-39998.2,7999.7,29665.9,24.8,0,
2017-12-22 06:24:15,0,3,4,12.0,3618.4,-39998.7,7999.7,29665.9,24.7,0,
2017-12-22 06:24:18,0,3,4,12.1,3617.8,-39998.3,8066.4,29907.1,24.8,0,
2017-12-22 06:24:21,0,3,4,12.1,3617.4,-39998.0,8066.4,29907.1,24.8,0,
2017-12-22 06:24:24,0,3,4,12.2,3616.7,-39998.4,8133.0,30148.2,24.8,0,
2017-12-22 06:24:27,0,3,4,12.2,3616.2,-39998.5,8133.0,30148.2,24.7,0,
2017-12-22 06:24:30,0,3,4,12.3,3615.8,-39998.2,8199.7,30389.3,24.7,0,
2017-12-22 06:24:33,0,3,4,12.3,3615.3,-39998.3,8199.7,30389.3,24.7,0,
2017-12-22 06:24:37,0,3,4,12.4,3614.7,-39998.2,8266.3,30630.3,24.8,0,
2017-12-22 06:24:40,0,3,4,12.4,3614.2,-39998.7,8266.3,30630.3,24.7,0,
2017-12-22 06:24:43,0,3,4,12.5,3613.5,-39998.3,8333.0,30871.2,24.8,0,
2017-12-22 06:24:46,0,3,4,12.5,3613.1,-39998.5,8333.0,30871.2,24.8,0,
2017-12-22 06:24:49,0,3,4,12.6,3612.5,-39998.4,8399.7,31112.1,24.7,0,
2017-12-22 06:24:52,0,3,4,12.7,3612.0,-39998.5,8466.3,31352.8,24.7,0,
2017-12-22 06:24:56,0,3,4,12.7,3611.5,-39998.5,8466.3,31352.8,24.7,0,
2017-12-22 06:24:59,0,3,4,12.8,3610.9,-39998.5,8533.0,31593.6,24.7,0,
2017-12-22 06:25:02,0,3,4,12.8,3610.5,-39998.3,8533.0,31593.6,24.7,0,
2017-12-22 06:25:05,0,3,4,12.9,3609.9,-39998.5,8599.6,31834.2,24.8,0,
2017-12-22 06:25:08,0,3,4,12.9,3609.4,-39998.6,8599.6,31834.2,24.8,0,
2017-12-22 06:25:11,0,3,4,13.0,3608.8,-39998.3,8666.3,32074.8,24.8,0,
2017-12-22 06:25:14,0,3,4,13.0,3608.2,-39998.7,8666.3,32074.8,24.7,0,
2017-12-22 06:25:18,0,3,4,13.1,3607.8,-39998.3,8733.0,32315.3,24.7,0,
2017-12-22 06:25:21,0,3,4,13.1,3607.1,-39998.8,8733.0,32315.3,24.8,0,
2017-12-22 06:25:24,0,3,4,13.2,3606.7,-39998.4,8799.6,32555.8,24.7,0,
2017-12-22 06:25:27,0,3,4,13.2,3606.2,-39998.5,8799.6,32555.8,24.8,0,
2017-12-22 06:25:30,0,3,4,13.3,3605.6,-39998.2,8866.3,32796.1,24.7,0,
2017-12-22 06:25:33,0,3,4,13.3,3605.1,-39998.3,8866.3,32796.1,24.8,0,
2017-12-22 06:25:37,0,3,4,13.4,3604.6,-39998.0,8933.0,33036.4,24.8,0,
2017-12-22 06:25:40,0,3,4,13.4,3604.2,-39998.2,8933.0,33036.4,24.8,0,
2017-12-22 06:25:43,0,3,4,13.5,3603.7,-39998.0,8999.6,33276.7,24.8,0,
2017-12-22 06:25:46,0,3,4,13.5,3603.1,-39998.2,8999.6,33276.7,24.8,0,
2017-12-22 06:25:49,0,3,4,13.6,3602.6,-39998.2,9066.3,33516.9,24.8,0,
2017-12-22 06:25:52,0,3,4,13.7,3602.1,-39998.0,9132.9,33757.0,24.7,0,
2017-12-22 06:25:56,0,3,4,13.7,3601.7,-39998.3,9132.9,33757.0,24.8,0,
2017-12-22 06:25:59,0,3,4,13.8,3601.1,-39998.4,9199.6,33997.0,24.8,0,
2017-12-22 06:26:02,0,3,4,13.8,3600.6,-39998.2,9199.6,33997.0,24.8,0,
2017-12-22 06:26:05,0,3,4,13.9,3600.1,-39998.5,9266.3,34237.0,24.8,0,
2017-12-22 06:26:08,0,3,4,13.9,3599.6,-39998.4,9266.3,34237.0,24.8,0,
2017-12-22 06:26:11,0,3,4,14.0,3599.1,-39998.5,9332.9,34477.0,24.8,0,
2017-12-22 06:26:14,0,3,4,14.0,3598.6,-39998.5,9332.9,34477.0,24.8,0,
2017-12-22 06:26:18,0,3,4,14.1,3597.9,-39998.5,9399.6,34716.8,24.8,0,
2017-12-22 06:26:21,0,3,4,14.1,3597.5,-39998.4,9399.6,34716.8,24.8,0,
2017-12-22 06:26:24,0,3,4,14.2,3597.1,-39998.2,9466.2,34956.6,24.8,0,
2017-12-22 06:26:27,0,3,4,14.2,3596.6,-39998.2,9466.2,34956.6,24.8,0,
2017-12-22 06:26:30,0,3,4,14.3,3596.1,-39998.3,9532.9,35196.4,24.8,0,
2017-12-22 06:26:33,0,3,4,14.3,3595.5,-39998.2,9532.9,35196.4,24.8,0,
2017-12-22 06:26:36,0,3,4,14.4,3595.1,-39998.3,9599.6,35436.0,24.8,0,
2017-12-22 06:26:39,0,3,4,14.4,3594.5,-39998.3,9599.6,35436.0,24.8,0,
2017-12-22 06:26:43,0,3,4,14.5,3594.0,-39997.7,9666.2,35675.7,24.8,0,
2017-12-22 06:26:46,0,3,4,14.5,3593.6,-39998.0,9666.2,35675.7,24.8,0,
2017-12-22 06:26:49,0,3,4,14.6,3592.9,-39998.3,9732.9,35915.2,24.8,0,
2017-12-22 06:26:52,0,3,4,14.6,3592.5,-39998.2,9732.9,35915.2,24.8,0,
2017-12-22 06:26:55,0,3,4,14.7,3592.1,-39997.7,9799.5,36154.7,24.8,0,
2017-12-22 06:26:58,0,3,4,14.8,3591.7,-39997.8,9866.2,36394.1,24.9,0,
2017-12-22 06:27:01,0,3,4,14.8,3591.1,-39998.0,9866.2,36394.1,24.8,0,
2017-12-22 06:27:04,0,3,4,14.9,3590.6,-39998.0,9932.9,36633.4,24.9,0,
2017-12-22 06:27:08,0,3,4,14.9,3590.2,-39998.2,9932.9,36633.4,24.9,0,
2017-12-22 06:27:11,0,3,4,15.0,3589.6,-39998.2,9999.5,36872.7,24.9,0,
2017-12-22 06:27:14,0,3,4,15.0,3589.1,-39998.1,9999.5,36872.7,24.9,0,
2017-12-22 06:27:17,0,3,4,15.1,3588.7,-39998.0,10066.2,37112.0,24.9,0,
2017-12-22 06:27:20,0,3,4,15.1,3588.1,-39997.7,10066.2,37112.0,24.9,0,
2017-12-22 06:27:23,0,3,4,15.2,3587.7,-39998.2,10132.8,37351.1,24.9,0,
2017-12-22 06:27:26,0,3,4,15.2,3587.2,-39997.9,10132.8,37351.1,24.9,0,
2017-12-22 06:27:30,0,3,4,15.3,3586.6,-39998.2,10199.5,37590.2,24.9,0,
2017-12-22 06:27:33,0,3,4,15.3,3586.3,-39998.0,10199.5,37590.2,24.9,0,
2017-12-22 06:27:36,0,3,4,15.4,3585.7,-39998.1,10266.2,37829.3,24.8,0,
2017-12-22 06:27:39,0,3,4,15.4,3585.3,-39997.7,10266.2,37829.3,24.9,0,
2017-12-22 06:27:42,0,3,4,15.5,3584.7,-39998.2,10332.8,38068.2,24.8,0,
2017-12-22 06:27:45,0,3,4,15.5,3584.2,-39997.7,10332.8,38068.2,24.8,0,
2017-12-22 06:27:48,0,3,4,15.6,3583.8,-39997.8,10399.5,38307.2,24.8,0,
2017-12-22 06:27:51,0,3,4,15.6,3583.4,-39998.0,10399.5,38307.2,24.8,0,
2017-12-22 06:27:54,0,3,4,15.7,3582.8,-39997.4,10466.1,38546.0,24.8,0,
2017-12-22 06:27:58,0,3,4,15.7,3582.4,-39998.0,10466.1,38546.0,24.9,0,
2017-12-22 06:28:01,0,3,4,15.8,3581.8,-39998.2,10532.8,38784.8,24.8,0,
2017-12-22 06:28:04,0,3,4,15.8,3581.4,-39998.0,10532.8,38784.8,24.8,0,
2017-12-22 06:28:07,0,3,4,15.9,3580.9,-39997.7,10599.5,39023.5,24.8,0,
2017-12-22 06:28:10,0,3,4,16.0,3580.4,-39997.7,10666.1,39262.2,24.8,0,
2017-12-22 06:28:13,0,3,4,16.0,3579.8,-39998.2,10666.1,39262.2,24.8,0,
2017-12-22 06:28:17,0,3,4,16.1,3579.4,-39998.1,10732.8,39500.8,24.8,0,
2017-12-22 06:28:20,0,3,4,16.1,3578.9,-39998.0,10732.8,39500.8,24.8,0,
2017-12-22 06:28:23,0,3,4,16.2,3578.4,-39998.2,10799.4,39739.3,24.8,0,
2017-12-22 06:28:26,0,3,4,16.2,3577.9,-39998.0,10799.4,39739.3,24.9,0,
2017-12-22 06:28:29,0,3,4,16.3,3577.6,-39998.2,10866.1,39977.8,24.9,0,
2017-12-22 06:28:32,0,3,4,16.3,3577.1,-39998.3,10866.1,39977.8,24.9,0,
2017-12-22 06:28:35,0,3,4,16.4,3576.5,-39998.0,10932.8,40216.2,24.9,0,
2017-12-22 06:28:38,0,3,4,16.4,3576.1,-39998.2,10932.8,40216.2,24.9,0,
2017-12-22 06:28:42,0,3,4,16.5,3575.6,-39998.2,10999.4,40454.6,24.9,0,
2017-12-22 06:28:45,0,3,4,16.5,3575.1,-39998.0,10999.4,40454.6,24.9,0,
2017-12-22 06:28:48,0,3,4,16.6,3574.6,-39998.0,11066.1,40692.9,24.9,0,
2017-12-22 06:28:51,0,3,4,16.6,3574.1,-39998.1,11066.1,40692.9,24.9,0,
2017-12-22 06:28:54,0,3,4,16.7,3573.6,-39997.7,11132.7,40931.1,24.9,0,
2017-12-22 06:28:57,0,3,4,16.7,3573.3,-39998.0,11132.7,40931.1,24.9,0,
2017-12-22 06:29:00,0,3,4,16.8,3572.7,-39997.5,11199.4,41169.3,24.9,0,
2017-12-22 06:29:04,0,3,4,16.8,3572.1,-39998.2,11199.4,41169.3,24.9,0,
2017-12-22 06:29:07,0,3,4,16.9,3571.8,-39998.0,11266.1,41407.4,24.9,0,
2017-12-22 06:29:10,0,3,4,16.9,3571.4,-39998.0,11266.1,41407.4,24.9,0,
2017-12-22 06:29:13,0,3,4,17.0,3570.8,-39998.0,11332.7,41645.5,24.9,0,
2017-12-22 06:29:16,0,3,4,17.1,3570.3,-39998.2,11399.4,41883.5,24.9,0,
2017-12-22 06:29:20,0,3,4,17.1,3569.8,-39998.2,11399.4,41883.5,24.9,0,
2017-12-22 06:29:23,0,3,4,17.2,3569.2,-39998.0,11466.0,42121.4,24.9,0,
2017-12-22 06:29:26,0,3,4,17.2,3568.8,-39997.9,11466.0,42121.4,24.9,0,
2017-12-22 06:29:29,0,3,4,17.3,3568.3,-39998.2,11532.7,42359.3,24.9,0,
2017-12-22 06:29:32,0,3,4,17.3,3567.8,-39997.9,11532.7,42359.3,24.9,0,
2017-12-22 06:29:35,0,3,4,17.4,3567.5,-39997.5,11599.4,42597.1,24.9,0,
2017-12-22 06:29:38,0,3,4,17.4,3566.9,-39998.0,11599.4,42597.1,24.9,0,
2017-12-22 06:29:41,0,3,4,17.5,3566.4,-39997.8,11666.0,42834.9,24.8,0,
2017-12-22 06:29:44,0,3,4,17.5,3566.0,-39998.0,11666.0,42834.9,24.9,0,
2017-12-22 06:29:47,0,3,4,17.6,3565.6,-39997.5,11732.7,43072.5,24.9,0,
2017-12-22 06:29:50,0,3,4,17.6,3565.0,-39997.8,11732.7,43072.5,24.9,0,
2017-12-22 06:29:54,0,3,4,17.7,3564.5,-39998.0,11799.3,43310.2,24.9,0,
2017-12-22 06:29:57,0,3,4,17.7,3564.1,-39997.7,11799.3,43310.2,24.9,0,
2017-12-22 06:30:00,0,3,4,17.8,3563.6,-39997.4,11866.0,43547.7,24.9,0,
2017-12-22 06:30:03,0,3,4,17.8,3563.2,-39998.2,11866.0,43547.7,24.9,0,
2017-12-22 06:30:06,0,3,4,17.9,3562.6,-39997.8,11932.7,43785.2,24.9,0,
2017-12-22 06:30:09,0,3,4,17.9,3562.1,-39998.3,11932.7,43785.2,24.9,0,
2017-12-22 06:30:12,0,3,4,18.0,3561.6,-39998.3,11999.3,44022.7,24.9,0,
2017-12-22 06:30:16,0,3,4,18.0,3561.1,-39998.4,11999.3,44022.7,25.0,0,
2017-12-22 06:30:19,0,3,4,18.1,3560.7,-39997.7,12066.0,44260.1,24.9,0,
2017-12-22 06:30:22,0,3,4,18.1,3560.2,-39998.5,12066.0,44260.1,24.9,0,
2017-12-22 06:30:25,0,3,4,18.2,3559.8,-39998.3,12132.6,44497.4,25.0,0,
2017-12-22 06:30:28,0,3,4,18.2,3559.2,-39998.3,12132.6,44497.4,25.0,0,
2017-12-22 06:30:31,0,3,4,18.3,3558.7,-39998.7,12199.3,44734.6,25.0,0,
2017-12-22 06:30:34,0,3,4,18.4,3558.2,-39997.9,12266.0,44971.8,25.0,0,
2017-12-22 06:30:38,0,3,4,18.4,3557.8,-39997.3,12266.0,44971.8,25.0,0,
2017-12-22 06:30:41,0,3,4,18.5,3557.3,-39998.3,12332.6,45209.0,25.0,0,
2017-12-22 06:30:44,0,3,4,18.5,3556.9,-39998.1,12332.6,45209.0,25.0,0,
2017-12-22 06:30:47,0,3,4,18.6,3556.4,-39998.2,12399.3,45446.0,25.0,0,
2017-12-22 06:30:50,0,3,4,18.6,3555.9,-39998.0,12399.3,45446.0,25.0,0,
2017-12-22 06:30:53,0,3,4,18.7,3555.3,-39998.0,12465.9,45683.1,25.0,0,
2017-12-22 06:30:56,0,3,4,18.7,3554.9,-39998.2,12465.9,45683.1,25.0,0,
2017-12-22 06:31:00,0,3,4,18.8,3554.4,-39998.2,12532.6,45920.0,25.0,0,
2017-12-22 06:31:03,0,3,4,18.8,3554.1,-39998.2,12532.6,45920.0,25.0,0,
2017-12-22 06:31:06,0,3,4,18.9,3553.4,-39998.2,12599.3,46156.9,25.0,0,
2017-12-22 06:31:09,0,3,4,18.9,3553.1,-39998.5,12599.3,46156.9,25.0,0,
2017-12-22 06:31:12,0,3,4,19.0,3552.6,-39998.2,12665.9,46393.7,25.0,0,
2017-12-22 06:31:15,0,3,4,19.0,3551.9,-39998.3,12665.9,46393.7,25.0,0,
2017-12-22 06:31:18,0,3,4,19.1,3551.6,-39998.2,12732.6,46630.5,24.9,0,
2017-12-22 06:31:21,0,3,4,19.1,3551.0,-39998.1,12732.6,46630.5,24.9,0,
2017-12-22 06:31:25,0,3,4,19.2,3550.7,-39997.7,12799.3,46867.2,24.9,0,
2017-12-22 06:31:28,0,3,4,19.2,3550.1,-39998.2,12799.3,46867.2,24.9,0,
2017-12-22 06:31:31,0,3,4,19.3,3549.5,-39998.4,12865.9,47103.9,24.9,0,
2017-12-22 06:31:34,0,3,4,19.4,3549.2,-39998.0,12932.6,47340.5,24.9,0,
2017-12-22 06:31:37,0,3,4,19.4,3548.6,-39997.7,12932.6,47340.5,24.9,0,
2017-12-22 06:31:41,0,3,4,19.5,3548.2,-39997.8,12999.2,47577.0,24.9,0,
2017-12-22 06:31:44,0,3,4,19.5,3547.6,-39998.4,12999.2,47577.0,24.9,0,
2017-12-22 06:31:47,0,3,4,19.6,3547.3,-39997.9,13065.9,47813.5,24.9,0,
2017-12-22 06:31:50,0,3,4,19.6,3546.7,-39998.2,13065.9,47813.5,25.0,0,
2017-12-22 06:31:53,0,3,4,19.7,3546.3,-39998.2,13132.6,48049.9,25.0,0,
2017-12-22 06:31:56,0,3,4,19.7,3545.7,-39998.2,13132.6,48049.9,25.0,0,
2017-12-22 06:31:59,0,3,4,19.8,3545.2,-39998.0,13199.2,48286.2,25.0,0,
2017-12-22 06:32:03,0,3,4,19.8,3544.8,-39998.3,13199.2,48286.2,25.0,0,
2017-12-22 06:32:06,0,3,4,19.9,3544.2,-39997.3,13265.9,48522.5,25.0,0,
2017-12-22 06:32:09,0,3,4,19.9,3543.9,-39998.0,13265.9,48522.5,25.0,0,
2017-12-22 06:32:12,0,3,4,20.0,3543.4,-39998.0,13332.5,48758.7,25.0,0,
2017-12-22 06:32:15,0,3,4,20.0,3542.8,-39997.5,13332.5,48758.7,25.0,0,
2017-12-22 06:32:18,0,3,4,20.1,3542.4,-39998.4,13399.2,48994.8,25.0,0,
2017-12-22 06:32:21,0,3,4,20.1,3541.9,-39998.2,13399.2,48994.8,25.0,0,
2017-12-22 06:32:24,0,3,4,20.2,3541.4,-39998.2,13465.9,49230.9,25.0,0,
2017-12-22 06:32:28,0,3,4,20.2,3541.0,-39998.2,13465.9,49230.9,25.0,0,
2017-12-22 06:32:31,0,3,4,20.3,3540.4,-39997.7,13532.5,49466.9,25.0,0,
2017-12-22 06:32:34,0,3,4,20.3,3539.9,-39997.9,13532.5,49466.9,25.0,0,
2017-12-22 06:32:37,0,3,4,20.4,3539.4,-39997.9,13599.2,49702.9,25.0,0,
2017-12-22 06:32:40,0,3,4,20.4,3538.8,-39997.2,13599.2,49702.9,25.0,0,
2017-12-22 06:32:43,0,3,4,20.5,3538.4,-39998.0,13665.8,49938.8,25.0,0,
2017-12-22 06:32:46,0,3,4,20.6,3537.9,-39998.0,13732.5,50174.6,25.0,0,
2017-12-22 06:32:49,0,3,4,20.6,3537.4,-39997.7,13732.5,50174.6,25.0,0,
2017-12-22 06:32:53,0,3,4,20.7,3536.8,-39997.6,13799.1,50410.4,25.0,0,
2017-12-22 06:32:56,0,3,4,20.7,3536.4,-39997.9,13799.1,50410.4,25.0,0,
2017-12-22 06:32:59,0,3,4,20.8,3536.0,-39997.8,13865.8,50646.1,25.0,0,
2017-12-22 06:33:02,0,3,4,20.8,3535.4,-39997.5,13865.8,50646.1,25.0,0,
2017-12-22 06:33:05,0,3,4,20.9,3534.9,-39997.7,13932.5,50881.7,25.0,0,
2017-12-22 06:33:08,0,3,4,20.9,3534.5,-39997.5,13932.5,50881.7,25.0,0,
2017-12-22 06:33:11,0,3,4,21.0,3533.9,-39997.5,13999.1,51117.3,25.0,0,
2017-12-22 06:33:15,0,3,4,21.0,3533.4,-39997.7,13999.1,51117.3,25.0,0,
2017-12-22 06:33:18,0,3,4,21.1,3533.0,-39997.3,14065.8,51352.8,25.0,0,
2017-12-22 06:33:21,0,3,4,21.1,3532.3,-40001.0,14065.8,51352.8,24.9,0,
2017-12-22 06:33:24,0,3,4,21.2,3531.8,-40000.8,14132.5,51588.3,25.0,0,
2017-12-22 06:33:27,0,3,4,21.2,3531.5,-40000.8,14132.5,51588.3,24.9,0,
2017-12-22 06:33:30,0,3,4,21.3,3530.9,-40000.7,14199.1,51823.7,24.9,0,
2017-12-22 06:33:34,0,3,4,21.3,3530.5,-40000.5,14199.1,51823.7,24.9,0,
2017-12-22 06:33:37,0,3,4,21.4,3529.9,-40000.8,14265.8,52059.1,24.9,0,
2017-12-22 06:33:40,0,3,4,21.4,3529.4,-40000.8,14265.8,52059.1,24.9,0,
2017-12-22 06:33:43,0,3,4,21.5,3528.9,-40001.2,14332.5,52294.4,25.0,0,
2017-12-22 06:33:46,0,3,4,21.5,3528.5,-40001.2,14332.5,52294.4,24.9,0,
2017-12-22 06:33:49,0,3,4,21.6,3528.0,-40000.6,14399.1,52529.6,24.9,0,
2017-12-22 06:33:52,0,3,4,21.7,3527.3,-40000.8,14465.8,52764.8,25.0,0,
2017-12-22 06:33:55,0,3,4,21.7,3526.9,-40000.7,14465.8,52764.8,25.0,0,
2017-12-22 06:33:59,0,3,4,21.8,3526.5,-40001.0,14532.5,52999.9,25.0,0,
2017-12-22 06:34:02,0,3,4,21.8,3525.9,-40000.7,14532.5,52999.9,25.0,0,
2017-12-22 06:34:05,0,3,4,21.9,3525.5,-40000.6,14599.1,53234.9,25.0,0,
2017-12-22 06:34:08,0,3,4,21.9,3524.8,-40000.9,14599.1,53234.9,25.0,0,
2017-12-22 06:34:11,0,3,4,22.0,3524.4,-40000.7,14665.8,53469.9,25.0,0,
2017-12-22 06:34:14,0,3,4,22.0,3523.9,-40001.0,14665.8,53469.9,25.0,0,
2017-12-22 06:34:17,0,3,4,22.1,3523.3,-40000.5,14732.5,53704.8,25.0,0,
2017-12-22 06:34:21,0,3,4,22.1,3522.8,-40000.7,14732.5,53704.8,25.0,0,
2017-12-22 06:34:24,0,3,4,22.2,3522.3,-40000.5,14799.1,53939.7,25.0,0,
2017-12-22 06:34:27,0,3,4,22.2,3521.9,-40000.5,14799.1,53939.7,25.0,0,
2017-12-22 06:34:30,0,3,4,22.3,3521.3,-40000.6,14865.8,54174.5,25.0,0,
2017-12-22 06:34:33,0,3,4,22.3,3520.8,-40000.5,14865.8,54174.5,25.0,0,
2017-12-22 06:34:36,0,3,4,22.4,3520.4,-40000.8,14932.5,54409.2,25.0,0,
2017-12-22 06:34:39,0,3,4,22.4,3519.7,-40000.8,14932.5,54409.2,25.0,0,
2017-12-22 06:34:43,0,3,4,22.5,3519.3,-40000.4,14999.2,54643.8,25.0,0,
2017-12-22 06:34:46,0,3,4,22.5,3518.8,-40000.8,14999.2,54643.8,25.0,0,
2017-12-22 06:34:49,0,3,4,22.6,3518.1,-40001.2,15065.8,54878.4,25.0,0,
2017-12-22 06:34:52,0,3,4,22.6,3517.8,-40000.7,15065.8,54878.4,25.0,0,
2017-12-22 06:34:55,0,3,4,22.7,3517.2,-40000.3,15132.5,55112.9,25.0,0,
2017-12-22 06:34:58,0,3,4,22.8,3516.8,-40000.6,15199.2,55347.4,25.0,0,
2017-12-22 06:35:01,0,3,4,22.8,3516.0,-40001.4,15199.2,55347.4,25.0,0,
2017-12-22 06:35:04,0,3,4,22.9,3515.7,-40000.3,15265.8,55581.8,25.0,0,
2017-12-22 06:35:08,0,3,4,22.9,3515.2,-40001.2,15265.8,55581.8,25.0,0,
2017-12-22 06:35:11,0,3,4,23.0,3514.6,-40000.1,15332.5,55816.1,25.0,0,
2017-12-22 06:35:14,0,3,4,23.0,3514.0,-40000.4,15332.5,55816.1,25.0,0,
2017-12-22 06:35:17,0,3,4,23.1,3513.6,-40000.7,15399.2,56050.4,25.0,0,
2017-12-22 06:35:20,0,3,4,23.1,3513.1,-40000.3,15399.2,56050.4,25.0,0,
2017-12-22 06:35:23,0,3,4,23.2,3512.5,-40000.4,15465.8,56284.5,25.0,0,
2017-12-22 06:35:26,0,3,4,23.2,3511.9,-40000.3,15465.8,56284.5,25.0,0,
2017-12-22 06:35:30,0,3,4,23.3,3511.4,-40000.0,15532.5,56518.7,25.0,0,
2017-12-22 06:35:33,0,3,4,23.3,3510.9,-40000.2,15532.5,56518.7,25.0,0,
2017-12-22 06:35:36,0,3,4,23.4,3510.5,-39999.7,15599.2,56752.7,25.0,0,
2017-12-22 06:35:39,0,3,4,23.4,3509.9,-40000.5,15599.2,56752.7,25.0,0,
2017-12-22 06:35:42,0,3,4,23.5,3509.3,-40000.2,15665.8,56986.7,25.0,0,
2017-12-22 06:35:45,0,3,4,23.5,3508.9,-40000.3,15665.8,56986.7,25.0,0,
2017-12-22 06:35:48,0,3,4,23.6,3508.2,-40000.3,15732.5,57220.6,25.0,0,
2017-12-22 06:35:52,0,3,4,23.6,3507.8,-39999.7,15732.5,57220.6,25.0,0,
2017-12-22 06:35:55,0,3,4,23.7,3507.3,-40000.1,15799.2,57454.5,25.0,0,
2017-12-22 06:35:58,0,3,4,23.7,3506.6,-40000.8,15799.2,57454.5,25.0,0,
2017-12-22 06:36:01,0,3,4,23.8,3506.2,-40000.2,15865.8,57688.2,25.0,0,
2017-12-22 06:36:04,0,3,4,23.9,3505.6,-40000.2,15932.5,57921.9,25.0,0,
2017-12-22 06:36:07,0,3,4,23.9,3505.1,-40000.2,15932.5,57921.9,25.0,0,
2017-12-22 06:36:10,0,3,4,24.0,3504.6,-39999.9,15999.2,58155.6,25.0,0,
2017-12-22 06:36:14,0,3,4,24.0,3504.0,-40000.3,15999.2,58155.6,25.0,0,
2017-12-22 06:36:17,0,3,4,24.1,3503.4,-40000.6,16065.8,58389.1,25.0,0,
2017-12-22 06:36:20,0,3,4,24.1,3503.0,-40000.3,16065.8,58389.1,25.1,0,
2017-12-22 06:36:23,0,3,4,24.2,3502.4,-40000.3,16132.5,58622.6,25.1,0,
2017-12-22 06:36:26,0,3,4,24.2,3501.9,-40000.2,16132.5,58622.6,25.1,0,
2017-12-22 06:36:29,0,3,4,24.3,3501.3,-40000.3,16199.2,58856.1,25.1,0,
2017-12-22 06:36:32,0,3,4,24.3,3500.8,-39999.9,16199.2,58856.1,25.1,0,
2017-12-22 06:36:36,0,3,4,24.4,3500.2,-40000.3,16265.8,59089.4,25.1,0,
2017-12-22 06:36:39,0,3,4,24.4,3499.7,-39999.9,16265.8,59089.4,25.1,0,
2017-12-22 06:36:42,0,3,4,24.5,3499.2,-40000.2,16332.5,59322.8,25.1,0,
2017-12-22 06:36:45,0,3,4,24.5,3498.5,-40000.5,16332.5,59322.8,25.0,0,
2017-12-22 06:36:48,0,3,4,24.6,3498.1,-40000.5,16399.2,59556.0,25.1,0,
2017-12-22 06:36:51,0,3,4,24.6,3497.6,-40000.1,16399.2,59556.0,25.0,0,
2017-12-22 06:36:54,0,3,4,24.7,3496.9,-40000.2,16465.8,59789.1,25.0,0,
2017-12-22 06:36:57,0,3,4,24.7,3496.4,-40000.5,16465.8,59789.1,25.0,0,
2017-12-22 06:37:01,0,3,4,24.8,3495.9,-40000.3,16532.5,60022.2,25.0,0,
2017-12-22 06:37:04,0,3,4,24.8,3495.2,-40000.4,16532.5,60022.2,25.0,0,
2017-12-22 06:37:07,0,3,4,24.9,3494.8,-40000.3,16599.2,60255.2,25.0,0,
2017-12-22 06:37:10,0,3,4,24.9,3494.2,-40000.6,16599.2,60255.2,25.0,0,
2017-12-22 06:37:13,0,3,4,25.0,3493.7,-40000.7,16665.8,60488.2,25.0,0,
2017-12-22 06:37:16,0,3,4,25.1,3493.0,-40000.3,16732.5,60721.0,25.1,0,
2017-12-22 06:37:19,0,3,4,25.1,3492.5,-40000.3,16732.5,60721.0,25.1,0,
2017-12-22 06:37:23,0,3,4,25.2,3491.9,-39999.8,16799.2,60953.8,25.0,0,
2017-12-22 06:37:26,0,3,4,25.2,3491.4,-40000.5,16799.2,60953.8,25.0,0,
2017-12-22 06:37:29,0,3,4,25.3,3490.8,-39999.8,16865.9,61186.6,25.1,0,
2017-12-22 06:37:32,0,3,4,25.3,3490.1,-39999.6,16865.9,61186.6,25.0,0,
2017-12-22 06:37:35,0,3,4,25.4,3489.6,-40000.3,16932.5,61419.2,25.1,0,
2017-12-22 06:37:38,0,3,4,25.4,3489.0,-39999.9,16932.5,61419.2,25.0,0,
2017-12-22 06:37:41,0,3,4,25.5,3488.6,-40000.4,16999.2,61651.8,25.0,0,
2017-12-22 06:37:44,0,3,4,25.5,3487.8,-39999.7,16999.2,61651.8,25.0,0,
2017-12-22 06:37:48,0,3,4,25.6,3487.5,-40000.0,17065.8,61884.3,25.0,0,
2017-12-22 06:37:51,0,3,4,25.6,3486.8,-40000.2,17065.8,61884.3,25.0,0,
2017-12-22 06:37:54,0,3,4,25.7,3486.2,-39999.7,17132.5,62116.7,25.0,0,
2017-12-22 06:37:57,0,3,4,25.7,3485.5,-40000.2,17132.5,62116.7,25.0,0,
2017-12-22 06:38:00,0,3,4,25.8,3485.0,-39999.7,17199.2,62349.1,25.0,0,
2017-12-22 06:38:03,0,3,4,25.8,3484.4,-39999.5,17199.2,62349.1,25.0,0,
2017-12-22 06:38:06,0,3,4,25.9,3483.8,-40000.2,17265.8,62581.3,25.0,0,
2017-12-22 06:38:10,0,3,4,25.9,3483.1,-39999.9,17265.8,62581.3,25.0,0,
2017-12-22 06:38:13,0,3,4,26.0,3482.6,-40000.1,17332.5,62813.5,25.0,0,
2017-12-22 06:38:16,0,3,4,26.0,3482.1,-40000.2,17332.5,62813.5,25.0,0,
2017-12-22 06:38:19,0,3,4,26.1,3481.3,-40000.1,17399.2,63045.7,25.0,0,
2017-12-22 06:38:22,0,3,4,26.2,3480.7,-40000.0,17465.8,63277.7,25.0,0,
2017-12-22 06:38:25,0,3,4,26.2,3480.2,-39999.9,17465.8,63277.7,25.0,0,
2017-12-22 06:38:29,0,3,4,26.3,3479.6,-39999.7,17532.5,63509.7,25.0,0,
2017-12-22 06:38:32,0,3,4,26.3,3479.0,-39999.5,17532.5,63509.7,25.0,0,
2017-12-22 06:38:35,0,3,4,26.4,3478.4,-39999.7,17599.2,63741.6,25.0,0,
2017-12-22 06:38:38,0,3,4,26.4,3477.8,-39999.7,17599.2,63741.6,25.0,0,
2017-12-22 06:38:41,0,3,4,26.5,3477.1,-39999.8,17665.8,63973.4,25.0,0,
2017-12-22 06:38:44,0,3,4,26.5,3476.5,-39999.8,17665.8,63973.4,25.0,0,
2017-12-22 06:38:47,0,3,4,26.6,3475.9,-40000.0,17732.5,64205.1,25.0,0,
2017-12-22 06:38:50,0,3,4,26.6,3475.2,-40000.3,17732.5,64205.1,25.0,0,
2017-12-22 06:38:54,0,3,4,26.7,3474.5,-39999.8,17799.2,64436.8,25.0,0,
2017-12-22 06:38:57,0,3,4,26.7,3474.0,-40000.3,17799.2,64436.8,25.0,0,
2017-12-22 06:39:00,0,3,4,26.8,3473.3,-40000.3,17865.8,64668.4,25.0,0,
2017-12-22 06:39:03,0,3,4,26.8,3472.6,-39999.9,17865.8,64668.4,25.0,0,
2017-12-22 06:39:06,0,3,4,26.9,3472.0,-39999.7,17932.5,64899.9,25.0,0,
2017-12-22 06:39:09,0,3,4,26.9,3471.4,-39999.7,17932.5,64899.9,25.0,0,
2017-12-22 06:39:12,0,3,4,27.0,3470.7,-39999.5,17999.2,65131.3,25.0,0,
2017-12-22 06:39:16,0,3,4,27.0,3470.1,-39999.6,17999.2,65131.3,25.0,0,
2017-12-22 06:39:19,0,3,4,27.1,3469.4,-39999.8,18065.8,65362.6,25.0,0,
2017-12-22 06:39:22,0,3,4,27.1,3468.7,-39999.8,18065.8,65362.6,25.0,0,
2017-12-22 06:39:25,0,3,4,27.2,3468.0,-40000.0,18132.5,65593.8,25.0,0,
2017-12-22 06:39:28,0,3,4,27.3,3467.4,-39999.3,18199.2,65825.0,25.0,0,
2017-12-22 06:39:31,0,3,4,27.3,3466.7,-39999.9,18199.2,65825.0,25.0,0,
2017-12-22 06:39:35,0,3,4,27.4,3466.0,-39999.5,18265.8,66056.0,25.0,0,
2017-12-22 06:39:38,0,3,4,27.4,3465.3,-40000.2,18265.8,66056.0,25.0,0,
2017-12-22 06:39:41,0,3,4,27.5,3464.6,-39999.5,18332.5,66287.0,25.0,0,
2017-12-22 06:39:44,0,3,4,27.5,3463.8,-39999.6,18332.5,66287.0,25.0,0,
2017-12-22 06:39:47,0,3,4,27.6,3463.3,-40000.1,18399.2,66517.9,25.0,0,
2017-12-22 06:39:50,0,3,4,27.6,3462.5,-39999.5,18399.2,66517.9,25.0,0,
2017-12-22 06:39:54,0,3,4,27.7,3461.8,-39999.2,18465.8,66748.7,25.0,0,
2017-12-22 06:39:57,0,3,4,27.7,3461.0,-39999.8,18465.8,66748.7,25.0,0,
2017-12-22 06:40:00,0,3,4,27.8,3460.4,-39999.5,18532.5,66979.4,25.0,0,
2017-12-22 06:40:03,0,3,4,27.8,3459.6,-39999.9,18532.5,66979.4,25.0,0,
2017-12-22 06:40:06,0,3,4,27.9,3459.0,-39999.7,18599.2,67210.0,25.0,0,
2017-12-22 06:40:09,0,3,4,27.9,3458.2,-39999.6,18599.2,67210.0,25.0,0,
2017-12-22 06:40:12,0,3,4,28.0,3457.6,-39999.5,18665.8,67440.6,25.0,0,
2017-12-22 06:40:16,0,3,4,28.0,3456.8,-39999.6,18665.8,67440.6,25.0,0,
2017-12-22 06:40:19,0,3,4,28.1,3456.1,-39999.2,18732.5,67671.0,25.0,0,
2017-12-22 06:40:22,0,3,4,28.1,3455.4,-39999.5,18732.5,67671.0,25.0,0,
2017-12-22 06:40:25,0,3,4,28.2,3454.7,-39999.7,18799.2,67901.3,25.0,0,
2017-12-22 06:40:28,0,3,4,28.2,3453.9,-39999.4,18799.2,67901.3,25.0,0,
2017-12-22 06:40:31,0,3,4,28.3,3453.1,-39999.6,18865.8,68131.6,25.0,0,
2017-12-22 06:40:34,0,3,4,28.4,3452.3,-39999.5,18932.5,68361.7,25.0,0,
2017-12-22 06:40:37,0,3,4,28.4,3451.7,-39999.7,18932.5,68361.7,25.1,0,
2017-12-22 06:40:40,0,3,4,28.5,3451.0,-39999.5,18999.2,68591.8,25.0,0,
2017-12-22 06:40:44,0,3,4,28.5,3450.3,-39999.2,18999.2,68591.8,25.1,0,
2017-12-22 06:40:47,0,3,4,28.6,3449.4,-39999.5,19065.8,68821.8,25.0,0,
2017-12-22 06:40:50,0,3,4,28.6,3448.5,-39999.4,19065.8,68821.8,25.0,0,
2017-12-22 06:40:53,0,3,4,28.7,3447.8,-39999.2,19132.5,69051.6,25.0,0,
2017-12-22 06:40:56,0,3,4,28.7,3447.1,-39999.5,19132.5,69051.6,25.0,0,
2017-12-22 06:40:59,0,3,4,28.8,3446.4,-39999.3,19199.2,69281.4,25.1,0,
2017-12-22 06:41:03,0,3,4,28.8,3445.6,-39999.5,19199.2,69281.4,25.1,0,
2017-12-22 06:41:06,0,3,4,28.9,3444.8,-39999.4,19265.8,69511.0,25.0,0,
2017-12-22 06:41:09,0,3,4,28.9,3444.0,-39999.3,19265.8,69511.0,25.1,0,
2017-12-22 06:41:12,0,3,4,29.0,3443.2,-39999.2,19332.5,69740.6,25.1,0,
2017-12-22 06:41:15,0,3,4,29.0,3442.3,-39999.7,19332.5,69740.6,25.1,0,
2017-12-22 06:41:18,0,3,4,29.1,3441.5,-39999.2,19399.1,69970.1,25.1,0,
2017-12-22 06:41:21,0,3,4,29.1,3440.9,-39998.7,19399.1,69970.1,25.1,0,
2017-12-22 06:41:25,0,3,4,29.2,3440.0,-39999.3,19465.8,70199.4,25.1,0,
2017-12-22 06:41:28,0,3,4,29.2,3439.2,-39999.3,19465.8,70199.4,25.1,0,
2017-12-22 06:41:31,0,3,4,29.3,3438.4,-39999.2,19532.5,70428.7,25.1,0,
2017-12-22 06:41:34,0,3,4,29.3,3437.6,-39999.0,19532.5,70428.7,25.1,0,
2017-12-22 06:41:37,0,3,4,29.4,3436.6,-39999.5,19599.1,70657.8,25.1,0,
2017-12-22 06:41:40,0,3,4,29.5,3435.9,-39998.8,19665.8,70886.9,25.1,0,
2017-12-22 06:41:43,0,3,4,29.5,3435.1,-39999.0,19665.8,70886.9,25.1,0,
2017-12-22 06:41:47,0,3,4,29.6,3434.1,-39999.0,19732.5,71115.8,25.1,0,
2017-12-22 06:41:50,0,3,4,29.6,3433.3,-39999.2,19732.5,71115.8,25.1,0,
2017-12-22 06:41:53,0,3,4,29.7,3432.5,-39998.7,19799.1,71344.7,25.0,0,
2017-12-22 06:41:56,0,3,4,29.7,3431.6,-39999.2,19799.1,71344.7,25.0,0,
2017-12-22 06:41:59,0,3,4,29.8,3430.9,-39999.0,19865.8,71573.4,25.0,0,
2017-12-22 06:42:02,0,3,4,29.8,3429.8,-39999.2,19865.8,71573.4,25.0,0,
2017-12-22 06:42:05,0,3,4,29.9,3429.1,-39999.0,19932.4,71802.0,25.1,0,
2017-12-22 06:42:09,0,3,4,29.9,3428.2,-39998.8,19932.4,71802.0,25.0,0,
2017-12-22 06:42:12,0,3,4,30.0,3427.3,-39999.2,19999.1,72030.5,25.1,0,
2017-12-22 06:42:15,0,3,4,30.0,3426.4,-39999.0,19999.1,72030.5,25.1,0,
2017-12-22 06:42:18,0,3,4,30.1,3425.5,-39998.8,20065.8,72258.9,25.1,0,
2017-12-22 06:42:21,0,3,4,30.1,3424.7,-39999.0,20065.8,72258.9,25.1,0,
2017-12-22 06:42:24,0,3,4,30.2,3423.6,-39999.3,20132.4,72487.1,25.1,0,
2017-12-22 06:42:28,0,3,4,30.2,3422.7,-39999.5,20132.4,72487.1,25.1,0,
2017-12-22 06:42:31,0,3,4,30.3,3421.8,-39999.2,20199.1,72715.3,25.1,0,
2017-12-22 06:42:34,0,3,4,30.3,3420.8,-39999.2,20199.1,72715.3,25.1,0,
2017-12-22 06:42:37,0,3,4,30.4,3420.0,-39999.2,20265.8,72943.3,25.1,0,
2017-12-22 06:42:40,0,3,4,30.4,3419.1,-39999.2,20265.8,72943.3,25.1,0,
2017-12-22 06:42:43,0,3,4,30.5,3418.0,-39999.6,20332.4,73171.2,25.1,0,
2017-12-22 06:42:46,0,3,4,30.6,3417.1,-39999.1,20399.1,73399.0,25.1,0,
2017-12-22 06:42:49,0,3,4,30.6,3415.9,-39998.4,20399.1,73399.0,25.1,0,
2017-12-22 06:42:53,0,3,4,30.7,3415.0,-39999.0,20465.8,73626.7,25.1,0,
2017-12-22 06:42:56,0,3,4,30.7,3414.0,-39999.0,20465.8,73626.7,25.1,0,
2017-12-22 06:42:59,0,3,4,30.8,3412.9,-39999.0,20532.4,73854.2,25.1,0,
2017-12-22 06:43:02,0,3,4,30.8,3412.1,-39998.7,20532.4,73854.2,25.1,0,
2017-12-22 06:43:05,0,3,4,30.9,3411.0,-39999.3,20599.1,74081.6,25.1,0,
2017-12-22 06:43:08,0,3,4,30.9,3409.9,-39998.7,20599.1,74081.6,25.1,0,
2017-12-22 06:43:11,0,3,4,31.0,3408.8,-39998.5,20665.7,74308.9,25.1,0,
2017-12-22 06:43:15,0,3,4,31.0,3407.8,-39998.8,20665.7,74308.9,25.1,0,
2017-12-22 06:43:18,0,3,4,31.1,3406.8,-39998.5,20732.4,74536.0,25.1,0,
2017-12-22 06:43:21,0,3,4,31.1,3405.7,-39998.8,20732.4,74536.0,25.1,0,
2017-12-22 06:43:24,0,3,4,31.2,3404.5,-39999.0,20799.1,74763.0,25.1,0,
2017-12-22 06:43:27,0,3,4,31.2,3403.4,-39998.5,20799.1,74763.0,25.1,0,
2017-12-22 06:43:30,0,3,4,31.3,3402.3,-39998.7,20865.7,74989.9,25.1,0,
2017-12-22 06:43:33,0,3,4,31.3,3401.1,-39998.6,20865.7,74989.9,25.1,0,
2017-12-22 06:43:37,0,3,4,31.4,3399.9,-39998.5,20932.4,75216.6,25.1,0,
2017-12-22 06:43:40,0,3,4,31.4,3398.7,-39998.8,20932.4,75216.6,25.1,0,
2017-12-22 06:43:43,0,3,4,31.5,3397.5,-39998.7,20999.1,75443.2,25.1,0,
2017-12-22 06:43:46,0,3,4,31.5,3396.3,-39999.0,20999.1,75443.2,25.1,0,
2017-12-22 06:43:49,0,3,4,31.6,3395.1,-39998.4,21065.7,75669.6,25.1,0,
2017-12-22 06:43:52,0,3,4,31.7,3393.8,-39998.6,21132.4,75895.8,25.1,0,
2017-12-22 06:43:55,0,3,4,31.7,3392.6,-39998.7,21132.4,75895.8,25.1,0,
2017-12-22 06:43:59,0,3,4,31.8,3391.2,-39998.3,21199.0,76121.9,25.2,0,
2017-12-22 06:44:02,0,3,4,31.8,3389.8,-39998.2,21199.0,76121.9,25.2,0,
2017-12-22 06:44:05,0,3,4,31.9,3388.5,-39998.0,21265.7,76347.8,25.2,0,
2017-12-22 06:44:08,0,3,4,31.9,3387.2,-39998.2,21265.7,76347.8,25.2,0,
2017-12-22 06:44:11,0,3,4,32.0,3385.7,-39998.3,21332.4,76573.5,25.2,0,
2017-12-22 06:44:14,0,3,4,32.0,3384.4,-39998.2,21332.4,76573.5,25.2,0,
2017-12-22 06:44:18,0,3,4,32.1,3382.9,-39998.3,21399.0,76799.1,25.2,0,
2017-12-22 06:44:21,0,3,4,32.1,3381.2,-39998.0,21399.0,76799.1,25.2,0,
2017-12-22 06:44:24,0,3,4,32.2,3379.8,-39998.2,21465.7,77024.4,25.2,0,
2017-12-22 06:44:27,0,3,4,32.2,3378.2,-39998.1,21465.7,77024.4,25.2,0,
2017-12-22 06:44:30,0,3,4,32.3,3376.7,-39998.2,21532.3,77249.6,25.2,0,
2017-12-22 06:44:33,0,3,4,32.3,3374.9,-39998.4,21532.3,77249.6,25.2,0,
2017-12-22 06:44:36,0,3,4,32.4,3373.2,-39998.0,21599.0,77474.5,25.3,0,
2017-12-22 06:44:39,0,3,4,32.4,3371.6,-39998.0,21599.0,77474.5,25.3,0,
2017-12-22 06:44:43,0,3,4,32.5,3369.9,-39997.9,21665.7,77699.2,25.3,0,
2017-12-22 06:44:46,0,3,4,32.5,3368.0,-39997.7,21665.7,77699.2,25.3,0,
2017-12-22 06:44:49,0,3,4,32.6,3366.2,-40000.8,21732.3,77923.7,25.3,0,
2017-12-22 06:44:52,0,3,4,32.6,3364.1,-40000.8,21732.3,77923.7,25.3,0,
2017-12-22 06:44:55,0,3,4,32.7,3362.3,-40000.7,21799.0,78148.0,25.3,0,
2017-12-22 06:44:58,0,3,4,32.8,3360.2,-40000.5,21865.7,78372.0,25.3,0,
2017-12-22 06:45:02,0,3,4,32.8,3358.2,-40000.5,21865.7,78372.0,25.2,0,
2017-12-22 06:45:05,0,3,4,32.9,3355.8,-40001.9,21932.3,78595.8,25.2,0,
2017-12-22 06:45:08,0,3,4,32.9,3353.5,-40001.6,21932.3,78595.8,25.2,0,
2017-12-22 06:45:11,0,3,4,33.0,3351.3,-40001.8,21999.0,78819.2,25.2,0,
2017-12-22 06:45:14,0,3,4,33.0,3349.1,-40001.3,21999.0,78819.2,25.2,0,
2017-12-22 06:45:17,0,3,4,33.1,3346.5,-40001.5,22065.7,79042.4,25.1,0,
2017-12-22 06:45:20,0,3,4,33.1,3344.1,-40001.6,22065.7,79042.4,25.2,0,
2017-12-22 06:45:23,0,3,4,33.2,3341.6,-40001.3,22132.4,79265.3,25.2,0,
2017-12-22 06:45:27,0,3,4,33.2,3338.9,-40001.6,22132.4,79265.3,25.2,0,
2017-12-22 06:45:30,0,3,4,33.3,3336.2,-40001.3,22199.0,79487.8,25.2,0,
2017-12-22 06:45:33,0,3,4,33.3,3333.4,-40001.5,22199.0,79487.8,25.2,0,
2017-12-22 06:45:36,0,3,4,33.4,3330.4,-40001.7,22265.7,79709.9,25.3,0,
2017-12-22 06:45:39,0,3,4,33.4,3327.4,-40001.6,22265.7,79709.9,25.3,0,
2017-12-22 06:45:42,0,3,4,33.5,3324.2,-40001.4,22332.4,79931.7,25.3,0,
2017-12-22 06:45:45,0,3,4,33.5,3321.0,-40001.8,22332.4,79931.7,25.3,0,
2017-12-22 06:45:49,0,3,4,33.6,3317.5,-40002.3,22399.0,80153.0,25.3,0,
2017-12-22 06:45:52,0,3,4,33.6,3314.0,-40001.8,22399.0,80153.0,25.3,0,
2017-12-22 06:45:55,0,3,4,33.7,3310.5,-40001.3,22465.7,80374.0,25.3,0,
2017-12-22 06:45:58,0,3,4,33.7,3306.7,-40002.0,22465.7,80374.0,25.3,0,
2017-12-22 06:46:01,0,3,4,33.8,3302.4,-39999.6,22532.4,80594.4,25.3,0,
2017-12-22 06:46:03,0,3,4,33.8,3300.0,-40000.0,22532.4,80594.4,25.3,3,下限电压到
2017-12-22 06:46:04,0,3,4,33.8,3368.5,23.6,22532.4,80594.4,25.3,3,下限电压到
2017-12-22 06:46:07,0,3,4,33.9,3382.6,25.5,22532.4,80594.5,25.3,3,下限电压到
2017-12-22 06:46:10,0,3,4,34.0,3389.5,24.6,22532.5,80594.7,25.3,3,下限电压到
2017-12-22 06:46:14,0,3,4,34.0,3394.1,25.6,22532.5,80594.7,25.3,3,下限电压到
2017-12-22 06:46:17,0,3,4,34.1,3398.0,25.6,22532.5,80594.8,25.3,3,下限电压到
2017-12-22 06:46:20,0,3,4,34.1,3401.2,25.0,22532.5,80594.8,25.3,3,下限电压到
2017-12-22 06:46:23,0,3,4,34.2,3403.9,24.6,22532.5,80595.0,25.3,3,下限电压到
2017-12-22 06:46:26,0,3,4,34.2,3406.2,24.5,22532.5,80595.0,25.3,3,下限电压到
2017-12-22 06:46:29,0,3,4,34.3,3408.2,25.4,22532.6,80595.1,25.3,3,下限电压到
2017-12-22 06:46:32,0,3,4,34.3,3410.0,24.4,22532.6,80595.1,25.3,3,下限电压到
2017-12-22 06:46:35,0,3,4,34.4,3411.7,24.8,22532.6,80595.3,25.3,3,下限电压到
2017-12-22 06:46:38,0,3,4,34.4,3413.2,24.4,22532.6,80595.3,25.3,3,下限电压到
2017-12-22 06:46:42,0,3,4,34.5,3414.4,25.6,22532.7,80595.4,25.3,3,下限电压到
2017-12-22 06:46:45,0,3,4,34.5,3415.6,25.4,22532.7,80595.4,25.3,3,下限电压到
2017-12-22 06:46:50,0,4,6,0.0,3416.9,0,0.0,0.0,25.3,0,
