2017-12-22 05:33:19,0,0,3,0.0,3419.2,0,0.0,0.0,24.8,0,
2017-12-22 05:33:47,0,0,3,0.4,3420.3,27.1,0.0,0.0,24.6,0,
2017-12-22 05:33:50,0,0,3,0.4,3420.5,25.4,0.0,0.0,24.6,0,
2017-12-22 05:33:53,0,0,3,0.5,3420.5,27.1,0.0,0.0,24.6,0,
2017-12-22 05:33:56,0,0,3,0.5,3420.6,25.5,0.0,0.0,24.7,0,
2017-12-22 05:33:59,0,0,3,0.6,3420.6,26.7,0.0,0.0,24.7,0,
2017-12-22 05:34:02,0,0,3,0.6,3420.8,25.4,0.0,0.0,24.7,0,
2017-12-22 05:34:05,0,0,3,0.7,3420.8,27.2,0.0,0.0,24.7,0,
2017-12-22 05:34:08,0,0,3,0.7,3421.1,25.6,0.0,0.0,24.7,0,
2017-12-22 05:34:12,0,0,3,0.8,3421.0,27.2,0.0,0.0,24.7,0,
2017-12-22 05:34:15,0,0,3,0.8,3421.1,25.7,0.0,0.0,24.7,0,
2017-12-22 05:34:18,0,0,3,0.9,3421.2,27.2,0.0,0.0,24.7,0,
2017-12-22 05:34:21,0,0,3,0.9,3421.4,26.7,0.0,0.0,24.7,0,
2017-12-22 05:34:24,0,0,3,1.0,3421.4,27.0,0.0,0.0,24.7,0,
2017-12-22 05:34:25,0,0,3,1.0,3421.6,26.6,0.0,0.0,24.7,1,时间到
2017-12-22 05:34:29,0,1,2,0.0,3421.6,0,0.0,0.0,24.7,0,
2017-12-22 05:34:51,0,1,2,0.4,3500.1,39998.4,266.7,929.4,24.8,0,
2017-12-22 05:34:54,0,1,2,0.4,3504.1,39998.6,266.7,929.4,24.8,0,
2017-12-22 05:34:58,0,1,2,0.5,3508.1,39998.6,333.3,1163.2,24.8,0,
2017-12-22 05:35:01,0,1,2,0.5,3511.8,39998.5,333.3,1163.2,24.8,0,
2017-12-22 05:35:04,0,1,2,0.6,3515.6,39998.7,400.0,1397.5,24.8,0,
2017-12-22 05:35:07,0,1,2,0.6,3518.7,39998.0,400.0,1397.5,24.8,0,
2017-12-22 05:35:11,0,1,2,0.7,3521.8,39998.8,466.6,1632.2,24.8,0,
2017-12-22 05:35:14,0,1,2,0.7,3524.9,39998.5,466.6,1632.2,24.8,0,
2017-12-22 05:35:17,0,1,2,0.8,3527.5,39998.6,533.3,1867.3,24.8,0,
2017-12-22 05:35:20,0,1,2,0.8,3530.2,39998.6,533.3,1867.3,24.8,0,
2017-12-22 05:35:23,0,1,2,0.9,3532.5,39998.7,600.0,2102.6,24.8,0,
2017-12-22 05:35:27,0,1,2,0.9,3534.8,39998.6,600.0,2102.6,24.8,0,
2017-12-22 05:35:30,0,1,2,1.0,3536.8,39998.7,666.6,2338.3,24.8,0,
2017-12-22 05:35:33,0,1,2,1.0,3538.8,39998.3,666.6,2338.3,24.8,0,
2017-12-22 05:35:36,0,1,2,1.1,3540.3,39998.6,733.3,2574.2,24.9,0,
2017-12-22 05:35:39,0,1,2,1.1,3541.8,39998.5,733.3,2574.2,24.9,0,
2017-12-22 05:35:42,0,1,2,1.2,3543.5,39998.5,800.0,2810.3,24.9,0,
2017-12-22 05:35:45,0,1,2,1.2,3544.8,39998.7,800.0,2810.3,25.0,0,
2017-12-22 05:35:48,0,1,2,1.3,3546.2,39998.4,866.6,3046.7,25.0,0,
2017-12-22 05:35:51,0,1,2,1.4,3547.5,39998.5,933.3,3283.1,25.0,0,
2017-12-22 05:35:54,0,1,2,1.4,3548.8,39998.5,933.3,3283.1,24.9,0,
2017-12-22 05:35:58,0,1,2,1.5,3550.0,39998.5,999.9,3519.8,24.9,0,
2017-12-22 05:36:01,0,1,2,1.5,3551.1,39998.5,999.9,3519.8,24.9,0,
2017-12-22 05:36:04,0,1,2,1.6,3552.1,39998.0,1066.6,3756.6,24.9,0,
2017-12-22 05:36:07,0,1,2,1.6,3553.2,39998.3,1066.6,3756.6,24.9,0,
2017-12-22 05:36:10,0,1,2,1.7,3554.2,39997.8,1133.3,3993.4,24.9,0,
2017-12-22 05:36:13,0,1,2,1.7,3555.1,39998.1,1133.3,3993.4,24.9,0,
2017-12-22 05:36:17,0,1,2,1.8,3556.1,39998.2,1199.9,4230.5,24.9,0,
2017-12-22 05:36:20,0,1,2,1.8,3556.9,39998.0,1199.9,4230.5,24.9,0,
2017-12-22 05:36:23,0,1,2,1.9,3557.8,39998.2,1266.6,4467.6,24.9,0,
2017-12-22 05:36:26,0,1,2,1.9,3558.6,39998.3,1266.6,4467.6,25.0,0,
2017-12-22 05:36:29,0,1,2,2.0,3559.6,39998.2,1333.2,4704.9,24.9,0,
2017-12-22 05:36:32,0,1,2,2.0,3560.5,39998.0,1333.2,4704.9,24.9,0,
2017-12-22 05:36:35,0,1,2,2.1,3561.2,39997.7,1399.9,4942.2,24.9,0,
2017-12-22 05:36:39,0,1,2,2.1,3562.1,39997.9,1399.9,4942.2,24.9,0,
2017-12-22 05:36:42,0,1,2,2.2,3563.0,39997.7,1466.6,5179.7,24.9,0,
2017-12-22 05:36:45,0,1,2,2.2,3563.9,39997.8,1466.6,5179.7,24.9,0,
2017-12-22 05:36:48,0,1,2,2.3,3564.8,39997.5,1533.2,5417.3,24.9,0,
2017-12-22 05:36:52,0,1,2,2.4,3565.5,39997.7,1599.9,5654.9,24.9,0,
2017-12-22 05:36:55,0,1,2,2.4,3566.3,39997.8,1599.9,5654.9,24.9,0,
2017-12-22 05:36:58,0,1,2,2.5,3567.2,39997.5,1666.5,5892.7,24.9,0,
2017-12-22 05:37:01,0,1,2,2.5,3568.1,39997.5,1666.5,5892.7,24.9,0,
2017-12-22 05:37:04,0,1,2,2.6,3568.7,39997.3,1733.2,6130.6,24.8,0,
2017-12-22 05:37:07,0,1,2,2.6,3569.6,39997.6,1733.2,6130.6,24.8,0,
2017-12-22 05:37:10,0,1,2,2.7,3570.5,40000.6,1799.9,6368.6,24.8,0,
2017-12-22 05:37:13,0,1,2,2.7,3571.2,40000.7,1799.9,6368.6,24.8,0,
2017-12-22 05:37:17,0,1,2,2.8,3571.9,40001.0,1866.5,6606.7,24.8,0,
2017-12-22 05:37:20,0,1,2,2.8,3572.7,40000.5,1866.5,6606.7,24.8,0,
2017-12-22 05:37:23,0,1,2,2.9,3573.6,40001.0,1933.2,6845.0,24.8,0,
2017-12-22 05:37:26,0,1,2,2.9,3574.4,40000.6,1933.2,6845.0,24.8,0,
2017-12-22 05:37:29,0,1,2,3.0,3575.2,40000.0,1999.9,7083.3,24.8,0,
2017-12-22 05:37:32,0,1,2,3.0,3576.0,40000.3,1999.9,7083.3,24.7,0,
2017-12-22 05:37:35,0,1,2,3.1,3576.8,40000.5,2066.5,7321.7,24.8,0,
2017-12-22 05:37:38,0,1,2,3.1,3577.6,40000.5,2066.5,7321.7,24.7,0,
2017-12-22 05:37:41,0,1,2,3.2,3578.5,40000.5,2133.2,7560.3,24.7,0,
2017-12-22 05:37:44,0,1,2,3.2,3579.3,40000.3,2133.2,7560.3,24.7,0,
2017-12-22 05:37:47,0,1,2,3.3,3580.1,40000.5,2199.9,7798.9,24.7,0,
2017-12-22 05:37:51,0,1,2,3.3,3581.0,40000.5,2199.9,7798.9,24.7,0,
2017-12-22 05:37:54,0,1,2,3.4,3581.9,40000.4,2266.5,8037.7,24.7,0,
2017-12-22 05:37:57,0,1,2,3.4,3582.7,40000.4,2266.5,8037.7,24.7,0,
2017-12-22 05:38:00,0,1,2,3.5,3583.3,40000.3,2333.2,8276.5,24.6,0,
2017-12-22 05:38:03,0,1,2,3.5,3584.2,40000.0,2333.2,8276.5,24.6,0,
2017-12-22 05:38:06,0,1,2,3.6,3585.1,40000.3,2399.9,8515.5,24.6,0,
2017-12-22 05:38:09,0,1,2,3.6,3585.9,40000.2,2399.9,8515.5,24.6,0,
2017-12-22 05:38:12,0,1,2,3.7,3586.7,40000.2,2466.5,8754.6,24.6,0,
2017-12-22 05:38:15,0,1,2,3.7,3587.6,40000.3,2466.5,8754.6,24.6,0,
2017-12-22 05:38:18,0,1,2,3.8,3588.4,40000.2,2533.2,8993.7,24.6,0,
2017-12-22 05:38:21,0,1,2,3.9,3589.2,40000.3,2599.9,9233.0,24.6,0,
2017-12-22 05:38:24,0,1,2,3.9,3590.1,40000.2,2599.9,9233.0,24.6,0,
2017-12-22 05:38:27,0,1,2,4.0,3590.8,40000.0,2666.5,9472.4,24.6,0,
2017-12-22 05:38:30,0,1,2,4.0,3591.5,40000.0,2666.5,9472.4,24.6,0,
2017-12-22 05:38:33,0,1,2,4.1,3592.5,40000.3,2733.2,9711.9,24.6,0,
2017-12-22 05:38:36,0,1,2,4.1,3593.3,40000.0,2733.2,9711.9,24.6,0,
2017-12-22 05:38:40,0,1,2,4.2,3594.1,40000.2,2799.9,9951.5,24.6,0,
2017-12-22 05:38:43,0,1,2,4.2,3594.9,40000.0,2799.9,9951.5,24.6,0,
2017-12-22 05:38:46,0,1,2,4.3,3595.9,39999.9,2866.5,10191.2,24.7,0,
2017-12-22 05:38:49,0,1,2,4.3,3596.7,40000.0,2866.5,10191.2,24.7,0,
2017-12-22 05:38:52,0,1,2,4.4,3597.5,40000.0,2933.2,10431.1,24.7,0,
2017-12-22 05:38:55,0,1,2,4.4,3598.4,40000.2,2933.2,10431.1,24.7,0,
2017-12-22 05:38:58,0,1,2,4.5,3599.2,40000.2,2999.9,10671.0,24.6,0,
2017-12-22 05:39:01,0,1,2,4.5,3600.1,39999.9,2999.9,10671.0,24.6,0,
2017-12-22 05:39:04,0,1,2,4.6,3600.8,39999.9,3066.5,10911.0,24.6,0,
2017-12-22 05:39:08,0,1,2,4.6,3601.6,40000.0,3066.5,10911.0,24.6,0,
2017-12-22 05:39:11,0,1,2,4.7,3602.6,40000.0,3133.2,11151.2,24.6,0,
2017-12-22 05:39:14,0,1,2,4.7,3603.5,39999.6,3133.2,11151.2,24.7,0,
2017-12-22 05:39:17,0,1,2,4.8,3604.2,39999.8,3199.9,11391.4,24.7,0,
2017-12-22 05:39:20,0,1,2,4.8,3605.1,39999.5,3199.9,11391.4,24.7,0,
2017-12-22 05:39:23,0,1,2,4.9,3605.8,40000.0,3266.5,11631.8,24.6,0,
2017-12-22 05:39:27,0,1,2,4.9,3606.8,39999.9,3266.5,11631.8,24.7,0,
2017-12-22 05:39:30,0,1,2,5.0,3607.8,40000.0,3333.2,11872.2,24.7,0,
2017-12-22 05:39:33,0,1,2,5.0,3608.6,39999.9,3333.2,11872.2,24.7,0,
2017-12-22 05:39:36,0,1,2,5.1,3609.3,40000.0,3399.9,12112.8,24.7,0,
2017-12-22 05:39:39,0,1,2,5.1,3610.1,39999.9,3399.9,12112.8,24.7,0,
2017-12-22 05:39:42,0,1,2,5.2,3611.0,39999.7,3466.5,12353.5,24.7,0,
2017-12-22 05:39:45,0,1,2,5.2,3611.9,39999.9,3466.5,12353.5,24.7,0,
2017-12-22 05:39:48,0,1,2,5.3,3612.6,39999.6,3533.2,12594.3,24.7,0,
2017-12-22 05:39:51,0,1,2,5.3,3613.3,39999.5,3533.2,12594.3,24.7,0,
2017-12-22 05:39:54,0,1,2,5.4,3614.0,39999.9,3599.9,12835.2,24.7,0,
2017-12-22 05:39:58,0,1,2,5.5,3615.1,39999.9,3666.5,13076.2,24.7,0,
2017-12-22 05:40:01,0,1,2,5.5,3615.7,39999.7,3666.5,13076.2,24.7,0,
2017-12-22 05:40:04,0,1,2,5.6,3616.6,39999.7,3733.2,13317.3,24.7,0,
2017-12-22 05:40:07,0,1,2,5.6,3617.5,39999.7,3733.2,13317.3,24.7,0,
2017-12-22 05:40:10,0,1,2,5.7,3618.2,39999.6,3799.9,13558.5,24.7,0,
2017-12-22 05:40:13,0,1,2,5.7,3618.8,39999.2,3799.9,13558.5,24.7,0,
2017-12-22 05:40:16,0,1,2,5.8,3619.6,39999.7,3866.5,13799.8,24.7,0,
2017-12-22 05:40:19,0,1,2,5.8,3620.4,39999.7,3866.5,13799.8,24.7,0,
2017-12-22 05:40:22,0,1,2,5.9,3621.2,40000.0,3933.2,14041.2,24.8,0,
2017-12-22 05:40:25,0,1,2,5.9,3622.1,39999.7,3933.2,14041.2,24.7,0,
2017-12-22 05:40:28,0,1,2,6.0,3622.9,40000.0,3999.9,14282.7,24.8,0,
2017-12-22 05:40:32,0,1,2,6.0,3623.6,39999.8,3999.9,14282.7,24.8,0,
2017-12-22 05:40:35,0,1,2,6.1,3624.5,40000.0,4066.5,14524.3,24.8,0,
2017-12-22 05:40:38,0,1,2,6.1,3625.0,39999.5,4066.5,14524.3,24.8,0,
2017-12-22 05:40:41,0,1,2,6.2,3625.9,40000.0,4133.2,14766.0,24.8,0,
2017-12-22 05:40:44,0,1,2,6.2,3626.7,39999.8,4133.2,14766.0,24.8,0,
2017-12-22 05:40:47,0,1,2,6.3,3627.5,39999.7,4199.9,15007.8,24.7,0,
2017-12-22 05:40:51,0,1,2,6.3,3628.2,39999.7,4199.9,15007.8,24.7,0,
2017-12-22 05:40:54,0,1,2,6.4,3629.0,39999.7,4266.5,15249.6,24.8,0,
2017-12-22 05:40:57,0,1,2,6.4,3629.7,40000.0,4266.5,15249.6,24.8,0,
2017-12-22 05:41:00,0,1,2,6.5,3630.4,39999.7,4333.2,15491.6,24.7,0,
2017-12-22 05:41:03,0,1,2,6.5,3631.1,39999.5,4333.2,15491.6,24.7,0,
2017-12-22 05:41:06,0,1,2,6.6,3631.9,39999.7,4399.9,15733.7,24.8,0,
2017-12-22 05:41:09,0,1,2,6.7,3632.7,39999.7,4466.5,15975.9,24.7,0,
2017-12-22 05:41:13,0,1,2,6.7,3633.3,39999.6,4466.5,15975.9,24.8,0,
2017-12-22 05:41:16,0,1,2,6.8,3634.1,39999.5,4533.2,16218.2,24.8,0,
2017-12-22 05:41:19,0,1,2,6.8,3634.7,39999.6,4533.2,16218.2,24.8,0,
2017-12-22 05:41:22,0,1,2,6.9,3635.5,39999.7,4599.9,16460.5,24.8,0,
2017-12-22 05:41:25,0,1,2,6.9,3636.1,39999.7,4599.9,16460.5,24.8,0,
2017-12-22 05:41:28,0,1,2,7.0,3636.8,40000.0,4666.5,16703.0,24.8,0,
2017-12-22 05:41:31,0,1,2,7.0,3637.7,39999.6,4666.5,16703.0,24.7,0,
2017-12-22 05:41:34,0,1,2,7.1,3638.3,39999.7,4733.2,16945.5,24.7,0,
2017-12-22 05:41:38,0,1,2,7.1,3639.1,39999.5,4733.2,16945.5,24.7,0,
2017-12-22 05:41:41,0,1,2,7.2,3639.8,39999.5,4799.9,17188.1,24.8,0,
2017-12-22 05:41:44,0,1,2,7.2,3640.4,39999.7,4799.9,17188.1,24.8,0,
2017-12-22 05:41:47,0,1,2,7.3,3641.0,39999.5,4866.5,17430.9,24.8,0,
2017-12-22 05:41:50,0,1,2,7.3,3641.8,39999.5,4866.5,17430.9,24.8,0,
2017-12-22 05:41:53,0,1,2,7.4,3642.5,39999.6,4933.2,17673.7,24.8,0,
2017-12-22 05:41:57,0,1,2,7.4,3643.1,39999.4,4933.2,17673.7,24.8,0,
2017-12-22 05:42:00,0,1,2,7.5,3643.9,39999.4,4999.9,17916.6,24.7,0,
2017-12-22 05:42:03,0,1,2,7.5,3644.6,39999.5,4999.9,17916.6,24.7,0,
2017-12-22 05:42:06,0,1,2,7.6,3645.3,39999.5,5066.5,18159.5,24.7,0,
2017-12-22 05:42:09,0,1,2,7.7,3645.8,39999.2,5133.2,18402.6,24.8,0,
2017-12-22 05:42:13,0,1,2,7.7,3646.7,39999.4,5133.2,18402.6,24.8,0,
2017-12-22 05:42:16,0,1,2,7.8,3647.2,39999.0,5199.8,18645.7,24.8,0,
2017-12-22 05:42:19,0,1,2,7.8,3647.8,39999.2,5199.8,18645.7,24.8,0,
2017-12-22 05:42:22,0,1,2,7.9,3648.6,39999.5,5266.5,18888.9,24.8,0,
2017-12-22 05:42:25,0,1,2,7.9,3649.3,39999.5,5266.5,18888.9,24.8,0,
2017-12-22 05:42:28,0,1,2,8.0,3649.9,39999.5,5333.2,19132.3,24.8,0,
2017-12-22 05:42:31,0,1,2,8.0,3650.4,39999.3,5333.2,19132.3,24.8,0,
2017-12-22 05:42:34,0,1,2,8.1,3651.2,39999.2,5399.8,19375.6,24.8,0,
2017-12-22 05:42:37,0,1,2,8.1,3651.7,39999.5,5399.8,19375.6,24.8,0,
2017-12-22 05:42:41,0,1,2,8.2,3652.4,39999.5,5466.5,19619.1,24.8,0,
2017-12-22 05:42:44,0,1,2,8.2,3653.0,39999.3,5466.5,19619.1,24.8,0,
2017-12-22 05:42:47,0,1,2,8.3,3653.6,39999.3,5533.2,19862.7,24.8,0,
2017-12-22 05:42:50,0,1,2,8.3,3654.3,39999.5,5533.2,19862.7,24.8,0,
2017-12-22 05:42:53,0,1,2,8.4,3655.0,39999.2,5599.8,20106.3,24.8,0,
2017-12-22 05:42:56,0,1,2,8.4,3655.7,39999.3,5599.8,20106.3,24.8,0,
2017-12-22 05:43:00,0,1,2,8.5,3656.2,39999.3,5666.5,20350.0,24.8,0,
2017-12-22 05:43:03,0,1,2,8.5,3656.8,39999.5,5666.5,20350.0,24.8,0,
2017-12-22 05:43:06,0,1,2,8.6,3657.5,39999.4,5733.2,20593.8,24.8,0,
2017-12-22 05:43:09,0,1,2,8.6,3658.2,39999.3,5733.2,20593.8,24.8,0,
2017-12-22 05:43:12,0,1,2,8.7,3658.7,39999.2,5799.8,20837.7,24.8,0,
2017-12-22 05:43:16,0,1,2,8.8,3659.4,39999.3,5866.5,21081.6,24.7,0,
2017-12-22 05:43:19,0,1,2,8.8,3659.8,39999.1,5866.5,21081.6,24.8,0,
2017-12-22 05:43:22,0,1,2,8.9,3660.7,39999.3,5933.2,21325.7,24.7,0,
2017-12-22 05:43:25,0,1,2,8.9,3661.1,39999.2,5933.2,21325.7,24.7,0,
2017-12-22 05:43:28,0,1,2,9.0,3661.7,39999.3,5999.8,21569.7,24.7,0,
2017-12-22 05:43:31,0,1,2,9.0,3662.2,39999.3,5999.8,21569.7,24.7,0,
2017-12-22 05:43:34,0,1,2,9.1,3662.9,39999.4,6066.5,21813.9,24.6,0,
2017-12-22 05:43:37,0,1,2,9.1,3663.5,39999.5,6066.5,21813.9,24.6,0,
2017-12-22 05:43:40,0,1,2,9.2,3663.9,39999.2,6133.2,22058.2,24.6,0,
2017-12-22 05:43:43,0,1,2,9.2,3664.5,39999.3,6133.2,22058.2,24.7,0,
2017-12-22 05:43:46,0,1,2,9.3,3665.1,39999.4,6199.8,22302.5,24.7,0,
2017-12-22 05:43:49,0,1,2,9.3,3665.7,39999.7,6199.8,22302.5,24.7,0,
2017-12-22 05:43:53,0,1,2,9.4,3666.3,39999.5,6266.5,22546.9,24.7,0,
2017-12-22 05:43:56,0,1,2,9.4,3666.9,39999.2,6266.5,22546.9,24.7,0,
2017-12-22 05:43:59,0,1,2,9.5,3667.3,39999.2,6333.1,22791.4,24.7,0,
2017-12-22 05:44:02,0,1,2,9.5,3668.0,39999.3,6333.1,22791.4,24.7,0,
2017-12-22 05:44:05,0,1,2,9.6,3668.5,39999.4,6399.8,23035.9,24.7,0,
2017-12-22 05:44:08,0,1,2,9.6,3669.0,39999.0,6399.8,23035.9,24.6,0,
2017-12-22 05:44:11,0,1,2,9.7,3669.4,39999.4,6466.5,23280.5,24.6,0,
2017-12-22 05:44:14,0,1,2,9.7,3670.1,39998.7,6466.5,23280.5,24.6,0,
2017-12-22 05:44:17,0,1,2,9.8,3670.5,39999.5,6533.1,23525.2,24.6,0,
2017-12-22 05:44:20,0,1,2,9.8,3671.2,39999.5,6533.1,23525.2,24.6,0,
2017-12-22 05:44:24,0,1,2,9.9,3671.6,39999.5,6599.8,23769.9,24.6,0,
2017-12-22 05:44:27,0,1,2,9.9,3672.2,39999.0,6599.8,23769.9,24.6,0,
2017-12-22 05:44:30,0,1,2,10.0,3672.7,39999.2,6666.5,24014.7,24.6,0,
2017-12-22 05:44:33,0,1,2,10.0,3673.1,39999.2,6666.5,24014.7,24.6,0,
2017-12-22 05:44:36,0,1,2,10.1,3673.7,39999.2,6733.1,24259.6,24.6,0,
2017-12-22 05:44:40,0,1,2,10.2,3674.3,39999.4,6799.8,24504.6,24.6,0,
2017-12-22 05:44:43,0,1,2,10.2,3674.8,39999.2,6799.8,24504.6,24.6,0,
2017-12-22 05:44:46,0,1,2,10.3,3675.3,39999.3,6866.5,24749.6,24.6,0,
2017-12-22 05:44:49,0,1,2,10.3,3675.8,39999.5,6866.5,24749.6,24.7,0,
2017-12-22 05:44:52,0,1,2,10.4,3676.4,39999.6,6933.1,24994.6,24.7,0,
2017-12-22 05:44:55,0,1,2,10.4,3676.7,39998.8,6933.1,24994.6,24.7,0,
2017-12-22 05:44:58,0,1,2,10.5,3677.2,39999.2,6999.8,25239.8,24.7,0,
2017-12-22 05:45:02,0,1,2,10.5,3677.7,39998.8,6999.8,25239.8,24.7,0,
2017-12-22 05:45:05,0,1,2,10.6,3678.2,39999.4,7066.5,25485.0,24.6,0,
2017-12-22 05:45:08,0,1,2,10.6,3678.7,39999.7,7066.5,25485.0,24.7,0,
2017-12-22 05:45:11,0,1,2,10.7,3679.3,39999.3,7133.1,25730.2,24.7,0,
2017-12-22 05:45:15,0,1,2,10.7,3679.7,39999.5,7133.1,25730.2,24.7,0,
2017-12-22 05:45:18,0,1,2,10.8,3680.1,39999.2,7199.8,25975.5,24.6,0,
2017-12-22 05:45:21,0,1,2,10.8,3680.5,39999.5,7199.8,25975.5,24.6,0,
2017-12-22 05:45:24,0,1,2,10.9,3681.0,39999.2,7266.4,26220.9,24.6,0,
2017-12-22 05:45:27,0,1,2,10.9,3681.4,39999.5,7266.4,26220.9,24.6,0,
2017-12-22 05:45:30,0,1,2,11.0,3681.8,39999.2,7333.1,26466.3,24.6,0,
2017-12-22 05:45:33,0,1,2,11.0,3682.3,39999.3,7333.1,26466.3,24.6,0,
2017-12-22 05:45:36,0,1,2,11.1,3682.7,39999.3,7399.8,26711.8,24.6,0,
2017-12-22 05:45:39,0,1,2,11.1,3683.2,39999.2,7399.8,26711.8,24.6,0,
2017-12-22 05:45:42,0,1,2,11.2,3683.6,39999.3,7466.4,26957.3,24.6,0,
2017-12-22 05:45:45,0,1,2,11.3,3684.0,39999.3,7533.1,27202.9,24.6,0,
2017-12-22 05:45:49,0,1,2,11.3,3684.3,39999.1,7533.1,27202.9,24.6,0,
2017-12-22 05:45:52,0,1,2,11.4,3684.9,39999.3,7599.8,27448.5,24.7,0,
2017-12-22 05:45:55,0,1,2,11.4,3685.2,39999.3,7599.8,27448.5,24.7,0,
2017-12-22 05:45:58,0,1,2,11.5,3685.6,39999.5,7666.4,27694.2,24.7,0,
2017-12-22 05:46:01,0,1,2,11.5,3686.0,39999.3,7666.4,27694.2,24.7,0,
2017-12-22 05:46:04,0,1,2,11.6,3686.3,39998.7,7733.1,27939.9,24.7,0,
2017-12-22 05:46:07,0,1,2,11.6,3686.8,39999.0,7733.1,27939.9,24.6,0,
2017-12-22 05:46:10,0,1,2,11.7,3687.1,39999.4,7799.8,28185.7,24.7,0,
2017-12-22 05:46:13,0,1,2,11.7,3687.5,39999.5,7799.8,28185.7,24.6,0,
2017-12-22 05:46:16,0,1,2,11.8,3687.9,39999.2,7866.4,28431.6,24.6,0,
2017-12-22 05:46:19,0,1,2,11.8,3688.3,39999.5,7866.4,28431.6,24.7,0,
2017-12-22 05:46:22,0,1,2,11.9,3688.7,39999.3,7933.1,28677.5,24.6,0,
2017-12-22 05:46:25,0,1,2,11.9,3689.0,39999.7,7933.1,28677.5,24.6,0,
2017-12-22 05:46:28,0,1,2,12.0,3689.5,39999.1,7999.8,28923.5,24.6,0,
2017-12-22 05:46:32,0,1,2,12.0,3689.9,39999.7,7999.8,28923.5,24.6,0,
2017-12-22 05:46:35,0,1,2,12.1,3690.3,39999.2,8066.4,29169.4,24.6,0,
2017-12-22 05:46:38,0,1,2,12.1,3690.6,39999.2,8066.4,29169.4,24.6,0,
2017-12-22 05:46:41,0,1,2,12.2,3690.9,39999.3,8133.1,29415.5,24.6,0,
2017-12-22 05:46:44,0,1,2,12.2,3691.3,39999.4,8133.1,29415.5,24.6,0,
2017-12-22 05:46:47,0,1,2,12.3,3691.8,39998.7,8199.7,29661.6,24.6,0,
2017-12-22 05:46:50,0,1,2,12.3,3692.0,39999.3,8199.7,29661.6,24.6,0,
2017-12-22 05:46:53,0,1,2,12.4,3692.4,39999.3,8266.4,29907.7,24.6,0,
2017-12-22 05:46:56,0,1,2,12.4,3692.8,39999.3,8266.4,29907.7,24.6,0,
2017-12-22 05:46:59,0,1,2,12.5,3693.2,39998.7,8333.1,30153.9,24.6,0,
2017-12-22 05:47:03,0,1,2,12.5,3693.5,39998.8,8333.1,30153.9,24.6,0,
2017-12-22 05:47:06,0,1,2,12.6,3693.8,39999.2,8399.7,30400.1,24.6,0,
2017-12-22 05:47:09,0,1,2,12.6,3694.1,39999.3,8399.7,30400.1,24.6,0,
2017-12-22 05:47:12,0,1,2,12.7,3694.6,39999.2,8466.4,30646.4,24.6,0,
2017-12-22 05:47:15,0,1,2,12.7,3695.0,39999.3,8466.4,30646.4,24.6,0,
2017-12-22 05:47:18,0,1,2,12.8,3695.3,39999.2,8533.1,30892.7,24.6,0,
2017-12-22 05:47:21,0,1,2,12.8,3695.6,39998.7,8533.1,30892.7,24.6,0,
2017-12-22 05:47:24,0,1,2,12.9,3696.1,39999.3,8599.7,31139.1,24.6,0,
2017-12-22 05:47:27,0,1,2,13.0,3696.3,39999.0,8666.4,31385.5,24.7,0,
2017-12-22 05:47:30,0,1,2,13.0,3696.6,39999.2,8666.4,31385.5,24.7,0,
2017-12-22 05:47:33,0,1,2,13.1,3697.1,39999.3,8733.1,31631.9,24.7,0,
2017-12-22 05:47:36,0,1,2,13.1,3697.4,39999.0,8733.1,31631.9,24.7,0,
2017-12-22 05:47:39,0,1,2,13.2,3697.6,39999.0,8799.7,31878.4,24.7,0,
2017-12-22 05:47:43,0,1,2,13.2,3698.1,39999.0,8799.7,31878.4,24.7,0,
2017-12-22 05:47:46,0,1,2,13.3,3698.4,39999.2,8866.4,32125.0,24.6,0,
2017-12-22 05:47:49,0,1,2,13.3,3698.8,39999.2,8866.4,32125.0,24.6,0,
2017-12-22 05:47:52,0,1,2,13.4,3699.1,39999.3,8933.0,32371.6,24.6,0,
2017-12-22 05:47:55,0,1,2,13.4,3699.4,39999.3,8933.0,32371.6,24.7,0,
2017-12-22 05:47:58,0,1,2,13.5,3699.8,39999.5,8999.7,32618.2,24.7,0,
2017-12-22 05:48:01,0,1,2,13.5,3700.2,39999.2,8999.7,32618.2,24.7,0,
2017-12-22 05:48:04,0,1,2,13.6,3700.5,39999.5,9066.4,32864.9,24.7,0,
2017-12-22 05:48:07,0,1,2,13.6,3700.8,39999.3,9066.4,32864.9,24.7,0,
2017-12-22 05:48:10,0,1,2,13.7,3701.1,39998.7,9133.0,33111.6,24.7,0,
2017-12-22 05:48:13,0,1,2,13.7,3701.4,39999.0,9133.0,33111.6,24.7,0,
2017-12-22 05:48:16,0,1,2,13.8,3701.8,39999.1,9199.7,33358.4,24.7,0,
2017-12-22 05:48:19,0,1,2,13.8,3702.2,39999.2,9199.7,33358.4,24.7,0,
2017-12-22 05:48:22,0,1,2,13.9,3702.5,39999.0,9266.4,33605.2,24.7,0,
2017-12-22 05:48:26,0,1,2,13.9,3702.7,39999.1,9266.4,33605.2,24.7,0,
2017-12-22 05:48:29,0,1,2,14.0,3703.2,39999.2,9333.0,33852.0,24.7,0,
2017-12-22 05:48:32,0,1,2,14.0,3703.5,39999.2,9333.0,33852.0,24.7,0,
2017-12-22 05:48:35,0,1,2,14.1,3703.8,39998.9,9399.7,34098.9,24.7,0,
2017-12-22 05:48:38,0,1,2,14.1,3704.1,39999.0,9399.7,34098.9,24.7,0,
2017-12-22 05:48:41,0,1,2,14.2,3704.5,39999.2,9466.3,34345.9,24.7,0,
2017-12-22 05:48:44,0,1,2,14.2,3704.9,39998.8,9466.3,34345.9,24.7,0,
2017-12-22 05:48:47,0,1,2,14.3,3705.1,39999.0,9533.0,34592.9,24.7,0,
2017-12-22 05:48:50,0,1,2,14.3,3705.5,39999.0,9533.0,34592.9,24.7,0,
2017-12-22 05:48:53,0,1,2,14.4,3705.9,39999.2,9599.7,34839.9,24.7,0,
2017-12-22 05:48:57,0,1,2,14.4,3706.3,39999.2,9599.7,34839.9,24.7,0,
2017-12-22 05:49:00,0,1,2,14.5,3706.6,39999.1,9666.3,35087.0,24.7,0,
2017-12-22 05:49:03,0,1,2,14.5,3707.0,39999.0,9666.3,35087.0,24.7,0,
2017-12-22 05:49:06,0,1,2,14.6,3707.2,39999.1,9733.0,35334.1,24.7,0,
2017-12-22 05:49:09,0,1,2,14.7,3707.7,39999.1,9799.7,35581.3,24.7,0,
2017-12-22 05:49:12,0,1,2,14.7,3708.0,39999.1,9799.7,35581.3,24.7,0,
2017-12-22 05:49:15,0,1,2,14.8,3708.3,39999.2,9866.3,35828.5,24.7,0,
2017-12-22 05:49:19,0,1,2,14.8,3708.6,39999.0,9866.3,35828.5,24.7,0,
2017-12-22 05:49:22,0,1,2,14.9,3708.9,39999.0,9933.0,36075.7,24.7,0,
2017-12-22 05:49:25,0,1,2,14.9,3709.2,39999.2,9933.0,36075.7,24.7,0,
2017-12-22 05:49:28,0,1,2,15.0,3709.5,39999.2,9999.7,36323.0,24.7,0,
2017-12-22 05:49:31,0,1,2,15.0,3710.0,39999.3,9999.7,36323.0,24.6,0,
2017-12-22 05:49:34,0,1,2,15.1,3710.4,39999.1,10066.3,36570.4,24.6,0,
2017-12-22 05:49:37,0,1,2,15.1,3710.6,39999.0,10066.3,36570.4,24.6,0,
2017-12-22 05:49:40,0,1,2,15.2,3711.0,39999.2,10133.0,36817.7,24.6,0,
2017-12-22 05:49:43,0,1,2,15.2,3711.2,39998.8,10133.0,36817.7,24.6,0,
2017-12-22 05:49:47,0,1,2,15.3,3711.7,39999.0,10199.6,37065.2,24.6,0,
2017-12-22 05:49:50,0,1,2,15.3,3712.0,39999.0,10199.6,37065.2,24.6,0,
2017-12-22 05:49:53,0,1,2,15.4,3712.4,39999.0,10266.3,37312.6,24.6,0,
2017-12-22 05:49:56,0,1,2,15.4,3712.6,39999.0,10266.3,37312.6,24.6,0,
2017-12-22 05:49:59,0,1,2,15.5,3713.0,39998.7,10333.0,37560.1,24.6,0,
2017-12-22 05:50:02,0,1,2,15.5,3713.3,39999.2,10333.0,37560.1,24.6,0,
2017-12-22 05:50:05,0,1,2,15.6,3713.6,39998.3,10399.6,37807.7,24.6,0,
2017-12-22 05:50:08,0,1,2,15.6,3713.9,39998.7,10399.6,37807.7,24.6,0,
2017-12-22 05:50:11,0,1,2,15.7,3714.4,39999.0,10466.3,38055.3,24.6,0,
2017-12-22 05:50:14,0,1,2,15.7,3714.6,39999.0,10466.3,38055.3,24.6,0,
2017-12-22 05:50:17,0,1,2,15.8,3715.0,39999.0,10533.0,38302.9,24.6,0,
2017-12-22 05:50:21,0,1,2,15.8,3715.3,39998.7,10533.0,38302.9,24.6,0,
2017-12-22 05:50:24,0,1,2,15.9,3715.8,39999.0,10599.6,38550.6,24.6,0,
2017-12-22 05:50:27,0,1,2,15.9,3716.1,39998.8,10599.6,38550.6,24.6,0,
2017-12-22 05:50:30,0,1,2,16.0,3716.5,39998.8,10666.3,38798.3,24.6,0,
2017-12-22 05:50:33,0,1,2,16.0,3716.8,39998.7,10666.3,38798.3,24.7,0,
2017-12-22 05:50:37,0,1,2,16.1,3717.1,39998.7,10733.0,39046.1,24.6,0,
2017-12-22 05:50:40,0,1,2,16.2,3717.5,39999.1,10799.6,39293.9,24.6,0,
2017-12-22 05:50:43,0,1,2,16.2,3717.9,39999.0,10799.6,39293.9,24.6,0,
2017-12-22 05:50:46,0,1,2,16.3,3718.1,39999.0,10866.3,39541.8,24.6,0,
2017-12-22 05:50:49,0,1,2,16.3,3718.6,39998.8,10866.3,39541.8,24.7,0,
2017-12-22 05:50:52,0,1,2,16.4,3718.8,39998.7,10932.9,39789.7,24.7,0,
2017-12-22 05:50:55,0,1,2,16.4,3719.2,39998.8,10932.9,39789.7,24.7,0,
2017-12-22 05:50:58,0,1,2,16.5,3719.6,39998.9,10999.6,40037.7,24.7,0,
2017-12-22 05:51:01,0,1,2,16.5,3719.8,39998.8,10999.6,40037.7,24.7,0,
2017-12-22 05:51:04,0,1,2,16.6,3720.2,39999.1,11066.3,40285.7,24.7,0,
2017-12-22 05:51:07,0,1,2,16.6,3720.6,39999.0,11066.3,40285.7,24.7,0,
2017-12-22 05:51:10,0,1,2,16.7,3721.0,39998.8,11132.9,40533.7,24.7,0,
2017-12-22 05:51:13,0,1,2,16.7,3721.3,39998.7,11132.9,40533.7,24.6,0,
2017-12-22 05:51:16,0,1,2,16.8,3721.7,39998.5,11199.6,40781.8,24.6,0,
2017-12-22 05:51:19,0,1,2,16.8,3722.0,39998.7,11199.6,40781.8,24.6,0,
2017-12-22 05:51:22,0,1,2,16.9,3722.4,39999.0,11266.3,41029.9,24.6,0,
2017-12-22 05:51:25,0,1,2,16.9,3722.7,39998.9,11266.3,41029.9,24.7,0,
2017-12-22 05:51:28,0,1,2,17.0,3723.1,39998.9,11332.9,41278.1,24.7,0,
2017-12-22 05:51:31,0,1,2,17.0,3723.3,39998.6,11332.9,41278.1,24.6,0,
2017-12-22 05:51:34,0,1,2,17.1,3723.7,39998.2,11399.6,41526.3,24.7,0,
2017-12-22 05:51:37,0,1,2,17.1,3724.0,39999.1,11399.6,41526.3,24.7,0,
2017-12-22 05:51:41,0,1,2,17.2,3724.4,39998.5,11466.2,41774.6,24.6,0,
2017-12-22 05:51:44,0,1,2,17.2,3724.8,39998.7,11466.2,41774.6,24.7,0,
2017-12-22 05:51:47,0,1,2,17.3,3725.3,39998.5,11532.9,42022.9,24.6,0,
2017-12-22 05:51:50,0,1,2,17.3,3725.6,39998.9,11532.9,42022.9,24.6,0,
2017-12-22 05:51:53,0,1,2,17.4,3726.0,39998.9,11599.6,42271.3,24.6,0,
2017-12-22 05:51:56,0,1,2,17.4,3726.4,39998.9,11599.6,42271.3,24.6,0,
2017-12-22 05:51:59,0,1,2,17.5,3726.8,39998.8,11666.2,42519.7,24.7,0,
2017-12-22 05:52:03,0,1,2,17.5,3727.1,39999.0,11666.2,42519.7,24.7,0,
2017-12-22 05:52:06,0,1,2,17.6,3727.5,39998.9,11732.9,42768.2,24.7,0,
2017-12-22 05:52:09,0,1,2,17.6,3727.8,39998.8,11732.9,42768.2,24.8,0,
2017-12-22 05:52:12,0,1,2,17.7,3728.1,39998.9,11799.6,43016.7,24.7,0,
2017-12-22 05:52:15,0,1,2,17.7,3728.6,39998.7,11799.6,43016.7,24.7,0,
2017-12-22 05:52:18,0,1,2,17.8,3728.9,39999.0,11866.2,43265.3,24.8,0,
2017-12-22 05:52:21,0,1,2,17.8,3729.3,39999.2,11866.2,43265.3,24.8,0,
2017-12-22 05:52:25,0,1,2,17.9,3729.8,39998.8,11932.9,43513.9,24.8,0,
2017-12-22 05:52:28,0,1,2,18.0,3730.1,39998.5,11999.6,43762.5,24.7,0,
2017-12-22 05:52:31,0,1,2,18.0,3730.6,39998.7,11999.6,43762.5,24.7,0,
2017-12-22 05:52:34,0,1,2,18.1,3730.8,39998.7,12066.2,44011.2,24.7,0,
2017-12-22 05:52:37,0,1,2,18.1,3731.1,39998.7,12066.2,44011.2,24.8,0,
2017-12-22 05:52:40,0,1,2,18.2,3731.6,39999.5,12132.9,44260.0,24.7,0,
2017-12-22 05:52:43,0,1,2,18.2,3732.0,39998.7,12132.9,44260.0,24.7,0,
2017-12-22 05:52:46,0,1,2,18.3,3732.4,39998.8,12199.5,44508.8,24.7,0,
2017-12-22 05:52:50,0,1,2,18.3,3732.8,39998.6,12199.5,44508.8,24.7,0,
2017-12-22 05:52:53,0,1,2,18.4,3733.2,39998.7,12266.2,44757.7,24.8,0,
2017-12-22 05:52:56,0,1,2,18.4,3733.6,39998.8,12266.2,44757.7,24.8,0,
2017-12-22 05:52:59,0,1,2,18.5,3734.0,39998.7,12332.9,45006.6,24.8,0,
2017-12-22 05:53:02,0,1,2,18.5,3734.3,39998.7,12332.9,45006.6,24.8,0,
2017-12-22 05:53:05,0,1,2,18.6,3734.9,39999.0,12399.5,45255.5,24.7,0,
2017-12-22 05:53:09,0,1,2,18.6,3735.2,39999.1,12399.5,45255.5,24.8,0,
2017-12-22 05:53:12,0,1,2,18.7,3735.7,39999.0,12466.2,45504.5,24.8,0,
2017-12-22 05:53:15,0,1,2,18.7,3736.0,39998.8,12466.2,45504.5,24.8,0,
2017-12-22 05:53:18,0,1,2,18.8,3736.3,39998.6,12532.9,45753.6,24.8,0,
2017-12-22 05:53:21,0,1,2,18.9,3736.9,39999.0,12599.5,46002.7,24.8,0,
2017-12-22 05:53:25,0,1,2,18.9,3737.2,39999.0,12599.5,46002.7,24.8,0,
2017-12-22 05:53:28,0,1,2,19.0,3737.7,39998.8,12666.2,46251.8,24.7,0,
2017-12-22 05:53:31,0,1,2,19.0,3738.0,39999.1,12666.2,46251.8,24.8,0,
2017-12-22 05:53:34,0,1,2,19.1,3738.6,39998.8,12732.8,46501.0,24.8,0,
2017-12-22 05:53:37,0,1,2,19.1,3738.8,39998.8,12732.8,46501.0,24.7,0,
2017-12-22 05:53:41,0,1,2,19.2,3739.3,39998.8,12799.5,46750.3,24.7,0,
2017-12-22 05:53:44,0,1,2,19.2,3739.8,39998.5,12799.5,46750.3,24.7,0,
2017-12-22 05:53:47,0,1,2,19.3,3740.2,39998.7,12866.2,46999.6,24.8,0,
2017-12-22 05:53:50,0,1,2,19.3,3740.6,39998.7,12866.2,46999.6,24.8,0,
2017-12-22 05:53:53,0,1,2,19.4,3741.1,39999.2,12932.8,47249.0,24.7,0,
2017-12-22 05:53:56,0,1,2,19.4,3741.4,39998.7,12932.8,47249.0,24.8,0,
2017-12-22 05:53:59,0,1,2,19.5,3741.8,39998.6,12999.5,47498.4,24.8,0,
2017-12-22 05:54:03,0,1,2,19.5,3742.3,39999.1,12999.5,47498.4,24.8,0,
2017-12-22 05:54:06,0,1,2,19.6,3742.6,39998.7,13066.2,47747.9,24.8,0,
2017-12-22 05:54:09,0,1,2,19.6,3743.1,39998.7,13066.2,47747.9,24.8,0,
2017-12-22 05:54:12,0,1,2,19.7,3743.6,39998.6,13132.8,47997.4,24.8,0,
2017-12-22 05:54:15,0,1,2,19.7,3743.8,39998.7,13132.8,47997.4,24.8,0,
2017-12-22 05:54:18,0,1,2,19.8,3744.3,39998.6,13199.5,48247.0,24.8,0,
2017-12-22 05:54:21,0,1,2,19.8,3744.7,39998.5,13199.5,48247.0,24.8,0,
2017-12-22 05:54:24,0,1,2,19.9,3745.2,39998.7,13266.1,48496.6,24.8,0,
2017-12-22 05:54:28,0,1,2,20.0,3745.7,39998.7,13332.8,48746.3,24.8,0,
2017-12-22 05:54:31,0,1,2,20.0,3746.1,39998.2,13332.8,48746.3,24.8,0,
2017-12-22 05:54:34,0,1,2,20.1,3746.6,39998.8,13399.5,48996.1,24.8,0,
2017-12-22 05:54:37,0,1,2,20.1,3747.0,39998.7,13399.5,48996.1,24.7,0,
2017-12-22 05:54:40,0,1,2,20.2,3747.5,39998.6,13466.1,49245.9,24.7,0,
2017-12-22 05:54:43,0,1,2,20.2,3747.8,39998.7,13466.1,49245.9,24.7,0,
2017-12-22 05:54:46,0,1,2,20.3,3748.3,39998.9,13532.8,49495.8,24.7,0,
2017-12-22 05:54:49,0,1,2,20.3,3748.8,39998.5,13532.8,49495.8,24.7,0,
2017-12-22 05:54:52,0,1,2,20.4,3749.1,39998.8,13599.4,49745.7,24.6,0,
2017-12-22 05:54:55,0,1,2,20.4,3749.7,39998.7,13599.4,49745.7,24.6,0,
2017-12-22 05:54:58,0,1,2,20.5,3750.0,39998.7,13666.1,49995.6,24.6,0,
2017-12-22 05:55:01,0,1,2,20.5,3750.4,39998.7,13666.1,49995.6,24.6,0,
2017-12-22 05:55:04,0,1,2,20.6,3750.9,39998.7,13732.8,50245.7,24.6,0,
2017-12-22 05:55:07,0,1,2,20.6,3751.5,39998.6,13732.8,50245.7,24.6,0,
2017-12-22 05:55:11,0,1,2,20.7,3751.9,39998.7,13799.4,50495.8,24.6,0,
2017-12-22 05:55:14,0,1,2,20.7,3752.4,39999.0,13799.4,50495.8,24.6,0,
2017-12-22 05:55:17,0,1,2,20.8,3752.7,39998.7,13866.1,50745.9,24.7,0,
2017-12-22 05:55:20,0,1,2,20.8,3753.1,39998.7,13866.1,50745.9,24.7,0,
2017-12-22 05:55:23,0,1,2,20.9,3753.7,39998.2,13932.8,50996.1,24.7,0,
2017-12-22 05:55:26,0,1,2,20.9,3754.2,39998.7,13932.8,50996.1,24.7,0,
2017-12-22 05:55:29,0,1,2,21.0,3754.6,39998.5,13999.4,51246.4,24.7,0,
2017-12-22 05:55:33,0,1,2,21.0,3755.2,39998.4,13999.4,51246.4,24.7,0,
2017-12-22 05:55:36,0,1,2,21.1,3755.6,39998.7,14066.1,51496.7,24.8,0,
2017-12-22 05:55:39,0,1,2,21.1,3756.2,39998.6,14066.1,51496.7,24.8,0,
2017-12-22 05:55:42,0,1,2,21.2,3756.6,39998.2,14132.7,51747.1,24.8,0,
2017-12-22 05:55:46,0,1,2,21.3,3757.0,39998.5,14199.4,51997.6,24.8,0,
2017-12-22 05:55:49,0,1,2,21.3,3757.6,39998.5,14199.4,51997.6,24.8,0,
2017-12-22 05:55:52,0,1,2,21.4,3758.0,39998.7,14266.1,52248.1,24.8,0,
2017-12-22 05:55:55,0,1,2,21.4,3758.5,39998.5,14266.1,52248.1,24.8,0,
2017-12-22 05:55:58,0,1,2,21.5,3759.0,39998.8,14332.7,52498.7,24.8,0,
2017-12-22 05:56:01,0,1,2,21.5,3759.3,39998.7,14332.7,52498.7,24.8,0,
2017-12-22 05:56:04,0,1,2,21.6,3760.0,39998.7,14399.4,52749.3,24.8,0,
2017-12-22 05:56:07,0,1,2,21.6,3760.4,39998.8,14399.4,52749.3,24.8,0,
2017-12-22 05:56:10,0,1,2,21.7,3760.8,39998.7,14466.1,53000.0,24.8,0,
2017-12-22 05:56:13,0,1,2,21.7,3761.4,39998.8,14466.1,53000.0,24.8,0,
2017-12-22 05:56:16,0,1,2,21.8,3761.8,39998.3,14532.7,53250.8,24.8,0,
2017-12-22 05:56:19,0,1,2,21.8,3762.3,39998.7,14532.7,53250.8,24.8,0,
2017-12-22 05:56:23,0,1,2,21.9,3762.9,39998.7,14599.4,53501.6,24.8,0,
2017-12-22 05:56:26,0,1,2,21.9,3763.3,39998.7,14599.4,53501.6,24.8,0,
2017-12-22 05:56:29,0,1,2,22.0,3763.9,39998.6,14666.0,53752.5,24.8,0,
2017-12-22 05:56:32,0,1,2,22.0,3764.3,39998.5,14666.0,53752.5,24.8,0,
2017-12-22 05:56:35,0,1,2,22.1,3764.9,39998.7,14732.7,54003.4,24.8,0,
2017-12-22 05:56:38,0,1,2,22.1,3765.3,39998.5,14732.7,54003.4,24.8,0,
2017-12-22 05:56:42,0,1,2,22.2,3765.9,39998.7,14799.4,54254.5,24.8,0,
2017-12-22 05:56:45,0,1,2,22.2,3766.4,39998.9,14799.4,54254.5,24.8,0,
2017-12-22 05:56:48,0,1,2,22.3,3767.0,39998.5,14866.0,54505.5,24.8,0,
2017-12-22 05:56:51,0,1,2,22.3,3767.5,39998.2,14866.0,54505.5,24.8,0,
2017-12-22 05:56:55,0,1,2,22.4,3768.1,39998.2,14932.7,54756.7,24.8,0,
2017-12-22 05:56:58,0,1,2,22.5,3768.4,39998.5,14999.4,55007.9,24.8,0,
2017-12-22 05:57:01,0,1,2,22.5,3769.1,39998.3,14999.4,55007.9,24.8,0,
2017-12-22 05:57:04,0,1,2,22.6,3769.5,39998.7,15066.0,55259.2,24.8,0,
2017-12-22 05:57:07,0,1,2,22.6,3770.2,39998.5,15066.0,55259.2,24.8,0,
2017-12-22 05:57:10,0,1,2,22.7,3770.6,39998.7,15132.7,55510.5,24.8,0,
2017-12-22 05:57:13,0,1,2,22.7,3771.3,39998.5,15132.7,55510.5,24.7,0,
2017-12-22 05:57:16,0,1,2,22.8,3771.8,39998.7,15199.3,55762.0,24.8,0,
2017-12-22 05:57:20,0,1,2,22.8,3772.3,39998.5,15199.3,55762.0,24.8,0,
2017-12-22 05:57:23,0,1,2,22.9,3772.8,39998.5,15266.0,56013.4,24.7,0,
2017-12-22 05:57:26,0,1,2,22.9,3773.3,39998.5,15266.0,56013.4,24.8,0,
2017-12-22 05:57:29,0,1,2,23.0,3773.9,39998.3,15332.7,56265.0,24.8,0,
2017-12-22 05:57:32,0,1,2,23.0,3774.5,39998.7,15332.7,56265.0,24.8,0,
2017-12-22 05:57:36,0,1,2,23.1,3775.1,39998.5,15399.3,56516.6,24.8,0,
2017-12-22 05:57:39,0,1,2,23.1,3775.6,39998.4,15399.3,56516.6,24.8,0,
2017-12-22 05:57:42,0,1,2,23.2,3776.2,39998.5,15466.0,56768.3,24.8,0,
2017-12-22 05:57:45,0,1,2,23.2,3776.7,39998.2,15466.0,56768.3,24.8,0,
2017-12-22 05:57:48,0,1,2,23.3,3777.3,39998.7,15532.6,57020.1,24.8,0,
2017-12-22 05:57:51,0,1,2,23.4,3777.8,39998.7,15599.3,57271.9,24.8,0,
2017-12-22 05:57:55,0,1,2,23.4,3778.5,39998.5,15599.3,57271.9,24.8,0,
2017-12-22 05:57:58,0,1,2,23.5,3778.9,39998.4,15666.0,57523.8,24.8,0,
2017-12-22 05:58:01,0,1,2,23.5,3779.5,39998.4,15666.0,57523.8,24.8,0,
2017-12-22 05:58:04,0,1,2,23.6,3780.1,39998.5,15732.6,57775.8,24.8,0,
2017-12-22 05:58:07,0,1,2,23.6,3780.7,39998.3,15732.6,57775.8,24.8,0,
2017-12-22 05:58:10,0,1,2,23.7,3781.3,39998.3,15799.3,58027.9,24.8,0,
2017-12-22 05:58:14,0,1,2,23.7,3781.9,39998.3,15799.3,58027.9,24.8,0,
2017-12-22 05:58:17,0,1,2,23.8,3782.4,39998.2,15866.0,58280.0,24.8,0,
2017-12-22 05:58:20,0,1,2,23.8,3783.1,39998.5,15866.0,58280.0,24.8,0,
2017-12-22 05:58:23,0,1,2,23.9,3783.6,39998.7,15932.6,58532.2,24.8,0,
2017-12-22 05:58:26,0,1,2,23.9,3784.3,39998.5,15932.6,58532.2,24.9,0,
2017-12-22 05:58:29,0,1,2,24.0,3784.8,39998.2,15999.3,58784.5,24.9,0,
2017-12-22 05:58:33,0,1,2,24.0,3785.3,39998.3,15999.3,58784.5,24.8,0,
2017-12-22 05:58:36,0,1,2,24.1,3786.0,39998.5,16065.9,59036.8,24.9,0,
2017-12-22 05:58:39,0,1,2,24.1,3786.5,39998.5,16065.9,59036.8,24.8,0,
2017-12-22 05:58:42,0,1,2,24.2,3787.2,39998.1,16132.6,59289.2,24.9,0,
2017-12-22 05:58:45,0,1,2,24.3,3787.8,39998.5,16199.3,59541.7,24.9,0,
2017-12-22 05:58:49,0,1,2,24.3,3788.5,39998.3,16199.3,59541.7,24.9,0,
2017-12-22 05:58:52,0,1,2,24.4,3788.9,39997.7,16265.9,59794.3,24.9,0,
2017-12-22 05:58:55,0,1,2,24.4,3789.6,39998.5,16265.9,59794.3,24.8,0,
2017-12-22 05:58:58,0,1,2,24.5,3790.4,39998.3,16332.6,60047.0,24.8,0,
2017-12-22 05:59:01,0,1,2,24.5,3790.9,39998.7,16332.6,60047.0,24.8,0,
2017-12-22 05:59:05,0,1,2,24.6,3791.5,39998.5,16399.2,60299.7,24.8,0,
2017-12-22 05:59:08,0,1,2,24.6,3792.2,39998.2,16399.2,60299.7,24.8,0,
2017-12-22 05:59:11,0,1,2,24.7,3792.7,39997.8,16465.9,60552.5,24.8,0,
2017-12-22 05:59:14,0,1,2,24.7,3793.4,39998.2,16465.9,60552.5,24.8,0,
2017-12-22 05:59:17,0,1,2,24.8,3793.9,39998.1,16532.6,60805.4,24.8,0,
2017-12-22 05:59:20,0,1,2,24.8,3794.5,39998.2,16532.6,60805.4,24.8,0,
2017-12-22 05:59:23,0,1,2,24.9,3795.2,39998.6,16599.2,61058.3,24.8,0,
2017-12-22 05:59:27,0,1,2,24.9,3795.9,39998.5,16599.2,61058.3,24.8,0,
2017-12-22 05:59:30,0,1,2,25.0,3796.4,39998.3,16665.9,61311.4,24.8,0,
2017-12-22 05:59:33,0,1,2,25.0,3797.0,39998.0,16665.9,61311.4,24.8,0,
2017-12-22 05:59:36,0,1,2,25.1,3797.6,39998.3,16732.6,61564.5,24.8,0,
2017-12-22 05:59:39,0,1,2,25.1,3798.4,39998.3,16732.6,61564.5,24.8,0,
2017-12-22 05:59:42,0,1,2,25.2,3799.0,39998.3,16799.2,61817.7,24.8,0,
2017-12-22 05:59:45,0,1,2,25.2,3799.5,39997.7,16799.2,61817.7,24.8,0,
2017-12-22 05:59:48,0,1,2,25.3,3800.3,39998.0,16865.9,62071.0,24.8,0,
2017-12-22 05:59:51,0,1,2,25.3,3800.8,39998.3,16865.9,62071.0,24.8,0,
2017-12-22 05:59:54,0,1,2,25.4,3801.6,39998.5,16932.5,62324.4,24.8,0,
2017-12-22 05:59:57,0,1,2,25.4,3802.2,39998.2,16932.5,62324.4,24.8,0,
2017-12-22 06:00:00,0,1,2,25.5,3802.8,39998.5,16999.2,62577.8,24.8,0,
2017-12-22 06:00:04,0,1,2,25.6,3803.5,39998.3,17065.9,62831.4,24.8,0,
2017-12-22 06:00:07,0,1,2,25.6,3804.2,39998.0,17065.9,62831.4,24.8,0,
2017-12-22 06:00:10,0,1,2,25.7,3805.0,39998.2,17132.5,63085.0,24.8,0,
2017-12-22 06:00:13,0,1,2,25.7,3805.6,39997.7,17132.5,63085.0,24.8,0,
2017-12-22 06:00:17,0,1,2,25.8,3806.3,39997.7,17199.2,63338.7,24.8,0,
2017-12-22 06:00:20,0,1,2,25.8,3807.0,39997.5,17199.2,63338.7,24.8,0,
2017-12-22 06:00:23,0,1,2,25.9,3807.7,39998.0,17265.8,63592.5,24.8,0,
2017-12-22 06:00:26,0,1,2,25.9,3808.2,39998.0,17265.8,63592.5,24.8,0,
2017-12-22 06:00:29,0,1,2,26.0,3808.9,39998.1,17332.5,63846.4,24.8,0,
2017-12-22 06:00:32,0,1,2,26.0,3809.6,39998.2,17332.5,63846.4,24.8,0,
2017-12-22 06:00:36,0,1,2,26.1,3810.4,39998.2,17399.2,64100.4,24.8,0,
2017-12-22 06:00:39,0,1,2,26.1,3811.1,39998.1,17399.2,64100.4,24.8,0,
2017-12-22 06:00:42,0,1,2,26.2,3811.7,39997.5,17465.8,64354.5,24.8,0,
2017-12-22 06:00:45,0,1,2,26.2,3812.5,39998.3,17465.8,64354.5,24.8,0,
2017-12-22 06:00:48,0,1,2,26.3,3813.1,39998.0,17532.5,64608.6,24.8,0,
2017-12-22 06:00:51,0,1,2,26.3,3813.9,39998.0,17532.5,64608.6,24.8,0,
2017-12-22 06:00:54,0,1,2,26.4,3814.5,39997.8,17599.1,64862.8,24.8,0,
2017-12-22 06:00:57,0,1,2,26.5,3815.4,39998.0,17665.8,65117.2,24.8,0,
2017-12-22 06:01:01,0,1,2,26.5,3816.1,39997.8,17665.8,65117.2,24.8,0,
2017-12-22 06:01:04,0,1,2,26.6,3816.8,39997.9,17732.5,65371.6,24.8,0,
2017-12-22 06:01:07,0,1,2,26.6,3817.5,39997.8,17732.5,65371.6,24.8,0,
2017-12-22 06:01:10,0,1,2,26.7,3818.1,39997.9,17799.1,65626.1,24.8,0,
2017-12-22 06:01:14,0,1,2,26.7,3819.0,39997.7,17799.1,65626.1,24.8,0,
2017-12-22 06:01:17,0,1,2,26.8,3819.6,39998.0,17865.8,65880.7,24.8,0,
2017-12-22 06:01:20,0,1,2,26.8,3820.3,39997.9,17865.8,65880.7,24.8,0,
2017-12-22 06:01:23,0,1,2,26.9,3821.0,39997.9,17932.4,66135.4,24.8,0,
2017-12-22 06:01:26,0,1,2,26.9,3821.7,39997.7,17932.4,66135.4,24.8,0,
2017-12-22 06:01:29,0,1,2,27.0,3822.5,39997.7,17999.1,66390.2,24.8,0,
2017-12-22 06:01:32,0,1,2,27.0,3823.2,39997.7,17999.1,66390.2,24.8,0,
2017-12-22 06:01:36,0,1,2,27.1,3823.9,39997.8,18065.8,66645.0,24.8,0,
2017-12-22 06:01:39,0,1,2,27.1,3824.7,39997.8,18065.8,66645.0,24.8,0,
2017-12-22 06:01:42,0,1,2,27.2,3825.4,39997.6,18132.4,66900.0,24.8,0,
2017-12-22 06:01:45,0,1,2,27.2,3826.1,39997.5,18132.4,66900.0,24.9,0,
2017-12-22 06:01:48,0,1,2,27.3,3826.9,39997.7,18199.1,67155.1,24.9,0,
2017-12-22 06:01:51,0,1,2,27.3,3827.9,39997.8,18199.1,67155.1,24.9,0,
2017-12-22 06:01:55,0,1,2,27.4,3828.5,39997.8,18265.7,67410.2,24.9,0,
2017-12-22 06:01:58,0,1,2,27.5,3829.4,39997.9,18332.4,67665.5,24.9,0,
2017-12-22 06:02:01,0,1,2,27.5,3830.1,39998.0,18332.4,67665.5,24.9,0,
2017-12-22 06:02:04,0,1,2,27.6,3830.9,39998.0,18399.1,67920.8,24.9,0,
2017-12-22 06:02:07,0,1,2,27.6,3831.6,39998.2,18399.1,67920.8,24.9,0,
2017-12-22 06:02:10,0,1,2,27.7,3832.4,39998.1,18465.7,68176.3,24.9,0,
2017-12-22 06:02:14,0,1,2,27.7,3833.2,39997.9,18465.7,68176.3,24.9,0,
2017-12-22 06:02:17,0,1,2,27.8,3834.0,39997.8,18532.4,68431.8,24.9,0,
2017-12-22 06:02:20,0,1,2,27.8,3834.8,39997.8,18532.4,68431.8,24.9,0,
2017-12-22 06:02:23,0,1,2,27.9,3835.4,39997.8,18599.0,68687.5,24.9,0,
2017-12-22 06:02:26,0,1,2,27.9,3836.2,39997.6,18599.0,68687.5,24.9,0,
2017-12-22 06:02:29,0,1,2,28.0,3837.1,39997.7,18665.7,68943.2,24.9,0,
2017-12-22 06:02:32,0,1,2,28.0,3837.7,39997.8,18665.7,68943.2,24.9,0,
2017-12-22 06:02:35,0,1,2,28.1,3838.5,39997.7,18732.4,69199.0,25.0,0,
2017-12-22 06:02:38,0,1,2,28.1,3839.2,39997.7,18732.4,69199.0,25.0,0,
2017-12-22 06:02:41,0,1,2,28.2,3840.0,39997.7,18799.0,69455.0,25.0,0,
2017-12-22 06:02:44,0,1,2,28.2,3840.8,39997.7,18799.0,69455.0,25.0,0,
2017-12-22 06:02:47,0,1,2,28.3,3841.6,39997.7,18865.7,69711.0,25.0,0,
2017-12-22 06:02:51,0,1,2,28.3,3842.5,39997.7,18865.7,69711.0,25.0,0,
2017-12-22 06:02:54,0,1,2,28.4,3843.1,39997.9,18932.3,69967.2,25.0,0,
2017-12-22 06:02:57,0,1,2,28.4,3843.9,39998.0,18932.3,69967.2,25.0,0,
2017-12-22 06:03:00,0,1,2,28.5,3844.8,39997.7,18999.0,70223.4,25.0,0,
2017-12-22 06:03:03,0,1,2,28.5,3845.6,39997.8,18999.0,70223.4,25.0,0,
2017-12-22 06:03:06,0,1,2,28.6,3846.4,39997.7,19065.6,70479.8,25.0,0,
2017-12-22 06:03:09,0,1,2,28.6,3847.3,39997.7,19065.6,70479.8,24.9,0,
2017-12-22 06:03:12,0,1,2,28.7,3847.9,39997.7,19132.3,70736.2,24.9,0,
2017-12-22 06:03:16,0,1,2,28.8,3848.8,39997.6,19199.0,70992.8,24.9,0,
2017-12-22 06:03:19,0,1,2,28.8,3849.7,39997.5,19199.0,70992.8,24.8,0,
2017-12-22 06:03:22,0,1,2,28.9,3850.6,39997.8,19265.6,71249.5,24.8,0,
2017-12-22 06:03:25,0,1,2,28.9,3851.3,39997.6,19265.6,71249.5,24.8,0,
2017-12-22 06:03:28,0,1,2,29.0,3852.4,39997.6,19332.3,71506.2,24.8,0,
2017-12-22 06:03:31,0,1,2,29.0,3853.1,39997.6,19332.3,71506.2,24.8,0,
2017-12-22 06:03:34,0,1,2,29.1,3853.9,39997.6,19398.9,71763.1,24.8,0,
2017-12-22 06:03:38,0,1,2,29.1,3854.8,39997.5,19398.9,71763.1,24.8,0,
2017-12-22 06:03:41,0,1,2,29.2,3855.5,39997.5,19465.6,72020.1,24.8,0,
2017-12-22 06:03:44,0,1,2,29.2,3856.4,39997.6,19465.6,72020.1,24.9,0,
2017-12-22 06:03:47,0,1,2,29.3,3857.2,39997.8,19532.3,72277.2,24.8,0,
2017-12-22 06:03:50,0,1,2,29.3,3857.9,39997.8,19532.3,72277.2,24.9,0,
2017-12-22 06:03:53,0,1,2,29.4,3858.8,39997.5,19598.9,72534.4,24.9,0,
2017-12-22 06:03:56,0,1,2,29.4,3859.8,39997.5,19598.9,72534.4,24.9,0,
2017-12-22 06:03:59,0,1,2,29.5,3860.5,39996.9,19665.6,72791.7,24.9,0,
2017-12-22 06:04:02,0,1,2,29.5,3861.4,40000.8,19665.6,72791.7,24.9,0,
2017-12-22 06:04:05,0,1,2,29.6,3862.1,40000.6,19732.2,73049.1,24.9,0,
2017-12-22 06:04:08,0,1,2,29.6,3863.0,40000.9,19732.2,73049.1,24.9,0,
2017-12-22 06:04:12,0,1,2,29.7,3863.9,40000.5,19798.9,73306.7,24.9,0,
2017-12-22 06:04:15,0,1,2,29.7,3864.8,40000.5,19798.9,73306.7,24.9,0,
2017-12-22 06:04:18,0,1,2,29.8,3865.6,40000.5,19865.6,73564.3,24.9,0,
2017-12-22 06:04:21,0,1,2,29.8,3866.5,40000.6,19865.6,73564.3,25.0,0,
2017-12-22 06:04:24,0,1,2,29.9,3867.4,40000.0,19932.2,73822.1,25.0,0,
2017-12-22 06:04:27,0,1,2,30.0,3868.3,40000.5,19998.9,74080.0,25.0,0,
2017-12-22 06:04:30,0,1,2,30.0,3869.3,40000.3,19998.9,74080.0,25.0,0,
2017-12-22 06:04:34,0,1,2,30.1,3870.2,40000.3,20065.6,74338.0,25.0,0,
2017-12-22 06:04:37,0,1,2,30.1,3870.9,40000.5,20065.6,74338.0,25.0,0,
2017-12-22 06:04:40,0,1,2,30.2,3871.8,40000.4,20132.2,74596.1,25.0,0,
2017-12-22 06:04:43,0,1,2,30.2,3872.7,40000.3,20132.2,74596.1,25.0,0,
2017-12-22 06:04:46,0,1,2,30.3,3873.5,40000.3,20198.9,74854.4,25.0,0,
2017-12-22 06:04:49,0,1,2,30.3,3874.4,40000.5,20198.9,74854.4,25.0,0,
2017-12-22 06:04:52,0,1,2,30.4,3875.4,40000.4,20265.6,75112.7,25.0,0,
2017-12-22 06:04:55,0,1,2,30.4,3876.3,40000.5,20265.6,75112.7,25.0,0,
2017-12-22 06:04:58,0,1,2,30.5,3877.2,40000.2,20332.3,75371.2,25.0,0,
2017-12-22 06:05:01,0,1,2,30.5,3878.1,40000.3,20332.3,75371.2,25.0,0,
2017-12-22 06:05:05,0,1,2,30.6,3878.9,40000.2,20398.9,75629.8,25.0,0,
2017-12-22 06:05:08,0,1,2,30.6,3880.0,40000.3,20398.9,75629.8,24.9,0,
2017-12-22 06:05:11,0,1,2,30.7,3880.8,40000.5,20465.6,75888.5,24.9,0,
2017-12-22 06:05:14,0,1,2,30.7,3881.9,40000.3,20465.6,75888.5,25.0,0,
2017-12-22 06:05:17,0,1,2,30.8,3882.7,40000.5,20532.3,76147.3,24.9,0,
2017-12-22 06:05:20,0,1,2,30.8,3883.5,40000.7,20532.3,76147.3,24.9,0,
2017-12-22 06:05:24,0,1,2,30.9,3884.6,40000.3,20598.9,76406.2,25.0,0,
2017-12-22 06:05:27,0,1,2,30.9,3885.3,40000.7,20598.9,76406.2,25.0,0,
2017-12-22 06:05:30,0,1,2,31.0,3886.2,40000.0,20665.6,76665.3,25.0,0,
2017-12-22 06:05:33,0,1,2,31.0,3887.3,40000.7,20665.6,76665.3,25.0,0,
2017-12-22 06:05:36,0,1,2,31.1,3888.1,40000.5,20732.3,76924.5,25.0,0,
2017-12-22 06:05:39,0,1,2,31.1,3889.1,40000.3,20732.3,76924.5,25.0,0,
2017-12-22 06:05:42,0,1,2,31.2,3890.0,40000.6,20798.9,77183.7,25.0,0,
2017-12-22 06:05:45,0,1,2,31.2,3890.9,40000.5,20798.9,77183.7,25.0,0,
2017-12-22 06:05:48,0,1,2,31.3,3891.8,40000.5,20865.6,77443.1,24.9,0,
2017-12-22 06:05:51,0,1,2,31.4,3892.7,40000.5,20932.3,77702.7,25.0,0,
2017-12-22 06:05:54,0,1,2,31.4,3893.6,40000.6,20932.3,77702.7,24.9,0,
2017-12-22 06:05:57,0,1,2,31.5,3894.6,40000.5,20998.9,77962.3,24.9,0,
2017-12-22 06:06:01,0,1,2,31.5,3895.6,40002.7,20998.9,77962.3,24.9,0,
2017-12-22 06:06:04,0,1,2,31.6,3896.6,40002.6,21065.6,78222.1,24.9,0,
2017-12-22 06:06:07,0,1,2,31.6,3897.5,40003.6,21065.6,78222.1,25.0,0,
2017-12-22 06:06:10,0,1,2,31.7,3898.5,40003.3,21132.3,78482.0,25.0,0,
2017-12-22 06:06:13,0,1,2,31.7,3899.2,40003.7,21132.3,78482.0,25.0,0,
2017-12-22 06:06:16,0,1,2,31.8,3899.9,39700.4,21199.0,78742.0,25.0,0,
2017-12-22 06:06:19,0,1,2,31.8,3900.1,38525.5,21199.0,78742.0,25.0,0,
2017-12-22 06:06:22,0,1,2,31.9,3900.1,37549.1,21262.0,78988.1,25.0,0,
2017-12-22 06:06:25,0,1,2,31.9,3900.1,36710.6,21262.0,78988.1,25.0,0,
2017-12-22 06:06:29,0,1,2,32.0,3899.9,35821.6,21322.5,79223.7,25.0,0,
2017-12-22 06:06:32,0,1,2,32.0,3900.0,35093.4,21322.5,79223.7,25.0,0,
2017-12-22 06:06:35,0,1,2,32.1,3899.9,34394.5,21380.4,79449.6,25.0,0,
2017-12-22 06:06:38,0,1,2,32.1,3900.0,33629.7,21380.4,79449.6,25.0,0,
2017-12-22 06:06:41,0,1,2,32.2,3900.1,33041.1,21436.0,79666.5,25.0,0,
2017-12-22 06:06:44,0,1,2,32.2,3900.0,32399.9,21436.0,79666.5,25.0,0,
2017-12-22 06:06:47,0,1,2,32.3,3899.9,31822.6,21489.6,79875.4,25.0,0,
2017-12-22 06:06:50,0,1,2,32.3,3899.9,31283.5,21489.6,79875.4,25.0,0,
2017-12-22 06:06:53,0,1,2,32.4,3900.0,30800.0,21541.4,80077.8,25.0,0,
2017-12-22 06:06:56,0,1,2,32.4,3900.0,30265.9,21541.4,80077.8,25.0,0,
2017-12-22 06:07:00,0,1,2,32.5,3900.0,29753.5,21591.6,80273.5,25.0,0,
2017-12-22 06:07:03,0,1,2,32.5,3899.9,29150.9,21591.6,80273.5,25.0,0,
2017-12-22 06:07:06,0,1,2,32.6,3899.9,28642.3,21640.2,80463.0,25.0,0,
2017-12-22 06:07:09,0,1,2,32.6,3899.9,28144.9,21640.2,80463.0,25.0,0,
2017-12-22 06:07:12,0,1,2,32.7,3900.0,27724.9,21687.0,80645.5,25.0,0,
2017-12-22 06:07:16,0,1,2,32.8,3899.9,27176.2,21732.4,80822.5,25.0,0,
2017-12-22 06:07:19,0,1,2,32.8,3899.8,26646.1,21732.4,80822.5,25.0,0,
2017-12-22 06:07:22,0,1,2,32.9,3899.9,26239.2,21776.4,80993.9,25.0,0,
2017-12-22 06:07:25,0,1,2,32.9,3900.0,25848.9,21776.4,80993.9,25.0,0,
2017-12-22 06:07:28,0,1,2,33.0,3900.0,25271.8,21818.8,81159.4,25.0,0,
2017-12-22 06:07:32,0,1,2,33.0,3899.9,24896.5,21818.8,81159.4,25.0,0,
2017-12-22 06:07:35,0,1,2,33.1,3899.8,24402.0,21859.9,81319.7,25.0,0,
2017-12-22 06:07:38,0,1,2,33.1,3899.9,24038.0,21859.9,81319.7,25.0,0,
2017-12-22 06:07:41,0,1,2,33.2,3899.9,23621.4,21899.6,81474.5,25.0,0,
2017-12-22 06:07:44,0,1,2,33.2,3899.9,23268.5,21899.6,81474.5,25.0,0,
2017-12-22 06:07:48,0,1,2,33.3,3900.0,22863.9,21938.1,81624.7,25.0,0,
2017-12-22 06:07:51,0,1,2,33.3,3899.9,22466.7,21938.1,81624.7,25.0,0,
2017-12-22 06:07:54,0,1,2,33.4,3900.1,22076.9,21975.4,81770.3,25.0,0,
2017-12-22 06:07:57,0,1,2,33.4,3900.1,21692.7,21975.4,81770.3,24.9,0,
2017-12-22 06:08:00,0,1,2,33.5,3900.1,21369.9,22011.5,81911.0,24.9,0,
2017-12-22 06:08:03,0,1,2,33.5,3899.9,20999.8,22011.5,81911.0,24.9,0,
2017-12-22 06:08:06,0,1,2,33.6,3900.0,20643.7,22046.5,82047.5,24.9,0,
2017-12-22 06:08:09,0,1,2,33.7,3899.9,20326.1,22080.4,82179.6,24.9,0,
2017-12-22 06:08:12,0,1,2,33.7,3900.1,20072.3,22080.4,82179.6,24.9,0,
2017-12-22 06:08:16,0,1,2,33.8,3899.9,19724.3,22113.3,82307.8,24.9,0,
2017-12-22 06:08:19,0,1,2,33.8,3900.1,19380.8,22113.3,82307.8,24.9,0,
2017-12-22 06:08:22,0,1,2,33.9,3900.1,19043.9,22145.1,82431.9,24.9,0,
2017-12-22 06:08:25,0,1,2,33.9,3899.9,18769.5,22145.1,82431.9,24.9,0,
2017-12-22 06:08:28,0,1,2,34.0,3899.9,18443.1,22176.0,82552.3,24.8,0,
2017-12-22 06:08:31,0,1,2,34.0,3900.0,18157.3,22176.0,82552.3,24.8,0,
2017-12-22 06:08:34,0,1,2,34.1,3899.9,17842.4,22205.8,82668.9,24.9,0,
2017-12-22 06:08:38,0,1,2,34.1,3900.0,17496.8,22205.8,82668.9,24.9,0,
2017-12-22 06:08:41,0,1,2,34.2,3900.1,17270.8,22234.8,82781.7,24.9,0,
2017-12-22 06:08:44,0,1,2,34.2,3900.1,17055.7,22234.8,82781.7,24.9,0,
2017-12-22 06:08:47,0,1,2,34.3,3900.0,16724.9,22262.8,82891.2,24.9,0,
2017-12-22 06:08:50,0,1,2,34.3,3900.0,16426.9,22262.8,82891.2,24.9,0,
2017-12-22 06:08:53,0,1,2,34.4,3900.1,16223.1,22290.0,82997.2,24.9,0,
2017-12-22 06:08:56,0,1,2,34.4,3899.9,15869.6,22290.0,82997.2,25.0,0,
2017-12-22 06:09:00,0,1,2,34.5,3899.9,15586.6,22316.4,83100.0,25.0,0,
2017-12-22 06:09:03,0,1,2,34.5,3900.0,15393.1,22316.4,83100.0,25.0,0,
2017-12-22 06:09:06,0,1,2,34.6,3900.1,15161.8,22341.9,83199.5,25.0,0,
2017-12-22 06:09:09,0,1,2,34.6,3900.0,14862.2,22341.9,83199.5,25.0,0,
2017-12-22 06:09:12,0,1,2,34.7,3899.9,14574.4,22366.7,83296.1,25.0,0,
2017-12-22 06:09:16,0,1,2,34.8,3899.9,14384.6,22390.7,83389.6,24.9,0,
2017-12-22 06:09:19,0,1,2,34.8,3900.0,14177.1,22390.7,83389.6,24.9,0,
2017-12-22 06:09:22,0,1,2,34.9,3900.0,13924.8,22413.9,83480.4,24.9,0,
2017-12-22 06:09:25,0,1,2,34.9,3899.9,13680.5,22413.9,83480.4,24.9,0,
2017-12-22 06:09:28,0,1,2,35.0,3900.1,13545.0,22436.6,83568.7,24.9,0,
2017-12-22 06:09:31,0,1,2,35.0,3899.9,13276.1,22436.6,83568.7,24.9,0,
2017-12-22 06:09:34,0,1,2,35.1,3899.9,13078.0,22458.4,83653.9,24.9,0,
2017-12-22 06:09:38,0,1,2,35.1,3900.0,12818.4,22458.4,83653.9,24.9,0,
2017-12-22 06:09:41,0,1,2,35.2,3900.0,12664.8,22479.7,83736.8,24.9,0,
2017-12-22 06:09:44,0,1,2,35.2,3899.8,12436.8,22479.7,83736.8,24.8,0,
2017-12-22 06:09:47,0,1,2,35.3,3899.9,12283.1,22500.3,83817.2,24.9,0,
2017-12-22 06:09:50,0,1,2,35.3,3900.1,12068.9,22500.3,83817.2,24.8,0,
2017-12-22 06:09:53,0,1,2,35.4,3899.9,11917.6,22520.3,83895.1,24.9,0,
2017-12-22 06:09:57,0,1,2,35.4,3900.1,11710.6,22520.3,83895.1,24.9,0,
2017-12-22 06:10:00,0,1,2,35.5,3900.1,11506.0,22539.6,83970.6,24.9,0,
2017-12-22 06:10:03,0,1,2,35.5,3900.0,11306.3,22539.6,83970.6,24.9,0,
2017-12-22 06:10:06,0,1,2,35.6,3900.0,11197.7,22558.4,84043.9,24.8,0,
2017-12-22 06:10:09,0,1,2,35.6,3900.0,10995.1,22558.4,84043.9,24.9,0,
2017-12-22 06:10:13,0,1,2,35.7,3899.9,10939.3,22576.7,84115.4,24.8,0,
2017-12-22 06:10:15,0,1,2,35.8,3900.2,10857.4,22594.8,84186.0,24.8,0,
2017-12-22 06:10:18,0,1,2,35.8,3900.1,10640.2,22594.8,84186.0,24.8,0,
2017-12-22 06:10:22,0,1,2,35.9,3900.1,10480.3,22612.3,84254.1,24.8,0,
2017-12-22 06:10:25,0,1,2,35.9,3900.0,10246.2,22612.3,84254.1,24.8,0,
2017-12-22 06:10:28,0,1,2,36.0,3900.1,10118.5,22629.2,84320.0,24.8,0,
2017-12-22 06:10:31,0,1,2,36.0,3900.2,10000.0,22629.2,84320.0,24.8,5,终止电流到
2017-12-22 06:10:31,0,1,2,36.0,3900.1,9966.3,22629.2,84320.0,24.8,5,终止电流到
2017-12-22 06:10:34,0,1,2,36.1,3891.7,5.8,22629.2,84320.1,24.8,5,终止电流到
2017-12-22 06:10:37,0,1,2,36.1,3890.7,6.1,22629.2,84320.1,24.8,5,终止电流到
2017-12-22 06:10:40,0,1,2,36.2,3890.0,5.7,22629.2,84320.1,24.8,5,终止电流到
2017-12-22 06:10:43,0,1,2,36.2,3889.3,5.9,22629.2,84320.1,24.8,5,终止电流到
2017-12-22 06:10:46,0,1,2,36.3,3888.8,7.7,22629.3,84320.2,24.8,5,终止电流到
2017-12-22 06:10:50,0,1,2,36.3,3888.4,7.5,22629.3,84320.2,24.8,5,终止电流到
2017-12-22 06:10:53,0,1,2,36.4,3887.9,7.7,22629.3,84320.2,24.8,5,终止电流到
2017-12-22 06:10:56,0,1,2,36.4,3887.6,7.6,22629.3,84320.2,24.8,5,终止电流到
2017-12-22 06:10:59,0,1,2,36.5,3887.2,5.8,22629.3,84320.2,24.8,5,终止电流到
2017-12-22 06:11:02,0,1,2,36.5,3886.8,7.9,22629.3,84320.2,24.8,5,终止电流到
2017-12-22 06:11:07,0,2,3,0.0,3886.6,0,0.0,0.0,24.8,0,
2017-12-22 06:11:30,0,2,3,0.4,3885.4,27.5,0.0,0.0,24.8,0,
2017-12-22 06:11:33,0,2,3,0.4,3885.2,26.2,0.0,0.0,24.7,0,
2017-12-22 06:11:36,0,2,3,0.5,3885.3,25.9,0.0,0.0,24.8,0,
2017-12-22 06:11:39,0,2,3,0.5,3885.1,25.6,0.0,0.0,24.8,0,
2017-12-22 06:11:42,0,2,3,0.6,3884.9,25.5,0.0,0.0,24.8,0,
2017-12-22 06:11:45,0,2,3,0.6,3884.9,25.8,0.0,0.0,24.8,0,
2017-12-22 06:11:49,0,2,3,0.7,3884.9,27.0,0.0,0.0,24.8,0,
2017-12-22 06:11:52,0,2,3,0.7,3884.7,27.0,0.0,0.0,24.8,0,
2017-12-22 06:11:55,0,2,3,0.8,3884.7,25.0,0.0,0.0,24.8,0,
2017-12-22 06:11:58,0,2,3,0.8,3884.6,27.3,0.0,0.0,24.8,0,
2017-12-22 06:12:01,0,2,3,0.9,3884.4,25.0,0.0,0.0,24.8,0,
2017-12-22 06:12:04,0,2,3,0.9,3884.4,25.3,0.0,0.0,24.8,0,
2017-12-22 06:12:07,0,2,3,1.0,3884.2,26.9,0.0,0.0,24.7,0,
2017-12-22 06:12:08,0,2,3,1.0,3884.3,25.4,0.0,0.0,24.8,1,时间到
2017-12-22 06:12:12,0,3,4,0.0,3884.2,0,0.0,0.0,24.8,0,
2017-12-22 06:12:34,0,3,4,0.4,3835.1,-39998.8,266.6,1025.0,24.7,0,
2017-12-22 06:12:38,0,3,4,0.4,3832.6,-39998.7,266.6,1025.0,24.8,0,
2017-12-22 06:12:41,0,3,4,0.5,3830.3,-39998.7,333.3,1280.4,24.8,0,
2017-12-22 06:12:44,0,3,4,0.5,3828.3,-39999.2,333.3,1280.4,24.7,0,
2017-12-22 06:12:47,0,3,4,0.6,3826.3,-39998.8,400.0,1535.5,24.7,0,
2017-12-22 06:12:50,0,3,4,0.6,3824.3,-39999.0,400.0,1535.5,24.7,0,
2017-12-22 06:12:53,0,3,4,0.7,3822.5,-39999.2,466.6,1790.3,24.8,0,
2017-12-22 06:12:56,0,3,4,0.7,3820.8,-39999.0,466.6,1790.3,24.8,0,
2017-12-22 06:13:00,0,3,4,0.8,3819.0,-39999.2,533.3,2045.0,24.8,0,
2017-12-22 06:13:03,0,3,4,0.8,3817.4,-39999.3,533.3,2045.0,24.8,0,
2017-12-22 06:13:06,0,3,4,0.9,3815.8,-39998.8,600.0,2299.4,24.8,0,
2017-12-22 06:13:09,0,3,4,0.9,3814.4,-39999.2,600.0,2299.4,24.8,0,
2017-12-22 06:13:12,0,3,4,1.0,3812.9,-39999.5,666.6,2553.6,24.8,0,
2017-12-22 06:13:15,0,3,4,1.0,3811.3,-39999.2,666.6,2553.6,24.8,0,
2017-12-22 06:13:18,0,3,4,1.1,3809.9,-39998.8,733.3,2807.7,24.8,0,
2017-12-22 06:13:22,0,3,4,1.1,3808.4,-39998.7,733.3,2807.7,24.8,0,
2017-12-22 06:13:25,0,3,4,1.2,3807.0,-39998.5,800.0,3061.5,24.8,0,
2017-12-22 06:13:28,0,3,4,1.2,3805.6,-39999.0,800.0,3061.5,24.7,0,
2017-12-22 06:13:31,0,3,4,1.3,3804.3,-39998.5,866.6,3315.2,24.8,0,
2017-12-22 06:13:34,0,3,4,1.3,3802.8,-39999.0,866.6,3315.2,24.8,0,
2017-12-22 06:13:37,0,3,4,1.4,3801.3,-39999.0,933.3,3568.7,24.8,0,
2017-12-22 06:13:40,0,3,4,1.5,3799.9,-39999.0,999.9,3822.0,24.8,0,
2017-12-22 06:13:44,0,3,4,1.5,3798.7,-39998.8,999.9,3822.0,24.8,0,
2017-12-22 06:13:47,0,3,4,1.6,3797.3,-39998.5,1066.6,4075.2,24.8,0,
2017-12-22 06:13:50,0,3,4,1.6,3796.0,-39998.7,1066.6,4075.2,24.8,0,
2017-12-22 06:13:53,0,3,4,1.7,3794.6,-39998.5,1133.3,4328.2,24.8,0,
2017-12-22 06:13:56,0,3,4,1.7,3793.1,-39998.2,1133.3,4328.2,24.7,0,
2017-12-22 06:14:00,0,3,4,1.8,3791.8,-39998.2,1199.9,4581.0,24.7,0,
2017-12-22 06:14:03,0,3,4,1.8,3790.5,-39998.3,1199.9,4581.0,24.8,0,
2017-12-22 06:14:06,0,3,4,1.9,3789.1,-39998.4,1266.6,4833.6,24.7,0,
2017-12-22 06:14:09,0,3,4,1.9,3787.9,-39998.0,1266.6,4833.6,24.8,0,
2017-12-22 06:14:12,0,3,4,2.0,3786.6,-39998.2,1333.3,5086.1,24.8,0,
2017-12-22 06:14:15,0,3,4,2.0,3785.2,-39998.4,1333.3,5086.1,24.7,0,
2017-12-22 06:14:18,0,3,4,2.1,3783.9,-39998.0,1399.9,5338.4,24.8,0,
2017-12-22 06:14:22,0,3,4,2.1,3782.7,-39998.3,1399.9,5338.4,24.7,0,
2017-12-22 06:14:25,0,3,4,2.2,3781.4,-39998.2,1466.6,5590.5,24.7,0,
2017-12-22 06:14:28,0,3,4,2.2,3780.1,-39998.7,1466.6,5590.5,24.8,0,
2017-12-22 06:14:31,0,3,4,2.3,3778.7,-39998.0,1533.2,5842.5,24.8,0,
2017-12-22 06:14:34,0,3,4,2.3,3777.5,-39998.7,1533.2,5842.5,24.8,0,
2017-12-22 06:14:37,0,3,4,2.4,3776.2,-39998.3,1599.9,6094.3,24.8,0,
2017-12-22 06:14:40,0,3,4,2.5,3774.9,-39998.0,1666.6,6345.9,24.8,0,
2017-12-22 06:14:44,0,3,4,2.5,3773.6,-39998.3,1666.6,6345.9,24.8,0,
2017-12-22 06:14:47,0,3,4,2.6,3772.4,-39998.2,1733.2,6597.4,24.8,0,
2017-12-22 06:14:50,0,3,4,2.6,3770.9,-39998.0,1733.2,6597.4,24.8,0,
2017-12-22 06:14:53,0,3,4,2.7,3769.8,-39997.8,1799.9,6848.7,24.8,0,
2017-12-22 06:14:56,0,3,4,2.7,3768.4,-39998.0,1799.9,6848.7,24.8,0,
2017-12-22 06:14:59,0,3,4,2.8,3767.1,-39998.2,1866.5,7099.9,24.8,0,
2017-12-22 06:15:02,0,3,4,2.8,3765.9,-39998.0,1866.5,7099.9,24.8,0,
2017-12-22 06:15:05,0,3,4,2.9,3764.6,-39997.7,1933.2,7350.9,24.8,0,
2017-12-22 06:15:09,0,3,4,2.9,3763.4,-39997.7,1933.2,7350.9,24.8,0,
2017-12-22 06:15:12,0,3,4,3.0,3762.1,-39997.7,1999.9,7601.7,24.8,0,
2017-12-22 06:15:15,0,3,4,3.0,3760.7,-39997.8,1999.9,7601.7,24.8,0,
2017-12-22 06:15:18,0,3,4,3.1,3759.5,-39998.2,2066.5,7852.3,24.8,0,
2017-12-22 06:15:21,0,3,4,3.1,3758.3,-39997.7,2066.5,7852.3,24.8,0,
2017-12-22 06:15:24,0,3,4,3.2,3757.1,-39997.5,2133.2,8102.8,24.8,0,
2017-12-22 06:15:27,0,3,4,3.2,3755.7,-39997.7,2133.2,8102.8,24.8,0,
2017-12-22 06:15:31,0,3,4,3.3,3754.5,-40000.3,2199.8,8353.2,24.8,0,
2017-12-22 06:15:34,0,3,4,3.3,3753.3,-40000.5,2199.8,8353.2,24.7,0,
2017-12-22 06:15:37,0,3,4,3.4,3752.1,-40000.9,2266.5,8603.4,24.8,0,
2017-12-22 06:15:40,0,3,4,3.4,3750.8,-40000.8,2266.5,8603.4,24.8,0,
2017-12-22 06:15:43,0,3,4,3.5,3749.6,-40000.9,2333.2,8853.5,24.8,0,
2017-12-22 06:15:46,0,3,4,3.6,3748.4,-40000.3,2399.8,9103.3,24.8,0,
2017-12-22 06:15:49,0,3,4,3.6,3747.3,-40000.4,2399.8,9103.3,24.8,0,
2017-12-22 06:15:53,0,3,4,3.7,3746.0,-40000.3,2466.5,9353.1,24.8,0,
2017-12-22 06:15:56,0,3,4,3.7,3744.8,-40000.5,2466.5,9353.1,24.8,0,
2017-12-22 06:15:59,0,3,4,3.8,3743.6,-40000.5,2533.2,9602.7,24.8,0,
2017-12-22 06:16:02,0,3,4,3.8,3742.5,-40000.3,2533.2,9602.7,24.8,0,
2017-12-22 06:16:05,0,3,4,3.9,3741.3,-40000.8,2599.8,9852.1,24.8,0,
2017-12-22 06:16:08,0,3,4,3.9,3740.1,-40000.1,2599.8,9852.1,24.8,0,
2017-12-22 06:16:11,0,3,4,4.0,3738.9,-40000.3,2666.5,10101.4,24.8,0,
2017-12-22 06:16:15,0,3,4,4.0,3737.9,-40000.6,2666.5,10101.4,24.8,0,
2017-12-22 06:16:18,0,3,4,4.1,3736.6,-40000.1,2733.2,10350.6,24.8,0,
2017-12-22 06:16:21,0,3,4,4.1,3735.5,-40000.2,2733.2,10350.6,24.7,0,
2017-12-22 06:16:24,0,3,4,4.2,3734.4,-40000.4,2799.8,10599.6,24.8,0,
2017-12-22 06:16:27,0,3,4,4.2,3733.3,-40000.6,2799.8,10599.6,24.8,0,
2017-12-22 06:16:30,0,3,4,4.3,3732.2,-40000.2,2866.5,10848.5,24.8,0,
2017-12-22 06:16:33,0,3,4,4.3,3731.1,-40000.1,2866.5,10848.5,24.8,0,
2017-12-22 06:16:37,0,3,4,4.4,3729.9,-40000.0,2933.2,11097.2,24.8,0,
2017-12-22 06:16:40,0,3,4,4.4,3729.0,-40000.4,2933.2,11097.2,24.8,0,
2017-12-22 06:16:43,0,3,4,4.5,3727.8,-40000.0,2999.8,11345.8,24.8,0,
2017-12-22 06:16:46,0,3,4,4.5,3726.7,-40000.3,2999.8,11345.8,24.8,0,
2017-12-22 06:16:49,0,3,4,4.6,3725.5,-40000.5,3066.5,11594.2,24.8,0,
2017-12-22 06:16:52,0,3,4,4.6,3724.7,-40000.0,3066.5,11594.2,24.8,0,
2017-12-22 06:16:55,0,3,4,4.7,3723.5,-40000.4,3133.2,11842.5,24.8,0,
2017-12-22 06:16:58,0,3,4,4.8,3722.6,-40000.3,3199.8,12090.7,24.8,0,
2017-12-22 06:17:02,0,3,4,4.8,3721.4,-40000.6,3199.8,12090.7,24.8,0,
2017-12-22 06:17:05,0,3,4,4.9,3720.4,-40000.4,3266.5,12338.7,24.7,0,
2017-12-22 06:17:08,0,3,4,4.9,3719.3,-39999.9,3266.5,12338.7,24.8,0,
2017-12-22 06:17:11,0,3,4,5.0,3718.5,-40000.0,3333.2,12586.7,24.7,0,
2017-12-22 06:17:14,0,3,4,5.0,3717.3,-40000.1,3333.2,12586.7,24.7,0,
2017-12-22 06:17:17,0,3,4,5.1,3716.3,-40000.1,3399.9,12834.4,24.8,0,
2017-12-22 06:17:20,0,3,4,5.1,3715.3,-39999.9,3399.9,12834.4,24.7,0,
2017-12-22 06:17:24,0,3,4,5.2,3714.5,-40000.0,3466.5,13082.1,24.7,0,
2017-12-22 06:17:27,0,3,4,5.2,3713.3,-39999.8,3466.5,13082.1,24.7,0,
2017-12-22 06:17:30,0,3,4,5.3,3712.4,-40000.2,3533.2,13329.6,24.7,0,
2017-12-22 06:17:33,0,3,4,5.3,3711.4,-39999.8,3533.2,13329.6,24.7,0,
2017-12-22 06:17:36,0,3,4,5.4,3710.4,-40000.0,3599.9,13577.0,24.7,0,
2017-12-22 06:17:39,0,3,4,5.4,3709.4,-40000.3,3599.9,13577.0,24.7,0,
2017-12-22 06:17:42,0,3,4,5.5,3708.6,-40000.0,3666.5,13824.3,24.7,0,
2017-12-22 06:17:46,0,3,4,5.5,3707.7,-39999.7,3666.5,13824.3,24.7,0,
2017-12-22 06:17:49,0,3,4,5.6,3706.8,-40000.2,3733.2,14071.5,24.7,0,
2017-12-22 06:17:52,0,3,4,5.6,3705.7,-40000.1,3733.2,14071.5,24.7,0,
2017-12-22 06:17:55,0,3,4,5.7,3704.9,-39999.7,3799.9,14318.5,24.7,0,
2017-12-22 06:17:58,0,3,4,5.7,3704.0,-39999.6,3799.9,14318.5,24.7,0,
2017-12-22 06:18:01,0,3,4,5.8,3703.1,-39999.6,3866.5,14565.4,24.7,0,
2017-12-22 06:18:04,0,3,4,5.9,3702.2,-39999.5,3933.2,14812.2,24.7,0,
2017-12-22 06:18:07,0,3,4,5.9,3701.3,-39999.7,3933.2,14812.2,24.6,0,
2017-12-22 06:18:11,0,3,4,6.0,3700.4,-39999.9,3999.8,15058.9,24.7,0,
2017-12-22 06:18:14,0,3,4,6.0,3699.4,-39999.6,3999.8,15058.9,24.7,0,
2017-12-22 06:18:17,0,3,4,6.1,3698.7,-39999.7,4066.5,15305.5,24.7,0,
2017-12-22 06:18:20,0,3,4,6.1,3697.7,-39999.4,4066.5,15305.5,24.6,0,
2017-12-22 06:18:23,0,3,4,6.2,3696.9,-39999.7,4133.2,15552.0,24.7,0,
2017-12-22 06:18:26,0,3,4,6.2,3695.9,-39999.8,4133.2,15552.0,24.6,0,
2017-12-22 06:18:29,0,3,4,6.3,3695.1,-39999.8,4199.8,15798.3,24.7,0,
2017-12-22 06:18:33,0,3,4,6.3,3694.3,-39999.5,4199.8,15798.3,24.7,0,
2017-12-22 06:18:36,0,3,4,6.4,3693.4,-39999.7,4266.5,16044.6,24.7,0,
2017-12-22 06:18:39,0,3,4,6.4,3692.6,-39999.5,4266.5,16044.6,24.6,0,
2017-12-22 06:18:42,0,3,4,6.5,3691.9,-39999.4,4333.2,16290.7,24.7,0,
2017-12-22 06:18:45,0,3,4,6.5,3690.9,-39999.5,4333.2,16290.7,24.7,0,
2017-12-22 06:18:48,0,3,4,6.6,3690.1,-39999.5,4399.8,16536.8,24.6,0,
2017-12-22 06:18:51,0,3,4,6.6,3689.3,-39999.6,4399.8,16536.8,24.6,0,
2017-12-22 06:18:54,0,3,4,6.7,3688.4,-40000.2,4466.5,16782.7,24.6,0,
2017-12-22 06:18:58,0,3,4,6.7,3687.5,-40000.0,4466.5,16782.7,24.6,0,
2017-12-22 06:19:01,0,3,4,6.8,3686.9,-39999.3,4533.2,17028.5,24.6,0,
2017-12-22 06:19:04,0,3,4,6.8,3686.0,-39999.6,4533.2,17028.5,24.6,0,
2017-12-22 06:19:07,0,3,4,6.9,3685.2,-39999.5,4599.8,17274.2,24.6,0,
2017-12-22 06:19:10,0,3,4,7.0,3684.4,-39999.3,4666.5,17519.8,24.6,0,
2017-12-22 06:19:13,0,3,4,7.0,3683.7,-39999.5,4666.5,17519.8,24.6,0,
2017-12-22 06:19:17,0,3,4,7.1,3682.8,-39999.2,4733.2,17765.4,24.6,0,
2017-12-22 06:19:20,0,3,4,7.1,3682.1,-39999.0,4733.2,17765.4,24.6,0,
2017-12-22 06:19:23,0,3,4,7.2,3681.3,-39999.1,4799.8,18010.8,24.6,0,
2017-12-22 06:19:26,0,3,4,7.2,3680.6,-39999.2,4799.8,18010.8,24.6,0,
2017-12-22 06:19:29,0,3,4,7.3,3679.6,-39999.5,4866.5,18256.1,24.6,0,
2017-12-22 06:19:32,0,3,4,7.3,3678.9,-39999.4,4866.5,18256.1,24.7,0,
2017-12-22 06:19:35,0,3,4,7.4,3678.2,-39999.2,4933.2,18501.3,24.7,0,
2017-12-22 06:19:38,0,3,4,7.4,3677.5,-39999.3,4933.2,18501.3,24.6,0,
2017-12-22 06:19:41,0,3,4,7.5,3676.7,-39998.8,4999.8,18746.4,24.6,0,
2017-12-22 06:19:45,0,3,4,7.5,3676.0,-39999.0,4999.8,18746.4,24.7,0,
2017-12-22 06:19:48,0,3,4,7.6,3675.1,-39998.5,5066.5,18991.5,24.7,0,
2017-12-22 06:19:51,0,3,4,7.6,3674.3,-39998.5,5066.5,18991.5,24.7,0,
2017-12-22 06:19:54,0,3,4,7.7,3673.5,-39999.2,5133.1,19236.4,24.7,0,
2017-12-22 06:19:57,0,3,4,7.7,3672.9,-39999.0,5133.1,19236.4,24.7,0,
2017-12-22 06:20:00,0,3,4,7.8,3672.0,-39998.6,5199.8,19481.2,24.7,0,
2017-12-22 06:20:03,0,3,4,7.8,3671.4,-39998.9,5199.8,19481.2,24.7,0,
2017-12-22 06:20:07,0,3,4,7.9,3670.6,-39998.6,5266.5,19725.9,24.7,0,
2017-12-22 06:20:10,0,3,4,7.9,3670.0,-39998.9,5266.5,19725.9,24.7,0,
2017-12-22 06:20:13,0,3,4,8.0,3669.2,-39998.7,5333.1,19970.6,24.7,0,
2017-12-22 06:20:16,0,3,4,8.1,3668.4,-39999.2,5399.8,20215.1,24.7,0,
2017-12-22 06:20:19,0,3,4,8.1,3667.7,-39998.8,5399.8,20215.1,24.7,0,
2017-12-22 06:20:23,0,3,4,8.2,3667.0,-39998.6,5466.5,20459.6,24.8,0,
2017-12-22 06:20:26,0,3,4,8.2,3666.2,-39998.8,5466.5,20459.6,24.7,0,
2017-12-22 06:20:29,0,3,4,8.3,3665.5,-39999.0,5533.1,20703.9,24.7,0,
2017-12-22 06:20:32,0,3,4,8.3,3664.9,-39998.5,5533.1,20703.9,24.7,0,
2017-12-22 06:20:35,0,3,4,8.4,3664.1,-39998.7,5599.8,20948.2,24.7,0,
2017-12-22 06:20:38,0,3,4,8.4,3663.4,-39998.3,5599.8,20948.2,24.7,0,
2017-12-22 06:20:41,0,3,4,8.5,3662.7,-39998.7,5666.5,21192.4,24.7,0,
2017-12-22 06:20:45,0,3,4,8.5,3662.1,-39998.8,5666.5,21192.4,24.7,0,
2017-12-22 06:20:48,0,3,4,8.6,3661.4,-39999.2,5733.1,21436.5,24.7,0,
2017-12-22 06:20:51,0,3,4,8.6,3660.7,-39998.5,5733.1,21436.5,24.7,0,
2017-12-22 06:20:54,0,3,4,8.7,3660.0,-39998.2,5799.8,21680.5,24.6,0,
2017-12-22 06:20:57,0,3,4,8.7,3659.3,-39998.2,5799.8,21680.5,24.7,0,
2017-12-22 06:21:00,0,3,4,8.8,3658.7,-39998.8,5866.4,21924.4,24.7,0,
2017-12-22 06:21:03,0,3,4,8.8,3658.0,-39998.3,5866.4,21924.4,24.7,0,
2017-12-22 06:21:06,0,3,4,8.9,3657.4,-39999.0,5933.1,22168.3,24.7,0,
2017-12-22 06:21:10,0,3,4,8.9,3656.5,-39998.4,5933.1,22168.3,24.7,0,
2017-12-22 06:21:13,0,3,4,9.0,3655.9,-39998.7,5999.8,22412.0,24.7,0,
2017-12-22 06:21:16,0,3,4,9.0,3655.3,-39998.3,5999.8,22412.0,24.7,0,
2017-12-22 06:21:19,0,3,4,9.1,3654.7,-39998.7,6066.4,22655.7,24.7,0,
2017-12-22 06:21:22,0,3,4,9.1,3653.9,-39998.5,6066.4,22655.7,24.7,0,
2017-12-22 06:21:25,0,3,4,9.2,3653.5,-39998.7,6133.1,22899.2,24.7,0,
2017-12-22 06:21:28,0,3,4,9.3,3652.6,-39998.4,6199.7,23142.7,24.7,0,
2017-12-22 06:21:32,0,3,4,9.3,3652.1,-39998.5,6199.7,23142.7,24.7,0,
2017-12-22 06:21:35,0,3,4,9.4,3651.3,-39998.3,6266.4,23386.1,24.7,0,
2017-12-22 06:21:38,0,3,4,9.4,3650.7,-39998.5,6266.4,23386.1,24.7,0,
2017-12-22 06:21:41,0,3,4,9.5,3650.0,-39998.5,6333.1,23629.5,24.7,0,
2017-12-22 06:21:44,0,3,4,9.5,3649.4,-39998.6,6333.1,23629.5,24.7,0,
2017-12-22 06:21:47,0,3,4,9.6,3648.8,-39998.3,6399.7,23872.7,24.7,0,
2017-12-22 06:21:51,0,3,4,9.6,3648.1,-39998.2,6399.7,23872.7,24.7,0,
2017-12-22 06:21:54,0,3,4,9.7,3647.5,-39998.2,6466.4,24115.9,24.6,0,
2017-12-22 06:21:57,0,3,4,9.7,3647.0,-39998.2,6466.4,24115.9,24.7,0,
2017-12-22 06:22:00,0,3,4,9.8,3646.2,-39998.2,6533.0,24359.0,24.7,0,
2017-12-22 06:22:03,0,3,4,9.8,3645.8,-39998.2,6533.0,24359.0,24.7,0,
2017-12-22 06:22:06,0,3,4,9.9,3645.0,-39998.5,6599.7,24602.0,24.7,0,
2017-12-22 06:22:09,0,3,4,9.9,3644.5,-39998.0,6599.7,24602.0,24.7,0,
2017-12-22 06:22:13,0,3,4,10.0,3643.8,-39997.8,6666.4,24844.9,24.7,0,
2017-12-22 06:22:16,0,3,4,10.0,3643.2,-39998.0,6666.4,24844.9,24.7,0,
2017-12-22 06:22:19,0,3,4,10.1,3642.6,-39998.0,6733.0,25087.7,24.7,0,
2017-12-22 06:22:22,0,3,4,10.1,3642.1,-39998.4,6733.0,25087.7,24.7,0,
2017-12-22 06:22:25,0,3,4,10.2,3641.4,-39998.4,6799.7,25330.5,24.7,0,
2017-12-22 06:22:28,0,3,4,10.2,3640.7,-39998.2,6799.7,25330.5,24.7,0,
2017-12-22 06:22:31,0,3,4,10.3,3640.1,-39998.2,6866.4,25573.2,24.7,0,
2017-12-22 06:22:34,0,3,4,10.4,3639.7,-39998.3,6933.0,25815.8,24.7,0,
2017-12-22 06:22:38,0,3,4,10.4,3638.9,-39998.0,6933.0,25815.8,24.7,0,
2017-12-22 06:22:41,0,3,4,10.5,3638.5,-39998.2,6999.7,26058.4,24.8,0,
2017-12-22 06:22:44,0,3,4,10.5,3637.7,-39998.0,6999.7,26058.4,24.8,0,
2017-12-22 06:22:47,0,3,4,10.6,3637.2,-39998.0,7066.3,26300.8,24.7,0,
2017-12-22 06:22:50,0,3,4,10.6,3636.6,-39998.0,7066.3,26300.8,24.7,0,
2017-12-22 06:22:53,0,3,4,10.7,3636.0,-39998.0,7133.0,26543.2,24.8,0,
2017-12-22 06:22:56,0,3,4,10.7,3635.4,-39998.3,7133.0,26543.2,24.7,0,
2017-12-22 06:23:00,0,3,4,10.8,3634.8,-39998.0,7199.7,26785.5,24.8,0,
2017-12-22 06:23:03,0,3,4,10.8,3634.2,-39998.0,7199.7,26785.5,24.8,0,
2017-12-22 06:23:06,0,3,4,10.9,3633.6,-40001.1,7266.3,27027.8,24.8,0,
2017-12-22 06:23:09,0,3,4,10.9,3633.0,-40001.0,7266.3,27027.8,24.8,0,
2017-12-22 06:23:12,0,3,4,11.0,3632.5,-40000.8,7333.0,27270.0,24.8,0,
2017-12-22 06:23:15,0,3,4,11.0,3631.8,-40001.0,7333.0,27270.0,24.8,0,
2017-12-22 06:23:18,0,3,4,11.1,3631.3,-40000.7,7399.7,27512.1,24.8,0,
2017-12-22 06:23:21,0,3,4,11.1,3630.8,-40000.8,7399.7,27512.1,24.8,0,
2017-12-22 06:23:25,0,3,4,11.2,3630.2,-40000.9,7466.3,27754.2,24.8,0,
2017-12-22 06:23:28,0,3,4,11.2,3629.6,-40001.2,7466.3,27754.2,24.7,0,
2017-12-22 06:23:31,0,3,4,11.3,3629.0,-40000.8,7533.0,27996.2,24.8,0,
2017-12-22 06:23:34,0,3,4,11.3,3628.5,-40000.7,7533.0,27996.2,24.8,0,
2017-12-22 06:23:37,0,3,4,11.4,3628.0,-40000.6,7599.7,28238.1,24.7,0,
2017-12-22 06:23:40,0,3,4,11.4,3627.5,-40000.8,7599.7,28238.1,24.8,0,
2017-12-22 06:23:43,0,3,4,11.5,3626.8,-40000.7,7666.3,28479.9,24.8,0,
2017-12-22 06:23:46,0,3,4,11.6,3626.2,-40001.0,7733.0,28721.7,24.7,0,
2017-12-22 06:23:49,0,3,4,11.6,3625.6,-40000.8,7733.0,28721.7,24.7,0,
2017-12-22 06:23:53,0,3,4,11.7,3625.2,-40001.1,7799.7,28963.3,24.8,0,
2017-12-22 06:23:56,0,3,4,11.7,3624.6,-40000.7,7799.7,28963.3,24.8,0,
2017-12-22 06:23:59,0,3,4,11.8,3624.1,-40001.0,7866.4,29205.0,24.8,0,
2017-12-22 06:24:02,0,3,4,11.8,3623.5,-40001.3,7866.4,29205.0,24.8,0,
2017-12-22 06:24:05,0,3,4,11.9,3622.9,-40001.3,7933.0,29446.5,24.8,0,
2017-12-22 06:24:08,0,3,4,11.9,3622.3,-40001.4,7933.0,29446.5,24.7,0,
2017-12-22 06:24:11,0,3,4,12.0,3621.9,-40001.1,7999.7,29688.0,24.8,0,
2017-12-22 06:24:15,0,3,4,12.0,3621.3,-40001.4,7999.7,29688.0,24.7,0,
2017-12-22 06:24:18,0,3,4,12.1,3620.9,-40001.3,8066.4,29929.4,24.8,0,
2017-12-22 06:24:21,0,3,4,12.1,3620.2,-40001.8,8066.4,29929.4,24.8,0,
2017-12-22 06:24:24,0,3,4,12.2,3619.7,-40001.7,8133.0,30170.8,24.8,0,
2017-12-22 06:24:27,0,3,4,12.2,3619.2,-40001.3,8133.0,30170.8,24.7,0,
2017-12-22 06:24:30,0,3,4,12.3,3618.7,-40001.0,8199.7,30412.1,24.7,0,
2017-12-22 06:24:33,0,3,4,12.3,3618.0,-40001.4,8199.7,30412.1,24.7,0,
2017-12-22 06:24:37,0,3,4,12.4,3617.7,-40000.9,8266.4,30653.3,24.8,0,
2017-12-22 06:24:40,0,3,4,12.4,3617.0,-40001.0,8266.4,30653.3,24.7,0,
2017-12-22 06:24:43,0,3,4,12.5,3616.5,-40001.0,8333.0,30894.4,24.8,0,
2017-12-22 06:24:46,0,3,4,12.5,3615.9,-40001.2,8333.0,30894.4,24.8,0,
2017-12-22 06:24:49,0,3,4,12.6,3615.5,-40001.0,8399.7,31135.5,24.7,0,
2017-12-22 06:24:52,0,3,4,12.7,3614.7,-40000.5,8466.4,31376.5,24.7,0,
2017-12-22 06:24:56,0,3,4,12.7,3614.3,-40001.8,8466.4,31376.5,24.7,0,
2017-12-22 06:24:59,0,3,4,12.8,3613.8,-40001.3,8533.1,31617.4,24.7,0,
2017-12-22 06:25:02,0,3,4,12.8,3613.2,-40001.3,8533.1,31617.4,24.7,0,
2017-12-22 06:25:05,0,3,4,12.9,3612.7,-40001.1,8599.7,31858.3,24.8,0,
2017-12-22 06:25:08,0,3,4,12.9,3612.2,-40001.3,8599.7,31858.3,24.8,0,
2017-12-22 06:25:11,0,3,4,13.0,3611.6,-40000.6,8666.4,32099.1,24.8,0,
2017-12-22 06:25:14,0,3,4,13.0,3611.1,-40001.6,8666.4,32099.1,24.7,0,
2017-12-22 06:25:18,0,3,4,13.1,3610.6,-40000.9,8733.1,32339.8,24.7,0,
2017-12-22 06:25:21,0,3,4,13.1,3610.0,-40000.8,8733.1,32339.8,24.8,0,
2017-12-22 06:25:24,0,3,4,13.2,3609.5,-40001.0,8799.7,32580.5,24.7,0,
2017-12-22 06:25:27,0,3,4,13.2,3609.1,-40001.0,8799.7,32580.5,24.8,0,
2017-12-22 06:25:30,0,3,4,13.3,3608.6,-40001.0,8866.4,32821.1,24.7,0,
2017-12-22 06:25:33,0,3,4,13.3,3608.0,-40000.8,8866.4,32821.1,24.8,0,
2017-12-22 06:25:37,0,3,4,13.4,3607.6,-40000.4,8933.1,33061.6,24.8,0,
2017-12-22 06:25:40,0,3,4,13.4,3607.0,-40000.5,8933.1,33061.6,24.8,0,
2017-12-22 06:25:43,0,3,4,13.5,3606.5,-40000.6,8999.7,33302.1,24.8,0,
2017-12-22 06:25:46,0,3,4,13.5,3605.9,-40000.5,8999.7,33302.1,24.8,0,
2017-12-22 06:25:49,0,3,4,13.6,3605.5,-40000.3,9066.4,33542.5,24.8,0,
2017-12-22 06:25:52,0,3,4,13.7,3605.0,-40001.0,9133.1,33782.8,24.7,0,
2017-12-22 06:25:56,0,3,4,13.7,3604.5,-40001.0,9133.1,33782.8,24.8,0,
2017-12-22 06:25:59,0,3,4,13.8,3603.9,-40001.0,9199.8,34023.1,24.8,0,
2017-12-22 06:26:02,0,3,4,13.8,3603.5,-40000.7,9199.8,34023.1,24.8,0,
2017-12-22 06:26:05,0,3,4,13.9,3602.9,-40000.7,9266.4,34263.3,24.8,0,
2017-12-22 06:26:08,0,3,4,13.9,3602.5,-40001.0,9266.4,34263.3,24.8,0,
2017-12-22 06:26:11,0,3,4,14.0,3602.0,-40001.0,9333.1,34503.5,24.8,0,
2017-12-22 06:26:14,0,3,4,14.0,3601.4,-40000.8,9333.1,34503.5,24.8,0,
2017-12-22 06:26:18,0,3,4,14.1,3600.9,-40000.7,9399.8,34743.6,24.8,0,
2017-12-22 06:26:21,0,3,4,14.1,3600.3,-40000.6,9399.8,34743.6,24.8,0,
2017-12-22 06:26:24,0,3,4,14.2,3599.8,-40001.0,9466.4,34983.6,24.8,0,
2017-12-22 06:26:27,0,3,4,14.2,3599.5,-40000.5,9466.4,34983.6,24.8,0,
2017-12-22 06:26:30,0,3,4,14.3,3598.9,-40000.8,9533.1,35223.5,24.8,0,
2017-12-22 06:26:33,0,3,4,14.3,3598.3,-40000.8,9533.1,35223.5,24.8,0,
2017-12-22 06:26:36,0,3,4,14.4,3597.9,-40000.9,9599.8,35463.4,24.8,0,
2017-12-22 06:26:39,0,3,4,14.4,3597.4,-40000.7,9599.8,35463.4,24.8,0,
2017-12-22 06:26:43,0,3,4,14.5,3596.8,-40000.5,9666.4,35703.3,24.8,0,
2017-12-22 06:26:46,0,3,4,14.5,3596.5,-40000.6,9666.4,35703.3,24.8,0,
2017-12-22 06:26:49,0,3,4,14.6,3595.9,-40000.4,9733.1,35943.0,24.8,0,
2017-12-22 06:26:52,0,3,4,14.6,3595.4,-40000.3,9733.1,35943.0,24.8,0,
2017-12-22 06:26:55,0,3,4,14.7,3594.9,-40000.0,9799.8,36182.7,24.8,0,
2017-12-22 06:26:58,0,3,4,14.8,3594.5,-40000.4,9866.4,36422.3,24.9,0,
2017-12-22 06:27:01,0,3,4,14.8,3594.1,-40000.2,9866.4,36422.3,24.8,0,
2017-12-22 06:27:04,0,3,4,14.9,3593.4,-40000.7,9933.1,36661.9,24.9,0,
2017-12-22 06:27:08,0,3,4,14.9,3593.0,-40000.2,9933.1,36661.9,24.9,0,
2017-12-22 06:27:11,0,3,4,15.0,3592.5,-40000.1,9999.8,36901.4,24.9,0,
2017-12-22 06:27:14,0,3,4,15.0,3592.0,-40000.3,9999.8,36901.4,24.9,0,
2017-12-22 06:27:17,0,3,4,15.1,3591.6,-40000.7,10066.5,37140.9,24.9,0,
2017-12-22 06:27:20,0,3,4,15.1,3591.1,-40000.7,10066.5,37140.9,24.9,0,
2017-12-22 06:27:23,0,3,4,15.2,3590.6,-40000.7,10133.1,37380.3,24.9,0,
2017-12-22 06:27:26,0,3,4,15.2,3590.0,-40000.8,10133.1,37380.3,24.9,0,
2017-12-22 06:27:30,0,3,4,15.3,3589.6,-40000.1,10199.8,37619.6,24.9,0,
2017-12-22 06:27:33,0,3,4,15.3,3589.0,-40000.2,10199.8,37619.6,24.9,0,
2017-12-22 06:27:36,0,3,4,15.4,3588.5,-40000.1,10266.5,37858.8,24.8,0,
2017-12-22 06:27:39,0,3,4,15.4,3588.1,-40000.3,10266.5,37858.8,24.9,0,
2017-12-22 06:27:42,0,3,4,15.5,3587.6,-40000.0,10333.1,38098.0,24.8,0,
2017-12-22 06:27:45,0,3,4,15.5,3587.1,-40000.7,10333.1,38098.0,24.8,0,
2017-12-22 06:27:48,0,3,4,15.6,3586.6,-40000.5,10399.8,38337.2,24.8,0,
2017-12-22 06:27:51,0,3,4,15.6,3586.2,-40000.3,10399.8,38337.2,24.8,0,
2017-12-22 06:27:54,0,3,4,15.7,3585.7,-40000.5,10466.5,38576.2,24.8,0,
2017-12-22 06:27:58,0,3,4,15.7,3585.2,-40000.2,10466.5,38576.2,24.9,0,
2017-12-22 06:28:01,0,3,4,15.8,3584.8,-40000.3,10533.1,38815.2,24.8,0,
2017-12-22 06:28:04,0,3,4,15.8,3584.1,-40000.0,10533.1,38815.2,24.8,0,
2017-12-22 06:28:07,0,3,4,15.9,3583.8,-40000.1,10599.8,39054.2,24.8,0,
2017-12-22 06:28:10,0,3,4,16.0,3583.2,-40000.3,10666.5,39293.1,24.8,0,
2017-12-22 06:28:13,0,3,4,16.0,3582.8,-40000.2,10666.5,39293.1,24.8,0,
2017-12-22 06:28:17,0,3,4,16.1,3582.3,-40000.3,10733.1,39531.9,24.8,0,
2017-12-22 06:28:20,0,3,4,16.1,3581.8,-40000.4,10733.1,39531.9,24.8,0,
2017-12-22 06:28:23,0,3,4,16.2,3581.3,-40000.0,10799.8,39770.6,24.8,0,
2017-12-22 06:28:26,0,3,4,16.2,3580.9,-40000.3,10799.8,39770.6,24.9,0,
2017-12-22 06:28:29,0,3,4,16.3,3580.3,-40000.1,10866.5,40009.3,24.9,0,
2017-12-22 06:28:32,0,3,4,16.3,3579.9,-40000.3,10866.5,40009.3,24.9,0,
2017-12-22 06:28:35,0,3,4,16.4,3579.4,-40000.1,10933.1,40248.0,24.9,0,
2017-12-22 06:28:38,0,3,4,16.4,3578.9,-40000.1,10933.1,40248.0,24.9,0,
2017-12-22 06:28:42,0,3,4,16.5,3578.3,-39999.8,10999.8,40486.6,24.9,0,
2017-12-22 06:28:45,0,3,4,16.5,3577.9,-40000.0,10999.8,40486.6,24.9,0,
2017-12-22 06:28:48,0,3,4,16.6,3577.4,-40000.3,11066.5,40725.1,24.9,0,
2017-12-22 06:28:51,0,3,4,16.6,3577.0,-39999.7,11066.5,40725.1,24.9,0,
2017-12-22 06:28:54,0,3,4,16.7,3576.5,-40000.0,11133.1,40963.5,24.9,0,
2017-12-22 06:28:57,0,3,4,16.7,3576.0,-39999.7,11133.1,40963.5,24.9,0,
2017-12-22 06:29:00,0,3,4,16.8,3575.6,-39999.5,11199.8,41201.9,24.9,0,
2017-12-22 06:29:04,0,3,4,16.8,3575.0,-40000.7,11199.8,41201.9,24.9,0,
2017-12-22 06:29:07,0,3,4,16.9,3574.6,-40000.3,11266.5,41440.3,24.9,0,
2017-12-22 06:29:10,0,3,4,16.9,3574.0,-40000.3,11266.5,41440.3,24.9,0,
2017-12-22 06:29:13,0,3,4,17.0,3573.6,-40000.2,11333.1,41678.5,24.9,0,
2017-12-22 06:29:16,0,3,4,17.1,3573.0,-40000.0,11399.8,41916.7,24.9,0,
2017-12-22 06:29:20,0,3,4,17.1,3572.6,-40000.0,11399.8,41916.7,24.9,0,
2017-12-22 06:29:23,0,3,4,17.2,3572.1,-39999.8,11466.5,42154.9,24.9,0,
2017-12-22 06:29:26,0,3,4,17.2,3571.8,-40000.1,11466.5,42154.9,24.9,0,
2017-12-22 06:29:29,0,3,4,17.3,3571.1,-40000.2,11533.1,42393.0,24.9,0,
2017-12-22 06:29:32,0,3,4,17.3,3570.7,-39999.7,11533.1,42393.0,24.9,0,
2017-12-22 06:29:35,0,3,4,17.4,3570.2,-39999.6,11599.8,42631.0,24.9,0,
2017-12-22 06:29:38,0,3,4,17.4,3569.8,-39999.8,11599.8,42631.0,24.9,0,
2017-12-22 06:29:41,0,3,4,17.5,3569.3,-39999.6,11666.5,42868.9,24.8,0,
2017-12-22 06:29:44,0,3,4,17.5,3568.8,-39999.8,11666.5,42868.9,24.9,0,
2017-12-22 06:29:47,0,3,4,17.6,3568.3,-39999.7,11733.1,43106.8,24.9,0,
2017-12-22 06:29:50,0,3,4,17.6,3567.9,-39999.8,11733.1,43106.8,24.9,0,
2017-12-22 06:29:54,0,3,4,17.7,3567.4,-39999.8,11799.8,43344.7,25.0,0,
2017-12-22 06:29:57,0,3,4,17.7,3566.8,-40000.0,11799.8,43344.7,24.9,0,
2017-12-22 06:30:00,0,3,4,17.8,3566.5,-39999.9,11866.5,43582.5,24.9,0,
2017-12-22 06:30:03,0,3,4,17.8,3565.9,-39999.7,11866.5,43582.5,24.9,0,
2017-12-22 06:30:06,0,3,4,17.9,3565.4,-40000.0,11933.1,43820.2,24.9,0,
2017-12-22 06:30:09,0,3,4,17.9,3565.0,-39999.8,11933.1,43820.2,24.9,0,
2017-12-22 06:30:12,0,3,4,18.0,3564.6,-40000.5,11999.8,44057.8,24.9,0,
2017-12-22 06:30:16,0,3,4,18.0,3563.9,-40000.0,11999.8,44057.8,25.0,0,
2017-12-22 06:30:19,0,3,4,18.1,3563.5,-40000.1,12066.5,44295.4,24.9,0,
2017-12-22 06:30:22,0,3,4,18.1,3563.1,-40000.0,12066.5,44295.4,24.9,0,
2017-12-22 06:30:25,0,3,4,18.2,3562.6,-40000.3,12133.1,44532.9,25.0,0,
2017-12-22 06:30:28,0,3,4,18.2,3562.1,-40000.1,12133.1,44532.9,25.0,0,
2017-12-22 06:30:31,0,3,4,18.3,3561.7,-39999.8,12199.8,44770.4,25.0,0,
2017-12-22 06:30:34,0,3,4,18.4,3561.1,-39999.6,12266.5,45007.8,25.0,0,
2017-12-22 06:30:38,0,3,4,18.4,3560.7,-39999.5,12266.5,45007.8,25.0,0,
2017-12-22 06:30:41,0,3,4,18.5,3560.1,-40000.1,12333.1,45245.2,25.0,0,
2017-12-22 06:30:44,0,3,4,18.5,3559.6,-40000.0,12333.1,45245.2,25.0,0,
2017-12-22 06:30:47,0,3,4,18.6,3559.2,-40000.2,12399.8,45482.5,25.0,0,
2017-12-22 06:30:50,0,3,4,18.6,3558.7,-39999.5,12399.8,45482.5,25.0,0,
2017-12-22 06:30:53,0,3,4,18.7,3558.2,-39999.3,12466.5,45719.7,25.0,0,
2017-12-22 06:30:56,0,3,4,18.7,3557.8,-39999.5,12466.5,45719.7,25.0,0,
2017-12-22 06:31:00,0,3,4,18.8,3557.2,-39999.7,12533.1,45956.9,25.0,0,
2017-12-22 06:31:03,0,3,4,18.8,3556.8,-40000.0,12533.1,45956.9,25.0,0,
2017-12-22 06:31:06,0,3,4,18.9,3556.3,-40000.0,12599.8,46193.9,25.0,0,
2017-12-22 06:31:09,0,3,4,18.9,3555.7,-39999.8,12599.8,46193.9,25.0,0,
2017-12-22 06:31:12,0,3,4,19.0,3555.3,-40000.1,12666.5,46431.0,25.0,0,
2017-12-22 06:31:15,0,3,4,19.0,3554.8,-39999.7,12666.5,46431.0,25.0,0,
2017-12-22 06:31:18,0,3,4,19.1,3554.4,-40000.2,12733.1,46668.0,24.9,0,
2017-12-22 06:31:21,0,3,4,19.1,3553.8,-40000.1,12733.1,46668.0,24.9,0,
2017-12-22 06:31:25,0,3,4,19.2,3553.5,-40000.0,12799.8,46904.9,24.9,0,
2017-12-22 06:31:28,0,3,4,19.2,3552.8,-39999.6,12799.8,46904.9,24.9,0,
2017-12-22 06:31:31,0,3,4,19.3,3552.4,-39999.8,12866.5,47141.7,24.9,0,
2017-12-22 06:31:34,0,3,4,19.4,3552.0,-40000.0,12933.1,47378.5,24.9,0,
2017-12-22 06:31:37,0,3,4,19.4,3551.4,-40000.0,12933.1,47378.5,24.9,0,
2017-12-22 06:31:41,0,3,4,19.5,3551.0,-39999.2,12999.8,47615.3,24.9,0,
2017-12-22 06:31:44,0,3,4,19.5,3550.4,-40000.1,12999.8,47615.3,24.9,0,
2017-12-22 06:31:47,0,3,4,19.6,3550.0,-39999.8,13066.5,47851.9,24.9,0,
2017-12-22 06:31:50,0,3,4,19.6,3549.6,-39999.5,13066.5,47851.9,25.0,0,
2017-12-22 06:31:53,0,3,4,19.7,3549.0,-40000.3,13133.1,48088.6,25.0,0,
2017-12-22 06:31:56,0,3,4,19.7,3548.6,-39999.5,13133.1,48088.6,25.0,0,
2017-12-22 06:31:59,0,3,4,19.8,3548.0,-39999.8,13199.8,48325.1,25.0,0,
2017-12-22 06:32:03,0,3,4,19.8,3547.6,-39999.9,13199.8,48325.1,25.0,0,
2017-12-22 06:32:06,0,3,4,19.9,3547.0,-39999.9,13266.5,48561.6,25.0,0,
2017-12-22 06:32:09,0,3,4,19.9,3546.5,-39999.6,13266.5,48561.6,25.0,0,
2017-12-22 06:32:12,0,3,4,20.0,3545.9,-39999.5,13333.1,48798.0,25.0,0,
2017-12-22 06:32:15,0,3,4,20.0,3545.6,-39999.3,13333.1,48798.0,25.0,0,
2017-12-22 06:32:18,0,3,4,20.1,3545.1,-39999.6,13399.8,49034.3,25.0,0,
2017-12-22 06:32:21,0,3,4,20.1,3544.6,-39999.1,13399.8,49034.3,25.0,0,
2017-12-22 06:32:24,0,3,4,20.2,3544.1,-39999.8,13466.5,49270.6,25.0,0,
2017-12-22 06:32:28,0,3,4,20.2,3543.5,-39999.3,13466.5,49270.6,25.0,0,
2017-12-22 06:32:31,0,3,4,20.3,3543.1,-39999.2,13533.1,49506.8,25.0,0,
2017-12-22 06:32:34,0,3,4,20.3,3542.6,-39999.2,13533.1,49506.8,25.0,0,
2017-12-22 06:32:37,0,3,4,20.4,3542.1,-39998.9,13599.8,49743.0,25.0,0,
2017-12-22 06:32:40,0,3,4,20.4,3541.6,-39999.3,13599.8,49743.0,25.0,0,
2017-12-22 06:32:43,0,3,4,20.5,3541.1,-39999.4,13666.5,49979.1,25.0,0,
2017-12-22 06:32:46,0,3,4,20.6,3540.6,-39999.3,13733.1,50215.1,25.0,0,
2017-12-22 06:32:49,0,3,4,20.6,3540.1,-39999.5,13733.1,50215.1,25.0,0,
2017-12-22 06:32:53,0,3,4,20.7,3539.6,-39999.0,13799.8,50451.1,25.0,0,
2017-12-22 06:32:56,0,3,4,20.7,3539.2,-39999.7,13799.8,50451.1,25.0,0,
2017-12-22 06:32:59,0,3,4,20.8,3538.6,-39999.4,13866.4,50687.0,25.0,0,
2017-12-22 06:33:02,0,3,4,20.8,3538.2,-39999.9,13866.4,50687.0,25.0,0,
2017-12-22 06:33:05,0,3,4,20.9,3537.7,-39999.2,13933.1,50922.8,25.0,0,
2017-12-22 06:33:08,0,3,4,20.9,3537.0,-39999.1,13933.1,50922.8,25.0,0,
2017-12-22 06:33:11,0,3,4,21.0,3536.6,-39999.2,13999.8,51158.6,25.0,0,
2017-12-22 06:33:15,0,3,4,21.0,3536.1,-39999.4,13999.8,51158.6,25.0,0,
2017-12-22 06:33:18,0,3,4,21.1,3535.7,-39999.2,14066.4,51394.3,25.0,0,
2017-12-22 06:33:21,0,3,4,21.1,3535.1,-39999.1,14066.4,51394.3,24.9,0,
2017-12-22 06:33:24,0,3,4,21.2,3534.6,-39999.2,14133.1,51630.0,25.0,0,
2017-12-22 06:33:27,0,3,4,21.2,3534.1,-39999.2,14133.1,51630.0,24.9,0,
2017-12-22 06:33:30,0,3,4,21.3,3533.6,-39999.0,14199.8,51865.6,24.9,0,
2017-12-22 06:33:34,0,3,4,21.3,3533.1,-39999.1,14199.8,51865.6,24.9,0,
2017-12-22 06:33:37,0,3,4,21.4,3532.7,-39999.3,14266.4,52101.1,24.9,0,
2017-12-22 06:33:40,0,3,4,21.4,3532.1,-39999.4,14266.4,52101.1,24.9,0,
2017-12-22 06:33:43,0,3,4,21.5,3531.7,-39999.5,14333.1,52336.6,25.0,0,
2017-12-22 06:33:46,0,3,4,21.5,3531.2,-39999.3,14333.1,52336.6,24.9,0,
2017-12-22 06:33:49,0,3,4,21.6,3530.5,-39999.0,14399.8,52571.9,24.9,0,
2017-12-22 06:33:52,0,3,4,21.7,3530.2,-39999.1,14466.4,52807.3,25.0,0,
2017-12-22 06:33:55,0,3,4,21.7,3529.7,-39999.3,14466.4,52807.3,25.0,0,
2017-12-22 06:33:59,0,3,4,21.8,3529.0,-39999.0,14533.1,53042.5,25.0,0,
2017-12-22 06:34:02,0,3,4,21.8,3528.5,-39999.5,14533.1,53042.5,25.0,0,
2017-12-22 06:34:05,0,3,4,21.9,3528.0,-39999.4,14599.7,53277.7,25.0,0,
2017-12-22 06:34:08,0,3,4,21.9,3527.6,-39999.5,14599.7,53277.7,25.0,0,
2017-12-22 06:34:11,0,3,4,22.0,3527.1,-39999.6,14666.4,53512.9,25.0,0,
2017-12-22 06:34:14,0,3,4,22.0,3526.5,-39999.6,14666.4,53512.9,25.0,0,
2017-12-22 06:34:17,0,3,4,22.1,3526.0,-39999.6,14733.1,53748.0,25.0,0,
2017-12-22 06:34:21,0,3,4,22.1,3525.6,-39999.9,14733.1,53748.0,25.0,0,
2017-12-22 06:34:24,0,3,4,22.2,3525.0,-39999.2,14799.7,53983.0,25.0,0,
2017-12-22 06:34:27,0,3,4,22.2,3524.5,-39999.5,14799.7,53983.0,25.0,0,
2017-12-22 06:34:30,0,3,4,22.3,3524.1,-39999.7,14866.4,54217.9,25.0,0,
2017-12-22 06:34:33,0,3,4,22.3,3523.5,-39999.0,14866.4,54217.9,25.0,0,
2017-12-22 06:34:36,0,3,4,22.4,3522.9,-39999.2,14933.1,54452.8,25.0,0,
2017-12-22 06:34:39,0,3,4,22.4,3522.5,-39998.5,14933.1,54452.8,25.0,0,
2017-12-22 06:34:43,0,3,4,22.5,3521.9,-39998.9,14999.7,54687.6,25.0,0,
2017-12-22 06:34:46,0,3,4,22.5,3521.3,-39999.3,14999.7,54687.6,25.0,0,
2017-12-22 06:34:49,0,3,4,22.6,3520.9,-39999.0,15066.4,54922.3,25.0,0,
2017-12-22 06:34:52,0,3,4,22.6,3520.3,-39999.6,15066.4,54922.3,25.0,0,
2017-12-22 06:34:55,0,3,4,22.7,3519.9,-39999.3,15133.1,55157.0,25.0,0,
2017-12-22 06:34:58,0,3,4,22.8,3519.3,-39999.2,15199.7,55391.6,25.0,0,
2017-12-22 06:35:01,0,3,4,22.8,3518.9,-39999.3,15199.7,55391.6,25.0,0,
2017-12-22 06:35:04,0,3,4,22.9,3518.3,-39999.2,15266.4,55626.2,25.0,0,
2017-12-22 06:35:08,0,3,4,22.9,3517.8,-39999.1,15266.4,55626.2,25.0,0,
2017-12-22 06:35:11,0,3,4,23.0,3517.2,-39999.3,15333.1,55860.7,25.0,0,
2017-12-22 06:35:14,0,3,4,23.0,3516.7,-39999.1,15333.1,55860.7,25.0,0,
2017-12-22 06:35:17,0,3,4,23.1,3516.1,-39999.4,15399.7,56095.1,25.0,0,
2017-12-22 06:35:20,0,3,4,23.1,3515.7,-39998.5,15399.7,56095.1,25.0,0,
2017-12-22 06:35:23,0,3,4,23.2,3515.2,-39999.2,15466.4,56329.4,25.0,0,
2017-12-22 06:35:26,0,3,4,23.2,3514.7,-39998.5,15466.4,56329.4,25.0,0,
2017-12-22 06:35:30,0,3,4,23.3,3514.0,-39999.4,15533.0,56563.7,25.0,0,
2017-12-22 06:35:33,0,3,4,23.3,3513.6,-39999.0,15533.0,56563.7,25.0,0,
2017-12-22 06:35:36,0,3,4,23.4,3513.0,-39999.2,15599.7,56797.9,25.0,0,
2017-12-22 06:35:39,0,3,4,23.4,3512.6,-39998.7,15599.7,56797.9,25.0,0,
2017-12-22 06:35:42,0,3,4,23.5,3511.9,-39999.2,15666.4,57032.1,25.0,0,
2017-12-22 06:35:45,0,3,4,23.5,3511.5,-39999.1,15666.4,57032.1,25.0,0,
2017-12-22 06:35:48,0,3,4,23.6,3510.9,-39999.2,15733.0,57266.1,25.0,0,
2017-12-22 06:35:52,0,3,4,23.6,3510.5,-39999.1,15733.0,57266.1,25.0,0,
2017-12-22 06:35:55,0,3,4,23.7,3509.9,-39998.8,15799.7,57500.1,25.0,0,
2017-12-22 06:35:58,0,3,4,23.7,3509.4,-39998.7,15799.7,57500.1,25.0,0,
2017-12-22 06:36:01,0,3,4,23.8,3508.8,-39999.0,15866.4,57734.1,25.0,0,
2017-12-22 06:36:04,0,3,4,23.9,3508.3,-39999.2,15933.0,57967.9,25.0,0,
2017-12-22 06:36:07,0,3,4,23.9,3507.7,-39999.1,15933.0,57967.9,25.0,0,
2017-12-22 06:36:10,0,3,4,24.0,3507.2,-39999.5,15999.7,58201.8,25.0,0,
2017-12-22 06:36:14,0,3,4,24.0,3506.6,-39999.2,15999.7,58201.8,25.0,0,
2017-12-22 06:36:17,0,3,4,24.1,3506.2,-39999.6,16066.4,58435.5,25.0,0,
2017-12-22 06:36:20,0,3,4,24.1,3505.6,-39999.0,16066.4,58435.5,25.1,0,
2017-12-22 06:36:23,0,3,4,24.2,3505.1,-39998.8,16133.0,58669.2,25.1,0,
2017-12-22 06:36:26,0,3,4,24.2,3504.6,-39999.2,16133.0,58669.2,25.1,0,
2017-12-22 06:36:29,0,3,4,24.3,3504.0,-39998.7,16199.7,58902.8,25.1,0,
2017-12-22 06:36:32,0,3,4,24.3,3503.4,-39999.0,16199.7,58902.8,25.1,0,
2017-12-22 06:36:36,0,3,4,24.4,3503.0,-39999.5,16266.3,59136.3,25.1,0,
2017-12-22 06:36:39,0,3,4,24.4,3502.3,-39999.2,16266.3,59136.3,25.1,0,
2017-12-22 06:36:42,0,3,4,24.5,3501.9,-39999.1,16333.0,59369.7,25.1,0,
2017-12-22 06:36:45,0,3,4,24.5,3501.2,-39999.2,16333.0,59369.7,25.0,0,
2017-12-22 06:36:48,0,3,4,24.6,3500.7,-39999.2,16399.7,59603.1,25.1,0,
2017-12-22 06:36:51,0,3,4,24.6,3500.1,-39999.0,16399.7,59603.1,25.0,0,
2017-12-22 06:36:54,0,3,4,24.7,3499.6,-39999.2,16466.3,59836.5,25.0,0,
2017-12-22 06:36:57,0,3,4,24.7,3499.0,-39999.0,16466.3,59836.5,25.0,0,
2017-12-22 06:37:01,0,3,4,24.8,3498.5,-39999.2,16533.0,60069.7,25.0,0,
2017-12-22 06:37:04,0,3,4,24.8,3497.8,-39999.0,16533.0,60069.7,25.0,0,
2017-12-22 06:37:07,0,3,4,24.9,3497.4,-39999.2,16599.7,60302.9,25.0,0,
2017-12-22 06:37:10,0,3,4,24.9,3496.8,-39999.1,16599.7,60302.9,25.0,0,
2017-12-22 06:37:13,0,3,4,25.0,3496.2,-39999.1,16666.3,60536.0,25.0,0,
2017-12-22 06:37:16,0,3,4,25.1,3495.7,-39999.2,16733.0,60769.0,25.1,0,
2017-12-22 06:37:19,0,3,4,25.1,3495.1,-39998.7,16733.0,60769.0,25.1,0,
2017-12-22 06:37:23,0,3,4,25.2,3494.6,-39999.0,16799.7,61002.0,25.0,0,
2017-12-22 06:37:26,0,3,4,25.2,3494.0,-39999.0,16799.7,61002.0,25.0,0,
2017-12-22 06:37:29,0,3,4,25.3,3493.5,-39998.7,16866.3,61234.9,25.1,0,
2017-12-22 06:37:32,0,3,4,25.3,3492.8,-39998.3,16866.3,61234.9,25.0,0,
2017-12-22 06:37:35,0,3,4,25.4,3492.4,-39998.7,16933.0,61467.7,25.1,0,
2017-12-22 06:37:38,0,3,4,25.4,3491.6,-39998.8,16933.0,61467.7,25.0,0,
2017-12-22 06:37:41,0,3,4,25.5,3491.2,-39998.5,16999.6,61700.4,25.0,0,
2017-12-22 06:37:44,0,3,4,25.5,3490.6,-39998.5,16999.6,61700.4,25.0,0,
2017-12-22 06:37:48,0,3,4,25.6,3490.1,-39998.0,17066.3,61933.1,25.0,0,
2017-12-22 06:37:51,0,3,4,25.6,3489.5,-39998.6,17066.3,61933.1,25.0,0,
2017-12-22 06:37:54,0,3,4,25.7,3488.9,-39998.5,17133.0,62165.7,25.0,0,
2017-12-22 06:37:57,0,3,4,25.7,3488.2,-39998.1,17133.0,62165.7,25.0,0,
2017-12-22 06:38:00,0,3,4,25.8,3487.7,-39998.2,17199.6,62398.2,25.0,0,
2017-12-22 06:38:03,0,3,4,25.8,3487.1,-39998.3,17199.6,62398.2,25.0,0,
2017-12-22 06:38:06,0,3,4,25.9,3486.5,-39998.3,17266.3,62630.7,25.0,0,
2017-12-22 06:38:10,0,3,4,25.9,3485.9,-39998.5,17266.3,62630.7,25.0,0,
2017-12-22 06:38:13,0,3,4,26.0,3485.4,-39998.3,17332.9,62863.0,25.0,0,
2017-12-22 06:38:16,0,3,4,26.0,3484.7,-39998.4,17332.9,62863.0,25.0,0,
2017-12-22 06:38:19,0,3,4,26.1,3484.1,-39998.5,17399.6,63095.3,25.0,0,
2017-12-22 06:38:22,0,3,4,26.2,3483.3,-39998.4,17466.3,63327.5,25.0,0,
2017-12-22 06:38:25,0,3,4,26.2,3483.0,-39998.2,17466.3,63327.5,25.0,0,
2017-12-22 06:38:29,0,3,4,26.3,3482.2,-39998.2,17532.9,63559.6,25.0,0,
2017-12-22 06:38:32,0,3,4,26.3,3481.7,-39998.0,17532.9,63559.6,25.0,0,
2017-12-22 06:38:35,0,3,4,26.4,3481.0,-39998.0,17599.6,63791.7,25.0,0,
2017-12-22 06:38:38,0,3,4,26.4,3480.5,-39998.2,17599.6,63791.7,25.0,0,
2017-12-22 06:38:41,0,3,4,26.5,3479.8,-39998.3,17666.3,64023.7,25.0,0,
2017-12-22 06:38:44,0,3,4,26.5,3479.2,-39998.5,17666.3,64023.7,25.0,0,
2017-12-22 06:38:47,0,3,4,26.6,3478.5,-39998.2,17732.9,64255.6,25.0,0,
2017-12-22 06:38:50,0,3,4,26.6,3477.9,-39998.4,17732.9,64255.6,25.0,0,
2017-12-22 06:38:54,0,3,4,26.7,3477.3,-39998.7,17799.6,64487.4,25.0,0,
2017-12-22 06:38:57,0,3,4,26.7,3476.6,-39998.6,17799.6,64487.4,25.0,0,
2017-12-22 06:39:00,0,3,4,26.8,3476.1,-39998.2,17866.2,64719.1,25.0,0,
2017-12-22 06:39:03,0,3,4,26.8,3475.4,-39998.4,17866.2,64719.1,25.0,0,
2017-12-22 06:39:06,0,3,4,26.9,3474.6,-39998.5,17932.9,64950.8,25.0,0,
2017-12-22 06:39:09,0,3,4,26.9,3474.1,-39998.0,17932.9,64950.8,25.0,0,
2017-12-22 06:39:12,0,3,4,27.0,3473.3,-39998.2,17999.6,65182.3,25.0,0,
2017-12-22 06:39:16,0,3,4,27.0,3472.8,-39998.5,17999.6,65182.3,25.0,0,
2017-12-22 06:39:19,0,3,4,27.1,3472.2,-39998.3,18066.2,65413.8,25.0,0,
2017-12-22 06:39:22,0,3,4,27.1,3471.5,-39998.3,18066.2,65413.8,25.0,0,
2017-12-22 06:39:25,0,3,4,27.2,3470.8,-39998.5,18132.9,65645.2,25.0,0,
2017-12-22 06:39:28,0,3,4,27.3,3470.1,-39998.0,18199.5,65876.5,25.0,0,
2017-12-22 06:39:31,0,3,4,27.3,3469.4,-39998.3,18199.5,65876.5,25.0,0,
2017-12-22 06:39:35,0,3,4,27.4,3468.7,-39998.2,18266.2,66107.7,25.0,0,
2017-12-22 06:39:38,0,3,4,27.4,3468.1,-39998.0,18266.2,66107.7,25.0,0,
2017-12-22 06:39:41,0,3,4,27.5,3467.4,-39998.0,18332.9,66338.9,25.0,0,
2017-12-22 06:39:44,0,3,4,27.5,3466.7,-39998.3,18332.9,66338.9,25.0,0,
2017-12-22 06:39:47,0,3,4,27.6,3466.0,-39998.2,18399.5,66569.9,25.0,0,
2017-12-22 06:39:50,0,3,4,27.6,3465.2,-39998.8,18399.5,66569.9,25.0,0,
2017-12-22 06:39:54,0,3,4,27.7,3464.4,-39998.5,18466.2,66800.9,25.0,0,
2017-12-22 06:39:57,0,3,4,27.7,3463.8,-39998.3,18466.2,66800.9,25.0,0,
2017-12-22 06:40:00,0,3,4,27.8,3463.0,-39998.0,18532.8,67031.8,25.0,0,
2017-12-22 06:40:03,0,3,4,27.8,3462.4,-39998.6,18532.8,67031.8,25.0,0,
2017-12-22 06:40:06,0,3,4,27.9,3461.7,-39998.3,18599.5,67262.6,25.0,0,
2017-12-22 06:40:09,0,3,4,27.9,3460.9,-39998.2,18599.5,67262.6,25.0,0,
2017-12-22 06:40:12,0,3,4,28.0,3460.2,-39998.0,18666.2,67493.3,25.0,0,
2017-12-22 06:40:16,0,3,4,28.0,3459.5,-39997.8,18666.2,67493.3,25.0,0,
2017-12-22 06:40:19,0,3,4,28.1,3458.8,-39998.0,18732.8,67723.9,25.0,0,
2017-12-22 06:40:22,0,3,4,28.1,3458.0,-39997.7,18732.8,67723.9,25.0,0,
2017-12-22 06:40:25,0,3,4,28.2,3457.3,-39998.1,18799.5,67954.4,25.0,0,
2017-12-22 06:40:28,0,3,4,28.2,3456.5,-39998.2,18799.5,67954.4,25.0,0,
2017-12-22 06:40:31,0,3,4,28.3,3455.9,-39997.9,18866.1,68184.8,25.0,0,
2017-12-22 06:40:34,0,3,4,28.4,3455.0,-39997.8,18932.8,68415.1,25.0,0,
2017-12-22 06:40:37,0,3,4,28.4,3454.4,-39997.5,18932.8,68415.1,25.1,0,
2017-12-22 06:40:40,0,3,4,28.5,3453.6,-39997.9,18999.5,68645.3,25.0,0,
2017-12-22 06:40:44,0,3,4,28.5,3452.9,-39997.9,18999.5,68645.3,25.1,0,
2017-12-22 06:40:47,0,3,4,28.6,3452.1,-40000.6,19066.1,68875.4,25.0,0,
2017-12-22 06:40:50,0,3,4,28.6,3451.3,-40000.9,19066.1,68875.4,25.0,0,
2017-12-22 06:40:53,0,3,4,28.7,3450.4,-40001.0,19132.8,69105.5,25.0,0,
2017-12-22 06:40:56,0,3,4,28.7,3449.7,-40000.4,19132.8,69105.5,25.0,0,
2017-12-22 06:40:59,0,3,4,28.8,3448.9,-40000.6,19199.5,69335.4,25.1,0,
2017-12-22 06:41:03,0,3,4,28.8,3448.2,-40000.4,19199.5,69335.4,25.1,0,
2017-12-22 06:41:06,0,3,4,28.9,3447.3,-40000.7,19266.1,69565.3,25.0,0,
2017-12-22 06:41:09,0,3,4,28.9,3446.5,-40000.8,19266.1,69565.3,25.1,0,
2017-12-22 06:41:12,0,3,4,29.0,3445.8,-40000.9,19332.8,69795.1,25.1,0,
2017-12-22 06:41:15,0,3,4,29.0,3445.0,-40000.7,19332.8,69795.1,25.1,0,
2017-12-22 06:41:18,0,3,4,29.1,3444.1,-40001.0,19399.5,70024.7,25.1,0,
2017-12-22 06:41:21,0,3,4,29.1,3443.5,-40000.4,19399.5,70024.7,25.1,0,
2017-12-22 06:41:25,0,3,4,29.2,3442.6,-40000.2,19466.1,70254.3,25.1,0,
2017-12-22 06:41:28,0,3,4,29.2,3441.8,-40000.5,19466.1,70254.3,25.1,0,
2017-12-22 06:41:31,0,3,4,29.3,3441.0,-40000.2,19532.8,70483.7,25.1,0,
2017-12-22 06:41:34,0,3,4,29.3,3440.2,-40000.8,19532.8,70483.7,25.1,0,
2017-12-22 06:41:37,0,3,4,29.4,3439.3,-40000.7,19599.5,70713.0,25.1,0,
2017-12-22 06:41:40,0,3,4,29.5,3438.5,-40001.0,19666.2,70942.3,25.1,0,
2017-12-22 06:41:43,0,3,4,29.5,3437.7,-40000.3,19666.2,70942.3,25.1,0,
2017-12-22 06:41:47,0,3,4,29.6,3436.9,-40000.3,19732.8,71171.4,25.1,0,
2017-12-22 06:41:50,0,3,4,29.6,3435.9,-40000.9,19732.8,71171.4,25.1,0,
2017-12-22 06:41:53,0,3,4,29.7,3435.1,-40000.9,19799.5,71400.4,25.0,0,
2017-12-22 06:41:56,0,3,4,29.7,3434.2,-40000.7,19799.5,71400.4,25.0,0,
2017-12-22 06:41:59,0,3,4,29.8,3433.4,-40000.8,19866.2,71629.3,25.0,0,
2017-12-22 06:42:02,0,3,4,29.8,3432.5,-40000.5,19866.2,71629.3,25.0,0,
2017-12-22 06:42:05,0,3,4,29.9,3431.7,-40001.0,19932.8,71858.2,25.1,0,
2017-12-22 06:42:09,0,3,4,29.9,3430.9,-40000.6,19932.8,71858.2,25.0,0,
2017-12-22 06:42:12,0,3,4,30.0,3430.0,-40000.4,19999.5,72086.9,25.1,0,
2017-12-22 06:42:15,0,3,4,30.0,3429.1,-40000.5,19999.5,72086.9,25.1,0,
2017-12-22 06:42:18,0,3,4,30.1,3428.2,-40000.3,20066.2,72315.4,25.1,0,
2017-12-22 06:42:21,0,3,4,30.1,3427.3,-40000.5,20066.2,72315.4,25.1,0,
2017-12-22 06:42:24,0,3,4,30.2,3426.5,-40000.3,20132.8,72543.9,25.1,0,
2017-12-22 06:42:28,0,3,4,30.2,3425.4,-40000.3,20132.8,72543.9,25.1,0,
2017-12-22 06:42:31,0,3,4,30.3,3424.5,-40000.9,20199.5,72772.3,25.1,0,
2017-12-22 06:42:34,0,3,4,30.3,3423.6,-40000.8,20199.5,72772.3,25.1,0,
2017-12-22 06:42:37,0,3,4,30.4,3422.8,-40000.6,20266.2,73000.5,25.1,0,
2017-12-22 06:42:40,0,3,4,30.4,3421.8,-40000.7,20266.2,73000.5,25.1,0,
2017-12-22 06:42:43,0,3,4,30.5,3420.8,-40000.3,20332.8,73228.6,25.1,0,
2017-12-22 06:42:46,0,3,4,30.6,3419.8,-40001.0,20399.5,73456.6,25.1,0,
2017-12-22 06:42:49,0,3,4,30.6,3419.0,-40000.6,20399.5,73456.6,25.1,0,
2017-12-22 06:42:53,0,3,4,30.7,3417.9,-40000.0,20466.2,73684.5,25.1,0,
2017-12-22 06:42:56,0,3,4,30.7,3417.0,-40000.2,20466.2,73684.5,25.1,0,
2017-12-22 06:42:59,0,3,4,30.8,3415.9,-40000.0,20532.8,73912.2,25.1,0,
2017-12-22 06:43:02,0,3,4,30.8,3415.0,-40000.5,20532.8,73912.2,25.1,0,
2017-12-22 06:43:05,0,3,4,30.9,3414.0,-39999.8,20599.5,74139.8,25.1,0,
2017-12-22 06:43:08,0,3,4,30.9,3413.0,-40000.2,20599.5,74139.8,25.1,0,
2017-12-22 06:43:11,0,3,4,31.0,3411.8,-40000.3,20666.2,74367.3,25.1,0,
2017-12-22 06:43:15,0,3,4,31.0,3411.0,-40000.0,20666.2,74367.3,25.1,0,
2017-12-22 06:43:18,0,3,4,31.1,3409.8,-40000.3,20732.8,74594.7,25.1,0,
2017-12-22 06:43:21,0,3,4,31.1,3408.8,-40000.1,20732.8,74594.7,25.1,0,
2017-12-22 06:43:24,0,3,4,31.2,3407.6,-40000.3,20799.5,74821.9,25.1,0,
2017-12-22 06:43:27,0,3,4,31.2,3406.5,-40000.4,20799.5,74821.9,25.1,0,
2017-12-22 06:43:30,0,3,4,31.3,3405.4,-40000.0,20866.2,75049.0,25.1,0,
2017-12-22 06:43:33,0,3,4,31.3,3404.4,-40000.3,20866.2,75049.0,25.1,0,
2017-12-22 06:43:37,0,3,4,31.4,3403.2,-40000.0,20932.8,75275.9,25.1,0,
2017-12-22 06:43:40,0,3,4,31.4,3402.0,-40000.0,20932.8,75275.9,25.1,0,
2017-12-22 06:43:43,0,3,4,31.5,3400.7,-40000.3,20999.5,75502.7,25.1,0,
2017-12-22 06:43:46,0,3,4,31.5,3399.7,-40000.4,20999.5,75502.7,25.1,0,
2017-12-22 06:43:49,0,3,4,31.6,3398.4,-39999.9,21066.2,75729.3,25.1,0,
2017-12-22 06:43:52,0,3,4,31.7,3397.3,-39999.8,21132.8,75955.8,25.1,0,
2017-12-22 06:43:55,0,3,4,31.7,3395.9,-39999.7,21132.8,75955.8,25.1,0,
2017-12-22 06:43:59,0,3,4,31.8,3394.6,-39999.9,21199.5,76182.1,25.2,0,
2017-12-22 06:44:02,0,3,4,31.8,3393.4,-39999.7,21199.5,76182.1,25.2,0,
2017-12-22 06:44:05,0,3,4,31.9,3392.0,-39999.7,21266.2,76408.3,25.2,0,
2017-12-22 06:44:08,0,3,4,31.9,3390.6,-39999.8,21266.2,76408.3,25.2,0,
2017-12-22 06:44:11,0,3,4,32.0,3389.1,-39999.9,21332.8,76634.3,25.2,0,
2017-12-22 06:44:14,0,3,4,32.0,3387.8,-39999.4,21332.8,76634.3,25.2,0,
2017-12-22 06:44:18,0,3,4,32.1,3386.3,-39999.7,21399.5,76860.0,25.2,0,
2017-12-22 06:44:21,0,3,4,32.1,3384.8,-39999.6,21399.5,76860.0,25.2,0,
2017-12-22 06:44:24,0,3,4,32.2,3383.3,-39999.7,21466.2,77085.6,25.2,0,
2017-12-22 06:44:27,0,3,4,32.2,3381.7,-39999.6,21466.2,77085.6,25.2,0,
2017-12-22 06:44:30,0,3,4,32.3,3380.1,-39999.8,21532.8,77311.0,25.2,0,
2017-12-22 06:44:33,0,3,4,32.3,3378.4,-39999.8,21532.8,77311.0,25.2,0,
2017-12-22 06:44:36,0,3,4,32.4,3376.8,-39999.5,21599.5,77536.2,25.3,0,
2017-12-22 06:44:39,0,3,4,32.4,3375.2,-39999.6,21599.5,77536.2,25.3,0,
2017-12-22 06:44:43,0,3,4,32.5,3373.4,-39999.7,21666.2,77761.2,25.3,0,
2017-12-22 06:44:46,0,3,4,32.5,3371.5,-39999.2,21666.2,77761.2,25.3,0,
2017-12-22 06:44:49,0,3,4,32.6,3369.7,-39999.5,21732.8,77986.0,25.3,0,
2017-12-22 06:44:52,0,3,4,32.6,3367.7,-39999.4,21732.8,77986.0,25.3,0,
2017-12-22 06:44:55,0,3,4,32.7,3365.8,-39999.5,21799.5,78210.5,25.3,0,
2017-12-22 06:44:58,0,3,4,32.8,3363.8,-39999.5,21866.2,78434.7,25.3,0,
2017-12-22 06:45:02,0,3,4,32.8,3361.8,-39999.7,21866.2,78434.7,25.2,0,
2017-12-22 06:45:05,0,3,4,32.9,3359.3,-39998.0,21932.8,78658.6,25.2,0,
2017-12-22 06:45:08,0,3,4,32.9,3357.1,-39999.0,21932.8,78658.6,25.2,0,
2017-12-22 06:45:11,0,3,4,33.0,3354.8,-39998.8,21999.5,78882.3,25.2,0,
2017-12-22 06:45:14,0,3,4,33.0,3352.3,-39999.0,21999.5,78882.3,25.2,0,
2017-12-22 06:45:17,0,3,4,33.1,3349.8,-39998.3,22066.1,79105.7,25.1,0,
2017-12-22 06:45:20,0,3,4,33.1,3347.4,-39998.4,22066.1,79105.7,25.2,0,
2017-12-22 06:45:23,0,3,4,33.2,3344.7,-39998.2,22132.8,79328.7,25.2,0,
2017-12-22 06:45:27,0,3,4,33.2,3342.0,-39998.3,22132.8,79328.7,25.2,0,
2017-12-22 06:45:30,0,3,4,33.3,3339.1,-39997.9,22199.5,79551.4,25.2,0,
2017-12-22 06:45:33,0,3,4,33.3,3336.2,-39997.7,22199.5,79551.4,25.2,0,
2017-12-22 06:45:36,0,3,4,33.4,3333.2,-39998.4,22266.1,79773.7,25.3,0,
2017-12-22 06:45:39,0,3,4,33.4,3330.0,-39997.7,22266.1,79773.7,25.3,0,
2017-12-22 06:45:42,0,3,4,33.5,3326.7,-39998.2,22332.8,79995.6,25.3,0,
2017-12-22 06:45:45,0,3,4,33.5,3323.2,-40000.7,22332.8,79995.6,25.3,0,
2017-12-22 06:45:49,0,3,4,33.6,3319.3,-39999.5,22399.5,80217.1,25.3,0,
2017-12-22 06:45:52,0,3,4,33.6,3316.0,-39999.7,22399.5,80217.1,25.3,0,
2017-12-22 06:45:55,0,3,4,33.7,3312.1,-39999.2,22466.1,80438.1,25.3,0,
2017-12-22 06:45:58,0,3,4,33.7,3308.2,-39998.8,22466.1,80438.1,25.3,0,
2017-12-22 06:46:01,0,3,4,33.8,3304.4,-39998.5,22532.8,80658.6,25.3,0,
2017-12-22 06:46:04,0,3,4,33.8,3300.2,-39998.5,22532.8,80658.6,25.3,0,
2017-12-22 06:46:05,0,3,4,33.9,3300.0,-39998.0,22599.4,80878.5,25.3,3,下限电压到
2017-12-22 06:46:07,0,3,4,33.9,3369.7,26.4,22599.4,80878.5,25.3,3,下限电压到
2017-12-22 06:46:10,0,3,4,34.0,3377.9,26.5,22599.5,80878.7,25.3,3,下限电压到
2017-12-22 06:46:14,0,3,4,34.0,3382.9,28.3,22599.5,80878.7,25.3,3,下限电压到
2017-12-22 06:46:17,0,3,4,34.1,3387.2,26.3,22599.5,80878.8,25.3,3,下限电压到
2017-12-22 06:46:20,0,3,4,34.1,3390.4,28.0,22599.5,80878.8,25.3,3,下限电压到
2017-12-22 06:46:23,0,3,4,34.2,3393.1,26.3,22599.6,80879.0,25.3,3,下限电压到
2017-12-22 06:46:26,0,3,4,34.2,3395.3,26.4,22599.6,80879.0,25.3,3,下限电压到
2017-12-22 06:46:29,0,3,4,34.3,3397.3,28.3,22599.6,80879.1,25.3,3,下限电压到
2017-12-22 06:46:32,0,3,4,34.3,3399.0,28.1,22599.6,80879.1,25.3,3,下限电压到
2017-12-22 06:46:35,0,3,4,34.4,3400.6,28.2,22599.7,80879.3,25.3,3,下限电压到
2017-12-22 06:46:38,0,3,4,34.4,3402.0,28.1,22599.7,80879.3,25.3,3,下限电压到
2017-12-22 06:46:42,0,3,4,34.5,3403.1,26.2,22599.7,80879.4,25.3,3,下限电压到
2017-12-22 06:46:45,0,3,4,34.5,3404.2,26.0,22599.7,80879.4,25.3,3,下限电压到
2017-12-22 06:46:50,0,4,6,0.0,3405.5,0,0.0,0.0,25.3,0,
