2017-12-22 05:33:19,0,0,3,0.0,3433.0,0,0.0,0.0,24.8,0,
2017-12-22 05:33:47,0,0,3,0.4,3434.2,21.7,0.0,0.0,24.6,0,
2017-12-22 05:33:50,0,0,3,0.4,3434.2,21.4,0.0,0.0,24.6,0,
2017-12-22 05:33:53,0,0,3,0.5,3434.3,21.4,0.0,0.0,24.6,0,
2017-12-22 05:33:56,0,0,3,0.5,3434.5,20.0,0.0,0.0,24.7,0,
2017-12-22 05:33:59,0,0,3,0.6,3434.6,20.0,0.0,0.0,24.7,0,
2017-12-22 05:34:02,0,0,3,0.6,3434.6,21.6,0.0,0.0,24.7,0,
2017-12-22 05:34:05,0,0,3,0.7,3434.8,20.0,0.0,0.0,24.7,0,
2017-12-22 05:34:08,0,0,3,0.7,3434.9,20.2,0.0,0.0,24.7,0,
2017-12-22 05:34:12,0,0,3,0.8,3435.0,21.6,0.0,0.0,24.7,0,
2017-12-22 05:34:15,0,0,3,0.8,3435.0,20.2,0.0,0.0,24.7,0,
2017-12-22 05:34:18,0,0,3,0.9,3435.2,21.7,0.0,0.0,24.7,0,
2017-12-22 05:34:21,0,0,3,0.9,3435.2,21.8,0.0,0.0,24.7,0,
2017-12-22 05:34:24,0,0,3,1.0,3435.3,21.6,0.0,0.0,24.7,0,
2017-12-22 05:34:25,0,0,3,1.0,3435.4,20.1,0.0,0.0,24.7,1,时间到
2017-12-22 05:34:29,0,1,2,0.0,3435.4,0,0.0,0.0,24.7,0,
2017-12-22 05:34:51,0,1,2,0.4,3513.7,40002.0,266.7,933.2,24.8,0,
2017-12-22 05:34:54,0,1,2,0.4,3517.5,40002.2,266.7,933.2,24.8,0,
2017-12-22 05:34:58,0,1,2,0.5,3521.5,40002.8,333.4,1168.0,24.8,0,
2017-12-22 05:35:01,0,1,2,0.5,3524.9,39999.7,333.4,1168.0,24.8,0,
2017-12-22 05:35:04,0,1,2,0.6,3528.4,40000.0,400.0,1403.1,24.8,0,
2017-12-22 05:35:07,0,1,2,0.6,3531.4,40000.5,400.0,1403.1,24.8,0,
2017-12-22 05:35:11,0,1,2,0.7,3534.1,40000.4,466.7,1638.7,24.8,0,
2017-12-22 05:35:14,0,1,2,0.7,3536.7,40000.9,466.7,1638.7,24.8,0,
2017-12-22 05:35:17,0,1,2,0.8,3538.9,40000.4,533.4,1874.5,24.8,0,
2017-12-22 05:35:20,0,1,2,0.8,3541.1,40001.5,533.4,1874.5,24.8,0,
2017-12-22 05:35:23,0,1,2,0.9,3543.2,40000.9,600.0,2110.7,24.8,0,
2017-12-22 05:35:27,0,1,2,0.9,3545.0,40001.5,600.0,2110.7,24.8,0,
2017-12-22 05:35:30,0,1,2,1.0,3546.8,40002.0,666.7,2347.1,24.8,0,
2017-12-22 05:35:33,0,1,2,1.0,3548.5,40001.7,666.7,2347.1,24.8,0,
2017-12-22 05:35:36,0,1,2,1.1,3550.0,40001.8,733.4,2583.7,24.9,0,
2017-12-22 05:35:39,0,1,2,1.1,3551.3,40001.9,733.4,2583.7,24.9,0,
2017-12-22 05:35:42,0,1,2,1.2,3552.5,40001.9,800.1,2820.5,24.9,0,
2017-12-22 05:35:45,0,1,2,1.2,3553.7,40002.4,800.1,2820.5,25.0,0,
2017-12-22 05:35:48,0,1,2,1.3,3554.9,40002.3,866.7,3057.4,25.0,0,
2017-12-22 05:35:51,0,1,2,1.4,3556.1,40002.8,933.4,3294.5,25.0,0,
2017-12-22 05:35:54,0,1,2,1.4,3557.1,40002.8,933.4,3294.5,24.9,0,
2017-12-22 05:35:58,0,1,2,1.5,3558.2,40002.5,1000.1,3531.7,24.9,0,
2017-12-22 05:36:01,0,1,2,1.5,3559.2,40002.6,1000.1,3531.7,24.9,0,
2017-12-22 05:36:04,0,1,2,1.6,3560.1,40002.5,1066.8,3769.1,24.9,0,
2017-12-22 05:36:07,0,1,2,1.6,3561.0,40002.4,1066.8,3769.1,24.9,0,
2017-12-22 05:36:10,0,1,2,1.7,3561.9,40002.8,1133.4,4006.6,24.9,0,
2017-12-22 05:36:13,0,1,2,1.7,3562.9,40003.0,1133.4,4006.6,24.9,0,
2017-12-22 05:36:17,0,1,2,1.8,3563.8,40000.0,1200.1,4244.1,24.9,0,
2017-12-22 05:36:20,0,1,2,1.8,3564.6,39999.7,1200.1,4244.1,24.9,0,
2017-12-22 05:36:23,0,1,2,1.9,3565.5,39999.7,1266.8,4481.8,24.9,0,
2017-12-22 05:36:26,0,1,2,1.9,3566.3,39998.9,1266.8,4481.8,25.0,0,
2017-12-22 05:36:29,0,1,2,2.0,3567.2,39999.5,1333.4,4719.6,24.9,0,
2017-12-22 05:36:32,0,1,2,2.0,3568.0,39999.8,1333.4,4719.6,24.9,0,
2017-12-22 05:36:35,0,1,2,2.1,3568.9,39999.8,1400.1,4957.5,24.9,0,
2017-12-22 05:36:39,0,1,2,2.1,3569.7,40000.0,1400.1,4957.5,24.9,0,
2017-12-22 05:36:42,0,1,2,2.2,3570.5,40000.0,1466.8,5195.5,24.9,0,
2017-12-22 05:36:45,0,1,2,2.2,3571.4,39999.8,1466.8,5195.5,24.9,0,
2017-12-22 05:36:48,0,1,2,2.3,3572.2,39999.8,1533.4,5433.5,24.9,0,
2017-12-22 05:36:52,0,1,2,2.4,3573.0,39999.8,1600.1,5671.7,24.9,0,
2017-12-22 05:36:55,0,1,2,2.4,3573.7,40000.0,1600.1,5671.7,24.9,0,
2017-12-22 05:36:58,0,1,2,2.5,3574.7,40000.0,1666.8,5910.0,24.9,0,
2017-12-22 05:37:01,0,1,2,2.5,3575.5,39999.7,1666.8,5910.0,24.9,0,
2017-12-22 05:37:04,0,1,2,2.6,3576.2,39999.7,1733.4,6148.4,24.8,0,
2017-12-22 05:37:07,0,1,2,2.6,3576.9,39999.6,1733.4,6148.4,24.8,0,
2017-12-22 05:37:10,0,1,2,2.7,3577.7,39999.5,1800.1,6386.9,24.8,0,
2017-12-22 05:37:13,0,1,2,2.7,3578.4,39999.0,1800.1,6386.9,24.8,0,
2017-12-22 05:37:17,0,1,2,2.8,3579.3,39999.7,1866.8,6625.5,24.8,0,
2017-12-22 05:37:20,0,1,2,2.8,3580.0,39999.5,1866.8,6625.5,24.8,0,
2017-12-22 05:37:23,0,1,2,2.9,3580.8,39999.5,1933.4,6864.2,24.8,0,
2017-12-22 05:37:26,0,1,2,2.9,3581.5,39999.5,1933.4,6864.2,24.8,0,
2017-12-22 05:37:29,0,1,2,3.0,3582.4,39999.7,2000.1,7103.0,24.8,0,
2017-12-22 05:37:32,0,1,2,3.0,3583.3,39999.8,2000.1,7103.0,24.7,0,
2017-12-22 05:37:35,0,1,2,3.1,3584.1,39999.6,2066.7,7341.9,24.8,0,
2017-12-22 05:37:38,0,1,2,3.1,3584.7,39999.5,2066.7,7341.9,24.7,0,
2017-12-22 05:37:41,0,1,2,3.2,3585.7,39999.7,2133.4,7580.9,24.7,0,
2017-12-22 05:37:44,0,1,2,3.2,3586.5,39999.6,2133.4,7580.9,24.7,0,
2017-12-22 05:37:47,0,1,2,3.3,3587.2,39999.8,2200.1,7820.0,24.7,0,
2017-12-22 05:37:51,0,1,2,3.3,3588.1,39999.6,2200.1,7820.0,24.7,0,
2017-12-22 05:37:54,0,1,2,3.4,3588.8,39999.2,2266.7,8059.3,24.7,0,
2017-12-22 05:37:57,0,1,2,3.4,3589.6,39999.8,2266.7,8059.3,24.7,0,
2017-12-22 05:38:00,0,1,2,3.5,3590.6,39999.5,2333.4,8298.6,24.6,0,
2017-12-22 05:38:03,0,1,2,3.5,3591.3,39999.8,2333.4,8298.6,24.6,0,
2017-12-22 05:38:06,0,1,2,3.6,3592.0,39999.7,2400.1,8538.0,24.6,0,
2017-12-22 05:38:09,0,1,2,3.6,3593.0,39999.7,2400.1,8538.0,24.6,0,
2017-12-22 05:38:12,0,1,2,3.7,3593.8,39999.7,2466.7,8777.6,24.6,0,
2017-12-22 05:38:15,0,1,2,3.7,3594.4,39999.7,2466.7,8777.6,24.6,0,
2017-12-22 05:38:18,0,1,2,3.8,3595.3,39999.6,2533.4,9017.2,24.6,0,
2017-12-22 05:38:21,0,1,2,3.9,3596.1,39999.7,2600.1,9256.9,24.6,0,
2017-12-22 05:38:24,0,1,2,3.9,3596.8,39999.2,2600.1,9256.9,24.6,0,
2017-12-22 05:38:27,0,1,2,4.0,3597.6,39999.8,2666.7,9496.8,24.6,0,
2017-12-22 05:38:30,0,1,2,4.0,3598.5,39999.6,2666.7,9496.8,24.6,0,
2017-12-22 05:38:33,0,1,2,4.1,3599.3,39999.7,2733.4,9736.7,24.6,0,
2017-12-22 05:38:36,0,1,2,4.1,3599.9,39999.7,2733.4,9736.7,24.6,0,
2017-12-22 05:38:40,0,1,2,4.2,3600.8,39999.8,2800.1,9976.8,24.6,0,
2017-12-22 05:38:43,0,1,2,4.2,3601.6,39999.8,2800.1,9976.8,24.6,0,
2017-12-22 05:38:46,0,1,2,4.3,3602.5,39999.7,2866.7,10216.9,24.7,0,
2017-12-22 05:38:49,0,1,2,4.3,3603.5,39999.8,2866.7,10216.9,24.7,0,
2017-12-22 05:38:52,0,1,2,4.4,3604.3,40000.0,2933.4,10457.2,24.7,0,
2017-12-22 05:38:55,0,1,2,4.4,3605.0,39999.7,2933.4,10457.2,24.7,0,
2017-12-22 05:38:58,0,1,2,4.5,3605.9,39999.7,3000.1,10697.5,24.6,0,
2017-12-22 05:39:01,0,1,2,4.5,3606.6,39999.0,3000.1,10697.5,24.6,0,
2017-12-22 05:39:04,0,1,2,4.6,3607.5,39999.7,3066.7,10938.0,24.6,0,
2017-12-22 05:39:08,0,1,2,4.6,3608.1,39999.7,3066.7,10938.0,24.6,0,
2017-12-22 05:39:11,0,1,2,4.7,3609.0,39999.8,3133.4,11178.6,24.6,0,
2017-12-22 05:39:14,0,1,2,4.7,3609.9,39999.8,3133.4,11178.6,24.7,0,
2017-12-22 05:39:17,0,1,2,4.8,3610.5,39999.3,3200.1,11419.3,24.7,0,
2017-12-22 05:39:20,0,1,2,4.8,3611.4,40000.0,3200.1,11419.3,24.7,0,
2017-12-22 05:39:23,0,1,2,4.9,3612.4,39999.5,3266.7,11660.0,24.6,0,
2017-12-22 05:39:27,0,1,2,4.9,3613.3,39999.8,3266.7,11660.0,24.7,0,
2017-12-22 05:39:30,0,1,2,5.0,3614.0,39999.8,3333.4,11900.9,24.7,0,
2017-12-22 05:39:33,0,1,2,5.0,3614.8,39999.8,3333.4,11900.9,24.7,0,
2017-12-22 05:39:36,0,1,2,5.1,3615.6,40000.1,3400.1,12141.9,24.7,0,
2017-12-22 05:39:39,0,1,2,5.1,3616.4,39999.7,3400.1,12141.9,24.7,0,
2017-12-22 05:39:42,0,1,2,5.2,3617.1,39999.8,3466.7,12383.0,24.7,0,
2017-12-22 05:39:45,0,1,2,5.2,3617.9,39999.2,3466.7,12383.0,24.7,0,
2017-12-22 05:39:48,0,1,2,5.3,3618.7,40000.0,3533.4,12624.2,24.7,0,
2017-12-22 05:39:51,0,1,2,5.3,3619.5,39999.5,3533.4,12624.2,24.7,0,
2017-12-22 05:39:54,0,1,2,5.4,3620.2,39999.6,3600.1,12865.5,24.7,0,
2017-12-22 05:39:58,0,1,2,5.5,3621.1,40000.0,3666.7,13106.9,24.7,0,
2017-12-22 05:40:01,0,1,2,5.5,3621.9,40000.0,3666.7,13106.9,24.7,0,
2017-12-22 05:40:04,0,1,2,5.6,3622.7,40000.0,3733.4,13348.4,24.7,0,
2017-12-22 05:40:07,0,1,2,5.6,3623.3,39999.8,3733.4,13348.4,24.7,0,
2017-12-22 05:40:10,0,1,2,5.7,3624.0,40000.0,3800.1,13590.0,24.7,0,
2017-12-22 05:40:13,0,1,2,5.7,3624.8,39999.7,3800.1,13590.0,24.7,0,
2017-12-22 05:40:16,0,1,2,5.8,3625.6,40000.0,3866.7,13831.7,24.7,0,
2017-12-22 05:40:19,0,1,2,5.8,3626.3,40000.0,3866.7,13831.7,24.7,0,
2017-12-22 05:40:22,0,1,2,5.9,3627.1,40000.1,3933.4,14073.5,24.8,0,
2017-12-22 05:40:25,0,1,2,5.9,3627.9,40000.3,3933.4,14073.5,24.7,0,
2017-12-22 05:40:28,0,1,2,6.0,3628.6,40000.2,4000.1,14315.4,24.8,0,
2017-12-22 05:40:32,0,1,2,6.0,3629.4,40000.0,4000.1,14315.4,24.8,0,
2017-12-22 05:40:35,0,1,2,6.1,3630.2,40000.1,4066.7,14557.4,24.8,0,
2017-12-22 05:40:38,0,1,2,6.1,3630.8,40000.7,4066.7,14557.4,24.8,0,
2017-12-22 05:40:41,0,1,2,6.2,3631.6,40000.1,4133.4,14799.4,24.8,0,
2017-12-22 05:40:44,0,1,2,6.2,3632.4,39999.5,4133.4,14799.4,24.8,0,
2017-12-22 05:40:47,0,1,2,6.3,3633.1,40000.0,4200.1,15041.6,24.7,0,
2017-12-22 05:40:51,0,1,2,6.3,3633.8,39999.8,4200.1,15041.6,24.7,0,
2017-12-22 05:40:54,0,1,2,6.4,3634.6,39999.7,4266.7,15283.9,24.8,0,
2017-12-22 05:40:57,0,1,2,6.4,3635.4,39999.8,4266.7,15283.9,24.8,0,
2017-12-22 05:41:00,0,1,2,6.5,3636.1,40000.0,4333.4,15526.2,24.7,0,
2017-12-22 05:41:03,0,1,2,6.5,3636.7,39999.8,4333.4,15526.2,24.7,0,
2017-12-22 05:41:06,0,1,2,6.6,3637.3,39999.6,4400.1,15768.7,24.8,0,
2017-12-22 05:41:09,0,1,2,6.7,3638.1,40000.2,4466.7,16011.2,24.7,0,
2017-12-22 05:41:13,0,1,2,6.7,3638.8,40000.1,4466.7,16011.2,24.8,0,
2017-12-22 05:41:16,0,1,2,6.8,3639.4,40000.3,4533.4,16253.8,24.8,0,
2017-12-22 05:41:19,0,1,2,6.8,3640.1,39999.7,4533.4,16253.8,24.8,0,
2017-12-22 05:41:22,0,1,2,6.9,3640.9,39999.5,4600.1,16496.6,24.8,0,
2017-12-22 05:41:25,0,1,2,6.9,3641.5,40000.3,4600.1,16496.6,24.8,0,
2017-12-22 05:41:28,0,1,2,7.0,3642.3,40000.1,4666.7,16739.4,24.8,0,
2017-12-22 05:41:31,0,1,2,7.0,3642.9,40000.3,4666.7,16739.4,24.7,0,
2017-12-22 05:41:34,0,1,2,7.1,3643.5,40000.4,4733.4,16982.3,24.7,0,
2017-12-22 05:41:38,0,1,2,7.1,3644.2,40000.2,4733.4,16982.3,24.7,0,
2017-12-22 05:41:41,0,1,2,7.2,3645.0,40000.0,4800.1,17225.2,24.8,0,
2017-12-22 05:41:44,0,1,2,7.2,3645.6,39999.8,4800.1,17225.2,24.8,0,
2017-12-22 05:41:47,0,1,2,7.3,3646.3,39999.8,4866.7,17468.3,24.8,0,
2017-12-22 05:41:50,0,1,2,7.3,3647.0,40000.2,4866.7,17468.3,24.8,0,
2017-12-22 05:41:53,0,1,2,7.4,3647.6,40000.0,4933.4,17711.4,24.8,0,
2017-12-22 05:41:57,0,1,2,7.4,3648.2,39999.8,4933.4,17711.4,24.8,0,
2017-12-22 05:42:00,0,1,2,7.5,3649.0,40000.0,5000.1,17954.7,24.7,0,
2017-12-22 05:42:03,0,1,2,7.5,3649.7,40000.1,5000.1,17954.7,24.7,0,
2017-12-22 05:42:06,0,1,2,7.6,3650.4,40000.0,5066.7,18198.0,24.7,0,
2017-12-22 05:42:09,0,1,2,7.7,3651.0,40000.2,5133.4,18441.4,24.8,0,
2017-12-22 05:42:13,0,1,2,7.7,3651.7,40000.1,5133.4,18441.4,24.8,0,
2017-12-22 05:42:16,0,1,2,7.8,3652.2,39999.8,5200.1,18684.9,24.8,0,
2017-12-22 05:42:19,0,1,2,7.8,3652.9,40000.2,5200.1,18684.9,24.8,0,
2017-12-22 05:42:22,0,1,2,7.9,3653.5,40000.0,5266.7,18928.5,24.8,0,
2017-12-22 05:42:25,0,1,2,7.9,3654.2,40000.1,5266.7,18928.5,24.8,0,
2017-12-22 05:42:28,0,1,2,8.0,3654.7,39999.8,5333.4,19172.1,24.8,0,
2017-12-22 05:42:31,0,1,2,8.0,3655.4,40000.2,5333.4,19172.1,24.8,0,
2017-12-22 05:42:34,0,1,2,8.1,3656.0,40000.1,5400.1,19415.8,24.8,0,
2017-12-22 05:42:37,0,1,2,8.1,3656.6,39999.7,5400.1,19415.8,24.8,0,
2017-12-22 05:42:41,0,1,2,8.2,3657.3,40000.2,5466.7,19659.6,24.8,0,
2017-12-22 05:42:44,0,1,2,8.2,3657.9,40000.2,5466.7,19659.6,24.8,0,
2017-12-22 05:42:47,0,1,2,8.3,3658.5,40000.3,5533.4,19903.5,24.8,0,
2017-12-22 05:42:50,0,1,2,8.3,3659.0,40000.2,5533.4,19903.5,24.8,0,
2017-12-22 05:42:53,0,1,2,8.4,3659.7,40000.0,5600.1,20147.5,24.8,0,
2017-12-22 05:42:56,0,1,2,8.4,3660.3,40000.2,5600.1,20147.5,24.8,0,
2017-12-22 05:43:00,0,1,2,8.5,3661.0,40000.3,5666.7,20391.5,24.8,0,
2017-12-22 05:43:03,0,1,2,8.5,3661.4,40000.2,5666.7,20391.5,24.8,0,
2017-12-22 05:43:06,0,1,2,8.6,3662.2,40000.0,5733.4,20635.6,24.8,0,
2017-12-22 05:43:09,0,1,2,8.6,3662.8,40000.1,5733.4,20635.6,24.8,0,
2017-12-22 05:43:12,0,1,2,8.7,3663.3,40000.0,5800.1,20879.8,24.8,0,
2017-12-22 05:43:16,0,1,2,8.8,3663.9,40000.0,5866.7,21124.1,24.7,0,
2017-12-22 05:43:19,0,1,2,8.8,3664.5,40000.3,5866.7,21124.1,24.8,0,
2017-12-22 05:43:22,0,1,2,8.9,3665.2,40000.2,5933.4,21368.4,24.7,0,
2017-12-22 05:43:25,0,1,2,8.9,3665.7,40000.2,5933.4,21368.4,24.7,0,
2017-12-22 05:43:28,0,1,2,9.0,3666.2,40000.2,6000.1,21612.8,24.7,0,
2017-12-22 05:43:31,0,1,2,9.0,3666.9,40000.2,6000.1,21612.8,24.7,0,
2017-12-22 05:43:34,0,1,2,9.1,3667.3,40000.3,6066.7,21857.3,24.6,0,
2017-12-22 05:43:37,0,1,2,9.1,3668.0,40000.2,6066.7,21857.3,24.6,0,
2017-12-22 05:43:40,0,1,2,9.2,3668.4,40000.3,6133.4,22101.9,24.6,0,
2017-12-22 05:43:43,0,1,2,9.2,3669.0,39999.7,6133.4,22101.9,24.7,0,
2017-12-22 05:43:46,0,1,2,9.3,3669.6,40000.2,6200.1,22346.5,24.7,0,
2017-12-22 05:43:49,0,1,2,9.3,3670.1,40000.2,6200.1,22346.5,24.7,0,
2017-12-22 05:43:53,0,1,2,9.4,3670.8,40000.1,6266.7,22591.2,24.7,0,
2017-12-22 05:43:56,0,1,2,9.4,3671.3,40000.0,6266.7,22591.2,24.7,0,
2017-12-22 05:43:59,0,1,2,9.5,3671.8,40000.2,6333.4,22835.9,24.7,0,
2017-12-22 05:44:02,0,1,2,9.5,3672.2,39999.8,6333.4,22835.9,24.7,0,
2017-12-22 05:44:05,0,1,2,9.6,3672.9,39999.8,6400.1,23080.8,24.7,0,
2017-12-22 05:44:08,0,1,2,9.6,3673.2,40000.4,6400.1,23080.8,24.6,0,
2017-12-22 05:44:11,0,1,2,9.7,3673.8,40000.4,6466.7,23325.7,24.6,0,
2017-12-22 05:44:14,0,1,2,9.7,3674.2,39999.5,6466.7,23325.7,24.6,0,
2017-12-22 05:44:17,0,1,2,9.8,3674.8,40000.0,6533.4,23570.7,24.6,0,
2017-12-22 05:44:20,0,1,2,9.8,3675.4,40000.0,6533.4,23570.7,24.6,0,
2017-12-22 05:44:24,0,1,2,9.9,3675.9,40000.2,6600.1,23815.7,24.6,0,
2017-12-22 05:44:27,0,1,2,9.9,3676.4,39999.6,6600.1,23815.7,24.6,0,
2017-12-22 05:44:30,0,1,2,10.0,3676.9,39999.7,6666.7,24060.8,24.6,0,
2017-12-22 05:44:33,0,1,2,10.0,3677.4,40000.7,6666.7,24060.8,24.6,0,
2017-12-22 05:44:36,0,1,2,10.1,3678.0,40000.2,6733.4,24306.0,24.6,0,
2017-12-22 05:44:40,0,1,2,10.2,3678.6,40000.5,6800.1,24551.2,24.6,0,
2017-12-22 05:44:43,0,1,2,10.2,3679.0,40000.2,6800.1,24551.2,24.6,0,
2017-12-22 05:44:46,0,1,2,10.3,3679.6,40000.5,6866.7,24796.5,24.6,0,
2017-12-22 05:44:49,0,1,2,10.3,3680.0,40000.3,6866.7,24796.5,24.7,0,
2017-12-22 05:44:52,0,1,2,10.4,3680.4,40000.3,6933.4,25041.9,24.7,0,
2017-12-22 05:44:55,0,1,2,10.4,3680.8,40000.7,6933.4,25041.9,24.7,0,
2017-12-22 05:44:58,0,1,2,10.5,3681.4,40000.6,7000.1,25287.3,24.7,0,
2017-12-22 05:45:02,0,1,2,10.5,3681.9,40000.5,7000.1,25287.3,24.7,0,
2017-12-22 05:45:05,0,1,2,10.6,3682.4,40000.5,7066.7,25532.8,24.6,0,
2017-12-22 05:45:08,0,1,2,10.6,3682.8,40000.5,7066.7,25532.8,24.7,0,
2017-12-22 05:45:11,0,1,2,10.7,3683.3,40000.7,7133.4,25778.3,24.7,0,
2017-12-22 05:45:15,0,1,2,10.7,3683.7,40000.5,7133.4,25778.3,24.7,0,
2017-12-22 05:45:18,0,1,2,10.8,3684.1,40000.5,7200.1,26023.9,24.6,0,
2017-12-22 05:45:21,0,1,2,10.8,3684.5,40000.8,7200.1,26023.9,24.6,0,
2017-12-22 05:45:24,0,1,2,10.9,3684.9,40000.9,7266.8,26269.6,24.6,0,
2017-12-22 05:45:27,0,1,2,10.9,3685.4,40000.9,7266.8,26269.6,24.6,0,
2017-12-22 05:45:30,0,1,2,11.0,3685.9,40000.5,7333.4,26515.3,24.6,0,
2017-12-22 05:45:33,0,1,2,11.0,3686.1,40000.7,7333.4,26515.3,24.6,0,
2017-12-22 05:45:36,0,1,2,11.1,3686.7,40001.0,7400.1,26761.0,24.6,0,
2017-12-22 05:45:39,0,1,2,11.1,3687.0,40000.9,7400.1,26761.0,24.6,0,
2017-12-22 05:45:42,0,1,2,11.2,3687.5,40000.7,7466.8,27006.8,24.6,0,
2017-12-22 05:45:45,0,1,2,11.3,3687.9,40000.8,7533.4,27252.7,24.6,0,
2017-12-22 05:45:49,0,1,2,11.3,3688.3,40001.0,7533.4,27252.7,24.6,0,
2017-12-22 05:45:52,0,1,2,11.4,3688.8,40000.7,7600.1,27498.6,24.7,0,
2017-12-22 05:45:55,0,1,2,11.4,3689.0,40000.8,7600.1,27498.6,24.7,0,
2017-12-22 05:45:58,0,1,2,11.5,3689.4,40000.5,7666.8,27744.6,24.7,0,
2017-12-22 05:46:01,0,1,2,11.5,3689.7,40000.7,7666.8,27744.6,24.7,0,
2017-12-22 05:46:04,0,1,2,11.6,3690.2,40000.8,7733.4,27990.6,24.7,0,
2017-12-22 05:46:07,0,1,2,11.6,3690.6,40001.0,7733.4,27990.6,24.6,0,
2017-12-22 05:46:10,0,1,2,11.7,3691.0,40001.0,7800.1,28236.7,24.7,0,
2017-12-22 05:46:13,0,1,2,11.7,3691.3,40000.9,7800.1,28236.7,24.6,0,
2017-12-22 05:46:16,0,1,2,11.8,3691.8,40001.0,7866.8,28482.8,24.6,0,
2017-12-22 05:46:19,0,1,2,11.8,3692.2,40001.0,7866.8,28482.8,24.7,0,
2017-12-22 05:46:22,0,1,2,11.9,3692.6,40001.3,7933.4,28729.0,24.6,0,
2017-12-22 05:46:25,0,1,2,11.9,3692.8,40000.7,7933.4,28729.0,24.6,0,
2017-12-22 05:46:28,0,1,2,12.0,3693.2,40000.5,8000.1,28975.2,24.6,0,
2017-12-22 05:46:32,0,1,2,12.0,3693.6,40001.0,8000.1,28975.2,24.6,0,
2017-12-22 05:46:35,0,1,2,12.1,3694.0,40001.0,8066.8,29221.5,24.6,0,
2017-12-22 05:46:38,0,1,2,12.1,3694.5,40000.9,8066.8,29221.5,24.6,0,
2017-12-22 05:46:41,0,1,2,12.2,3694.8,40001.0,8133.5,29467.8,24.6,0,
2017-12-22 05:46:44,0,1,2,12.2,3695.2,40001.1,8133.5,29467.8,24.6,0,
2017-12-22 05:46:47,0,1,2,12.3,3695.4,40000.6,8200.1,29714.1,24.6,0,
2017-12-22 05:46:50,0,1,2,12.3,3695.8,40000.9,8200.1,29714.1,24.6,0,
2017-12-22 05:46:53,0,1,2,12.4,3696.3,40001.0,8266.8,29960.5,24.6,0,
2017-12-22 05:46:56,0,1,2,12.4,3696.5,40000.9,8266.8,29960.5,24.6,0,
2017-12-22 05:46:59,0,1,2,12.5,3696.8,40001.0,8333.5,30207.0,24.6,0,
2017-12-22 05:47:03,0,1,2,12.5,3697.2,40000.8,8333.5,30207.0,24.6,0,
2017-12-22 05:47:06,0,1,2,12.6,3697.5,40001.2,8400.1,30453.5,24.6,0,
2017-12-22 05:47:09,0,1,2,12.6,3698.0,40000.7,8400.1,30453.5,24.6,0,
2017-12-22 05:47:12,0,1,2,12.7,3698.3,40001.0,8466.8,30700.1,24.6,0,
2017-12-22 05:47:15,0,1,2,12.7,3698.7,40001.0,8466.8,30700.1,24.6,0,
2017-12-22 05:47:18,0,1,2,12.8,3698.9,40001.2,8533.5,30946.6,24.6,0,
2017-12-22 05:47:21,0,1,2,12.8,3699.3,40001.1,8533.5,30946.6,24.6,0,
2017-12-22 05:47:24,0,1,2,12.9,3699.5,40001.3,8600.1,31193.3,24.6,0,
2017-12-22 05:47:27,0,1,2,13.0,3700.0,40000.9,8666.8,31439.9,24.7,0,
2017-12-22 05:47:30,0,1,2,13.0,3700.3,40001.2,8666.8,31439.9,24.7,0,
2017-12-22 05:47:33,0,1,2,13.1,3700.6,40000.9,8733.5,31686.7,24.7,0,
2017-12-22 05:47:36,0,1,2,13.1,3700.9,40001.2,8733.5,31686.7,24.7,0,
2017-12-22 05:47:39,0,1,2,13.2,3701.3,40001.1,8800.1,31933.4,24.7,0,
2017-12-22 05:47:43,0,1,2,13.2,3701.7,40001.0,8800.1,31933.4,24.7,0,
2017-12-22 05:47:46,0,1,2,13.3,3702.1,40000.8,8866.8,32180.2,24.6,0,
2017-12-22 05:47:49,0,1,2,13.3,3702.3,40001.0,8866.8,32180.2,24.6,0,
2017-12-22 05:47:52,0,1,2,13.4,3702.8,40000.8,8933.5,32427.1,24.6,0,
2017-12-22 05:47:55,0,1,2,13.4,3703.1,40001.0,8933.5,32427.1,24.7,0,
2017-12-22 05:47:58,0,1,2,13.5,3703.3,40001.0,9000.2,32674.0,24.7,0,
2017-12-22 05:48:01,0,1,2,13.5,3703.7,40001.0,9000.2,32674.0,24.7,0,
2017-12-22 05:48:04,0,1,2,13.6,3704.1,40001.3,9066.8,32920.9,24.7,0,
2017-12-22 05:48:07,0,1,2,13.6,3704.4,40001.3,9066.8,32920.9,24.7,0,
2017-12-22 05:48:10,0,1,2,13.7,3704.7,40001.1,9133.5,33167.9,24.7,0,
2017-12-22 05:48:13,0,1,2,13.7,3705.1,40000.7,9133.5,33167.9,24.7,0,
2017-12-22 05:48:16,0,1,2,13.8,3705.4,40001.1,9200.2,33415.0,24.7,0,
2017-12-22 05:48:19,0,1,2,13.8,3705.7,40001.0,9200.2,33415.0,24.7,0,
2017-12-22 05:48:22,0,1,2,13.9,3706.0,40000.7,9266.8,33662.0,24.7,0,
2017-12-22 05:48:26,0,1,2,13.9,3706.4,40001.2,9266.8,33662.0,24.7,0,
2017-12-22 05:48:29,0,1,2,14.0,3706.6,40001.1,9333.5,33909.1,24.7,0,
2017-12-22 05:48:32,0,1,2,14.0,3707.0,40001.0,9333.5,33909.1,24.7,0,
2017-12-22 05:48:35,0,1,2,14.1,3707.4,40000.7,9400.2,34156.3,24.7,0,
2017-12-22 05:48:38,0,1,2,14.1,3707.7,40001.2,9400.2,34156.3,24.7,0,
2017-12-22 05:48:41,0,1,2,14.2,3708.1,40000.8,9466.8,34403.5,24.7,0,
2017-12-22 05:48:44,0,1,2,14.2,3708.2,40001.2,9466.8,34403.5,24.7,0,
2017-12-22 05:48:47,0,1,2,14.3,3708.8,40001.1,9533.5,34650.7,24.7,0,
2017-12-22 05:48:50,0,1,2,14.3,3708.9,40001.0,9533.5,34650.7,24.7,0,
2017-12-22 05:48:53,0,1,2,14.4,3709.3,40000.7,9600.2,34898.0,24.7,0,
2017-12-22 05:48:57,0,1,2,14.4,3709.6,40001.0,9600.2,34898.0,24.7,0,
2017-12-22 05:49:00,0,1,2,14.5,3710.0,40000.8,9666.9,35145.3,24.7,0,
2017-12-22 05:49:03,0,1,2,14.5,3710.3,40001.0,9666.9,35145.3,24.7,0,
2017-12-22 05:49:06,0,1,2,14.6,3710.8,40001.3,9733.5,35392.7,24.7,0,
2017-12-22 05:49:09,0,1,2,14.7,3710.9,40001.0,9800.2,35640.1,24.7,0,
2017-12-22 05:49:12,0,1,2,14.7,3711.3,40000.8,9800.2,35640.1,24.7,0,
2017-12-22 05:49:15,0,1,2,14.8,3711.7,40001.2,9866.9,35887.6,24.7,0,
2017-12-22 05:49:19,0,1,2,14.8,3712.0,40001.2,9866.9,35887.6,24.7,0,
2017-12-22 05:49:22,0,1,2,14.9,3712.3,40001.3,9933.5,36135.1,24.7,0,
2017-12-22 05:49:25,0,1,2,14.9,3712.6,40001.0,9933.5,36135.1,24.7,0,
2017-12-22 05:49:28,0,1,2,15.0,3713.0,40001.2,10000.2,36382.6,24.7,0,
2017-12-22 05:49:31,0,1,2,15.0,3713.2,40000.9,10000.2,36382.6,24.6,0,
2017-12-22 05:49:34,0,1,2,15.1,3713.6,40000.8,10066.9,36630.2,24.6,0,
2017-12-22 05:49:37,0,1,2,15.1,3714.0,40001.0,10066.9,36630.2,24.6,0,
2017-12-22 05:49:40,0,1,2,15.2,3714.4,40000.9,10133.5,36877.9,24.6,0,
2017-12-22 05:49:43,0,1,2,15.2,3714.7,40001.0,10133.5,36877.9,24.6,0,
2017-12-22 05:49:47,0,1,2,15.3,3715.1,40001.0,10200.2,37125.5,24.6,0,
2017-12-22 05:49:50,0,1,2,15.3,3715.3,40001.0,10200.2,37125.5,24.6,0,
2017-12-22 05:49:53,0,1,2,15.4,3715.6,40001.0,10266.9,37373.2,24.6,0,
2017-12-22 05:49:56,0,1,2,15.4,3715.9,40000.6,10266.9,37373.2,24.6,0,
2017-12-22 05:49:59,0,1,2,15.5,3716.2,40000.9,10333.6,37621.0,24.6,0,
2017-12-22 05:50:02,0,1,2,15.5,3716.7,40000.5,10333.6,37621.0,24.6,0,
2017-12-22 05:50:05,0,1,2,15.6,3716.9,40001.0,10400.2,37868.8,24.6,0,
2017-12-22 05:50:08,0,1,2,15.6,3717.4,40000.9,10400.2,37868.8,24.6,0,
2017-12-22 05:50:11,0,1,2,15.7,3717.7,40001.0,10466.9,38116.6,24.6,0,
2017-12-22 05:50:14,0,1,2,15.7,3717.9,40000.9,10466.9,38116.6,24.6,0,
2017-12-22 05:50:17,0,1,2,15.8,3718.4,40000.7,10533.6,38364.5,24.6,0,
2017-12-22 05:50:21,0,1,2,15.8,3718.7,40001.0,10533.6,38364.5,24.6,0,
2017-12-22 05:50:24,0,1,2,15.9,3718.9,40001.0,10600.2,38612.4,24.6,0,
2017-12-22 05:50:27,0,1,2,15.9,3719.4,40001.2,10600.2,38612.4,24.6,0,
2017-12-22 05:50:30,0,1,2,16.0,3719.8,40001.0,10666.9,38860.4,24.6,0,
2017-12-22 05:50:33,0,1,2,16.0,3720.0,40000.9,10666.9,38860.4,24.7,0,
2017-12-22 05:50:37,0,1,2,16.1,3720.3,40000.8,10733.6,39108.4,24.6,0,
2017-12-22 05:50:40,0,1,2,16.2,3720.8,40001.0,10800.2,39356.5,24.6,0,
2017-12-22 05:50:43,0,1,2,16.2,3721.1,40001.3,10800.2,39356.5,24.6,0,
2017-12-22 05:50:46,0,1,2,16.3,3721.3,40001.2,10866.9,39604.6,24.6,0,
2017-12-22 05:50:49,0,1,2,16.3,3721.6,40001.2,10866.9,39604.6,24.7,0,
2017-12-22 05:50:52,0,1,2,16.4,3721.9,40000.9,10933.6,39852.7,24.7,0,
2017-12-22 05:50:55,0,1,2,16.4,3722.3,40001.2,10933.6,39852.7,24.7,0,
2017-12-22 05:50:58,0,1,2,16.5,3722.7,40001.0,11000.3,40100.9,24.7,0,
2017-12-22 05:51:01,0,1,2,16.5,3723.0,40001.3,11000.3,40100.9,24.7,0,
2017-12-22 05:51:04,0,1,2,16.6,3723.3,40001.1,11066.9,40349.1,24.7,0,
2017-12-22 05:51:07,0,1,2,16.6,3723.8,40000.9,11066.9,40349.1,24.7,0,
2017-12-22 05:51:10,0,1,2,16.7,3724.1,40001.3,11133.6,40597.4,24.7,0,
2017-12-22 05:51:13,0,1,2,16.7,3724.3,40001.2,11133.6,40597.4,24.6,0,
2017-12-22 05:51:16,0,1,2,16.8,3724.7,40001.3,11200.3,40845.8,24.6,0,
2017-12-22 05:51:19,0,1,2,16.8,3725.1,40001.1,11200.3,40845.8,24.6,0,
2017-12-22 05:51:22,0,1,2,16.9,3725.5,40001.2,11266.9,41094.1,24.6,0,
2017-12-22 05:51:25,0,1,2,16.9,3725.9,40001.0,11266.9,41094.1,24.7,0,
2017-12-22 05:51:28,0,1,2,17.0,3726.1,40001.0,11333.6,41342.6,24.7,0,
2017-12-22 05:51:31,0,1,2,17.0,3726.5,40001.1,11333.6,41342.6,24.6,0,
2017-12-22 05:51:34,0,1,2,17.1,3726.8,40000.5,11400.3,41591.0,24.7,0,
2017-12-22 05:51:37,0,1,2,17.1,3727.2,40000.8,11400.3,41591.0,24.7,0,
2017-12-22 05:51:41,0,1,2,17.2,3727.6,40001.0,11466.9,41839.5,24.6,0,
2017-12-22 05:51:44,0,1,2,17.2,3728.0,40000.9,11466.9,41839.5,24.7,0,
2017-12-22 05:51:47,0,1,2,17.3,3728.3,40001.2,11533.6,42088.1,24.6,0,
2017-12-22 05:51:50,0,1,2,17.3,3728.7,40001.0,11533.6,42088.1,24.6,0,
2017-12-22 05:51:53,0,1,2,17.4,3729.0,40001.0,11600.3,42336.7,24.6,0,
2017-12-22 05:51:56,0,1,2,17.4,3729.5,40001.0,11600.3,42336.7,24.6,0,
2017-12-22 05:51:59,0,1,2,17.5,3729.8,40001.6,11667.0,42585.3,24.7,0,
2017-12-22 05:52:03,0,1,2,17.5,3730.0,40001.1,11667.0,42585.3,24.7,0,
2017-12-22 05:52:06,0,1,2,17.6,3730.6,40001.2,11733.6,42834.0,24.7,0,
2017-12-22 05:52:09,0,1,2,17.6,3731.0,40001.0,11733.6,42834.0,24.8,0,
2017-12-22 05:52:12,0,1,2,17.7,3731.2,40001.3,11800.3,43082.8,24.7,0,
2017-12-22 05:52:15,0,1,2,17.7,3731.7,40001.2,11800.3,43082.8,24.7,0,
2017-12-22 05:52:18,0,1,2,17.8,3731.9,40001.0,11867.0,43331.6,24.8,0,
2017-12-22 05:52:21,0,1,2,17.8,3732.3,40001.1,11867.0,43331.6,24.8,0,
2017-12-22 05:52:25,0,1,2,17.9,3732.8,40001.3,11933.6,43580.4,24.8,0,
2017-12-22 05:52:28,0,1,2,18.0,3733.1,40001.3,12000.3,43829.3,24.7,0,
2017-12-22 05:52:31,0,1,2,18.0,3733.6,40001.3,12000.3,43829.3,24.7,0,
2017-12-22 05:52:34,0,1,2,18.1,3733.8,40001.0,12067.0,44078.2,24.7,0,
2017-12-22 05:52:37,0,1,2,18.1,3734.2,40001.3,12067.0,44078.2,24.8,0,
2017-12-22 05:52:40,0,1,2,18.2,3734.6,40000.9,12133.7,44327.2,24.7,0,
2017-12-22 05:52:43,0,1,2,18.2,3735.1,40001.2,12133.7,44327.2,24.7,0,
2017-12-22 05:52:46,0,1,2,18.3,3735.3,40001.3,12200.3,44576.3,24.7,0,
2017-12-22 05:52:50,0,1,2,18.3,3735.9,40001.2,12200.3,44576.3,24.7,0,
2017-12-22 05:52:53,0,1,2,18.4,3736.1,40001.3,12267.0,44825.4,24.8,0,
2017-12-22 05:52:56,0,1,2,18.4,3736.5,40001.2,12267.0,44825.4,24.8,0,
2017-12-22 05:52:59,0,1,2,18.5,3736.9,40001.5,12333.7,45074.5,24.8,0,
2017-12-22 05:53:02,0,1,2,18.5,3737.4,40001.3,12333.7,45074.5,24.8,0,
2017-12-22 05:53:05,0,1,2,18.6,3737.8,40001.5,12400.3,45323.7,24.7,0,
2017-12-22 05:53:09,0,1,2,18.6,3738.1,40001.0,12400.3,45323.7,24.8,0,
2017-12-22 05:53:12,0,1,2,18.7,3738.4,40000.8,12467.0,45572.9,24.8,0,
2017-12-22 05:53:15,0,1,2,18.7,3738.9,40001.4,12467.0,45572.9,24.8,0,
2017-12-22 05:53:18,0,1,2,18.8,3739.3,40001.6,12533.7,45822.2,24.8,0,
2017-12-22 05:53:21,0,1,2,18.9,3739.8,40001.0,12600.4,46071.5,24.8,0,
2017-12-22 05:53:25,0,1,2,18.9,3740.1,40001.5,12600.4,46071.5,24.8,0,
2017-12-22 05:53:28,0,1,2,19.0,3740.5,40001.3,12667.0,46320.9,24.7,0,
2017-12-22 05:53:31,0,1,2,19.0,3740.9,40001.1,12667.0,46320.9,24.8,0,
2017-12-22 05:53:34,0,1,2,19.1,3741.4,40001.3,12733.7,46570.3,24.8,0,
2017-12-22 05:53:37,0,1,2,19.1,3741.9,40001.2,12733.7,46570.3,24.7,0,
2017-12-22 05:53:41,0,1,2,19.2,3742.2,40001.3,12800.4,46819.8,24.7,0,
2017-12-22 05:53:44,0,1,2,19.2,3742.7,40001.5,12800.4,46819.8,24.7,0,
2017-12-22 05:53:47,0,1,2,19.3,3743.0,40001.3,12867.0,47069.4,24.8,0,
2017-12-22 05:53:50,0,1,2,19.3,3743.6,40001.3,12867.0,47069.4,24.8,0,
2017-12-22 05:53:53,0,1,2,19.4,3743.9,40001.3,12933.7,47319.0,24.7,0,
2017-12-22 05:53:56,0,1,2,19.4,3744.2,40001.3,12933.7,47319.0,24.8,0,
2017-12-22 05:53:59,0,1,2,19.5,3744.7,40001.5,13000.4,47568.6,24.8,0,
2017-12-22 05:54:03,0,1,2,19.5,3745.3,40001.4,13000.4,47568.6,24.8,0,
2017-12-22 05:54:06,0,1,2,19.6,3745.6,40001.7,13067.0,47818.3,24.8,0,
2017-12-22 05:54:09,0,1,2,19.6,3746.0,40001.2,13067.0,47818.3,24.8,0,
2017-12-22 05:54:12,0,1,2,19.7,3746.3,40001.0,13133.7,48068.1,24.8,0,
2017-12-22 05:54:15,0,1,2,19.7,3746.7,40001.3,13133.7,48068.1,24.8,0,
2017-12-22 05:54:18,0,1,2,19.8,3747.1,40001.3,13200.4,48317.9,24.8,0,
2017-12-22 05:54:21,0,1,2,19.8,3747.6,40001.1,13200.4,48317.9,24.8,0,
2017-12-22 05:54:24,0,1,2,19.9,3748.0,40001.2,13267.1,48567.7,24.8,0,
2017-12-22 05:54:28,0,1,2,20.0,3748.6,40001.5,13333.7,48817.7,24.8,0,
2017-12-22 05:54:31,0,1,2,20.0,3749.0,40001.2,13333.7,48817.7,24.8,0,
2017-12-22 05:54:34,0,1,2,20.1,3749.5,40001.3,13400.4,49067.6,24.8,0,
2017-12-22 05:54:37,0,1,2,20.1,3749.8,40001.8,13400.4,49067.6,24.7,0,
2017-12-22 05:54:40,0,1,2,20.2,3750.3,40001.2,13467.1,49317.7,24.7,0,
2017-12-22 05:54:43,0,1,2,20.2,3750.8,40001.3,13467.1,49317.7,24.7,0,
2017-12-22 05:54:46,0,1,2,20.3,3751.1,40001.1,13533.7,49567.7,24.7,0,
2017-12-22 05:54:49,0,1,2,20.3,3751.7,40001.3,13533.7,49567.7,24.7,0,
2017-12-22 05:54:52,0,1,2,20.4,3752.1,40001.3,13600.4,49817.9,24.6,0,
2017-12-22 05:54:55,0,1,2,20.4,3752.5,40001.3,13600.4,49817.9,24.6,0,
2017-12-22 05:54:58,0,1,2,20.5,3753.0,40001.3,13667.1,50068.1,24.6,0,
2017-12-22 05:55:01,0,1,2,20.5,3753.2,40001.2,13667.1,50068.1,24.6,0,
2017-12-22 05:55:04,0,1,2,20.6,3753.7,40001.4,13733.8,50318.3,24.6,0,
2017-12-22 05:55:07,0,1,2,20.6,3754.2,40001.3,13733.8,50318.3,24.6,0,
2017-12-22 05:55:11,0,1,2,20.7,3754.8,40001.6,13800.4,50568.7,24.6,0,
2017-12-22 05:55:14,0,1,2,20.7,3755.1,40001.5,13800.4,50568.7,24.6,0,
2017-12-22 05:55:17,0,1,2,20.8,3755.7,40001.5,13867.1,50819.0,24.7,0,
2017-12-22 05:55:20,0,1,2,20.8,3756.0,40001.6,13867.1,50819.0,24.7,0,
2017-12-22 05:55:23,0,1,2,20.9,3756.6,40001.5,13933.8,51069.5,24.7,0,
2017-12-22 05:55:26,0,1,2,20.9,3757.0,40001.4,13933.8,51069.5,24.7,0,
2017-12-22 05:55:29,0,1,2,21.0,3757.6,40001.5,14000.4,51320.0,24.7,0,
2017-12-22 05:55:33,0,1,2,21.0,3758.0,40001.7,14000.4,51320.0,24.7,0,
2017-12-22 05:55:36,0,1,2,21.1,3758.4,40001.6,14067.1,51570.5,24.8,0,
2017-12-22 05:55:39,0,1,2,21.1,3758.9,40001.5,14067.1,51570.5,24.8,0,
2017-12-22 05:55:42,0,1,2,21.2,3759.4,40001.5,14133.8,51821.1,24.8,0,
2017-12-22 05:55:46,0,1,2,21.3,3759.8,40001.5,14200.5,52071.8,24.8,0,
2017-12-22 05:55:49,0,1,2,21.3,3760.4,40001.8,14200.5,52071.8,24.8,0,
2017-12-22 05:55:52,0,1,2,21.4,3760.8,40001.3,14267.1,52322.5,24.8,0,
2017-12-22 05:55:55,0,1,2,21.4,3761.2,40001.6,14267.1,52322.5,24.8,0,
2017-12-22 05:55:58,0,1,2,21.5,3761.8,40001.5,14333.8,52573.3,24.8,0,
2017-12-22 05:56:01,0,1,2,21.5,3762.2,40001.4,14333.8,52573.3,24.8,0,
2017-12-22 05:56:04,0,1,2,21.6,3762.8,40001.5,14400.5,52824.2,24.8,0,
2017-12-22 05:56:07,0,1,2,21.6,3763.2,40001.5,14400.5,52824.2,24.8,0,
2017-12-22 05:56:10,0,1,2,21.7,3763.6,40001.5,14467.1,53075.1,24.8,0,
2017-12-22 05:56:13,0,1,2,21.7,3764.2,40001.7,14467.1,53075.1,24.8,0,
2017-12-22 05:56:16,0,1,2,21.8,3764.6,40001.5,14533.8,53326.1,24.8,0,
2017-12-22 05:56:19,0,1,2,21.8,3765.2,40001.3,14533.8,53326.1,24.8,0,
2017-12-22 05:56:23,0,1,2,21.9,3765.7,40001.5,14600.5,53577.2,24.8,0,
2017-12-22 05:56:26,0,1,2,21.9,3766.1,40001.0,14600.5,53577.2,24.8,0,
2017-12-22 05:56:29,0,1,2,22.0,3766.8,40001.6,14667.2,53828.3,24.8,0,
2017-12-22 05:56:32,0,1,2,22.0,3767.1,40001.5,14667.2,53828.3,24.8,0,
2017-12-22 05:56:35,0,1,2,22.1,3767.8,40001.3,14733.8,54079.4,24.8,0,
2017-12-22 05:56:38,0,1,2,22.1,3768.3,40001.5,14733.8,54079.4,24.8,0,
2017-12-22 05:56:42,0,1,2,22.2,3768.8,40001.5,14800.5,54330.7,24.8,0,
2017-12-22 05:56:45,0,1,2,22.2,3769.4,40001.3,14800.5,54330.7,24.8,0,
2017-12-22 05:56:48,0,1,2,22.3,3769.9,40001.0,14867.2,54582.0,24.8,0,
2017-12-22 05:56:51,0,1,2,22.3,3770.3,40001.5,14867.2,54582.0,24.8,0,
2017-12-22 05:56:55,0,1,2,22.4,3770.8,40001.6,14933.8,54833.4,24.8,0,
2017-12-22 05:56:58,0,1,2,22.5,3771.3,40001.8,15000.5,55084.8,24.8,0,
2017-12-22 05:57:01,0,1,2,22.5,3772.0,40001.5,15000.5,55084.8,24.8,0,
2017-12-22 05:57:04,0,1,2,22.6,3772.4,40001.3,15067.2,55336.3,24.8,0,
2017-12-22 05:57:07,0,1,2,22.6,3773.0,40001.8,15067.2,55336.3,24.8,0,
2017-12-22 05:57:10,0,1,2,22.7,3773.5,40001.5,15133.9,55587.9,24.8,0,
2017-12-22 05:57:13,0,1,2,22.7,3774.0,40001.5,15133.9,55587.9,24.7,0,
2017-12-22 05:57:16,0,1,2,22.8,3774.6,40001.3,15200.5,55839.5,24.8,0,
2017-12-22 05:57:20,0,1,2,22.8,3775.1,40001.2,15200.5,55839.5,24.8,0,
2017-12-22 05:57:23,0,1,2,22.9,3775.5,40001.2,15267.2,56091.3,24.7,0,
2017-12-22 05:57:26,0,1,2,22.9,3776.2,40001.5,15267.2,56091.3,24.8,0,
2017-12-22 05:57:29,0,1,2,23.0,3776.7,40001.4,15333.9,56343.1,24.8,0,
2017-12-22 05:57:32,0,1,2,23.0,3777.3,40001.6,15333.9,56343.1,24.8,0,
2017-12-22 05:57:36,0,1,2,23.1,3778.0,40001.4,15400.5,56594.9,24.8,0,
2017-12-22 05:57:39,0,1,2,23.1,3778.5,40001.3,15400.5,56594.9,24.8,0,
2017-12-22 05:57:42,0,1,2,23.2,3779.0,40001.2,15467.2,56846.8,24.8,0,
2017-12-22 05:57:45,0,1,2,23.2,3779.5,40001.3,15467.2,56846.8,24.8,0,
2017-12-22 05:57:48,0,1,2,23.3,3780.1,40001.2,15533.9,57098.8,24.8,0,
2017-12-22 05:57:51,0,1,2,23.4,3780.7,40001.0,15600.6,57350.9,24.8,0,
2017-12-22 05:57:55,0,1,2,23.4,3781.3,40001.5,15600.6,57350.9,24.8,0,
2017-12-22 05:57:58,0,1,2,23.5,3781.8,40001.3,15667.2,57603.0,24.8,0,
2017-12-22 05:58:01,0,1,2,23.5,3782.4,40001.3,15667.2,57603.0,24.8,0,
2017-12-22 05:58:04,0,1,2,23.6,3782.9,40001.3,15733.9,57855.2,24.8,0,
2017-12-22 05:58:07,0,1,2,23.6,3783.5,40001.5,15733.9,57855.2,24.8,0,
2017-12-22 05:58:10,0,1,2,23.7,3784.1,40001.4,15800.6,58107.5,24.8,0,
2017-12-22 05:58:14,0,1,2,23.7,3784.7,40001.5,15800.6,58107.5,24.8,0,
2017-12-22 05:58:17,0,1,2,23.8,3785.4,40001.8,15867.2,58359.9,24.8,0,
2017-12-22 05:58:20,0,1,2,23.8,3786.0,40001.9,15867.2,58359.9,24.8,0,
2017-12-22 05:58:23,0,1,2,23.9,3786.5,40001.3,15933.9,58612.3,24.8,0,
2017-12-22 05:58:26,0,1,2,23.9,3787.1,40001.5,15933.9,58612.3,24.9,0,
2017-12-22 05:58:29,0,1,2,24.0,3787.8,40001.8,16000.6,58864.8,24.9,0,
2017-12-22 05:58:33,0,1,2,24.0,3788.3,40001.7,16000.6,58864.8,24.8,0,
2017-12-22 05:58:36,0,1,2,24.1,3788.8,40001.5,16067.3,59117.4,24.9,0,
2017-12-22 05:58:39,0,1,2,24.1,3789.5,40001.8,16067.3,59117.4,24.8,0,
2017-12-22 05:58:42,0,1,2,24.2,3790.0,40002.0,16133.9,59370.0,24.9,0,
2017-12-22 05:58:45,0,1,2,24.3,3790.8,40001.6,16200.6,59622.8,24.9,0,
2017-12-22 05:58:49,0,1,2,24.3,3791.3,40002.0,16200.6,59622.8,24.9,0,
2017-12-22 05:58:52,0,1,2,24.4,3791.8,40001.9,16267.3,59875.6,24.9,0,
2017-12-22 05:58:55,0,1,2,24.4,3792.6,40001.8,16267.3,59875.6,24.8,0,
2017-12-22 05:58:58,0,1,2,24.5,3793.2,40001.3,16333.9,60128.5,24.8,0,
2017-12-22 05:59:01,0,1,2,24.5,3793.9,40002.0,16333.9,60128.5,24.8,0,
2017-12-22 05:59:05,0,1,2,24.6,3794.4,40001.8,16400.6,60381.5,24.8,0,
2017-12-22 05:59:08,0,1,2,24.6,3795.2,40002.1,16400.6,60381.5,24.8,0,
2017-12-22 05:59:11,0,1,2,24.7,3795.7,40002.2,16467.3,60634.5,24.8,0,
2017-12-22 05:59:14,0,1,2,24.7,3796.4,40001.8,16467.3,60634.5,24.8,0,
2017-12-22 05:59:17,0,1,2,24.8,3797.0,40002.3,16534.0,60887.6,24.8,0,
2017-12-22 05:59:20,0,1,2,24.8,3797.6,40002.0,16534.0,60887.6,24.8,0,
2017-12-22 05:59:23,0,1,2,24.9,3798.2,40002.3,16600.6,61140.9,24.8,0,
2017-12-22 05:59:27,0,1,2,24.9,3799.0,40002.2,16600.6,61140.9,24.8,0,
2017-12-22 05:59:30,0,1,2,25.0,3799.4,40002.0,16667.3,61394.2,24.8,0,
2017-12-22 05:59:33,0,1,2,25.0,3800.1,40001.7,16667.3,61394.2,24.8,0,
2017-12-22 05:59:36,0,1,2,25.1,3800.7,40001.9,16734.0,61647.5,24.8,0,
2017-12-22 05:59:39,0,1,2,25.1,3801.3,40002.0,16734.0,61647.5,24.8,0,
2017-12-22 05:59:42,0,1,2,25.2,3802.2,40001.3,16800.7,61901.0,24.8,0,
2017-12-22 05:59:45,0,1,2,25.2,3802.8,40002.2,16800.7,61901.0,24.8,0,
2017-12-22 05:59:48,0,1,2,25.3,3803.4,40002.1,16867.3,62154.5,24.8,0,
2017-12-22 05:59:51,0,1,2,25.3,3804.0,40002.3,16867.3,62154.5,24.8,0,
2017-12-22 05:59:54,0,1,2,25.4,3804.8,40001.8,16934.0,62408.2,24.8,0,
2017-12-22 05:59:57,0,1,2,25.4,3805.2,40002.3,16934.0,62408.2,24.8,0,
2017-12-22 06:00:00,0,1,2,25.5,3805.9,40002.0,17000.7,62661.9,24.8,0,
2017-12-22 06:00:04,0,1,2,25.6,3806.6,40002.3,17067.4,62915.7,24.8,0,
2017-12-22 06:00:07,0,1,2,25.6,3807.4,40002.0,17067.4,62915.7,24.8,0,
2017-12-22 06:00:10,0,1,2,25.7,3808.0,40002.2,17134.0,63169.6,24.8,0,
2017-12-22 06:00:13,0,1,2,25.7,3808.7,40002.0,17134.0,63169.6,24.8,0,
2017-12-22 06:00:17,0,1,2,25.8,3809.4,40002.3,17200.7,63423.5,24.8,0,
2017-12-22 06:00:20,0,1,2,25.8,3810.1,40002.2,17200.7,63423.5,24.8,0,
2017-12-22 06:00:23,0,1,2,25.9,3810.9,40002.4,17267.4,63677.6,24.8,0,
2017-12-22 06:00:26,0,1,2,25.9,3811.5,40002.0,17267.4,63677.6,24.8,0,
2017-12-22 06:00:29,0,1,2,26.0,3812.2,40001.8,17334.0,63931.8,24.8,0,
2017-12-22 06:00:32,0,1,2,26.0,3812.9,40002.2,17334.0,63931.8,24.8,0,
2017-12-22 06:00:36,0,1,2,26.1,3813.5,40002.2,17400.7,64186.0,24.8,0,
2017-12-22 06:00:39,0,1,2,26.1,3814.4,40002.3,17400.7,64186.0,24.8,0,
2017-12-22 06:00:42,0,1,2,26.2,3815.0,40002.0,17467.4,64440.3,24.8,0,
2017-12-22 06:00:45,0,1,2,26.2,3815.6,40002.0,17467.4,64440.3,24.8,0,
2017-12-22 06:00:48,0,1,2,26.3,3816.4,40002.1,17534.1,64694.7,24.8,0,
2017-12-22 06:00:51,0,1,2,26.3,3817.1,40002.1,17534.1,64694.7,24.8,0,
2017-12-22 06:00:54,0,1,2,26.4,3817.8,40002.2,17600.7,64949.2,24.8,0,
2017-12-22 06:00:57,0,1,2,26.5,3818.5,40002.5,17667.4,65203.8,24.8,0,
2017-12-22 06:01:01,0,1,2,26.5,3819.2,40002.3,17667.4,65203.8,24.8,0,
2017-12-22 06:01:04,0,1,2,26.6,3819.9,40002.1,17734.1,65458.5,24.8,0,
2017-12-22 06:01:07,0,1,2,26.6,3820.8,40002.1,17734.1,65458.5,24.8,0,
2017-12-22 06:01:10,0,1,2,26.7,3821.4,40002.5,17800.8,65713.3,24.8,0,
2017-12-22 06:01:14,0,1,2,26.7,3822.2,40002.3,17800.8,65713.3,24.8,0,
2017-12-22 06:01:17,0,1,2,26.8,3822.9,40002.3,17867.4,65968.1,24.8,0,
2017-12-22 06:01:20,0,1,2,26.8,3823.7,40002.0,17867.4,65968.1,24.8,0,
2017-12-22 06:01:23,0,1,2,26.9,3824.4,40002.5,17934.1,66223.1,24.8,0,
2017-12-22 06:01:26,0,1,2,26.9,3825.1,40002.3,17934.1,66223.1,24.8,0,
2017-12-22 06:01:29,0,1,2,27.0,3825.9,40002.3,18000.8,66478.2,24.8,0,
2017-12-22 06:01:32,0,1,2,27.0,3826.7,40002.1,18000.8,66478.2,24.8,0,
2017-12-22 06:01:36,0,1,2,27.1,3827.4,40002.5,18067.5,66733.3,24.8,0,
2017-12-22 06:01:39,0,1,2,27.1,3828.2,40002.5,18067.5,66733.3,24.8,0,
2017-12-22 06:01:42,0,1,2,27.2,3828.8,40002.3,18134.1,66988.6,24.8,0,
2017-12-22 06:01:45,0,1,2,27.2,3829.7,40002.5,18134.1,66988.6,24.9,0,
2017-12-22 06:01:48,0,1,2,27.3,3830.4,40002.3,18200.8,67243.9,24.9,0,
2017-12-22 06:01:51,0,1,2,27.3,3831.2,40002.8,18200.8,67243.9,24.9,0,
2017-12-22 06:01:55,0,1,2,27.4,3832.1,40000.0,18267.5,67499.4,24.9,0,
2017-12-22 06:01:58,0,1,2,27.5,3832.8,40000.3,18334.2,67754.9,24.9,0,
2017-12-22 06:02:01,0,1,2,27.5,3833.6,40000.0,18334.2,67754.9,24.9,0,
2017-12-22 06:02:04,0,1,2,27.6,3834.3,39999.8,18400.8,68010.5,24.9,0,
2017-12-22 06:02:07,0,1,2,27.6,3835.2,40000.0,18400.8,68010.5,24.9,0,
2017-12-22 06:02:10,0,1,2,27.7,3836.0,40000.0,18467.5,68266.2,24.9,0,
2017-12-22 06:02:14,0,1,2,27.7,3836.7,39999.8,18467.5,68266.2,24.9,0,
2017-12-22 06:02:17,0,1,2,27.8,3837.5,39999.8,18534.2,68522.0,24.9,0,
2017-12-22 06:02:20,0,1,2,27.8,3838.3,39999.8,18534.2,68522.0,24.9,0,
2017-12-22 06:02:23,0,1,2,27.9,3839.0,39999.8,18600.8,68778.0,24.9,0,
2017-12-22 06:02:26,0,1,2,27.9,3839.9,39999.8,18600.8,68778.0,24.9,0,
2017-12-22 06:02:29,0,1,2,28.0,3840.7,40000.0,18667.5,69034.0,24.9,0,
2017-12-22 06:02:32,0,1,2,28.0,3841.5,40000.3,18667.5,69034.0,24.9,0,
2017-12-22 06:02:35,0,1,2,28.1,3842.3,40000.2,18734.2,69290.1,25.0,0,
2017-12-22 06:02:38,0,1,2,28.1,3843.0,40000.3,18734.2,69290.1,25.0,0,
2017-12-22 06:02:41,0,1,2,28.2,3843.8,39999.7,18800.8,69546.3,25.0,0,
2017-12-22 06:02:44,0,1,2,28.2,3844.4,40000.3,18800.8,69546.3,25.0,0,
2017-12-22 06:02:47,0,1,2,28.3,3845.4,40000.1,18867.5,69802.6,25.0,0,
2017-12-22 06:02:51,0,1,2,28.3,3846.1,40000.0,18867.5,69802.6,25.0,0,
2017-12-22 06:02:54,0,1,2,28.4,3847.1,40000.2,18934.2,70059.1,25.0,0,
2017-12-22 06:02:57,0,1,2,28.4,3847.7,40000.3,18934.2,70059.1,25.0,0,
2017-12-22 06:03:00,0,1,2,28.5,3848.7,40000.3,19000.8,70315.6,25.0,0,
2017-12-22 06:03:03,0,1,2,28.5,3849.5,39999.8,19000.8,70315.6,25.0,0,
2017-12-22 06:03:06,0,1,2,28.6,3850.2,40000.0,19067.5,70572.2,25.0,0,
2017-12-22 06:03:09,0,1,2,28.6,3851.0,40000.0,19067.5,70572.2,24.9,0,
2017-12-22 06:03:12,0,1,2,28.7,3851.9,40000.1,19134.2,70829.0,24.9,0,
2017-12-22 06:03:16,0,1,2,28.8,3852.7,40000.3,19200.8,71085.8,24.9,0,
2017-12-22 06:03:19,0,1,2,28.8,3853.7,40000.0,19200.8,71085.8,24.8,0,
2017-12-22 06:03:22,0,1,2,28.9,3854.5,39999.5,19267.5,71342.8,24.8,0,
2017-12-22 06:03:25,0,1,2,28.9,3855.4,39999.7,19267.5,71342.8,24.8,0,
2017-12-22 06:03:28,0,1,2,29.0,3856.2,40000.3,19334.2,71599.8,24.8,0,
2017-12-22 06:03:31,0,1,2,29.0,3856.9,40000.1,19334.2,71599.8,24.8,0,
2017-12-22 06:03:34,0,1,2,29.1,3857.9,40000.5,19400.8,71857.0,24.8,0,
2017-12-22 06:03:38,0,1,2,29.1,3858.7,40000.5,19400.8,71857.0,24.8,0,
2017-12-22 06:03:41,0,1,2,29.2,3859.6,40000.3,19467.5,72114.3,24.8,0,
2017-12-22 06:03:44,0,1,2,29.2,3860.4,40000.2,19467.5,72114.3,24.9,0,
2017-12-22 06:03:47,0,1,2,29.3,3861.3,39999.8,19534.2,72371.7,24.8,0,
2017-12-22 06:03:50,0,1,2,29.3,3862.0,40000.2,19534.2,72371.7,24.9,0,
2017-12-22 06:03:53,0,1,2,29.4,3862.8,40000.3,19600.8,72629.2,24.9,0,
2017-12-22 06:03:56,0,1,2,29.4,3863.8,40000.7,19600.8,72629.2,24.9,0,
2017-12-22 06:03:59,0,1,2,29.5,3864.7,40000.5,19667.5,72886.8,24.9,0,
2017-12-22 06:04:02,0,1,2,29.5,3865.6,40000.4,19667.5,72886.8,24.9,0,
2017-12-22 06:04:05,0,1,2,29.6,3866.4,40000.2,19734.2,73144.6,24.9,0,
2017-12-22 06:04:08,0,1,2,29.6,3867.3,40000.0,19734.2,73144.6,24.9,0,
2017-12-22 06:04:12,0,1,2,29.7,3868.2,40000.1,19800.8,73402.4,24.9,0,
2017-12-22 06:04:15,0,1,2,29.7,3869.2,40000.3,19800.8,73402.4,24.9,0,
2017-12-22 06:04:18,0,1,2,29.8,3870.0,40000.3,19867.5,73660.3,24.9,0,
2017-12-22 06:04:21,0,1,2,29.8,3871.0,40000.3,19867.5,73660.3,25.0,0,
2017-12-22 06:04:24,0,1,2,29.9,3871.7,40000.2,19934.2,73918.4,25.0,0,
2017-12-22 06:04:27,0,1,2,30.0,3872.7,40000.6,20000.8,74176.6,25.0,0,
2017-12-22 06:04:30,0,1,2,30.0,3873.6,40000.5,20000.8,74176.6,25.0,0,
2017-12-22 06:04:34,0,1,2,30.1,3874.5,40000.5,20067.5,74434.9,25.0,0,
2017-12-22 06:04:37,0,1,2,30.1,3875.4,40000.5,20067.5,74434.9,25.0,0,
2017-12-22 06:04:40,0,1,2,30.2,3876.1,40000.7,20134.2,74693.3,25.0,0,
2017-12-22 06:04:43,0,1,2,30.2,3877.0,40000.2,20134.2,74693.3,25.0,0,
2017-12-22 06:04:46,0,1,2,30.3,3878.0,40000.5,20200.8,74951.8,25.0,0,
2017-12-22 06:04:49,0,1,2,30.3,3878.9,40000.0,20200.8,74951.8,25.0,0,
2017-12-22 06:04:52,0,1,2,30.4,3879.8,40000.7,20267.5,75210.5,25.0,0,
2017-12-22 06:04:55,0,1,2,30.4,3880.6,40000.6,20267.5,75210.5,25.0,0,
2017-12-22 06:04:58,0,1,2,30.5,3881.5,40000.5,20334.2,75469.3,25.0,0,
2017-12-22 06:05:01,0,1,2,30.5,3882.6,40000.8,20334.2,75469.3,25.0,0,
2017-12-22 06:05:05,0,1,2,30.6,3883.5,40000.9,20400.9,75728.2,25.0,0,
2017-12-22 06:05:08,0,1,2,30.6,3884.4,40000.7,20400.9,75728.2,24.9,0,
2017-12-22 06:05:11,0,1,2,30.7,3885.4,40000.8,20467.5,75987.2,24.9,0,
2017-12-22 06:05:14,0,1,2,30.7,3886.4,40000.7,20467.5,75987.2,25.0,0,
2017-12-22 06:05:17,0,1,2,30.8,3887.3,40000.5,20534.2,76246.3,24.9,0,
2017-12-22 06:05:20,0,1,2,30.8,3888.1,40000.2,20534.2,76246.3,24.9,0,
2017-12-22 06:05:24,0,1,2,30.9,3889.2,40000.4,20600.9,76505.5,25.0,0,
2017-12-22 06:05:27,0,1,2,30.9,3890.0,40000.3,20600.9,76505.5,25.0,0,
2017-12-22 06:05:30,0,1,2,31.0,3891.0,40000.6,20667.5,76764.9,25.0,0,
2017-12-22 06:05:33,0,1,2,31.0,3892.0,40000.5,20667.5,76764.9,25.0,0,
2017-12-22 06:05:36,0,1,2,31.1,3892.9,40000.5,20734.2,77024.4,25.0,0,
2017-12-22 06:05:39,0,1,2,31.1,3893.9,40001.0,20734.2,77024.4,25.0,0,
2017-12-22 06:05:42,0,1,2,31.2,3894.9,40001.0,20800.9,77284.0,25.0,0,
2017-12-22 06:05:45,0,1,2,31.2,3895.7,40001.0,20800.9,77284.0,25.0,0,
2017-12-22 06:05:48,0,1,2,31.3,3896.8,40001.3,20867.5,77543.7,24.9,0,
2017-12-22 06:05:51,0,1,2,31.4,3897.7,40000.9,20934.2,77803.5,25.0,0,
2017-12-22 06:05:54,0,1,2,31.4,3898.6,40000.8,20934.2,77803.5,24.9,0,
2017-12-22 06:05:57,0,1,2,31.5,3899.5,40001.2,21000.9,78063.5,24.9,0,
2017-12-22 06:06:01,0,1,2,31.5,3900.0,39302.6,21000.9,78063.5,24.9,0,
2017-12-22 06:06:04,0,1,2,31.6,3900.0,38219.1,21064.9,78313.2,24.9,0,
2017-12-22 06:06:07,0,1,2,31.6,3900.1,37286.3,21064.9,78313.2,25.0,0,
2017-12-22 06:06:10,0,1,2,31.7,3900.0,36439.7,21125.6,78550.2,25.0,0,
2017-12-22 06:06:13,0,1,2,31.7,3900.1,35645.2,21125.6,78550.2,25.0,0,
2017-12-22 06:06:16,0,1,2,31.8,3900.0,34924.5,21184.0,78777.7,25.0,0,
2017-12-22 06:06:19,0,1,2,31.8,3900.0,34144.1,21184.0,78777.7,25.0,0,
2017-12-22 06:06:22,0,1,2,31.9,3900.1,33550.2,21240.2,78996.9,25.0,0,
2017-12-22 06:06:25,0,1,2,31.9,3900.1,32967.2,21240.2,78996.9,25.0,0,
2017-12-22 06:06:29,0,1,2,32.0,3899.9,32233.1,21294.3,79208.0,25.0,0,
2017-12-22 06:06:32,0,1,2,32.0,3899.9,31671.1,21294.3,79208.0,25.0,0,
2017-12-22 06:06:35,0,1,2,32.1,3900.0,31119.7,21346.7,79412.3,25.0,0,
2017-12-22 06:06:38,0,1,2,32.1,3900.1,30576.5,21346.7,79412.3,25.0,0,
2017-12-22 06:06:41,0,1,2,32.2,3900.1,30045.4,21397.2,79609.1,25.0,0,
2017-12-22 06:06:44,0,1,2,32.2,3900.1,29448.0,21397.2,79609.1,25.0,0,
2017-12-22 06:06:47,0,1,2,32.3,3899.9,28881.5,21445.8,79798.7,25.0,0,
2017-12-22 06:06:50,0,1,2,32.3,3900.0,28431.7,21445.8,79798.7,25.0,0,
2017-12-22 06:06:53,0,1,2,32.4,3900.0,28018.4,21492.9,79982.6,25.0,0,
2017-12-22 06:06:56,0,1,2,32.4,3899.9,27519.8,21492.9,79982.6,25.0,0,
2017-12-22 06:07:00,0,1,2,32.5,3899.9,27038.6,21538.7,80161.0,25.0,0,
2017-12-22 06:07:03,0,1,2,32.5,3899.9,26447.5,21538.7,80161.0,25.0,0,
2017-12-22 06:07:06,0,1,2,32.6,3900.1,26107.5,21582.7,80332.8,25.0,0,
2017-12-22 06:07:09,0,1,2,32.6,3899.9,25585.7,21582.7,80332.8,25.0,0,
2017-12-22 06:07:12,0,1,2,32.7,3900.0,25154.2,21625.4,80499.1,25.0,0,
2017-12-22 06:07:16,0,1,2,32.8,3900.0,24774.5,21666.8,80660.5,25.0,0,
2017-12-22 06:07:19,0,1,2,32.8,3900.1,24343.7,21666.8,80660.5,25.0,0,
2017-12-22 06:07:22,0,1,2,32.9,3900.0,23860.9,21706.7,80816.3,25.0,0,
2017-12-22 06:07:25,0,1,2,32.9,3900.0,23433.4,21706.7,80816.3,25.0,0,
2017-12-22 06:07:28,0,1,2,33.0,3900.1,23140.1,21745.4,80967.1,25.0,0,
2017-12-22 06:07:32,0,1,2,33.0,3900.0,22690.2,21745.4,80967.1,25.0,0,
2017-12-22 06:07:35,0,1,2,33.1,3900.1,22282.3,21782.7,81112.7,25.0,0,
2017-12-22 06:07:38,0,1,2,33.1,3899.9,21895.2,21782.7,81112.7,25.0,0,
2017-12-22 06:07:41,0,1,2,33.2,3900.1,21565.9,21818.9,81254.0,25.0,0,
2017-12-22 06:07:44,0,1,2,33.2,3900.0,21136.6,21818.9,81254.0,25.0,0,
2017-12-22 06:07:48,0,1,2,33.3,3900.1,20818.1,21854.0,81390.7,25.0,0,
2017-12-22 06:07:51,0,1,2,33.3,3899.9,20352.4,21854.0,81390.7,25.0,0,
2017-12-22 06:07:54,0,1,2,33.4,3900.0,20047.0,21887.8,81522.6,25.0,0,
2017-12-22 06:07:57,0,1,2,33.4,3900.1,19747.3,21887.8,81522.6,24.9,0,
2017-12-22 06:08:00,0,1,2,33.5,3900.1,19450.5,21920.6,81650.3,24.9,0,
2017-12-22 06:08:03,0,1,2,33.5,3899.9,19026.3,21920.6,81650.3,24.9,0,
2017-12-22 06:08:06,0,1,2,33.6,3900.0,18824.2,21952.3,81773.9,24.9,0,
2017-12-22 06:08:09,0,1,2,33.7,3900.1,18505.6,21983.1,81894.2,24.9,0,
2017-12-22 06:08:12,0,1,2,33.7,3900.1,18218.5,21983.1,81894.2,24.9,0,
2017-12-22 06:08:16,0,1,2,33.8,3899.9,17865.9,22012.9,82010.3,24.9,0,
2017-12-22 06:08:19,0,1,2,33.8,3900.0,17588.7,22012.9,82010.3,24.9,0,
2017-12-22 06:08:22,0,1,2,33.9,3900.1,17281.5,22041.7,82122.7,24.9,0,
2017-12-22 06:08:25,0,1,2,33.9,3900.0,17108.2,22041.7,82122.7,24.9,0,
2017-12-22 06:08:28,0,1,2,34.0,3900.0,16767.8,22069.6,82231.7,24.8,0,
2017-12-22 06:08:31,0,1,2,34.0,3899.9,16476.4,22069.6,82231.7,24.8,0,
2017-12-22 06:08:34,0,1,2,34.1,3900.1,16228.7,22096.8,82337.5,24.9,0,
2017-12-22 06:08:38,0,1,2,34.1,3900.1,15945.6,22096.8,82337.5,24.9,0,
2017-12-22 06:08:41,0,1,2,34.2,3900.1,15666.7,22123.0,82439.8,24.9,0,
2017-12-22 06:08:44,0,1,2,34.2,3900.0,15431.6,22123.0,82439.8,24.9,0,
2017-12-22 06:08:47,0,1,2,34.3,3900.1,15170.1,22148.5,82539.2,24.9,0,
2017-12-22 06:08:50,0,1,2,34.3,3899.9,14897.0,22148.5,82539.2,24.9,0,
2017-12-22 06:08:53,0,1,2,34.4,3899.9,14675.2,22173.1,82635.0,24.9,0,
2017-12-22 06:08:56,0,1,2,34.4,3900.0,14417.8,22173.1,82635.0,25.0,0,
2017-12-22 06:09:00,0,1,2,34.5,3900.0,14202.0,22196.9,82727.9,25.0,0,
2017-12-22 06:09:03,0,1,2,34.5,3899.9,13954.7,22196.9,82727.9,25.0,0,
2017-12-22 06:09:06,0,1,2,34.6,3900.1,13745.6,22220.1,82818.6,25.0,0,
2017-12-22 06:09:09,0,1,2,34.6,3900.1,13541.3,22220.1,82818.6,25.0,0,
2017-12-22 06:09:12,0,1,2,34.7,3899.9,13206.0,22242.6,82906.4,25.0,0,
2017-12-22 06:09:16,0,1,2,34.8,3899.9,13008.4,22264.4,82991.1,24.9,0,
2017-12-22 06:09:19,0,1,2,34.8,3900.0,12844.7,22264.4,82991.1,24.9,0,
2017-12-22 06:09:22,0,1,2,34.9,3899.9,12620.2,22285.5,83073.6,24.9,0,
2017-12-22 06:09:25,0,1,2,34.9,3900.0,12377.4,22285.5,83073.6,24.9,0,
2017-12-22 06:09:28,0,1,2,35.0,3900.1,12215.6,22305.9,83153.3,24.9,0,
2017-12-22 06:09:31,0,1,2,35.0,3900.0,11971.8,22305.9,83153.3,24.9,0,
2017-12-22 06:09:34,0,1,2,35.1,3899.9,11883.3,22325.8,83230.9,24.9,0,
2017-12-22 06:09:38,0,1,2,35.1,3900.0,11681.9,22325.8,83230.9,24.9,0,
2017-12-22 06:09:41,0,1,2,35.2,3900.0,11414.2,22345.0,83305.7,24.9,0,
2017-12-22 06:09:44,0,1,2,35.2,3900.0,11271.3,22345.0,83305.7,24.8,0,
2017-12-22 06:09:47,0,1,2,35.3,3899.9,11108.5,22363.7,83378.4,24.9,0,
2017-12-22 06:09:50,0,1,2,35.3,3900.0,10964.7,22363.7,83378.4,24.8,0,
2017-12-22 06:09:53,0,1,2,35.4,3900.0,10774.0,22381.8,83449.0,24.9,0,
2017-12-22 06:09:57,0,1,2,35.4,3900.0,10613.6,22381.8,83449.0,24.9,0,
2017-12-22 06:10:00,0,1,2,35.5,3900.1,10427.0,22399.3,83517.5,24.9,0,
2017-12-22 06:10:03,0,1,2,35.5,3900.1,10246.2,22399.3,83517.5,24.9,0,
2017-12-22 06:10:06,0,1,2,35.6,3900.0,10092.7,22416.4,83583.9,24.8,0,
2017-12-22 06:10:08,0,1,2,35.6,3900.0,10000.0,22416.4,83583.9,24.9,5,终止电流到
2017-12-22 06:10:09,0,1,2,35.6,3892.4,6.6,22416.4,83583.9,24.9,5,终止电流到
2017-12-22 06:10:13,0,1,2,35.7,3890.9,5.5,22416.4,83584.0,24.8,5,终止电流到
2017-12-22 06:10:15,0,1,2,35.8,3890.1,4.9,22416.4,83584.0,24.8,5,终止电流到
2017-12-22 06:10:18,0,1,2,35.8,3889.4,6.9,22416.4,83584.0,24.8,5,终止电流到
2017-12-22 06:10:22,0,1,2,35.9,3888.9,4.9,22416.4,83584.0,24.8,5,终止电流到
2017-12-22 06:10:25,0,1,2,35.9,3888.4,6.4,22416.4,83584.0,24.8,5,终止电流到
2017-12-22 06:10:28,0,1,2,36.0,3887.9,5.0,22416.4,83584.1,24.8,5,终止电流到
2017-12-22 06:10:31,0,1,2,36.0,3887.4,6.1,22416.4,83584.1,24.8,5,终止电流到
2017-12-22 06:10:34,0,1,2,36.1,3887.1,5.0,22416.4,83584.1,24.8,5,终止电流到
2017-12-22 06:10:37,0,1,2,36.1,3886.9,4.5,22416.4,83584.1,24.8,5,终止电流到
2017-12-22 06:10:40,0,1,2,36.2,3886.6,5.8,22416.4,83584.1,24.8,5,终止电流到
2017-12-22 06:10:43,0,1,2,36.2,3886.3,6.4,22416.4,83584.1,24.8,5,终止电流到
2017-12-22 06:10:46,0,1,2,36.3,3886.0,5.7,22416.4,83584.2,24.8,5,终止电流到
2017-12-22 06:10:50,0,1,2,36.3,3886.0,4.5,22416.4,83584.2,24.8,5,终止电流到
2017-12-22 06:10:53,0,1,2,36.4,3885.8,4.2,22416.4,83584.2,24.8,5,终止电流到
2017-12-22 06:10:56,0,1,2,36.4,3885.6,6.3,22416.4,83584.2,24.8,5,终止电流到
2017-12-22 06:10:59,0,1,2,36.5,3885.3,4.5,22416.4,83584.2,24.8,5,终止电流到
2017-12-22 06:11:02,0,1,2,36.5,3885.2,4.9,22416.4,83584.2,24.8,5,终止电流到
2017-12-22 06:11:07,0,2,3,0.0,3885.0,0,0.0,0.0,24.8,0,
2017-12-22 06:11:30,0,2,3,0.4,3884.4,20.6,0.0,0.0,24.8,0,
2017-12-22 06:11:33,0,2,3,0.4,3884.3,20.8,0.0,0.0,24.7,0,
2017-12-22 06:11:36,0,2,3,0.5,3884.3,20.3,0.0,0.0,24.8,0,
2017-12-22 06:11:39,0,2,3,0.5,3884.1,22.2,0.0,0.0,24.8,0,
2017-12-22 06:11:42,0,2,3,0.6,3884.0,20.4,0.0,0.0,24.8,0,
2017-12-22 06:11:45,0,2,3,0.6,3883.8,21.7,0.0,0.0,24.8,0,
2017-12-22 06:11:49,0,2,3,0.7,3883.9,20.1,0.0,0.0,24.8,0,
2017-12-22 06:11:52,0,2,3,0.7,3883.9,20.1,0.0,0.0,24.8,0,
2017-12-22 06:11:55,0,2,3,0.8,3883.7,21.7,0.0,0.0,24.8,0,
2017-12-22 06:11:58,0,2,3,0.8,3883.7,22.1,0.0,0.0,24.8,0,
2017-12-22 06:12:01,0,2,3,0.9,3883.6,20.4,0.0,0.0,24.8,0,
2017-12-22 06:12:04,0,2,3,0.9,3883.6,20.1,0.0,0.0,24.8,0,
2017-12-22 06:12:07,0,2,3,1.0,3883.6,20.3,0.0,0.0,24.7,0,
2017-12-22 06:12:08,0,2,3,1.0,3883.5,20.2,0.0,0.0,24.8,1,时间到
2017-12-22 06:12:12,0,3,4,0.0,3883.4,0,0.0,0.0,24.8,0,
2017-12-22 06:12:34,0,3,4,0.4,3832.6,-40001.2,266.7,1024.6,24.7,0,
2017-12-22 06:12:38,0,3,4,0.4,3830.2,-40001.8,266.7,1024.6,24.8,0,
2017-12-22 06:12:41,0,3,4,0.5,3827.8,-40001.9,333.4,1279.8,24.8,0,
2017-12-22 06:12:44,0,3,4,0.5,3825.5,-40002.4,333.4,1279.8,24.7,0,
2017-12-22 06:12:47,0,3,4,0.6,3823.6,-40002.5,400.0,1534.8,24.7,0,
2017-12-22 06:12:50,0,3,4,0.6,3821.6,-40002.3,400.0,1534.8,24.7,0,
2017-12-22 06:12:53,0,3,4,0.7,3819.7,-40002.5,466.7,1789.5,24.8,0,
2017-12-22 06:12:56,0,3,4,0.7,3818.0,-40002.5,466.7,1789.5,24.8,0,
2017-12-22 06:13:00,0,3,4,0.8,3816.2,-40002.5,533.4,2044.0,24.8,0,
2017-12-22 06:13:03,0,3,4,0.8,3814.4,-39999.3,533.4,2044.0,24.8,0,
2017-12-22 06:13:06,0,3,4,0.9,3812.9,-39999.2,600.0,2298.2,24.8,0,
2017-12-22 06:13:09,0,3,4,0.9,3811.3,-39999.7,600.0,2298.2,24.8,0,
2017-12-22 06:13:12,0,3,4,1.0,3809.7,-39999.7,666.7,2552.2,24.8,0,
2017-12-22 06:13:15,0,3,4,1.0,3808.2,-39999.7,666.7,2552.2,24.8,0,
2017-12-22 06:13:18,0,3,4,1.1,3806.7,-40000.0,733.4,2806.1,24.8,0,
2017-12-22 06:13:22,0,3,4,1.1,3805.2,-40000.0,733.4,2806.1,24.8,0,
2017-12-22 06:13:25,0,3,4,1.2,3803.7,-39999.7,800.0,3059.7,24.8,0,
2017-12-22 06:13:28,0,3,4,1.2,3802.2,-40000.0,800.0,3059.7,24.7,0,
2017-12-22 06:13:31,0,3,4,1.3,3800.7,-40000.0,866.7,3313.2,24.8,0,
2017-12-22 06:13:34,0,3,4,1.3,3799.3,-39999.7,866.7,3313.2,24.8,0,
2017-12-22 06:13:37,0,3,4,1.4,3797.8,-40000.0,933.4,3566.5,24.8,0,
2017-12-22 06:13:40,0,3,4,1.5,3796.5,-40000.3,1000.0,3819.6,24.8,0,
2017-12-22 06:13:44,0,3,4,1.5,3795.0,-40000.1,1000.0,3819.6,24.8,0,
2017-12-22 06:13:47,0,3,4,1.6,3793.7,-40000.0,1066.7,4072.5,24.8,0,
2017-12-22 06:13:50,0,3,4,1.6,3792.2,-39999.5,1066.7,4072.5,24.8,0,
2017-12-22 06:13:53,0,3,4,1.7,3790.8,-40000.0,1133.4,4325.3,24.8,0,
2017-12-22 06:13:56,0,3,4,1.7,3789.4,-40000.2,1133.4,4325.3,24.7,0,
2017-12-22 06:14:00,0,3,4,1.8,3788.0,-40000.0,1200.0,4577.8,24.7,0,
2017-12-22 06:14:03,0,3,4,1.8,3786.7,-39999.9,1200.0,4577.8,24.8,0,
2017-12-22 06:14:06,0,3,4,1.9,3785.2,-40000.2,1266.7,4830.2,24.7,0,
2017-12-22 06:14:09,0,3,4,1.9,3784.0,-40000.2,1266.7,4830.2,24.8,0,
2017-12-22 06:14:12,0,3,4,2.0,3782.6,-40000.0,1333.4,5082.5,24.8,0,
2017-12-22 06:14:15,0,3,4,2.0,3781.1,-40000.5,1333.4,5082.5,24.7,0,
2017-12-22 06:14:18,0,3,4,2.1,3779.9,-40000.2,1400.0,5334.5,24.8,0,
2017-12-22 06:14:22,0,3,4,2.1,3778.5,-40000.1,1400.0,5334.5,24.7,0,
2017-12-22 06:14:25,0,3,4,2.2,3777.2,-40000.3,1466.7,5586.4,24.7,0,
2017-12-22 06:14:28,0,3,4,2.2,3775.7,-40000.4,1466.7,5586.4,24.8,0,
2017-12-22 06:14:31,0,3,4,2.3,3774.5,-40000.4,1533.4,5838.1,24.8,0,
2017-12-22 06:14:34,0,3,4,2.3,3773.2,-40000.3,1533.4,5838.1,24.8,0,
2017-12-22 06:14:37,0,3,4,2.4,3771.8,-40000.3,1600.0,6089.6,24.8,0,
2017-12-22 06:14:40,0,3,4,2.5,3770.5,-40000.2,1666.7,6341.0,24.8,0,
2017-12-22 06:14:44,0,3,4,2.5,3769.2,-40000.5,1666.7,6341.0,24.8,0,
2017-12-22 06:14:47,0,3,4,2.6,3767.8,-40000.1,1733.4,6592.2,24.8,0,
2017-12-22 06:14:50,0,3,4,2.6,3766.6,-40000.2,1733.4,6592.2,24.8,0,
2017-12-22 06:14:53,0,3,4,2.7,3765.2,-40000.0,1800.0,6843.2,24.8,0,
2017-12-22 06:14:56,0,3,4,2.7,3763.9,-40000.2,1800.0,6843.2,24.8,0,
2017-12-22 06:14:59,0,3,4,2.8,3762.6,-40000.3,1866.7,7094.1,24.8,0,
2017-12-22 06:15:02,0,3,4,2.8,3761.3,-40000.0,1866.7,7094.1,24.8,0,
2017-12-22 06:15:05,0,3,4,2.9,3759.9,-39999.7,1933.4,7344.8,24.8,0,
2017-12-22 06:15:09,0,3,4,2.9,3758.8,-40000.5,1933.4,7344.8,24.8,0,
2017-12-22 06:15:12,0,3,4,3.0,3757.4,-40000.3,2000.0,7595.4,24.8,0,
2017-12-22 06:15:15,0,3,4,3.0,3756.2,-40000.3,2000.0,7595.4,24.8,0,
2017-12-22 06:15:18,0,3,4,3.1,3754.9,-40000.2,2066.7,7845.7,24.8,0,
2017-12-22 06:15:21,0,3,4,3.1,3753.7,-40000.5,2066.7,7845.7,24.8,0,
2017-12-22 06:15:24,0,3,4,3.2,3752.5,-40000.2,2133.4,8096.0,24.8,0,
2017-12-22 06:15:28,0,3,4,3.2,3751.1,-39999.5,2133.4,8096.0,24.8,0,
2017-12-22 06:15:31,0,3,4,3.3,3749.9,-40000.2,2200.0,8346.0,24.8,0,
2017-12-22 06:15:34,0,3,4,3.3,3748.7,-40000.0,2200.0,8346.0,24.7,0,
2017-12-22 06:15:37,0,3,4,3.4,3747.5,-40000.3,2266.7,8595.9,24.8,0,
2017-12-22 06:15:40,0,3,4,3.4,3746.1,-40000.0,2266.7,8595.9,24.8,0,
2017-12-22 06:15:43,0,3,4,3.5,3745.0,-40000.1,2333.4,8845.7,24.8,0,
2017-12-22 06:15:46,0,3,4,3.6,3743.7,-40000.1,2400.0,9095.2,24.8,0,
2017-12-22 06:15:49,0,3,4,3.6,3742.6,-40000.0,2400.0,9095.2,24.8,0,
2017-12-22 06:15:53,0,3,4,3.7,3741.4,-40000.0,2466.7,9344.7,24.8,0,
2017-12-22 06:15:56,0,3,4,3.7,3740.2,-39999.9,2466.7,9344.7,24.8,0,
2017-12-22 06:15:59,0,3,4,3.8,3739.1,-40000.0,2533.4,9594.0,24.8,0,
2017-12-22 06:16:02,0,3,4,3.8,3737.9,-39999.9,2533.4,9594.0,24.8,0,
2017-12-22 06:16:05,0,3,4,3.9,3736.7,-40000.0,2600.0,9843.1,24.8,0,
2017-12-22 06:16:08,0,3,4,3.9,3735.5,-40000.2,2600.0,9843.1,24.8,0,
2017-12-22 06:16:11,0,3,4,4.0,3734.5,-40000.1,2666.7,10092.1,24.8,0,
2017-12-22 06:16:15,0,3,4,4.0,3733.3,-40000.3,2666.7,10092.1,24.8,0,
2017-12-22 06:16:18,0,3,4,4.1,3732.1,-40000.3,2733.4,10341.0,24.8,0,
2017-12-22 06:16:21,0,3,4,4.1,3731.0,-40000.5,2733.4,10341.0,24.7,0,
2017-12-22 06:16:24,0,3,4,4.2,3729.9,-40000.3,2800.0,10589.7,24.8,0,
2017-12-22 06:16:27,0,3,4,4.2,3728.8,-40000.8,2800.0,10589.7,24.8,0,
2017-12-22 06:16:30,0,3,4,4.3,3727.9,-40000.4,2866.7,10838.2,24.8,0,
2017-12-22 06:16:33,0,3,4,4.3,3726.7,-40000.4,2866.7,10838.2,24.8,0,
2017-12-22 06:16:37,0,3,4,4.4,3725.5,-40000.5,2933.4,11086.7,24.8,0,
2017-12-22 06:16:40,0,3,4,4.4,3724.5,-40000.3,2933.4,11086.7,24.8,0,
2017-12-22 06:16:43,0,3,4,4.5,3723.5,-40000.3,3000.0,11334.9,24.8,0,
2017-12-22 06:16:46,0,3,4,4.5,3722.4,-40000.3,3000.0,11334.9,24.8,0,
2017-12-22 06:16:49,0,3,4,4.6,3721.4,-40000.3,3066.7,11583.1,24.8,0,
2017-12-22 06:16:52,0,3,4,4.6,3720.3,-40000.3,3066.7,11583.1,24.8,0,
2017-12-22 06:16:55,0,3,4,4.7,3719.1,-40000.0,3133.4,11831.1,24.8,0,
2017-12-22 06:16:58,0,3,4,4.8,3718.2,-40000.5,3200.1,12079.0,24.8,0,
2017-12-22 06:17:02,0,3,4,4.8,3717.2,-40000.8,3200.1,12079.0,24.8,0,
2017-12-22 06:17:05,0,3,4,4.9,3716.1,-40000.3,3266.7,12326.7,24.7,0,
2017-12-22 06:17:08,0,3,4,4.9,3715.1,-40000.5,3266.7,12326.7,24.8,0,
2017-12-22 06:17:11,0,3,4,5.0,3714.1,-40000.3,3333.4,12574.4,24.7,0,
2017-12-22 06:17:14,0,3,4,5.0,3713.2,-40000.3,3333.4,12574.4,24.7,0,
2017-12-22 06:17:17,0,3,4,5.1,3712.2,-40000.3,3400.1,12821.9,24.8,0,
2017-12-22 06:17:20,0,3,4,5.1,3711.2,-40000.0,3400.1,12821.9,24.7,0,
2017-12-22 06:17:24,0,3,4,5.2,3710.3,-40000.3,3466.7,13069.3,24.7,0,
2017-12-22 06:17:27,0,3,4,5.2,3709.1,-40000.2,3466.7,13069.3,24.7,0,
2017-12-22 06:17:30,0,3,4,5.3,3708.2,-40000.4,3533.4,13316.5,24.7,0,
2017-12-22 06:17:33,0,3,4,5.3,3707.4,-40000.3,3533.4,13316.5,24.7,0,
2017-12-22 06:17:36,0,3,4,5.4,3706.4,-40000.5,3600.1,13563.6,24.7,0,
2017-12-22 06:17:39,0,3,4,5.4,3705.4,-40000.5,3600.1,13563.6,24.7,0,
2017-12-22 06:17:42,0,3,4,5.5,3704.4,-40000.0,3666.7,13810.7,24.7,0,
2017-12-22 06:17:46,0,3,4,5.5,3703.6,-40000.0,3666.7,13810.7,24.7,0,
2017-12-22 06:17:49,0,3,4,5.6,3702.6,-40000.3,3733.4,14057.6,24.7,0,
2017-12-22 06:17:52,0,3,4,5.6,3701.7,-39999.5,3733.4,14057.6,24.7,0,
2017-12-22 06:17:55,0,3,4,5.7,3700.8,-40000.1,3800.1,14304.3,24.7,0,
2017-12-22 06:17:58,0,3,4,5.7,3699.9,-40000.3,3800.1,14304.3,24.7,0,
2017-12-22 06:18:01,0,3,4,5.8,3699.1,-40000.0,3866.7,14551.0,24.7,0,
2017-12-22 06:18:04,0,3,4,5.9,3698.2,-40000.1,3933.4,14797.5,24.7,0,
2017-12-22 06:18:07,0,3,4,5.9,3697.3,-39999.8,3933.4,14797.5,24.6,0,
2017-12-22 06:18:11,0,3,4,6.0,3696.5,-40000.2,4000.1,15044.0,24.7,0,
2017-12-22 06:18:14,0,3,4,6.0,3695.4,-40000.0,4000.1,15044.0,24.7,0,
2017-12-22 06:18:17,0,3,4,6.1,3694.7,-40000.0,4066.7,15290.3,24.7,0,
2017-12-22 06:18:20,0,3,4,6.1,3693.8,-40000.2,4066.7,15290.3,24.6,0,
2017-12-22 06:18:23,0,3,4,6.2,3693.0,-40000.2,4133.4,15536.5,24.7,0,
2017-12-22 06:18:26,0,3,4,6.2,3692.1,-40000.0,4133.4,15536.5,24.6,0,
2017-12-22 06:18:29,0,3,4,6.3,3691.2,-40000.0,4200.1,15782.6,24.7,0,
2017-12-22 06:18:33,0,3,4,6.3,3690.4,-40000.3,4200.1,15782.6,24.7,0,
2017-12-22 06:18:36,0,3,4,6.4,3689.5,-39999.8,4266.7,16028.6,24.7,0,
2017-12-22 06:18:39,0,3,4,6.4,3688.7,-40000.2,4266.7,16028.6,24.6,0,
2017-12-22 06:18:42,0,3,4,6.5,3688.0,-40000.4,4333.4,16274.5,24.7,0,
2017-12-22 06:18:45,0,3,4,6.5,3687.0,-40000.2,4333.4,16274.5,24.7,0,
2017-12-22 06:18:48,0,3,4,6.6,3686.2,-40000.2,4400.1,16520.3,24.6,0,
2017-12-22 06:18:51,0,3,4,6.6,3685.4,-40000.0,4400.1,16520.3,24.6,0,
2017-12-22 06:18:54,0,3,4,6.7,3684.6,-39999.9,4466.7,16766.0,24.6,0,
2017-12-22 06:18:58,0,3,4,6.7,3683.8,-40000.5,4466.7,16766.0,24.6,0,
2017-12-22 06:19:01,0,3,4,6.8,3682.9,-40000.2,4533.4,17011.5,24.6,0,
2017-12-22 06:19:04,0,3,4,6.8,3682.2,-40000.3,4533.4,17011.5,24.6,0,
2017-12-22 06:19:07,0,3,4,6.9,3681.3,-39999.9,4600.1,17257.0,24.6,0,
2017-12-22 06:19:10,0,3,4,7.0,3680.6,-39999.7,4666.7,17502.4,24.6,0,
2017-12-22 06:19:13,0,3,4,7.0,3679.8,-39999.7,4666.7,17502.4,24.6,0,
2017-12-22 06:19:17,0,3,4,7.1,3679.0,-40000.0,4733.4,17747.7,24.6,0,
2017-12-22 06:19:20,0,3,4,7.1,3678.2,-40000.0,4733.4,17747.7,24.6,0,
2017-12-22 06:19:23,0,3,4,7.2,3677.4,-39999.3,4800.1,17992.8,24.6,0,
2017-12-22 06:19:26,0,3,4,7.2,3676.8,-40000.2,4800.1,17992.8,24.6,0,
2017-12-22 06:19:29,0,3,4,7.3,3675.8,-40000.1,4866.7,18237.9,24.6,0,
2017-12-22 06:19:32,0,3,4,7.3,3675.1,-40000.0,4866.7,18237.9,24.7,0,
2017-12-22 06:19:35,0,3,4,7.4,3674.3,-40000.3,4933.4,18482.9,24.7,0,
2017-12-22 06:19:38,0,3,4,7.4,3673.5,-40000.2,4933.4,18482.9,24.6,0,
2017-12-22 06:19:41,0,3,4,7.5,3672.8,-40000.1,5000.1,18727.7,24.6,0,
2017-12-22 06:19:45,0,3,4,7.5,3672.0,-39999.5,5000.1,18727.7,24.7,0,
2017-12-22 06:19:48,0,3,4,7.6,3671.4,-39999.7,5066.7,18972.5,24.7,0,
2017-12-22 06:19:51,0,3,4,7.6,3670.5,-39999.3,5066.7,18972.5,24.7,0,
2017-12-22 06:19:54,0,3,4,7.7,3669.7,-40000.2,5133.4,19217.2,24.7,0,
2017-12-22 06:19:57,0,3,4,7.7,3669.1,-40000.0,5133.4,19217.2,24.7,0,
2017-12-22 06:20:00,0,3,4,7.8,3668.2,-40000.1,5200.1,19461.8,24.7,0,
2017-12-22 06:20:03,0,3,4,7.8,3667.5,-39999.7,5200.1,19461.8,24.7,0,
2017-12-22 06:20:07,0,3,4,7.9,3666.9,-39999.9,5266.7,19706.3,24.7,0,
2017-12-22 06:20:10,0,3,4,7.9,3666.1,-39999.9,5266.7,19706.3,24.7,0,
2017-12-22 06:20:13,0,3,4,8.0,3665.4,-39999.8,5333.4,19950.7,24.7,0,
2017-12-22 06:20:16,0,3,4,8.1,3664.7,-39999.9,5400.1,20195.0,24.7,0,
2017-12-22 06:20:19,0,3,4,8.1,3663.8,-40000.3,5400.1,20195.0,24.7,0,
2017-12-22 06:20:23,0,3,4,8.2,3663.2,-39999.9,5466.7,20439.2,24.8,0,
2017-12-22 06:20:26,0,3,4,8.2,3662.4,-39999.5,5466.7,20439.2,24.7,0,
2017-12-22 06:20:29,0,3,4,8.3,3661.8,-39999.8,5533.4,20683.3,24.7,0,
2017-12-22 06:20:32,0,3,4,8.3,3661.1,-39999.8,5533.4,20683.3,24.7,0,
2017-12-22 06:20:35,0,3,4,8.4,3660.4,-39999.7,5600.1,20927.4,24.7,0,
2017-12-22 06:20:38,0,3,4,8.4,3659.7,-39999.4,5600.1,20927.4,24.7,0,
2017-12-22 06:20:41,0,3,4,8.5,3659.0,-39999.3,5666.7,21171.3,24.7,0,
2017-12-22 06:20:45,0,3,4,8.5,3658.2,-39999.7,5666.7,21171.3,24.7,0,
2017-12-22 06:20:48,0,3,4,8.6,3657.5,-39999.6,5733.4,21415.2,24.7,0,
2017-12-22 06:20:51,0,3,4,8.6,3657.0,-39999.6,5733.4,21415.2,24.7,0,
2017-12-22 06:20:54,0,3,4,8.7,3656.3,-40000.0,5800.1,21658.9,24.6,0,
2017-12-22 06:20:57,0,3,4,8.7,3655.7,-39999.5,5800.1,21658.9,24.7,0,
2017-12-22 06:21:00,0,3,4,8.8,3654.9,-39999.5,5866.7,21902.6,24.7,0,
2017-12-22 06:21:03,0,3,4,8.8,3654.2,-39999.0,5866.7,21902.6,24.7,0,
2017-12-22 06:21:06,0,3,4,8.9,3653.6,-39999.7,5933.4,22146.2,24.7,0,
2017-12-22 06:21:10,0,3,4,8.9,3652.9,-39999.5,5933.4,22146.2,24.7,0,
2017-12-22 06:21:13,0,3,4,9.0,3652.3,-39999.7,6000.1,22389.7,24.7,0,
2017-12-22 06:21:16,0,3,4,9.0,3651.5,-39999.5,6000.1,22389.7,24.7,0,
2017-12-22 06:21:19,0,3,4,9.1,3650.9,-39999.5,6066.7,22633.2,24.7,0,
2017-12-22 06:21:22,0,3,4,9.1,3650.3,-39999.6,6066.7,22633.2,24.7,0,
2017-12-22 06:21:25,0,3,4,9.2,3649.6,-39999.5,6133.4,22876.5,24.7,0,
2017-12-22 06:21:28,0,3,4,9.3,3649.0,-39999.6,6200.0,23119.8,24.7,0,
2017-12-22 06:21:32,0,3,4,9.3,3648.3,-39999.7,6200.0,23119.8,24.7,0,
2017-12-22 06:21:35,0,3,4,9.4,3647.7,-39999.5,6266.7,23362.9,24.7,0,
2017-12-22 06:21:38,0,3,4,9.4,3646.9,-39999.2,6266.7,23362.9,24.7,0,
2017-12-22 06:21:41,0,3,4,9.5,3646.2,-39999.8,6333.4,23606.0,24.7,0,
2017-12-22 06:21:44,0,3,4,9.5,3645.7,-39999.7,6333.4,23606.0,24.7,0,
2017-12-22 06:21:47,0,3,4,9.6,3645.1,-39999.6,6400.0,23849.0,24.7,0,
2017-12-22 06:21:51,0,3,4,9.6,3644.5,-39999.2,6400.0,23849.0,24.7,0,
2017-12-22 06:21:54,0,3,4,9.7,3643.8,-39999.7,6466.7,24092.0,24.6,0,
2017-12-22 06:21:57,0,3,4,9.7,3643.1,-39999.9,6466.7,24092.0,24.7,0,
2017-12-22 06:22:00,0,3,4,9.8,3642.4,-39999.6,6533.4,24334.8,24.7,0,
2017-12-22 06:22:03,0,3,4,9.8,3641.9,-39999.5,6533.4,24334.8,24.7,0,
2017-12-22 06:22:06,0,3,4,9.9,3641.2,-39999.5,6600.0,24577.6,24.7,0,
2017-12-22 06:22:09,0,3,4,9.9,3640.7,-39999.0,6600.0,24577.6,24.7,0,
2017-12-22 06:22:13,0,3,4,10.0,3640.1,-39999.2,6666.7,24820.3,24.7,0,
2017-12-22 06:22:16,0,3,4,10.0,3639.4,-39999.0,6666.7,24820.3,24.7,0,
2017-12-22 06:22:19,0,3,4,10.1,3638.8,-39999.2,6733.4,25062.9,24.7,0,
2017-12-22 06:22:22,0,3,4,10.1,3638.3,-39999.3,6733.4,25062.9,24.7,0,
2017-12-22 06:22:25,0,3,4,10.2,3637.5,-39999.7,6800.0,25305.4,24.7,0,
2017-12-22 06:22:28,0,3,4,10.2,3636.9,-39999.0,6800.0,25305.4,24.7,0,
2017-12-22 06:22:31,0,3,4,10.3,3636.4,-39999.4,6866.7,25547.9,24.7,0,
2017-12-22 06:22:34,0,3,4,10.4,3635.8,-39999.3,6933.4,25790.3,24.7,0,
2017-12-22 06:22:38,0,3,4,10.4,3635.1,-39998.7,6933.4,25790.3,24.7,0,
2017-12-22 06:22:41,0,3,4,10.5,3634.6,-39999.2,7000.0,26032.6,24.8,0,
2017-12-22 06:22:44,0,3,4,10.5,3634.0,-39999.5,7000.0,26032.6,24.8,0,
2017-12-22 06:22:47,0,3,4,10.6,3633.4,-39999.3,7066.7,26274.8,24.7,0,
2017-12-22 06:22:50,0,3,4,10.6,3632.7,-39999.1,7066.7,26274.8,24.7,0,
2017-12-22 06:22:53,0,3,4,10.7,3632.1,-39999.2,7133.4,26516.9,24.8,0,
2017-12-22 06:22:56,0,3,4,10.7,3631.7,-39999.5,7133.4,26516.9,24.7,0,
2017-12-22 06:23:00,0,3,4,10.8,3631.0,-39999.0,7200.0,26759.0,24.8,0,
2017-12-22 06:23:03,0,3,4,10.8,3630.4,-39998.8,7200.0,26759.0,24.8,0,
2017-12-22 06:23:06,0,3,4,10.9,3629.9,-39999.5,7266.7,27001.0,24.8,0,
2017-12-22 06:23:09,0,3,4,10.9,3629.4,-39999.3,7266.7,27001.0,24.8,0,
2017-12-22 06:23:12,0,3,4,11.0,3628.7,-39999.2,7333.3,27242.9,24.8,0,
2017-12-22 06:23:15,0,3,4,11.0,3628.2,-39999.2,7333.3,27242.9,24.8,0,
2017-12-22 06:23:18,0,3,4,11.1,3627.4,-39999.6,7400.0,27484.8,24.8,0,
2017-12-22 06:23:21,0,3,4,11.1,3627.0,-39999.2,7400.0,27484.8,24.8,0,
2017-12-22 06:23:25,0,3,4,11.2,3626.4,-39999.1,7466.7,27726.5,24.8,0,
2017-12-22 06:23:28,0,3,4,11.2,3625.8,-39999.2,7466.7,27726.5,24.7,0,
2017-12-22 06:23:31,0,3,4,11.3,3625.2,-39999.2,7533.3,27968.2,24.8,0,
2017-12-22 06:23:34,0,3,4,11.3,3624.8,-39999.2,7533.3,27968.2,24.8,0,
2017-12-22 06:23:37,0,3,4,11.4,3624.2,-39998.7,7600.0,28209.9,24.7,0,
2017-12-22 06:23:40,0,3,4,11.4,3623.6,-39999.2,7600.0,28209.9,24.8,0,
2017-12-22 06:23:43,0,3,4,11.5,3623.0,-39999.5,7666.7,28451.4,24.8,0,
2017-12-22 06:23:46,0,3,4,11.6,3622.5,-39998.8,7733.3,28692.9,24.7,0,
2017-12-22 06:23:49,0,3,4,11.6,3621.9,-39999.4,7733.3,28692.9,24.7,0,
2017-12-22 06:23:53,0,3,4,11.7,3621.4,-39998.7,7800.0,28934.3,24.8,0,
2017-12-22 06:23:56,0,3,4,11.7,3620.8,-39998.8,7800.0,28934.3,24.8,0,
2017-12-22 06:23:59,0,3,4,11.8,3620.2,-39999.1,7866.7,29175.7,24.8,0,
2017-12-22 06:24:02,0,3,4,11.8,3619.7,-39999.4,7866.7,29175.7,24.8,0,
2017-12-22 06:24:05,0,3,4,11.9,3619.1,-39999.0,7933.3,29416.9,24.8,0,
2017-12-22 06:24:08,0,3,4,11.9,3618.6,-39999.4,7933.3,29416.9,24.7,0,
2017-12-22 06:24:11,0,3,4,12.0,3618.0,-39999.7,8000.0,29658.2,24.8,0,
2017-12-22 06:24:15,0,3,4,12.0,3617.6,-39999.2,8000.0,29658.2,24.7,0,
2017-12-22 06:24:18,0,3,4,12.1,3617.0,-39999.2,8066.6,29899.3,24.8,0,
2017-12-22 06:24:21,0,3,4,12.1,3616.5,-39999.5,8066.6,29899.3,24.8,0,
2017-12-22 06:24:24,0,3,4,12.2,3616.0,-39999.3,8133.3,30140.4,24.8,0,
2017-12-22 06:24:27,0,3,4,12.2,3615.4,-39999.3,8133.3,30140.4,24.7,0,
2017-12-22 06:24:30,0,3,4,12.3,3614.8,-39999.5,8200.0,30381.4,24.7,0,
2017-12-22 06:24:33,0,3,4,12.3,3614.4,-39999.2,8200.0,30381.4,24.7,0,
2017-12-22 06:24:37,0,3,4,12.4,3613.8,-39999.5,8266.6,30622.3,24.8,0,
2017-12-22 06:24:40,0,3,4,12.4,3613.2,-39999.2,8266.6,30622.3,24.7,0,
2017-12-22 06:24:43,0,3,4,12.5,3612.6,-39999.3,8333.3,30863.2,24.8,0,
2017-12-22 06:24:46,0,3,4,12.5,3612.1,-39998.7,8333.3,30863.2,24.8,0,
2017-12-22 06:24:49,0,3,4,12.6,3611.7,-39999.2,8400.0,31104.0,24.7,0,
2017-12-22 06:24:52,0,3,4,12.7,3611.0,-39999.2,8466.6,31344.7,24.7,0,
2017-12-22 06:24:56,0,3,4,12.7,3610.6,-39999.5,8466.6,31344.7,24.7,0,
2017-12-22 06:24:59,0,3,4,12.8,3609.9,-39999.3,8533.3,31585.3,24.7,0,
2017-12-22 06:25:02,0,3,4,12.8,3609.5,-39999.3,8533.3,31585.3,24.7,0,
2017-12-22 06:25:05,0,3,4,12.9,3608.9,-39999.5,8600.0,31825.9,24.8,0,
2017-12-22 06:25:08,0,3,4,12.9,3608.4,-39999.3,8600.0,31825.9,24.8,0,
2017-12-22 06:25:11,0,3,4,13.0,3607.8,-39999.1,8666.6,32066.5,24.8,0,
2017-12-22 06:25:14,0,3,4,13.0,3607.3,-39999.5,8666.6,32066.5,24.7,0,
2017-12-22 06:25:18,0,3,4,13.1,3606.9,-39999.1,8733.3,32306.9,24.7,0,
2017-12-22 06:25:21,0,3,4,13.1,3606.3,-39999.1,8733.3,32306.9,24.8,0,
2017-12-22 06:25:24,0,3,4,13.2,3605.7,-39999.0,8800.0,32547.3,24.7,0,
2017-12-22 06:25:27,0,3,4,13.2,3605.2,-39999.2,8800.0,32547.3,24.8,0,
2017-12-22 06:25:30,0,3,4,13.3,3604.8,-39999.3,8866.6,32787.7,24.7,0,
2017-12-22 06:25:33,0,3,4,13.3,3604.2,-39998.8,8866.6,32787.7,24.8,0,
2017-12-22 06:25:37,0,3,4,13.4,3603.7,-39998.8,8933.3,33027.9,24.8,0,
2017-12-22 06:25:40,0,3,4,13.4,3603.1,-39999.3,8933.3,33027.9,24.8,0,
2017-12-22 06:25:43,0,3,4,13.5,3602.7,-39998.7,8999.9,33268.1,24.8,0,
2017-12-22 06:25:46,0,3,4,13.5,3602.2,-39999.0,8999.9,33268.1,24.8,0,
2017-12-22 06:25:49,0,3,4,13.6,3601.7,-39998.6,9066.6,33508.2,24.8,0,
2017-12-22 06:25:52,0,3,4,13.7,3601.2,-39999.2,9133.3,33748.3,24.7,0,
2017-12-22 06:25:56,0,3,4,13.7,3600.7,-39998.8,9133.3,33748.3,24.8,0,
2017-12-22 06:25:59,0,3,4,13.8,3600.2,-39999.2,9199.9,33988.3,24.8,0,
2017-12-22 06:26:02,0,3,4,13.8,3599.7,-39999.2,9199.9,33988.3,24.8,0,
2017-12-22 06:26:05,0,3,4,13.9,3599.1,-39999.3,9266.6,34228.3,24.8,0,
2017-12-22 06:26:08,0,3,4,13.9,3598.7,-39999.2,9266.6,34228.3,24.8,0,
2017-12-22 06:26:11,0,3,4,14.0,3598.2,-39999.0,9333.3,34468.1,24.8,0,
2017-12-22 06:26:14,0,3,4,14.0,3597.6,-39999.0,9333.3,34468.1,24.8,0,
2017-12-22 06:26:18,0,3,4,14.1,3597.1,-39999.4,9399.9,34708.0,24.8,0,
2017-12-22 06:26:21,0,3,4,14.1,3596.7,-39999.2,9399.9,34708.0,24.8,0,
2017-12-22 06:26:24,0,3,4,14.2,3596.1,-39999.1,9466.6,34947.7,24.8,0,
2017-12-22 06:26:27,0,3,4,14.2,3595.7,-39998.7,9466.6,34947.7,24.8,0,
2017-12-22 06:26:30,0,3,4,14.3,3595.2,-39998.8,9533.3,35187.4,24.8,0,
2017-12-22 06:26:33,0,3,4,14.3,3594.7,-39999.0,9533.3,35187.4,24.8,0,
2017-12-22 06:26:36,0,3,4,14.4,3594.2,-39998.8,9599.9,35427.0,24.8,0,
2017-12-22 06:26:39,0,3,4,14.4,3593.7,-39999.5,9599.9,35427.0,24.8,0,
2017-12-22 06:26:43,0,3,4,14.5,3593.1,-39999.0,9666.6,35666.6,24.8,0,
2017-12-22 06:26:46,0,3,4,14.5,3592.7,-39999.0,9666.6,35666.6,24.8,0,
2017-12-22 06:26:49,0,3,4,14.6,3592.1,-39999.5,9733.2,35906.1,24.8,0,
2017-12-22 06:26:52,0,3,4,14.6,3591.7,-39998.7,9733.2,35906.1,24.8,0,
2017-12-22 06:26:55,0,3,4,14.7,3591.2,-39998.7,9799.9,36145.5,24.8,0,
2017-12-22 06:26:58,0,3,4,14.8,3590.8,-39998.6,9866.6,36384.9,24.9,0,
2017-12-22 06:27:01,0,3,4,14.8,3590.2,-39998.7,9866.6,36384.9,24.8,0,
2017-12-22 06:27:04,0,3,4,14.9,3589.8,-39998.8,9933.2,36624.2,24.9,0,
2017-12-22 06:27:08,0,3,4,14.9,3589.3,-39999.0,9933.2,36624.2,24.9,0,
2017-12-22 06:27:11,0,3,4,15.0,3588.8,-39999.2,9999.9,36863.4,24.9,0,
2017-12-22 06:27:14,0,3,4,15.0,3588.3,-39999.0,9999.9,36863.4,24.9,0,
2017-12-22 06:27:17,0,3,4,15.1,3587.8,-39999.1,10066.6,37102.6,24.9,0,
2017-12-22 06:27:20,0,3,4,15.1,3587.3,-39998.8,10066.6,37102.6,24.9,0,
2017-12-22 06:27:23,0,3,4,15.2,3586.9,-39998.7,10133.2,37341.7,24.9,0,
2017-12-22 06:27:26,0,3,4,15.2,3586.4,-39998.8,10133.2,37341.7,24.9,0,
2017-12-22 06:27:30,0,3,4,15.3,3585.9,-39998.8,10199.9,37580.8,24.9,0,
2017-12-22 06:27:33,0,3,4,15.3,3585.3,-39998.7,10199.9,37580.8,24.9,0,
2017-12-22 06:27:36,0,3,4,15.4,3584.9,-39998.7,10266.5,37819.8,24.8,0,
2017-12-22 06:27:39,0,3,4,15.4,3584.4,-39998.8,10266.5,37819.8,24.9,0,
2017-12-22 06:27:42,0,3,4,15.5,3583.8,-39999.0,10333.2,38058.7,24.8,0,
2017-12-22 06:27:45,0,3,4,15.5,3583.5,-39998.5,10333.2,38058.7,24.8,0,
2017-12-22 06:27:48,0,3,4,15.6,3582.8,-39998.5,10399.9,38297.6,24.8,0,
2017-12-22 06:27:51,0,3,4,15.6,3582.5,-39999.0,10399.9,38297.6,24.8,0,
2017-12-22 06:27:54,0,3,4,15.7,3582.0,-39998.7,10466.5,38536.4,24.8,0,
2017-12-22 06:27:58,0,3,4,15.7,3581.5,-39998.2,10466.5,38536.4,24.9,0,
2017-12-22 06:28:01,0,3,4,15.8,3581.0,-39998.5,10533.2,38775.1,24.8,0,
2017-12-22 06:28:04,0,3,4,15.8,3580.5,-39998.8,10533.2,38775.1,24.8,0,
2017-12-22 06:28:07,0,3,4,15.9,3580.0,-39998.7,10599.9,39013.8,24.8,0,
2017-12-22 06:28:10,0,3,4,16.0,3579.5,-39998.3,10666.5,39252.4,24.8,0,
2017-12-22 06:28:13,0,3,4,16.0,3579.0,-39998.6,10666.5,39252.4,24.8,0,
2017-12-22 06:28:17,0,3,4,16.1,3578.6,-39998.7,10733.2,39491.0,24.8,0,
2017-12-22 06:28:20,0,3,4,16.1,3578.0,-39999.0,10733.2,39491.0,24.8,0,
2017-12-22 06:28:23,0,3,4,16.2,3577.5,-39998.0,10799.8,39729.5,24.8,0,
2017-12-22 06:28:26,0,3,4,16.2,3577.1,-39998.5,10799.8,39729.5,24.9,0,
2017-12-22 06:28:29,0,3,4,16.3,3576.6,-39998.7,10866.5,39967.9,24.9,0,
2017-12-22 06:28:32,0,3,4,16.3,3576.1,-39998.8,10866.5,39967.9,24.9,0,
2017-12-22 06:28:35,0,3,4,16.4,3575.7,-39998.7,10933.2,40206.3,24.9,0,
2017-12-22 06:28:38,0,3,4,16.4,3575.2,-39998.7,10933.2,40206.3,24.9,0,
2017-12-22 06:28:42,0,3,4,16.5,3574.7,-39998.8,10999.8,40444.6,24.9,0,
2017-12-22 06:28:45,0,3,4,16.5,3574.3,-39998.7,10999.8,40444.6,24.9,0,
2017-12-22 06:28:48,0,3,4,16.6,3573.7,-39999.0,11066.5,40682.8,24.9,0,
2017-12-22 06:28:51,0,3,4,16.6,3573.3,-39998.5,11066.5,40682.8,24.9,0,
2017-12-22 06:28:54,0,3,4,16.7,3572.9,-39998.7,11133.2,40921.0,24.9,0,
2017-12-22 06:28:57,0,3,4,16.7,3572.4,-39998.7,11133.2,40921.0,24.9,0,
2017-12-22 06:29:00,0,3,4,16.8,3571.9,-39998.3,11199.8,41159.2,24.9,0,
2017-12-22 06:29:04,0,3,4,16.8,3571.3,-39999.2,11199.8,41159.2,24.9,0,
2017-12-22 06:29:07,0,3,4,16.9,3570.9,-39998.8,11266.5,41397.2,24.9,0,
2017-12-22 06:29:10,0,3,4,16.9,3570.4,-39998.7,11266.5,41397.2,24.9,0,
2017-12-22 06:29:13,0,3,4,17.0,3569.9,-39998.8,11333.1,41635.2,24.9,0,
2017-12-22 06:29:16,0,3,4,17.1,3569.4,-39998.6,11399.8,41873.2,24.9,0,
2017-12-22 06:29:20,0,3,4,17.1,3568.9,-39999.3,11399.8,41873.2,24.9,0,
2017-12-22 06:29:23,0,3,4,17.2,3568.5,-39999.1,11466.5,42111.1,24.9,0,
2017-12-22 06:29:26,0,3,4,17.2,3568.0,-39998.7,11466.5,42111.1,24.9,0,
2017-12-22 06:29:29,0,3,4,17.3,3567.6,-39998.7,11533.1,42348.9,24.9,0,
2017-12-22 06:29:32,0,3,4,17.3,3567.0,-39998.8,11533.1,42348.9,24.9,0,
2017-12-22 06:29:35,0,3,4,17.4,3566.6,-39998.7,11599.8,42586.7,24.9,0,
2017-12-22 06:29:38,0,3,4,17.4,3566.1,-39998.8,11599.8,42586.7,24.9,0,
2017-12-22 06:29:41,0,3,4,17.5,3565.7,-39998.7,11666.5,42824.4,24.8,0,
2017-12-22 06:29:44,0,3,4,17.5,3565.1,-39998.5,11666.5,42824.4,24.9,0,
2017-12-22 06:29:47,0,3,4,17.6,3564.7,-39998.7,11733.1,43062.0,24.9,0,
2017-12-22 06:29:50,0,3,4,17.6,3564.2,-39999.2,11733.1,43062.0,24.9,0,
2017-12-22 06:29:54,0,3,4,17.7,3563.8,-39999.0,11799.8,43299.6,25.0,0,
2017-12-22 06:29:57,0,3,4,17.7,3563.3,-39998.8,11799.8,43299.6,24.9,0,
2017-12-22 06:30:00,0,3,4,17.8,3562.8,-39998.7,11866.4,43537.1,24.9,0,
2017-12-22 06:30:03,0,3,4,17.8,3562.3,-39998.7,11866.4,43537.1,24.9,0,
2017-12-22 06:30:06,0,3,4,17.9,3561.9,-39998.8,11933.1,43774.6,24.9,0,
2017-12-22 06:30:09,0,3,4,17.9,3561.4,-39998.8,11933.1,43774.6,24.9,0,
2017-12-22 06:30:12,0,3,4,18.0,3560.9,-39998.8,11999.8,44012.0,24.9,0,
2017-12-22 06:30:16,0,3,4,18.0,3560.4,-39998.6,11999.8,44012.0,25.0,0,
2017-12-22 06:30:19,0,3,4,18.1,3560.0,-39998.8,12066.4,44249.3,24.9,0,
2017-12-22 06:30:22,0,3,4,18.1,3559.5,-39998.5,12066.4,44249.3,24.9,0,
2017-12-22 06:30:25,0,3,4,18.2,3558.9,-39998.5,12133.1,44486.6,25.0,0,
2017-12-22 06:30:28,0,3,4,18.2,3558.5,-39999.0,12133.1,44486.6,25.0,0,
2017-12-22 06:30:31,0,3,4,18.3,3558.0,-39998.5,12199.8,44723.8,25.0,0,
2017-12-22 06:30:34,0,3,4,18.4,3557.6,-39998.8,12266.4,44961.0,25.0,0,
2017-12-22 06:30:38,0,3,4,18.4,3557.1,-39998.8,12266.4,44961.0,25.0,0,
2017-12-22 06:30:41,0,3,4,18.5,3556.6,-39998.6,12333.1,45198.1,25.0,0,
2017-12-22 06:30:44,0,3,4,18.5,3556.0,-39999.2,12333.1,45198.1,25.0,0,
2017-12-22 06:30:47,0,3,4,18.6,3555.6,-39998.7,12399.7,45435.1,25.0,0,
2017-12-22 06:30:50,0,3,4,18.6,3555.1,-39998.5,12399.7,45435.1,25.0,0,
2017-12-22 06:30:53,0,3,4,18.7,3554.7,-39998.7,12466.4,45672.1,25.0,0,
2017-12-22 06:30:56,0,3,4,18.7,3554.2,-39998.7,12466.4,45672.1,25.0,0,
2017-12-22 06:31:00,0,3,4,18.8,3553.7,-39999.3,12533.1,45909.0,25.0,0,
2017-12-22 06:31:03,0,3,4,18.8,3553.2,-39998.8,12533.1,45909.0,25.0,0,
2017-12-22 06:31:06,0,3,4,18.9,3552.8,-39999.2,12599.7,46145.9,25.0,0,
2017-12-22 06:31:09,0,3,4,18.9,3552.3,-39998.8,12599.7,46145.9,25.0,0,
2017-12-22 06:31:12,0,3,4,19.0,3551.8,-39999.0,12666.4,46382.6,25.0,0,
2017-12-22 06:31:15,0,3,4,19.0,3551.4,-39999.2,12666.4,46382.6,25.0,0,
2017-12-22 06:31:18,0,3,4,19.1,3550.9,-39998.8,12733.1,46619.4,24.9,0,
2017-12-22 06:31:21,0,3,4,19.1,3550.4,-39998.5,12733.1,46619.4,24.9,0,
2017-12-22 06:31:25,0,3,4,19.2,3549.9,-39998.7,12799.7,46856.0,24.9,0,
2017-12-22 06:31:28,0,3,4,19.2,3549.5,-39999.0,12799.7,46856.0,24.9,0,
2017-12-22 06:31:31,0,3,4,19.3,3549.0,-39999.0,12866.4,47092.6,24.9,0,
2017-12-22 06:31:34,0,3,4,19.4,3548.4,-39998.7,12933.1,47329.2,24.9,0,
2017-12-22 06:31:37,0,3,4,19.4,3547.8,-39998.6,12933.1,47329.2,24.9,0,
2017-12-22 06:31:41,0,3,4,19.5,3547.4,-39998.8,12999.7,47565.7,24.9,0,
2017-12-22 06:31:44,0,3,4,19.5,3546.9,-39999.0,12999.7,47565.7,24.9,0,
2017-12-22 06:31:47,0,3,4,19.6,3546.5,-39999.0,13066.4,47802.1,24.9,0,
2017-12-22 06:31:50,0,3,4,19.6,3546.0,-39998.8,13066.4,47802.1,25.0,0,
2017-12-22 06:31:53,0,3,4,19.7,3545.4,-39998.8,13133.0,48038.5,25.0,0,
2017-12-22 06:31:56,0,3,4,19.7,3545.0,-39998.7,13133.0,48038.5,25.0,0,
2017-12-22 06:31:59,0,3,4,19.8,3544.5,-39998.7,13199.7,48274.8,25.0,0,
2017-12-22 06:32:03,0,3,4,19.8,3544.1,-39998.6,13199.7,48274.8,25.0,0,
2017-12-22 06:32:06,0,3,4,19.9,3543.6,-39998.6,13266.4,48511.0,25.0,0,
2017-12-22 06:32:09,0,3,4,19.9,3543.1,-39998.7,13266.4,48511.0,25.0,0,
2017-12-22 06:32:12,0,3,4,20.0,3542.5,-39999.0,13333.0,48747.2,25.0,0,
2017-12-22 06:32:15,0,3,4,20.0,3542.2,-39998.5,13333.0,48747.2,25.0,0,
2017-12-22 06:32:18,0,3,4,20.1,3541.7,-39998.5,13399.7,48983.3,25.0,0,
2017-12-22 06:32:21,0,3,4,20.1,3541.1,-39998.5,13399.7,48983.3,25.0,0,
2017-12-22 06:32:24,0,3,4,20.2,3540.7,-39998.7,13466.4,49219.3,25.0,0,
2017-12-22 06:32:28,0,3,4,20.2,3540.2,-39998.2,13466.4,49219.3,25.0,0,
2017-12-22 06:32:31,0,3,4,20.3,3539.8,-39998.6,13533.0,49455.3,25.0,0,
2017-12-22 06:32:34,0,3,4,20.3,3539.2,-39998.5,13533.0,49455.3,25.0,0,
2017-12-22 06:32:37,0,3,4,20.4,3538.7,-39998.5,13599.7,49691.2,25.0,0,
2017-12-22 06:32:40,0,3,4,20.4,3538.2,-39998.5,13599.7,49691.2,25.0,0,
2017-12-22 06:32:43,0,3,4,20.5,3537.8,-39998.6,13666.3,49927.1,25.0,0,
2017-12-22 06:32:46,0,3,4,20.6,3537.1,-39999.0,13733.0,50162.9,25.0,0,
2017-12-22 06:32:49,0,3,4,20.6,3536.7,-39998.3,13733.0,50162.9,25.0,0,
2017-12-22 06:32:53,0,3,4,20.7,3536.3,-39998.4,13799.7,50398.6,25.0,0,
2017-12-22 06:32:56,0,3,4,20.7,3535.8,-39998.7,13799.7,50398.6,25.0,0,
2017-12-22 06:32:59,0,3,4,20.8,3535.2,-39998.0,13866.3,50634.3,25.0,0,
2017-12-22 06:33:02,0,3,4,20.8,3534.8,-39998.4,13866.3,50634.3,25.0,0,
2017-12-22 06:33:05,0,3,4,20.9,3534.3,-39998.6,13933.0,50869.9,25.0,0,
2017-12-22 06:33:08,0,3,4,20.9,3533.7,-39998.5,13933.0,50869.9,25.0,0,
2017-12-22 06:33:11,0,3,4,21.0,3533.2,-39998.7,13999.6,51105.5,25.0,0,
2017-12-22 06:33:15,0,3,4,21.0,3532.7,-39997.8,13999.6,51105.5,25.0,0,
2017-12-22 06:33:18,0,3,4,21.1,3532.4,-39998.0,14066.3,51340.9,25.0,0,
2017-12-22 06:33:21,0,3,4,21.1,3531.8,-39998.3,14066.3,51340.9,24.9,0,
2017-12-22 06:33:24,0,3,4,21.2,3531.5,-39998.0,14133.0,51576.4,25.0,0,
2017-12-22 06:33:27,0,3,4,21.2,3530.7,-39998.0,14133.0,51576.4,24.9,0,
2017-12-22 06:33:30,0,3,4,21.3,3530.3,-39997.7,14199.6,51811.7,24.9,0,
2017-12-22 06:33:34,0,3,4,21.3,3529.9,-39998.3,14199.6,51811.7,24.9,0,
2017-12-22 06:33:37,0,3,4,21.4,3529.4,-39998.3,14266.3,52047.0,24.9,0,
2017-12-22 06:33:40,0,3,4,21.4,3528.8,-39998.2,14266.3,52047.0,24.9,0,
2017-12-22 06:33:43,0,3,4,21.5,3528.5,-39998.5,14333.0,52282.3,25.0,0,
2017-12-22 06:33:46,0,3,4,21.5,3527.9,-39998.3,14333.0,52282.3,24.9,0,
2017-12-22 06:33:49,0,3,4,21.6,3527.4,-39998.7,14399.6,52517.4,24.9,0,
2017-12-22 06:33:52,0,3,4,21.7,3527.0,-39998.7,14466.3,52752.5,25.0,0,
2017-12-22 06:33:55,0,3,4,21.7,3526.5,-39998.5,14466.3,52752.5,25.0,0,
2017-12-22 06:33:59,0,3,4,21.8,3525.9,-39999.0,14532.9,52987.6,25.0,0,
2017-12-22 06:34:02,0,3,4,21.8,3525.5,-39998.7,14532.9,52987.6,25.0,0,
2017-12-22 06:34:05,0,3,4,21.9,3525.0,-39998.6,14599.6,53222.6,25.0,0,
2017-12-22 06:34:08,0,3,4,21.9,3524.4,-39998.7,14599.6,53222.6,25.0,0,
2017-12-22 06:34:11,0,3,4,22.0,3523.9,-39998.7,14666.3,53457.5,25.0,0,
2017-12-22 06:34:14,0,3,4,22.0,3523.4,-39998.5,14666.3,53457.5,25.0,0,
2017-12-22 06:34:17,0,3,4,22.1,3522.8,-39998.2,14732.9,53692.4,25.0,0,
2017-12-22 06:34:21,0,3,4,22.1,3522.4,-39999.0,14732.9,53692.4,25.0,0,
2017-12-22 06:34:24,0,3,4,22.2,3521.8,-39999.0,14799.6,53927.2,25.0,0,
2017-12-22 06:34:27,0,3,4,22.2,3521.3,-39999.0,14799.6,53927.2,25.0,0,
2017-12-22 06:34:30,0,3,4,22.3,3521.0,-39998.5,14866.3,54161.9,25.0,0,
2017-12-22 06:34:33,0,3,4,22.3,3520.5,-39998.3,14866.3,54161.9,25.0,0,
2017-12-22 06:34:36,0,3,4,22.4,3519.8,-39998.5,14932.9,54396.5,25.0,0,
2017-12-22 06:34:39,0,3,4,22.4,3519.4,-39998.4,14932.9,54396.5,25.0,0,
2017-12-22 06:34:43,0,3,4,22.5,3518.9,-39998.8,14999.6,54631.1,25.0,0,
2017-12-22 06:34:46,0,3,4,22.5,3518.3,-39998.4,14999.6,54631.1,25.0,0,
2017-12-22 06:34:49,0,3,4,22.6,3517.8,-39998.5,15066.2,54865.7,25.0,0,
2017-12-22 06:34:52,0,3,4,22.6,3517.2,-39998.6,15066.2,54865.7,25.0,0,
2017-12-22 06:34:55,0,3,4,22.7,3516.9,-39998.7,15132.9,55100.1,25.0,0,
2017-12-22 06:34:58,0,3,4,22.8,3516.3,-39998.3,15199.6,55334.5,25.0,0,
2017-12-22 06:35:01,0,3,4,22.8,3515.9,-39998.4,15199.6,55334.5,25.0,0,
2017-12-22 06:35:04,0,3,4,22.9,3515.3,-39998.6,15266.2,55568.9,25.0,0,
2017-12-22 06:35:08,0,3,4,22.9,3514.7,-39998.2,15266.2,55568.9,25.0,0,
2017-12-22 06:35:11,0,3,4,23.0,3514.2,-39997.9,15332.9,55803.2,25.0,0,
2017-12-22 06:35:14,0,3,4,23.0,3513.8,-39998.7,15332.9,55803.2,25.0,0,
2017-12-22 06:35:17,0,3,4,23.1,3513.2,-39998.8,15399.5,56037.4,25.0,0,
2017-12-22 06:35:20,0,3,4,23.1,3512.6,-39997.9,15399.5,56037.4,25.0,0,
2017-12-22 06:35:23,0,3,4,23.2,3512.2,-39998.0,15466.2,56271.5,25.0,0,
2017-12-22 06:35:26,0,3,4,23.2,3511.6,-39998.3,15466.2,56271.5,25.0,0,
2017-12-22 06:35:30,0,3,4,23.3,3511.2,-39998.6,15532.9,56505.6,25.0,0,
2017-12-22 06:35:33,0,3,4,23.3,3510.7,-39998.6,15532.9,56505.6,25.0,0,
2017-12-22 06:35:36,0,3,4,23.4,3510.1,-39998.8,15599.5,56739.6,25.0,0,
2017-12-22 06:35:39,0,3,4,23.4,3509.6,-39998.7,15599.5,56739.6,25.0,0,
2017-12-22 06:35:42,0,3,4,23.5,3509.1,-39998.3,15666.2,56973.5,25.0,0,
2017-12-22 06:35:45,0,3,4,23.5,3508.6,-39998.4,15666.2,56973.5,25.0,0,
2017-12-22 06:35:48,0,3,4,23.6,3508.1,-39998.7,15732.9,57207.4,25.0,0,
2017-12-22 06:35:52,0,3,4,23.6,3507.5,-39998.3,15732.9,57207.4,25.0,0,
2017-12-22 06:35:55,0,3,4,23.7,3507.0,-39998.6,15799.5,57441.2,25.0,0,
2017-12-22 06:35:58,0,3,4,23.7,3506.6,-39998.7,15799.5,57441.2,25.0,0,
2017-12-22 06:36:01,0,3,4,23.8,3505.9,-39998.4,15866.2,57674.9,25.0,0,
2017-12-22 06:36:04,0,3,4,23.9,3505.5,-39998.5,15932.8,57908.6,25.0,0,
2017-12-22 06:36:07,0,3,4,23.9,3504.8,-39999.0,15932.8,57908.6,25.0,0,
2017-12-22 06:36:10,0,3,4,24.0,3504.3,-39998.6,15999.5,58142.2,25.0,0,
2017-12-22 06:36:14,0,3,4,24.0,3503.8,-39998.7,15999.5,58142.2,25.0,0,
2017-12-22 06:36:17,0,3,4,24.1,3503.4,-39998.7,16066.2,58375.8,25.0,0,
2017-12-22 06:36:20,0,3,4,24.1,3502.7,-39998.7,16066.2,58375.8,25.1,0,
2017-12-22 06:36:23,0,3,4,24.2,3502.3,-39998.3,16132.8,58609.3,25.1,0,
2017-12-22 06:36:26,0,3,4,24.2,3501.7,-39998.2,16132.8,58609.3,25.1,0,
2017-12-22 06:36:29,0,3,4,24.3,3501.2,-39998.7,16199.5,58842.7,25.1,0,
2017-12-22 06:36:32,0,3,4,24.3,3500.7,-39998.5,16199.5,58842.7,25.1,0,
2017-12-22 06:36:36,0,3,4,24.4,3500.2,-39998.3,16266.2,59076.0,25.1,0,
2017-12-22 06:36:39,0,3,4,24.4,3499.6,-39998.7,16266.2,59076.0,25.1,0,
2017-12-22 06:36:42,0,3,4,24.5,3499.1,-39998.7,16332.8,59309.3,25.1,0,
2017-12-22 06:36:45,0,3,4,24.5,3498.5,-39998.7,16332.8,59309.3,25.0,0,
2017-12-22 06:36:48,0,3,4,24.6,3498.0,-39999.0,16399.5,59542.5,25.1,0,
2017-12-22 06:36:51,0,3,4,24.6,3497.5,-39998.7,16399.5,59542.5,25.0,0,
2017-12-22 06:36:54,0,3,4,24.7,3497.0,-39998.6,16466.1,59775.6,25.0,0,
2017-12-22 06:36:57,0,3,4,24.7,3496.3,-39998.5,16466.1,59775.6,25.0,0,
2017-12-22 06:37:01,0,3,4,24.8,3495.8,-39998.3,16532.8,60008.7,25.0,0,
2017-12-22 06:37:04,0,3,4,24.8,3495.3,-39998.5,16532.8,60008.7,25.0,0,
2017-12-22 06:37:07,0,3,4,24.9,3494.8,-39998.7,16599.5,60241.7,25.0,0,
2017-12-22 06:37:10,0,3,4,24.9,3494.1,-39998.5,16599.5,60241.7,25.0,0,
2017-12-22 06:37:13,0,3,4,25.0,3493.6,-39998.6,16666.1,60474.6,25.0,0,
2017-12-22 06:37:16,0,3,4,25.1,3493.1,-39998.5,16732.8,60707.5,25.1,0,
2017-12-22 06:37:19,0,3,4,25.1,3492.5,-39998.7,16732.8,60707.5,25.1,0,
2017-12-22 06:37:23,0,3,4,25.2,3491.9,-39998.2,16799.4,60940.2,25.0,0,
2017-12-22 06:37:26,0,3,4,25.2,3491.4,-39998.2,16799.4,60940.2,25.0,0,
2017-12-22 06:37:29,0,3,4,25.3,3490.8,-39998.4,16866.1,61172.9,25.1,0,
2017-12-22 06:37:32,0,3,4,25.3,3490.3,-39998.5,16866.1,61172.9,25.0,0,
2017-12-22 06:37:35,0,3,4,25.4,3489.7,-39998.2,16932.8,61405.6,25.1,0,
2017-12-22 06:37:38,0,3,4,25.4,3489.2,-39998.3,16932.8,61405.6,25.0,0,
2017-12-22 06:37:41,0,3,4,25.5,3488.5,-39998.4,16999.4,61638.1,25.0,0,
2017-12-22 06:37:44,0,3,4,25.5,3487.9,-39999.0,16999.4,61638.1,25.0,0,
2017-12-22 06:37:48,0,3,4,25.6,3487.4,-39998.2,17066.1,61870.6,25.0,0,
2017-12-22 06:37:51,0,3,4,25.6,3486.8,-39998.2,17066.1,61870.6,25.0,0,
2017-12-22 06:37:54,0,3,4,25.7,3486.3,-39998.1,17132.8,62103.0,25.0,0,
2017-12-22 06:37:57,0,3,4,25.7,3485.6,-39997.8,17132.8,62103.0,25.0,0,
2017-12-22 06:38:00,0,3,4,25.8,3485.1,-39998.2,17199.4,62335.4,25.0,0,
2017-12-22 06:38:03,0,3,4,25.8,3484.6,-39997.8,17199.4,62335.4,25.0,0,
2017-12-22 06:38:06,0,3,4,25.9,3483.9,-39998.0,17266.1,62567.6,25.0,0,
2017-12-22 06:38:10,0,3,4,25.9,3483.3,-39998.3,17266.1,62567.6,25.0,0,
2017-12-22 06:38:13,0,3,4,26.0,3482.8,-39998.0,17332.7,62799.8,25.0,0,
2017-12-22 06:38:16,0,3,4,26.0,3482.1,-39998.4,17332.7,62799.8,25.0,0,
2017-12-22 06:38:19,0,3,4,26.1,3481.5,-39997.9,17399.4,63031.9,25.0,0,
2017-12-22 06:38:22,0,3,4,26.2,3480.9,-39998.3,17466.1,63264.0,25.0,0,
2017-12-22 06:38:25,0,3,4,26.2,3480.3,-39997.8,17466.1,63264.0,25.0,0,
2017-12-22 06:38:29,0,3,4,26.3,3479.7,-39998.0,17532.7,63495.9,25.0,0,
2017-12-22 06:38:32,0,3,4,26.3,3479.1,-39998.2,17532.7,63495.9,25.0,0,
2017-12-22 06:38:35,0,3,4,26.4,3478.5,-39997.9,17599.4,63727.8,25.0,0,
2017-12-22 06:38:38,0,3,4,26.4,3477.9,-39998.2,17599.4,63727.8,25.0,0,
2017-12-22 06:38:41,0,3,4,26.5,3477.2,-39998.5,17666.0,63959.6,25.0,0,
2017-12-22 06:38:44,0,3,4,26.5,3476.6,-39998.5,17666.0,63959.6,25.0,0,
2017-12-22 06:38:47,0,3,4,26.6,3475.9,-39998.7,17732.7,64191.3,25.0,0,
2017-12-22 06:38:50,0,3,4,26.6,3475.4,-39998.5,17732.7,64191.3,25.0,0,
2017-12-22 06:38:54,0,3,4,26.7,3474.7,-39998.4,17799.4,64423.0,25.0,0,
2017-12-22 06:38:57,0,3,4,26.7,3474.1,-39998.5,17799.4,64423.0,25.0,0,
2017-12-22 06:39:00,0,3,4,26.8,3473.5,-39998.3,17866.0,64654.5,25.0,0,
2017-12-22 06:39:03,0,3,4,26.8,3472.7,-39998.5,17866.0,64654.5,25.0,0,
2017-12-22 06:39:06,0,3,4,26.9,3472.0,-39998.3,17932.7,64886.0,25.0,0,
2017-12-22 06:39:09,0,3,4,26.9,3471.5,-39998.1,17932.7,64886.0,25.0,0,
2017-12-22 06:39:12,0,3,4,27.0,3470.7,-39998.1,17999.3,65117.4,25.0,0,
2017-12-22 06:39:16,0,3,4,27.0,3470.1,-39997.8,17999.3,65117.4,25.0,0,
2017-12-22 06:39:19,0,3,4,27.1,3469.5,-39998.0,18066.0,65348.7,25.0,0,
2017-12-22 06:39:22,0,3,4,27.1,3468.7,-39998.0,18066.0,65348.7,25.0,0,
2017-12-22 06:39:25,0,3,4,27.2,3468.1,-39998.3,18132.7,65579.9,25.0,0,
2017-12-22 06:39:28,0,3,4,27.3,3467.4,-39998.1,18199.3,65811.1,25.0,0,
2017-12-22 06:39:31,0,3,4,27.3,3466.7,-39998.3,18199.3,65811.1,25.0,0,
2017-12-22 06:39:35,0,3,4,27.4,3465.9,-39998.2,18266.0,66042.1,25.0,0,
2017-12-22 06:39:38,0,3,4,27.4,3465.4,-39997.7,18266.0,66042.1,25.0,0,
2017-12-22 06:39:41,0,3,4,27.5,3464.7,-39997.8,18332.6,66273.1,25.0,0,
2017-12-22 06:39:44,0,3,4,27.5,3463.9,-39998.2,18332.6,66273.1,25.0,0,
2017-12-22 06:39:47,0,3,4,27.6,3463.3,-39998.2,18399.3,66504.0,25.0,0,
2017-12-22 06:39:50,0,3,4,27.6,3462.5,-39998.0,18399.3,66504.0,25.0,0,
2017-12-22 06:39:54,0,3,4,27.7,3461.8,-39997.7,18466.0,66734.8,25.0,0,
2017-12-22 06:39:57,0,3,4,27.7,3461.1,-39998.2,18466.0,66734.8,25.0,0,
2017-12-22 06:40:00,0,3,4,27.8,3460.3,-39998.6,18532.6,66965.4,25.0,0,
2017-12-22 06:40:03,0,3,4,27.8,3459.6,-39998.3,18532.6,66965.4,25.0,0,
2017-12-22 06:40:06,0,3,4,27.9,3458.9,-39998.1,18599.3,67196.1,25.0,0,
2017-12-22 06:40:09,0,3,4,27.9,3458.1,-39997.8,18599.3,67196.1,25.0,0,
2017-12-22 06:40:12,0,3,4,28.0,3457.3,-39998.0,18666.0,67426.6,25.0,0,
2017-12-22 06:40:16,0,3,4,28.0,3456.6,-39998.2,18666.0,67426.6,25.0,0,
2017-12-22 06:40:19,0,3,4,28.1,3456.0,-39997.8,18732.6,67657.0,25.0,0,
2017-12-22 06:40:22,0,3,4,28.1,3455.2,-39998.1,18732.6,67657.0,25.0,0,
2017-12-22 06:40:25,0,3,4,28.2,3454.3,-39997.5,18799.3,67887.3,25.0,0,
2017-12-22 06:40:28,0,3,4,28.2,3453.7,-39998.2,18799.3,67887.3,25.0,0,
2017-12-22 06:40:31,0,3,4,28.3,3453.0,-39997.9,18865.9,68117.5,25.0,0,
2017-12-22 06:40:34,0,3,4,28.4,3452.2,-39998.0,18932.6,68347.6,25.0,0,
2017-12-22 06:40:37,0,3,4,28.4,3451.4,-39997.6,18932.6,68347.6,25.1,0,
2017-12-22 06:40:40,0,3,4,28.5,3450.5,-39997.2,18999.3,68577.7,25.0,0,
2017-12-22 06:40:44,0,3,4,28.5,3449.9,-40000.8,18999.3,68577.7,25.1,0,
2017-12-22 06:40:47,0,3,4,28.6,3449.1,-40001.0,19065.9,68807.6,25.0,0,
2017-12-22 06:40:50,0,3,4,28.6,3448.2,-40001.0,19065.9,68807.6,25.0,0,
2017-12-22 06:40:53,0,3,4,28.7,3447.6,-40001.0,19132.6,69037.5,25.0,0,
2017-12-22 06:40:56,0,3,4,28.7,3446.7,-40000.3,19132.6,69037.5,25.0,0,
2017-12-22 06:40:59,0,3,4,28.8,3445.9,-40000.8,19199.3,69267.2,25.1,0,
2017-12-22 06:41:03,0,3,4,28.8,3445.2,-40000.6,19199.3,69267.2,25.1,0,
2017-12-22 06:41:06,0,3,4,28.9,3444.3,-40001.0,19265.9,69496.9,25.0,0,
2017-12-22 06:41:09,0,3,4,28.9,3443.5,-40001.0,19265.9,69496.9,25.1,0,
2017-12-22 06:41:12,0,3,4,29.0,3442.7,-40000.9,19332.6,69726.4,25.1,0,
2017-12-22 06:41:15,0,3,4,29.0,3441.9,-40001.0,19332.6,69726.4,25.1,0,
2017-12-22 06:41:18,0,3,4,29.1,3441.1,-40001.0,19399.3,69955.9,25.1,0,
2017-12-22 06:41:21,0,3,4,29.1,3440.1,-40000.2,19399.3,69955.9,25.1,0,
2017-12-22 06:41:25,0,3,4,29.2,3439.4,-40000.5,19465.9,70185.2,25.1,0,
2017-12-22 06:41:28,0,3,4,29.2,3438.5,-40000.4,19465.9,70185.2,25.1,0,
2017-12-22 06:41:31,0,3,4,29.3,3437.8,-40000.5,19532.6,70414.4,25.1,0,
2017-12-22 06:41:34,0,3,4,29.3,3436.9,-40000.3,19532.6,70414.4,25.1,0,
2017-12-22 06:41:37,0,3,4,29.4,3436.1,-40000.5,19599.3,70643.6,25.1,0,
2017-12-22 06:41:40,0,3,4,29.5,3435.2,-40000.3,19665.9,70872.6,25.1,0,
2017-12-22 06:41:43,0,3,4,29.5,3434.3,-40000.2,19665.9,70872.6,25.1,0,
2017-12-22 06:41:47,0,3,4,29.6,3433.6,-40000.7,19732.6,71101.5,25.1,0,
2017-12-22 06:41:50,0,3,4,29.6,3432.7,-40000.5,19732.6,71101.5,25.1,0,
2017-12-22 06:41:53,0,3,4,29.7,3431.8,-40000.3,19799.3,71330.3,25.0,0,
2017-12-22 06:41:56,0,3,4,29.7,3430.9,-40000.3,19799.3,71330.3,25.0,0,
2017-12-22 06:41:59,0,3,4,29.8,3430.0,-40000.3,19865.9,71559.0,25.0,0,
2017-12-22 06:42:02,0,3,4,29.8,3429.2,-40000.9,19865.9,71559.0,25.0,0,
2017-12-22 06:42:05,0,3,4,29.9,3428.2,-40000.4,19932.6,71787.6,25.1,0,
2017-12-22 06:42:09,0,3,4,29.9,3427.4,-40000.5,19932.6,71787.6,25.0,0,
2017-12-22 06:42:12,0,3,4,30.0,3426.3,-40000.8,19999.3,72016.0,25.1,0,
2017-12-22 06:42:15,0,3,4,30.0,3425.5,-40000.2,19999.3,72016.0,25.1,0,
2017-12-22 06:42:18,0,3,4,30.1,3424.5,-40000.3,20066.0,72244.4,25.1,0,
2017-12-22 06:42:21,0,3,4,30.1,3423.5,-40000.6,20066.0,72244.4,25.1,0,
2017-12-22 06:42:24,0,3,4,30.2,3422.7,-40000.9,20132.6,72472.6,25.1,0,
2017-12-22 06:42:28,0,3,4,30.2,3421.6,-40000.6,20132.6,72472.6,25.1,0,
2017-12-22 06:42:31,0,3,4,30.3,3420.5,-40000.5,20199.3,72700.7,25.1,0,
2017-12-22 06:42:34,0,3,4,30.3,3419.6,-40000.8,20199.3,72700.7,25.1,0,
2017-12-22 06:42:37,0,3,4,30.4,3418.6,-40000.8,20266.0,72928.6,25.1,0,
2017-12-22 06:42:40,0,3,4,30.4,3417.7,-40001.0,20266.0,72928.6,25.1,0,
2017-12-22 06:42:43,0,3,4,30.5,3416.6,-40000.5,20332.6,73156.5,25.1,0,
2017-12-22 06:42:46,0,3,4,30.6,3415.5,-40000.8,20399.3,73384.2,25.1,0,
2017-12-22 06:42:49,0,3,4,30.6,3414.6,-40000.8,20399.3,73384.2,25.1,0,
2017-12-22 06:42:53,0,3,4,30.7,3413.6,-40000.3,20466.0,73611.8,25.1,0,
2017-12-22 06:42:56,0,3,4,30.7,3412.4,-40000.3,20466.0,73611.8,25.1,0,
2017-12-22 06:42:59,0,3,4,30.8,3411.5,-40000.6,20532.6,73839.2,25.1,0,
2017-12-22 06:43:02,0,3,4,30.8,3410.3,-40000.5,20532.6,73839.2,25.1,0,
2017-12-22 06:43:05,0,3,4,30.9,3409.3,-40000.3,20599.3,74066.5,25.1,0,
2017-12-22 06:43:08,0,3,4,30.9,3408.1,-40000.2,20599.3,74066.5,25.1,0,
2017-12-22 06:43:11,0,3,4,31.0,3407.1,-40000.3,20666.0,74293.7,25.1,0,
2017-12-22 06:43:15,0,3,4,31.0,3405.9,-40000.0,20666.0,74293.7,25.1,0,
2017-12-22 06:43:18,0,3,4,31.1,3404.7,-40000.5,20732.6,74520.7,25.1,0,
2017-12-22 06:43:21,0,3,4,31.1,3403.5,-40000.5,20732.6,74520.7,25.1,0,
2017-12-22 06:43:24,0,3,4,31.2,3402.3,-40000.4,20799.3,74747.6,25.1,0,
2017-12-22 06:43:27,0,3,4,31.2,3401.1,-40000.1,20799.3,74747.6,25.1,0,
2017-12-22 06:43:30,0,3,4,31.3,3399.9,-40000.3,20866.0,74974.3,25.1,0,
2017-12-22 06:43:33,0,3,4,31.3,3398.6,-40000.0,20866.0,74974.3,25.1,0,
2017-12-22 06:43:37,0,3,4,31.4,3397.4,-40000.1,20932.6,75200.8,25.1,0,
2017-12-22 06:43:40,0,3,4,31.4,3396.2,-40000.0,20932.6,75200.8,25.1,0,
2017-12-22 06:43:43,0,3,4,31.5,3394.7,-40000.2,20999.3,75427.2,25.1,0,
2017-12-22 06:43:46,0,3,4,31.5,3393.5,-40000.4,20999.3,75427.2,25.1,0,
2017-12-22 06:43:49,0,3,4,31.6,3392.0,-40000.2,21066.0,75653.5,25.1,0,
2017-12-22 06:43:52,0,3,4,31.7,3390.7,-40000.2,21132.6,75879.5,25.1,0,
2017-12-22 06:43:55,0,3,4,31.7,3389.3,-40000.2,21132.6,75879.5,25.1,0,
2017-12-22 06:43:59,0,3,4,31.8,3387.7,-40000.0,21199.3,76105.4,25.2,0,
2017-12-22 06:44:02,0,3,4,31.8,3386.3,-39999.7,21199.3,76105.4,25.2,0,
2017-12-22 06:44:05,0,3,4,31.9,3384.8,-40000.1,21266.0,76331.1,25.2,0,
2017-12-22 06:44:08,0,3,4,31.9,3383.2,-40000.0,21266.0,76331.1,25.2,0,
2017-12-22 06:44:11,0,3,4,32.0,3381.7,-39999.7,21332.6,76556.5,25.2,0,
2017-12-22 06:44:14,0,3,4,32.0,3380.0,-40000.1,21332.6,76556.5,25.2,0,
2017-12-22 06:44:18,0,3,4,32.1,3378.3,-40000.0,21399.3,76781.8,25.2,0,
2017-12-22 06:44:21,0,3,4,32.1,3376.6,-39999.7,21399.3,76781.8,25.2,0,
2017-12-22 06:44:24,0,3,4,32.2,3374.9,-40000.0,21466.0,77006.8,25.2,0,
2017-12-22 06:44:27,0,3,4,32.2,3373.0,-39999.7,21466.0,77006.8,25.2,0,
2017-12-22 06:44:30,0,3,4,32.3,3371.2,-40000.0,21532.6,77231.7,25.2,0,
2017-12-22 06:44:33,0,3,4,32.3,3369.2,-39999.7,21532.6,77231.7,25.2,0,
2017-12-22 06:44:36,0,3,4,32.4,3367.3,-39999.8,21599.3,77456.3,25.3,0,
2017-12-22 06:44:39,0,3,4,32.4,3365.2,-39999.6,21599.3,77456.3,25.3,0,
2017-12-22 06:44:43,0,3,4,32.5,3363.1,-39999.8,21666.0,77680.6,25.3,0,
2017-12-22 06:44:46,0,3,4,32.5,3361.0,-39999.5,21666.0,77680.6,25.3,0,
2017-12-22 06:44:49,0,3,4,32.6,3358.8,-39999.9,21732.6,77904.6,25.3,0,
2017-12-22 06:44:52,0,3,4,32.6,3356.5,-39999.7,21732.6,77904.6,25.3,0,
2017-12-22 06:44:55,0,3,4,32.7,3354.1,-39999.7,21799.3,78128.4,25.3,0,
2017-12-22 06:44:58,0,3,4,32.8,3351.5,-39999.3,21866.0,78351.8,25.3,0,
2017-12-22 06:45:02,0,3,4,32.8,3349.2,-39999.5,21866.0,78351.8,25.2,0,
2017-12-22 06:45:05,0,3,4,32.9,3346.4,-40000.5,21932.6,78574.9,25.2,0,
2017-12-22 06:45:08,0,3,4,32.9,3343.6,-40000.4,21932.6,78574.9,25.2,0,
2017-12-22 06:45:11,0,3,4,33.0,3340.9,-40000.3,21999.3,78797.7,25.2,0,
2017-12-22 06:45:14,0,3,4,33.0,3338.0,-40000.0,21999.3,78797.7,25.2,0,
2017-12-22 06:45:17,0,3,4,33.1,3335.0,-40000.2,22066.0,79020.1,25.1,0,
2017-12-22 06:45:20,0,3,4,33.1,3331.9,-40000.7,22066.0,79020.1,25.2,0,
2017-12-22 06:45:23,0,3,4,33.2,3328.6,-40000.3,22132.6,79242.1,25.2,0,
2017-12-22 06:45:27,0,3,4,33.2,3325.4,-40000.3,22132.6,79242.1,25.2,0,
2017-12-22 06:45:30,0,3,4,33.3,3321.8,-40000.0,22199.3,79463.6,25.2,0,
2017-12-22 06:45:33,0,3,4,33.3,3318.2,-40000.0,22199.3,79463.6,25.2,0,
2017-12-22 06:45:36,0,3,4,33.4,3314.6,-40000.2,22266.0,79684.7,25.3,0,
2017-12-22 06:45:39,0,3,4,33.4,3310.6,-40000.0,22266.0,79684.7,25.3,0,
2017-12-22 06:45:42,0,3,4,33.5,3306.6,-40000.0,22332.6,79905.3,25.3,0,
2017-12-22 06:45:45,0,3,4,33.5,3302.3,-40000.0,22332.6,79905.3,25.3,0,
2017-12-22 06:45:47,0,3,4,33.6,3300.0,-40000.4,22399.3,80125.4,25.3,3,下限电压到
2017-12-22 06:45:49,0,3,4,33.6,3364.6,16.8,22399.3,80125.4,25.3,3,下限电压到
2017-12-22 06:45:52,0,3,4,33.6,3379.9,16.8,22399.3,80125.4,25.3,3,下限电压到
2017-12-22 06:45:55,0,3,4,33.7,3387.2,17.2,22399.3,80125.5,25.3,3,下限电压到
2017-12-22 06:45:58,0,3,4,33.7,3391.9,16.8,22399.3,80125.5,25.3,3,下限电压到
2017-12-22 06:46:01,0,3,4,33.8,3395.9,17.0,22399.4,80125.6,25.3,3,下限电压到
2017-12-22 06:46:04,0,3,4,33.8,3399.3,17.0,22399.4,80125.6,25.3,3,下限电压到
2017-12-22 06:46:07,0,3,4,33.9,3401.6,21.0,22399.4,80125.7,25.3,3,下限电压到
2017-12-22 06:46:10,0,3,4,34.0,3403.9,19.5,22399.4,80125.8,25.3,3,下限电压到
2017-12-22 06:46:14,0,3,4,34.0,3406.0,19.5,22399.4,80125.8,25.3,3,下限电压到
2017-12-22 06:46:17,0,3,4,34.1,3407.8,19.8,22399.5,80125.9,25.3,3,下限电压到
2017-12-22 06:46:20,0,3,4,34.1,3409.3,19.9,22399.5,80125.9,25.3,3,下限电压到
2017-12-22 06:46:23,0,3,4,34.2,3410.8,19.8,22399.5,80126.1,25.3,3,下限电压到
2017-12-22 06:46:26,0,3,4,34.2,3411.9,19.9,22399.5,80126.1,25.3,3,下限电压到
2017-12-22 06:46:29,0,3,4,34.3,3413.1,20.0,22399.5,80126.2,25.3,3,下限电压到
2017-12-22 06:46:32,0,3,4,34.3,3414.2,21.2,22399.5,80126.2,25.3,3,下限电压到
2017-12-22 06:46:35,0,3,4,34.4,3415.2,19.9,22399.6,80126.3,25.3,3,下限电压到
2017-12-22 06:46:38,0,3,4,34.4,3416.1,20.8,22399.6,80126.3,25.3,3,下限电压到
2017-12-22 06:46:42,0,3,4,34.5,3417.0,20.1,22399.6,80126.4,25.3,3,下限电压到
2017-12-22 06:46:45,0,3,4,34.5,3417.6,21.9,22399.6,80126.4,25.3,3,下限电压到
2017-12-22 06:46:50,0,4,6,0.0,3418.6,0,0.0,0.0,25.3,0,
