2017-12-22 05:33:19,0,0,3,0.0,3419.9,0,0.0,0.0,24.8,0,
2017-12-22 05:33:47,0,0,3,0.4,3420.9,25.7,0.0,0.0,24.6,0,
2017-12-22 05:33:50,0,0,3,0.4,3421.0,24.2,0.0,0.0,24.6,0,
2017-12-22 05:33:53,0,0,3,0.5,3421.0,24.0,0.0,0.0,24.6,0,
2017-12-22 05:33:56,0,0,3,0.5,3421.1,26.2,0.0,0.0,24.7,0,
2017-12-22 05:33:59,0,0,3,0.6,3421.2,24.2,0.0,0.0,24.7,0,
2017-12-22 05:34:02,0,0,3,0.6,3421.5,26.6,0.0,0.0,24.7,0,
2017-12-22 05:34:05,0,0,3,0.7,3421.5,24.1,0.0,0.0,24.7,0,
2017-12-22 05:34:08,0,0,3,0.7,3421.5,23.9,0.0,0.0,24.7,0,
2017-12-22 05:34:12,0,0,3,0.8,3421.7,23.8,0.0,0.0,24.7,0,
2017-12-22 05:34:15,0,0,3,0.8,3421.7,23.9,0.0,0.0,24.7,0,
2017-12-22 05:34:18,0,0,3,0.9,3421.9,25.8,0.0,0.0,24.7,0,
2017-12-22 05:34:21,0,0,3,0.9,3422.0,24.1,0.0,0.0,24.7,0,
2017-12-22 05:34:24,0,0,3,1.0,3422.1,25.7,0.0,0.0,24.7,0,
2017-12-22 05:34:25,0,0,3,1.0,3422.0,23.9,0.0,0.0,24.7,1,时间到
2017-12-22 05:34:29,0,1,2,0.0,3422.1,0,0.0,0.0,24.7,0,
2017-12-22 05:34:51,0,1,2,0.4,3500.7,40002.8,266.7,929.5,24.8,0,
2017-12-22 05:34:54,0,1,2,0.4,3504.6,39999.9,266.7,929.5,24.8,0,
2017-12-22 05:34:58,0,1,2,0.5,3508.8,39999.9,333.4,1163.4,24.8,0,
2017-12-22 05:35:01,0,1,2,0.5,3512.6,40000.8,333.4,1163.4,24.8,0,
2017-12-22 05:35:04,0,1,2,0.6,3516.2,40000.8,400.0,1397.8,24.8,0,
2017-12-22 05:35:07,0,1,2,0.6,3519.8,40000.8,400.0,1397.8,24.8,0,
2017-12-22 05:35:11,0,1,2,0.7,3523.0,40001.1,466.7,1632.6,24.8,0,
2017-12-22 05:35:14,0,1,2,0.7,3526.0,40001.2,466.7,1632.6,24.8,0,
2017-12-22 05:35:17,0,1,2,0.8,3529.0,40001.2,533.4,1867.8,24.8,0,
2017-12-22 05:35:20,0,1,2,0.8,3531.7,40001.5,533.4,1867.8,24.8,0,
2017-12-22 05:35:23,0,1,2,0.9,3534.3,40001.8,600.0,2103.3,24.8,0,
2017-12-22 05:35:27,0,1,2,0.9,3536.5,40002.0,600.0,2103.3,24.8,0,
2017-12-22 05:35:30,0,1,2,1.0,3538.8,40001.8,666.7,2339.1,24.8,0,
2017-12-22 05:35:33,0,1,2,1.0,3540.6,40001.8,666.7,2339.1,24.8,0,
2017-12-22 05:35:36,0,1,2,1.1,3542.4,40002.0,733.4,2575.2,24.9,0,
2017-12-22 05:35:39,0,1,2,1.1,3544.0,40002.1,733.4,2575.2,24.9,0,
2017-12-22 05:35:42,0,1,2,1.2,3545.7,40002.1,800.1,2811.5,24.9,0,
2017-12-22 05:35:45,0,1,2,1.2,3547.0,40001.5,800.1,2811.5,25.0,0,
2017-12-22 05:35:48,0,1,2,1.3,3548.5,40002.3,866.7,3048.1,25.0,0,
2017-12-22 05:35:51,0,1,2,1.4,3550.0,40002.1,933.4,3284.8,25.0,0,
2017-12-22 05:35:54,0,1,2,1.4,3551.0,40001.8,933.4,3284.8,24.9,0,
2017-12-22 05:35:58,0,1,2,1.5,3552.3,40001.7,1000.1,3521.6,24.9,0,
2017-12-22 05:36:01,0,1,2,1.5,3553.4,40002.2,1000.1,3521.6,24.9,0,
2017-12-22 05:36:04,0,1,2,1.6,3554.6,40001.8,1066.8,3758.6,24.9,0,
2017-12-22 05:36:07,0,1,2,1.6,3555.6,40002.5,1066.8,3758.6,24.9,0,
2017-12-22 05:36:10,0,1,2,1.7,3556.6,40002.4,1133.4,3995.7,24.9,0,
2017-12-22 05:36:13,0,1,2,1.7,3557.7,39999.5,1133.4,3995.7,24.9,0,
2017-12-22 05:36:17,0,1,2,1.8,3558.5,39999.3,1200.1,4232.9,24.9,0,
2017-12-22 05:36:20,0,1,2,1.8,3559.5,39999.6,1200.1,4232.9,24.9,0,
2017-12-22 05:36:23,0,1,2,1.9,3560.4,39999.0,1266.8,4470.2,24.9,0,
2017-12-22 05:36:26,0,1,2,1.9,3561.0,39998.8,1266.8,4470.2,25.0,0,
2017-12-22 05:36:29,0,1,2,2.0,3562.0,39999.4,1333.4,4707.6,24.9,0,
2017-12-22 05:36:32,0,1,2,2.0,3563.0,39999.2,1333.4,4707.6,24.9,0,
2017-12-22 05:36:35,0,1,2,2.1,3563.6,39999.2,1400.1,4945.2,24.9,0,
2017-12-22 05:36:39,0,1,2,2.1,3564.5,39999.7,1400.1,4945.2,24.9,0,
2017-12-22 05:36:42,0,1,2,2.2,3565.4,39999.5,1466.8,5182.8,24.9,0,
2017-12-22 05:36:45,0,1,2,2.2,3566.3,39999.3,1466.8,5182.8,24.9,0,
2017-12-22 05:36:48,0,1,2,2.3,3567.1,39999.7,1533.4,5420.6,24.9,0,
2017-12-22 05:36:52,0,1,2,2.4,3568.0,39999.5,1600.1,5658.4,24.9,0,
2017-12-22 05:36:55,0,1,2,2.4,3568.6,39999.5,1600.1,5658.4,24.9,0,
2017-12-22 05:36:58,0,1,2,2.5,3569.7,39999.3,1666.8,5896.4,24.9,0,
2017-12-22 05:37:01,0,1,2,2.5,3570.4,39999.3,1666.8,5896.4,24.9,0,
2017-12-22 05:37:04,0,1,2,2.6,3571.1,39999.6,1733.4,6134.5,24.8,0,
2017-12-22 05:37:07,0,1,2,2.6,3571.9,39999.2,1733.4,6134.5,24.8,0,
2017-12-22 05:37:10,0,1,2,2.7,3572.6,39999.5,1800.1,6372.6,24.8,0,
2017-12-22 05:37:13,0,1,2,2.7,3573.4,39998.7,1800.1,6372.6,24.8,0,
2017-12-22 05:37:17,0,1,2,2.8,3574.2,39999.2,1866.7,6610.9,24.8,0,
2017-12-22 05:37:20,0,1,2,2.8,3575.0,39999.3,1866.7,6610.9,24.8,0,
2017-12-22 05:37:23,0,1,2,2.9,3575.8,39999.5,1933.4,6849.2,24.8,0,
2017-12-22 05:37:26,0,1,2,2.9,3576.5,39999.6,1933.4,6849.2,24.8,0,
2017-12-22 05:37:29,0,1,2,3.0,3577.4,39999.5,2000.1,7087.7,24.8,0,
2017-12-22 05:37:32,0,1,2,3.0,3578.2,39999.3,2000.1,7087.7,24.7,0,
2017-12-22 05:37:35,0,1,2,3.1,3579.1,39999.5,2066.7,7326.3,24.8,0,
2017-12-22 05:37:38,0,1,2,3.1,3579.8,39999.7,2066.7,7326.3,24.7,0,
2017-12-22 05:37:41,0,1,2,3.2,3580.5,39999.5,2133.4,7564.9,24.7,0,
2017-12-22 05:37:44,0,1,2,3.2,3581.3,39999.3,2133.4,7564.9,24.7,0,
2017-12-22 05:37:47,0,1,2,3.3,3582.2,39999.5,2200.1,7803.7,24.7,0,
2017-12-22 05:37:51,0,1,2,3.3,3583.0,39999.3,2200.1,7803.7,24.7,0,
2017-12-22 05:37:54,0,1,2,3.4,3583.8,39999.4,2266.7,8042.6,24.7,0,
2017-12-22 05:37:57,0,1,2,3.4,3584.4,39999.7,2266.7,8042.6,24.7,0,
2017-12-22 05:38:00,0,1,2,3.5,3585.5,39999.7,2333.4,8281.6,24.6,0,
2017-12-22 05:38:03,0,1,2,3.5,3586.1,39999.2,2333.4,8281.6,24.6,0,
2017-12-22 05:38:06,0,1,2,3.6,3587.1,39999.4,2400.1,8520.6,24.6,0,
2017-12-22 05:38:09,0,1,2,3.6,3587.8,39999.5,2400.1,8520.6,24.6,0,
2017-12-22 05:38:12,0,1,2,3.7,3588.6,39999.3,2466.7,8759.8,24.6,0,
2017-12-22 05:38:15,0,1,2,3.7,3589.3,39999.6,2466.7,8759.8,24.6,0,
2017-12-22 05:38:18,0,1,2,3.8,3590.3,39999.7,2533.4,8999.1,24.6,0,
2017-12-22 05:38:21,0,1,2,3.9,3591.1,39999.5,2600.1,9238.5,24.6,0,
2017-12-22 05:38:24,0,1,2,3.9,3591.8,39999.2,2600.1,9238.5,24.6,0,
2017-12-22 05:38:27,0,1,2,4.0,3592.6,39999.7,2666.7,9478.0,24.6,0,
2017-12-22 05:38:30,0,1,2,4.0,3593.5,39999.0,2666.7,9478.0,24.6,0,
2017-12-22 05:38:33,0,1,2,4.1,3594.1,39999.4,2733.4,9717.6,24.6,0,
2017-12-22 05:38:36,0,1,2,4.1,3595.1,39999.5,2733.4,9717.6,24.6,0,
2017-12-22 05:38:40,0,1,2,4.2,3595.9,39999.3,2800.0,9957.3,24.6,0,
2017-12-22 05:38:43,0,1,2,4.2,3596.9,39999.7,2800.0,9957.3,24.6,0,
2017-12-22 05:38:46,0,1,2,4.3,3597.6,39999.8,2866.7,10197.2,24.7,0,
2017-12-22 05:38:49,0,1,2,4.3,3598.4,39999.6,2866.7,10197.2,24.7,0,
2017-12-22 05:38:52,0,1,2,4.4,3599.2,39999.9,2933.4,10437.1,24.7,0,
2017-12-22 05:38:55,0,1,2,4.4,3599.9,39999.6,2933.4,10437.1,24.7,0,
2017-12-22 05:38:58,0,1,2,4.5,3600.8,39999.5,3000.0,10677.1,24.6,0,
2017-12-22 05:39:01,0,1,2,4.5,3601.7,39999.7,3000.0,10677.1,24.6,0,
2017-12-22 05:39:04,0,1,2,4.6,3602.5,39999.3,3066.7,10917.3,24.6,0,
2017-12-22 05:39:08,0,1,2,4.6,3603.2,39999.7,3066.7,10917.3,24.6,0,
2017-12-22 05:39:11,0,1,2,4.7,3604.1,39999.7,3133.4,11157.5,24.6,0,
2017-12-22 05:39:14,0,1,2,4.7,3605.0,39999.5,3133.4,11157.5,24.7,0,
2017-12-22 05:39:17,0,1,2,4.8,3605.8,39999.7,3200.0,11397.9,24.7,0,
2017-12-22 05:39:20,0,1,2,4.8,3606.7,39999.7,3200.0,11397.9,24.7,0,
2017-12-22 05:39:23,0,1,2,4.9,3607.5,39999.5,3266.7,11638.3,24.6,0,
2017-12-22 05:39:27,0,1,2,4.9,3608.4,39999.6,3266.7,11638.3,24.7,0,
2017-12-22 05:39:30,0,1,2,5.0,3609.2,39999.4,3333.4,11878.9,24.7,0,
2017-12-22 05:39:33,0,1,2,5.0,3609.8,39999.7,3333.4,11878.9,24.7,0,
2017-12-22 05:39:36,0,1,2,5.1,3610.7,39999.5,3400.0,12119.6,24.7,0,
2017-12-22 05:39:39,0,1,2,5.1,3611.5,39999.7,3400.0,12119.6,24.7,0,
2017-12-22 05:39:42,0,1,2,5.2,3612.3,39999.6,3466.7,12360.3,24.7,0,
2017-12-22 05:39:45,0,1,2,5.2,3613.2,39999.5,3466.7,12360.3,24.7,0,
2017-12-22 05:39:48,0,1,2,5.3,3614.1,39999.7,3533.4,12601.2,24.7,0,
2017-12-22 05:39:51,0,1,2,5.3,3614.7,39999.8,3533.4,12601.2,24.7,0,
2017-12-22 05:39:54,0,1,2,5.4,3615.6,39999.7,3600.0,12842.2,24.7,0,
2017-12-22 05:39:58,0,1,2,5.5,3616.4,39999.8,3666.7,13083.3,24.7,0,
2017-12-22 05:40:01,0,1,2,5.5,3617.3,39999.5,3666.7,13083.3,24.7,0,
2017-12-22 05:40:04,0,1,2,5.6,3618.1,39999.6,3733.4,13324.5,24.7,0,
2017-12-22 05:40:07,0,1,2,5.6,3618.8,39999.7,3733.4,13324.5,24.7,0,
2017-12-22 05:40:10,0,1,2,5.7,3619.6,39999.0,3800.0,13565.8,24.7,0,
2017-12-22 05:40:13,0,1,2,5.7,3620.4,39999.6,3800.0,13565.8,24.7,0,
2017-12-22 05:40:16,0,1,2,5.8,3621.0,39999.6,3866.7,13807.2,24.7,0,
2017-12-22 05:40:19,0,1,2,5.8,3621.7,39999.7,3866.7,13807.2,24.7,0,
2017-12-22 05:40:22,0,1,2,5.9,3622.5,39999.7,3933.4,14048.7,24.8,0,
2017-12-22 05:40:25,0,1,2,5.9,3623.4,39999.7,3933.4,14048.7,24.7,0,
2017-12-22 05:40:28,0,1,2,6.0,3624.1,39999.7,4000.0,14290.3,24.8,0,
2017-12-22 05:40:32,0,1,2,6.0,3624.9,39999.7,4000.0,14290.3,24.8,0,
2017-12-22 05:40:35,0,1,2,6.1,3625.7,39999.2,4066.7,14531.9,24.8,0,
2017-12-22 05:40:38,0,1,2,6.1,3626.4,39999.7,4066.7,14531.9,24.8,0,
2017-12-22 05:40:41,0,1,2,6.2,3627.3,39999.7,4133.4,14773.7,24.8,0,
2017-12-22 05:40:44,0,1,2,6.2,3628.0,39999.9,4133.4,14773.7,24.8,0,
2017-12-22 05:40:47,0,1,2,6.3,3628.7,39999.3,4200.0,15015.6,24.7,0,
2017-12-22 05:40:51,0,1,2,6.3,3629.6,39999.7,4200.0,15015.6,24.7,0,
2017-12-22 05:40:54,0,1,2,6.4,3630.3,39999.3,4266.7,15257.6,24.8,0,
2017-12-22 05:40:57,0,1,2,6.4,3630.9,39999.7,4266.7,15257.6,24.8,0,
2017-12-22 05:41:00,0,1,2,6.5,3631.8,39999.7,4333.4,15499.7,24.7,0,
2017-12-22 05:41:03,0,1,2,6.5,3632.4,39999.7,4333.4,15499.7,24.7,0,
2017-12-22 05:41:06,0,1,2,6.6,3633.1,39999.8,4400.0,15741.8,24.8,0,
2017-12-22 05:41:09,0,1,2,6.7,3633.9,40000.0,4466.7,15984.1,24.7,0,
2017-12-22 05:41:13,0,1,2,6.7,3634.6,39999.8,4466.7,15984.1,24.8,0,
2017-12-22 05:41:16,0,1,2,6.8,3635.4,40000.0,4533.4,16226.4,24.8,0,
2017-12-22 05:41:19,0,1,2,6.8,3635.9,39999.5,4533.4,16226.4,24.8,0,
2017-12-22 05:41:22,0,1,2,6.9,3636.6,39999.7,4600.0,16468.9,24.8,0,
2017-12-22 05:41:25,0,1,2,6.9,3637.5,39999.6,4600.0,16468.9,24.8,0,
2017-12-22 05:41:28,0,1,2,7.0,3638.2,39999.8,4666.7,16711.4,24.8,0,
2017-12-22 05:41:31,0,1,2,7.0,3638.8,40000.0,4666.7,16711.4,24.7,0,
2017-12-22 05:41:34,0,1,2,7.1,3639.6,39999.8,4733.4,16954.0,24.7,0,
2017-12-22 05:41:38,0,1,2,7.1,3640.1,40000.0,4733.4,16954.0,24.7,0,
2017-12-22 05:41:41,0,1,2,7.2,3641.1,40000.0,4800.0,17196.7,24.8,0,
2017-12-22 05:41:44,0,1,2,7.2,3641.7,39999.8,4800.0,17196.7,24.8,0,
2017-12-22 05:41:47,0,1,2,7.3,3642.4,39999.7,4866.7,17439.6,24.8,0,
2017-12-22 05:41:50,0,1,2,7.3,3643.1,39999.8,4866.7,17439.6,24.8,0,
2017-12-22 05:41:53,0,1,2,7.4,3643.7,40000.0,4933.4,17682.5,24.8,0,
2017-12-22 05:41:57,0,1,2,7.4,3644.6,39999.9,4933.4,17682.5,24.8,0,
2017-12-22 05:42:00,0,1,2,7.5,3645.1,40000.0,5000.0,17925.4,24.7,0,
2017-12-22 05:42:03,0,1,2,7.5,3645.9,39999.7,5000.0,17925.4,24.7,0,
2017-12-22 05:42:06,0,1,2,7.6,3646.6,39999.7,5066.7,18168.5,24.7,0,
2017-12-22 05:42:09,0,1,2,7.7,3647.2,39999.8,5133.3,18411.6,24.8,0,
2017-12-22 05:42:13,0,1,2,7.7,3647.9,39999.8,5133.3,18411.6,24.8,0,
2017-12-22 05:42:16,0,1,2,7.8,3648.6,39999.8,5200.0,18654.9,24.8,0,
2017-12-22 05:42:19,0,1,2,7.8,3649.1,39999.7,5200.0,18654.9,24.8,0,
2017-12-22 05:42:22,0,1,2,7.9,3649.9,39999.8,5266.7,18898.2,24.8,0,
2017-12-22 05:42:25,0,1,2,7.9,3650.4,39999.7,5266.7,18898.2,24.8,0,
2017-12-22 05:42:28,0,1,2,8.0,3651.1,39999.8,5333.3,19141.6,24.8,0,
2017-12-22 05:42:31,0,1,2,8.0,3651.8,40000.0,5333.3,19141.6,24.8,0,
2017-12-22 05:42:34,0,1,2,8.1,3652.5,40000.0,5400.0,19385.1,24.8,0,
2017-12-22 05:42:37,0,1,2,8.1,3653.1,40000.0,5400.0,19385.1,24.8,0,
2017-12-22 05:42:41,0,1,2,8.2,3653.7,39999.8,5466.7,19628.6,24.8,0,
2017-12-22 05:42:44,0,1,2,8.2,3654.3,39999.9,5466.7,19628.6,24.8,0,
2017-12-22 05:42:47,0,1,2,8.3,3654.9,39999.7,5533.3,19872.3,24.8,0,
2017-12-22 05:42:50,0,1,2,8.3,3655.6,40000.2,5533.3,19872.3,24.8,0,
2017-12-22 05:42:53,0,1,2,8.4,3656.2,39999.8,5600.0,20116.0,24.8,0,
2017-12-22 05:42:56,0,1,2,8.4,3656.8,39999.7,5600.0,20116.0,24.8,0,
2017-12-22 05:43:00,0,1,2,8.5,3657.6,39999.8,5666.7,20359.8,24.8,0,
2017-12-22 05:43:03,0,1,2,8.5,3658.0,39999.7,5666.7,20359.8,24.8,0,
2017-12-22 05:43:06,0,1,2,8.6,3658.7,40000.0,5733.3,20603.7,24.8,0,
2017-12-22 05:43:09,0,1,2,8.6,3659.3,39999.7,5733.3,20603.7,24.8,0,
2017-12-22 05:43:12,0,1,2,8.7,3660.0,39999.7,5800.0,20847.6,24.8,0,
2017-12-22 05:43:16,0,1,2,8.8,3660.7,39999.8,5866.7,21091.7,24.7,0,
2017-12-22 05:43:19,0,1,2,8.8,3661.3,40000.0,5866.7,21091.7,24.8,0,
2017-12-22 05:43:22,0,1,2,8.9,3661.7,39999.7,5933.3,21335.8,24.7,0,
2017-12-22 05:43:25,0,1,2,8.9,3662.5,39999.8,5933.3,21335.8,24.7,0,
2017-12-22 05:43:28,0,1,2,9.0,3662.9,40000.0,6000.0,21580.0,24.7,0,
2017-12-22 05:43:31,0,1,2,9.0,3663.7,39999.8,6000.0,21580.0,24.7,0,
2017-12-22 05:43:34,0,1,2,9.1,3664.2,39999.7,6066.7,21824.3,24.6,0,
2017-12-22 05:43:37,0,1,2,9.1,3664.6,40000.0,6066.7,21824.3,24.6,0,
2017-12-22 05:43:40,0,1,2,9.2,3665.2,39999.7,6133.3,22068.6,24.6,0,
2017-12-22 05:43:43,0,1,2,9.2,3665.8,39999.7,6133.3,22068.6,24.7,0,
2017-12-22 05:43:46,0,1,2,9.3,3666.4,39999.9,6200.0,22313.0,24.7,0,
2017-12-22 05:43:49,0,1,2,9.3,3667.1,40000.0,6200.0,22313.0,24.7,0,
2017-12-22 05:43:53,0,1,2,9.4,3667.6,39999.7,6266.7,22557.5,24.7,0,
2017-12-22 05:43:56,0,1,2,9.4,3668.0,39999.8,6266.7,22557.5,24.7,0,
2017-12-22 05:43:59,0,1,2,9.5,3668.6,39999.8,6333.3,22802.1,24.7,0,
2017-12-22 05:44:02,0,1,2,9.5,3669.2,39999.7,6333.3,22802.1,24.7,0,
2017-12-22 05:44:05,0,1,2,9.6,3669.7,39999.1,6400.0,23046.7,24.7,0,
2017-12-22 05:44:08,0,1,2,9.6,3670.3,39999.8,6400.0,23046.7,24.6,0,
2017-12-22 05:44:11,0,1,2,9.7,3670.8,39999.7,6466.7,23291.4,24.6,0,
2017-12-22 05:44:14,0,1,2,9.7,3671.3,39999.6,6466.7,23291.4,24.6,0,
2017-12-22 05:44:17,0,1,2,9.8,3671.9,40000.0,6533.3,23536.2,24.6,0,
2017-12-22 05:44:20,0,1,2,9.8,3672.3,40000.0,6533.3,23536.2,24.6,0,
2017-12-22 05:44:24,0,1,2,9.9,3673.0,39999.7,6600.0,23781.0,24.6,0,
2017-12-22 05:44:27,0,1,2,9.9,3673.5,39999.8,6600.0,23781.0,24.6,0,
2017-12-22 05:44:30,0,1,2,10.0,3674.1,40000.3,6666.7,24025.9,24.6,0,
2017-12-22 05:44:33,0,1,2,10.0,3674.6,39999.8,6666.7,24025.9,24.6,0,
2017-12-22 05:44:36,0,1,2,10.1,3675.1,40000.0,6733.3,24270.9,24.6,0,
2017-12-22 05:44:40,0,1,2,10.2,3675.6,39999.9,6800.0,24515.9,24.6,0,
2017-12-22 05:44:43,0,1,2,10.2,3676.0,39999.8,6800.0,24515.9,24.6,0,
2017-12-22 05:44:46,0,1,2,10.3,3676.7,39999.8,6866.7,24761.0,24.6,0,
2017-12-22 05:44:49,0,1,2,10.3,3677.0,39998.8,6866.7,24761.0,24.7,0,
2017-12-22 05:44:52,0,1,2,10.4,3677.6,39999.5,6933.3,25006.2,24.7,0,
2017-12-22 05:44:55,0,1,2,10.4,3678.1,39999.7,6933.3,25006.2,24.7,0,
2017-12-22 05:44:58,0,1,2,10.5,3678.5,39999.7,7000.0,25251.4,24.7,0,
2017-12-22 05:45:02,0,1,2,10.5,3679.1,39999.7,7000.0,25251.4,24.7,0,
2017-12-22 05:45:05,0,1,2,10.6,3679.5,39999.7,7066.7,25496.7,24.6,0,
2017-12-22 05:45:08,0,1,2,10.6,3680.0,39999.5,7066.7,25496.7,24.7,0,
2017-12-22 05:45:11,0,1,2,10.7,3680.4,39999.2,7133.3,25742.0,24.7,0,
2017-12-22 05:45:15,0,1,2,10.7,3680.9,39999.7,7133.3,25742.0,24.7,0,
2017-12-22 05:45:18,0,1,2,10.8,3681.5,39999.7,7200.0,25987.4,24.6,0,
2017-12-22 05:45:21,0,1,2,10.8,3681.8,39999.7,7200.0,25987.4,24.6,0,
2017-12-22 05:45:24,0,1,2,10.9,3682.3,39999.8,7266.6,26232.9,24.6,0,
2017-12-22 05:45:27,0,1,2,10.9,3682.8,39999.6,7266.6,26232.9,24.6,0,
2017-12-22 05:45:30,0,1,2,11.0,3683.2,39999.2,7333.3,26478.4,24.6,0,
2017-12-22 05:45:33,0,1,2,11.0,3683.6,39999.7,7333.3,26478.4,24.6,0,
2017-12-22 05:45:36,0,1,2,11.1,3684.1,39999.7,7400.0,26723.9,24.6,0,
2017-12-22 05:45:39,0,1,2,11.1,3684.5,39999.5,7400.0,26723.9,24.6,0,
2017-12-22 05:45:42,0,1,2,11.2,3685.0,39999.4,7466.6,26969.6,24.6,0,
2017-12-22 05:45:45,0,1,2,11.3,3685.4,39999.5,7533.3,27215.3,24.6,0,
2017-12-22 05:45:49,0,1,2,11.3,3685.8,39999.7,7533.3,27215.3,24.6,0,
2017-12-22 05:45:52,0,1,2,11.4,3686.2,39999.7,7600.0,27461.0,24.7,0,
2017-12-22 05:45:55,0,1,2,11.4,3686.5,40000.0,7600.0,27461.0,24.7,0,
2017-12-22 05:45:58,0,1,2,11.5,3686.9,39999.1,7666.6,27706.8,24.7,0,
2017-12-22 05:46:01,0,1,2,11.5,3687.3,39999.6,7666.6,27706.8,24.7,0,
2017-12-22 05:46:04,0,1,2,11.6,3687.8,39999.7,7733.3,27952.6,24.7,0,
2017-12-22 05:46:07,0,1,2,11.6,3688.2,39999.7,7733.3,27952.6,24.6,0,
2017-12-22 05:46:10,0,1,2,11.7,3688.6,39999.3,7800.0,28198.5,24.7,0,
2017-12-22 05:46:13,0,1,2,11.7,3688.9,39999.5,7800.0,28198.5,24.6,0,
2017-12-22 05:46:16,0,1,2,11.8,3689.3,39999.5,7866.6,28444.5,24.6,0,
2017-12-22 05:46:19,0,1,2,11.8,3689.6,39999.8,7866.6,28444.5,24.7,0,
2017-12-22 05:46:22,0,1,2,11.9,3690.1,39999.6,7933.3,28690.5,24.6,0,
2017-12-22 05:46:25,0,1,2,11.9,3690.5,39999.3,7933.3,28690.5,24.6,0,
2017-12-22 05:46:28,0,1,2,12.0,3690.9,39999.5,8000.0,28936.5,24.6,0,
2017-12-22 05:46:32,0,1,2,12.0,3691.3,39999.7,8000.0,28936.5,24.6,0,
2017-12-22 05:46:35,0,1,2,12.1,3691.6,39999.7,8066.6,29182.6,24.6,0,
2017-12-22 05:46:38,0,1,2,12.1,3692.1,39999.5,8066.6,29182.6,24.6,0,
2017-12-22 05:46:41,0,1,2,12.2,3692.5,39999.5,8133.3,29428.7,24.6,0,
2017-12-22 05:46:44,0,1,2,12.2,3692.9,39999.7,8133.3,29428.7,24.6,0,
2017-12-22 05:46:47,0,1,2,12.3,3693.2,39998.6,8200.0,29674.9,24.6,0,
2017-12-22 05:46:50,0,1,2,12.3,3693.4,39999.7,8200.0,29674.9,24.6,0,
2017-12-22 05:46:53,0,1,2,12.4,3694.0,39999.7,8266.6,29921.2,24.6,0,
2017-12-22 05:46:56,0,1,2,12.4,3694.2,39999.5,8266.6,29921.2,24.6,0,
2017-12-22 05:46:59,0,1,2,12.5,3694.7,39999.5,8333.3,30167.5,24.6,0,
2017-12-22 05:47:03,0,1,2,12.5,3695.0,39999.5,8333.3,30167.5,24.6,0,
2017-12-22 05:47:06,0,1,2,12.6,3695.4,39999.3,8400.0,30413.8,24.6,0,
2017-12-22 05:47:09,0,1,2,12.6,3695.7,39999.0,8400.0,30413.8,24.6,0,
2017-12-22 05:47:12,0,1,2,12.7,3696.0,39999.7,8466.6,30660.2,24.6,0,
2017-12-22 05:47:15,0,1,2,12.7,3696.4,39999.5,8466.6,30660.2,24.6,0,
2017-12-22 05:47:18,0,1,2,12.8,3696.6,39999.5,8533.3,30906.6,24.6,0,
2017-12-22 05:47:21,0,1,2,12.8,3697.0,39999.5,8533.3,30906.6,24.6,0,
2017-12-22 05:47:24,0,1,2,12.9,3697.3,39998.7,8600.0,31153.1,24.6,0,
2017-12-22 05:47:27,0,1,2,13.0,3697.9,39999.3,8666.6,31399.6,24.7,0,
2017-12-22 05:47:30,0,1,2,13.0,3698.0,39999.3,8666.6,31399.6,24.7,0,
2017-12-22 05:47:33,0,1,2,13.1,3698.6,39999.5,8733.3,31646.1,24.7,0,
2017-12-22 05:47:36,0,1,2,13.1,3698.9,39999.2,8733.3,31646.1,24.7,0,
2017-12-22 05:47:39,0,1,2,13.2,3699.3,39999.2,8799.9,31892.7,24.7,0,
2017-12-22 05:47:43,0,1,2,13.2,3699.4,39999.2,8799.9,31892.7,24.7,0,
2017-12-22 05:47:46,0,1,2,13.3,3699.8,39999.5,8866.6,32139.4,24.6,0,
2017-12-22 05:47:49,0,1,2,13.3,3700.3,39999.3,8866.6,32139.4,24.6,0,
2017-12-22 05:47:52,0,1,2,13.4,3700.6,39999.2,8933.3,32386.1,24.6,0,
2017-12-22 05:47:55,0,1,2,13.4,3701.0,39999.7,8933.3,32386.1,24.7,0,
2017-12-22 05:47:58,0,1,2,13.5,3701.3,39999.3,8999.9,32632.8,24.7,0,
2017-12-22 05:48:01,0,1,2,13.5,3701.5,39999.3,8999.9,32632.8,24.7,0,
2017-12-22 05:48:04,0,1,2,13.6,3701.9,39999.6,9066.6,32879.6,24.7,0,
2017-12-22 05:48:07,0,1,2,13.6,3702.3,39999.4,9066.6,32879.6,24.7,0,
2017-12-22 05:48:10,0,1,2,13.7,3702.7,39999.5,9133.3,33126.4,24.7,0,
2017-12-22 05:48:13,0,1,2,13.7,3703.0,39999.4,9133.3,33126.4,24.7,0,
2017-12-22 05:48:16,0,1,2,13.8,3703.3,39999.6,9199.9,33373.3,24.7,0,
2017-12-22 05:48:19,0,1,2,13.8,3703.6,39999.3,9199.9,33373.3,24.7,0,
2017-12-22 05:48:22,0,1,2,13.9,3703.9,39999.3,9266.6,33620.2,24.7,0,
2017-12-22 05:48:26,0,1,2,13.9,3704.2,39999.5,9266.6,33620.2,24.7,0,
2017-12-22 05:48:29,0,1,2,14.0,3704.6,39999.5,9333.3,33867.2,24.7,0,
2017-12-22 05:48:32,0,1,2,14.0,3704.8,39999.5,9333.3,33867.2,24.7,0,
2017-12-22 05:48:35,0,1,2,14.1,3705.2,39999.0,9399.9,34114.2,24.7,0,
2017-12-22 05:48:38,0,1,2,14.1,3705.5,39999.4,9399.9,34114.2,24.7,0,
2017-12-22 05:48:41,0,1,2,14.2,3705.9,39999.5,9466.6,34361.2,24.7,0,
2017-12-22 05:48:44,0,1,2,14.2,3706.3,39999.7,9466.6,34361.2,24.7,0,
2017-12-22 05:48:47,0,1,2,14.3,3706.5,39999.5,9533.3,34608.3,24.7,0,
2017-12-22 05:48:50,0,1,2,14.3,3706.8,39999.7,9533.3,34608.3,24.7,0,
2017-12-22 05:48:53,0,1,2,14.4,3707.3,39999.4,9599.9,34855.4,24.7,0,
2017-12-22 05:48:57,0,1,2,14.4,3707.6,39999.5,9599.9,34855.4,24.7,0,
2017-12-22 05:49:00,0,1,2,14.5,3708.0,39999.3,9666.6,35102.6,24.7,0,
2017-12-22 05:49:03,0,1,2,14.5,3708.2,39999.3,9666.6,35102.6,24.7,0,
2017-12-22 05:49:06,0,1,2,14.6,3708.5,39999.3,9733.3,35349.8,24.7,0,
2017-12-22 05:49:09,0,1,2,14.7,3708.9,39999.4,9799.9,35597.1,24.7,0,
2017-12-22 05:49:12,0,1,2,14.7,3709.2,39999.5,9799.9,35597.1,24.7,0,
2017-12-22 05:49:15,0,1,2,14.8,3709.5,39999.2,9866.6,35844.3,24.7,0,
2017-12-22 05:49:19,0,1,2,14.8,3709.8,39999.7,9866.6,35844.3,24.7,0,
2017-12-22 05:49:22,0,1,2,14.9,3710.4,39999.4,9933.2,36091.7,24.7,0,
2017-12-22 05:49:25,0,1,2,14.9,3710.7,39999.6,9933.2,36091.7,24.7,0,
2017-12-22 05:49:28,0,1,2,15.0,3711.0,39999.5,9999.9,36339.1,24.7,0,
2017-12-22 05:49:31,0,1,2,15.0,3711.3,39999.5,9999.9,36339.1,24.6,0,
2017-12-22 05:49:34,0,1,2,15.1,3711.7,39999.4,10066.6,36586.5,24.6,0,
2017-12-22 05:49:37,0,1,2,15.1,3711.9,39999.5,10066.6,36586.5,24.6,0,
2017-12-22 05:49:40,0,1,2,15.2,3712.3,39999.8,10133.2,36834.0,24.6,0,
2017-12-22 05:49:43,0,1,2,15.2,3712.6,39999.5,10133.2,36834.0,24.6,0,
2017-12-22 05:49:47,0,1,2,15.3,3713.1,39999.5,10199.9,37081.5,24.6,0,
2017-12-22 05:49:50,0,1,2,15.3,3713.3,39999.6,10199.9,37081.5,24.6,0,
2017-12-22 05:49:53,0,1,2,15.4,3713.6,39999.5,10266.6,37329.0,24.6,0,
2017-12-22 05:49:56,0,1,2,15.4,3714.0,39999.6,10266.6,37329.0,24.6,0,
2017-12-22 05:49:59,0,1,2,15.5,3714.4,39999.7,10333.2,37576.7,24.6,0,
2017-12-22 05:50:02,0,1,2,15.5,3714.7,39999.7,10333.2,37576.7,24.6,0,
2017-12-22 05:50:05,0,1,2,15.6,3715.1,39999.3,10399.9,37824.3,24.6,0,
2017-12-22 05:50:08,0,1,2,15.6,3715.4,39999.3,10399.9,37824.3,24.6,0,
2017-12-22 05:50:11,0,1,2,15.7,3715.6,39999.5,10466.6,38072.0,24.6,0,
2017-12-22 05:50:14,0,1,2,15.7,3715.9,39999.5,10466.6,38072.0,24.6,0,
2017-12-22 05:50:17,0,1,2,15.8,3716.3,39999.2,10533.2,38319.7,24.6,0,
2017-12-22 05:50:21,0,1,2,15.8,3716.7,39999.3,10533.2,38319.7,24.6,0,
2017-12-22 05:50:24,0,1,2,15.9,3716.9,39999.5,10599.9,38567.5,24.6,0,
2017-12-22 05:50:27,0,1,2,15.9,3717.4,39999.2,10599.9,38567.5,24.6,0,
2017-12-22 05:50:30,0,1,2,16.0,3717.8,39999.4,10666.6,38815.3,24.6,0,
2017-12-22 05:50:33,0,1,2,16.0,3718.1,39999.2,10666.6,38815.3,24.7,0,
2017-12-22 05:50:37,0,1,2,16.1,3718.2,39999.2,10733.2,39063.2,24.6,0,
2017-12-22 05:50:40,0,1,2,16.2,3718.7,39999.7,10799.9,39311.1,24.6,0,
2017-12-22 05:50:43,0,1,2,16.2,3719.1,39999.4,10799.9,39311.1,24.6,0,
2017-12-22 05:50:46,0,1,2,16.3,3719.4,39999.2,10866.6,39559.0,24.6,0,
2017-12-22 05:50:49,0,1,2,16.3,3719.6,39999.7,10866.6,39559.0,24.7,0,
2017-12-22 05:50:52,0,1,2,16.4,3720.1,39999.3,10933.2,39807.0,24.7,0,
2017-12-22 05:50:55,0,1,2,16.4,3720.5,39999.5,10933.2,39807.0,24.7,0,
2017-12-22 05:50:58,0,1,2,16.5,3720.7,39999.7,10999.9,40055.1,24.7,0,
2017-12-22 05:51:01,0,1,2,16.5,3721.2,39999.2,10999.9,40055.1,24.7,0,
2017-12-22 05:51:04,0,1,2,16.6,3721.5,39999.4,11066.5,40303.2,24.7,0,
2017-12-22 05:51:07,0,1,2,16.6,3721.7,39999.0,11066.5,40303.2,24.7,0,
2017-12-22 05:51:10,0,1,2,16.7,3722.1,39999.5,11133.2,40551.3,24.7,0,
2017-12-22 05:51:13,0,1,2,16.7,3722.5,39999.5,11133.2,40551.3,24.6,0,
2017-12-22 05:51:16,0,1,2,16.8,3722.9,39999.5,11199.9,40799.5,24.6,0,
2017-12-22 05:51:19,0,1,2,16.8,3723.2,39999.2,11199.9,40799.5,24.6,0,
2017-12-22 05:51:22,0,1,2,16.9,3723.5,39999.5,11266.5,41047.7,24.6,0,
2017-12-22 05:51:25,0,1,2,16.9,3723.8,39998.8,11266.5,41047.7,24.7,0,
2017-12-22 05:51:28,0,1,2,17.0,3724.3,39999.5,11333.2,41296.0,24.7,0,
2017-12-22 05:51:31,0,1,2,17.0,3724.7,39999.5,11333.2,41296.0,24.6,0,
2017-12-22 05:51:34,0,1,2,17.1,3725.0,39998.7,11399.9,41544.3,24.7,0,
2017-12-22 05:51:37,0,1,2,17.1,3725.3,39999.4,11399.9,41544.3,24.7,0,
2017-12-22 05:51:41,0,1,2,17.2,3725.6,39999.5,11466.5,41792.6,24.6,0,
2017-12-22 05:51:44,0,1,2,17.2,3726.1,39999.7,11466.5,41792.6,24.7,0,
2017-12-22 05:51:47,0,1,2,17.3,3726.5,39999.5,11533.2,42041.0,24.6,0,
2017-12-22 05:51:50,0,1,2,17.3,3726.8,39999.3,11533.2,42041.0,24.6,0,
2017-12-22 05:51:53,0,1,2,17.4,3727.0,39999.4,11599.9,42289.5,24.6,0,
2017-12-22 05:51:56,0,1,2,17.4,3727.5,39999.5,11599.9,42289.5,24.6,0,
2017-12-22 05:51:59,0,1,2,17.5,3727.9,39999.3,11666.5,42538.0,24.7,0,
2017-12-22 05:52:03,0,1,2,17.5,3728.1,39999.7,11666.5,42538.0,24.7,0,
2017-12-22 05:52:06,0,1,2,17.6,3728.5,39999.3,11733.2,42786.5,24.7,0,
2017-12-22 05:52:09,0,1,2,17.6,3728.8,39998.8,11733.2,42786.5,24.8,0,
2017-12-22 05:52:12,0,1,2,17.7,3729.2,39999.3,11799.9,43035.1,24.7,0,
2017-12-22 05:52:15,0,1,2,17.7,3729.6,39999.2,11799.9,43035.1,24.7,0,
2017-12-22 05:52:18,0,1,2,17.8,3730.1,39999.5,11866.5,43283.8,24.8,0,
2017-12-22 05:52:21,0,1,2,17.8,3730.4,39999.7,11866.5,43283.8,24.8,0,
2017-12-22 05:52:25,0,1,2,17.9,3730.8,39999.5,11933.2,43532.4,24.8,0,
2017-12-22 05:52:28,0,1,2,18.0,3731.1,39999.5,11999.9,43781.2,24.7,0,
2017-12-22 05:52:31,0,1,2,18.0,3731.5,39999.6,11999.9,43781.2,24.7,0,
2017-12-22 05:52:34,0,1,2,18.1,3732.0,39999.4,12066.5,44030.0,24.7,0,
2017-12-22 05:52:37,0,1,2,18.1,3732.3,39999.0,12066.5,44030.0,24.8,0,
2017-12-22 05:52:40,0,1,2,18.2,3732.6,39999.4,12133.2,44278.8,24.7,0,
2017-12-22 05:52:43,0,1,2,18.2,3733.0,39999.2,12133.2,44278.8,24.7,0,
2017-12-22 05:52:46,0,1,2,18.3,3733.5,39999.3,12199.8,44527.7,24.7,0,
2017-12-22 05:52:50,0,1,2,18.3,3733.8,39999.4,12199.8,44527.7,24.7,0,
2017-12-22 05:52:53,0,1,2,18.4,3734.1,39999.3,12266.5,44776.6,24.8,0,
2017-12-22 05:52:56,0,1,2,18.4,3734.6,39999.3,12266.5,44776.6,24.8,0,
2017-12-22 05:52:59,0,1,2,18.5,3735.0,39999.5,12333.2,45025.6,24.8,0,
2017-12-22 05:53:02,0,1,2,18.5,3735.3,39999.3,12333.2,45025.6,24.8,0,
2017-12-22 05:53:05,0,1,2,18.6,3735.7,39999.5,12399.8,45274.6,24.7,0,
2017-12-22 05:53:09,0,1,2,18.6,3736.1,39999.5,12399.8,45274.6,24.8,0,
2017-12-22 05:53:12,0,1,2,18.7,3736.5,39999.2,12466.5,45523.7,24.8,0,
2017-12-22 05:53:15,0,1,2,18.7,3737.1,39999.6,12466.5,45523.7,24.8,0,
2017-12-22 05:53:18,0,1,2,18.8,3737.4,39999.3,12533.2,45772.8,24.8,0,
2017-12-22 05:53:21,0,1,2,18.9,3737.8,39999.3,12599.8,46022.0,24.8,0,
2017-12-22 05:53:25,0,1,2,18.9,3738.3,39999.7,12599.8,46022.0,24.8,0,
2017-12-22 05:53:28,0,1,2,19.0,3738.7,39999.2,12666.5,46271.2,24.7,0,
2017-12-22 05:53:31,0,1,2,19.0,3739.1,39999.3,12666.5,46271.2,24.8,0,
2017-12-22 05:53:34,0,1,2,19.1,3739.4,39999.2,12733.2,46520.5,24.8,0,
2017-12-22 05:53:37,0,1,2,19.1,3739.9,39999.5,12733.2,46520.5,24.7,0,
2017-12-22 05:53:41,0,1,2,19.2,3740.2,39999.2,12799.8,46769.8,24.7,0,
2017-12-22 05:53:44,0,1,2,19.2,3740.8,39999.5,12799.8,46769.8,24.7,0,
2017-12-22 05:53:47,0,1,2,19.3,3741.0,39998.7,12866.5,47019.2,24.8,0,
2017-12-22 05:53:50,0,1,2,19.3,3741.5,39999.5,12866.5,47019.2,24.8,0,
2017-12-22 05:53:53,0,1,2,19.4,3742.0,39999.5,12933.2,47268.6,24.7,0,
2017-12-22 05:53:56,0,1,2,19.4,3742.4,39999.3,12933.2,47268.6,24.8,0,
2017-12-22 05:53:59,0,1,2,19.5,3742.6,39999.3,12999.8,47518.1,24.8,0,
2017-12-22 05:54:03,0,1,2,19.5,3743.1,39999.5,12999.8,47518.1,24.8,0,
2017-12-22 05:54:06,0,1,2,19.6,3743.5,39999.4,13066.5,47767.7,24.8,0,
2017-12-22 05:54:09,0,1,2,19.6,3744.1,39999.5,13066.5,47767.7,24.8,0,
2017-12-22 05:54:12,0,1,2,19.7,3744.3,39999.3,13133.1,48017.3,24.8,0,
2017-12-22 05:54:15,0,1,2,19.7,3744.8,39998.7,13133.1,48017.3,24.8,0,
2017-12-22 05:54:18,0,1,2,19.8,3745.3,39999.0,13199.8,48266.9,24.8,0,
2017-12-22 05:54:21,0,1,2,19.8,3745.6,39999.2,13199.8,48266.9,24.8,0,
2017-12-22 05:54:24,0,1,2,19.9,3746.1,39998.8,13266.5,48516.6,24.8,0,
2017-12-22 05:54:28,0,1,2,20.0,3746.5,39999.2,13333.1,48766.4,24.8,0,
2017-12-22 05:54:31,0,1,2,20.0,3747.1,39999.2,13333.1,48766.4,24.8,0,
2017-12-22 05:54:34,0,1,2,20.1,3747.4,39999.4,13399.8,49016.2,24.8,0,
2017-12-22 05:54:37,0,1,2,20.1,3747.8,39999.2,13399.8,49016.2,24.7,0,
2017-12-22 05:54:40,0,1,2,20.2,3748.3,39999.3,13466.5,49266.1,24.7,0,
2017-12-22 05:54:43,0,1,2,20.2,3748.8,39999.2,13466.5,49266.1,24.7,0,
2017-12-22 05:54:46,0,1,2,20.3,3749.2,39999.5,13533.1,49516.0,24.7,0,
2017-12-22 05:54:49,0,1,2,20.3,3749.7,39999.1,13533.1,49516.0,24.7,0,
2017-12-22 05:54:52,0,1,2,20.4,3750.0,39999.5,13599.8,49766.0,24.6,0,
2017-12-22 05:54:55,0,1,2,20.4,3750.5,39999.3,13599.8,49766.0,24.6,0,
2017-12-22 05:54:58,0,1,2,20.5,3751.0,39999.2,13666.5,50016.0,24.6,0,
2017-12-22 05:55:01,0,1,2,20.5,3751.4,39999.5,13666.5,50016.0,24.6,0,
2017-12-22 05:55:04,0,1,2,20.6,3751.7,39999.3,13733.1,50266.1,24.6,0,
2017-12-22 05:55:07,0,1,2,20.6,3752.2,39999.2,13733.1,50266.1,24.6,0,
2017-12-22 05:55:11,0,1,2,20.7,3752.6,39999.4,13799.8,50516.3,24.6,0,
2017-12-22 05:55:14,0,1,2,20.7,3753.2,39999.0,13799.8,50516.3,24.6,0,
2017-12-22 05:55:17,0,1,2,20.8,3753.5,39999.3,13866.5,50766.5,24.7,0,
2017-12-22 05:55:20,0,1,2,20.8,3754.1,39999.5,13866.5,50766.5,24.7,0,
2017-12-22 05:55:23,0,1,2,20.9,3754.6,39999.2,13933.1,51016.7,24.7,0,
2017-12-22 05:55:26,0,1,2,20.9,3755.1,39999.3,13933.1,51016.7,24.7,0,
2017-12-22 05:55:29,0,1,2,21.0,3755.6,39999.5,13999.8,51267.1,24.7,0,
2017-12-22 05:55:33,0,1,2,21.0,3755.9,39999.3,13999.8,51267.1,24.7,0,
2017-12-22 05:55:36,0,1,2,21.1,3756.4,39999.4,14066.4,51517.5,24.8,0,
2017-12-22 05:55:39,0,1,2,21.1,3756.9,39999.0,14066.4,51517.5,24.8,0,
2017-12-22 05:55:42,0,1,2,21.2,3757.4,39999.2,14133.1,51767.9,24.8,0,
2017-12-22 05:55:46,0,1,2,21.3,3757.9,39999.2,14199.8,52018.5,24.8,0,
2017-12-22 05:55:49,0,1,2,21.3,3758.3,39999.3,14199.8,52018.5,24.8,0,
2017-12-22 05:55:52,0,1,2,21.4,3758.7,39999.3,14266.4,52269.0,24.8,0,
2017-12-22 05:55:55,0,1,2,21.4,3759.4,39999.3,14266.4,52269.0,24.8,0,
2017-12-22 05:55:58,0,1,2,21.5,3759.7,39999.3,14333.1,52519.7,24.8,0,
2017-12-22 05:56:01,0,1,2,21.5,3760.2,39999.3,14333.1,52519.7,24.8,0,
2017-12-22 05:56:04,0,1,2,21.6,3760.6,39999.2,14399.8,52770.4,24.8,0,
2017-12-22 05:56:07,0,1,2,21.6,3761.1,39998.5,14399.8,52770.4,24.8,0,
2017-12-22 05:56:10,0,1,2,21.7,3761.6,39999.3,14466.4,53021.1,24.8,0,
2017-12-22 05:56:13,0,1,2,21.7,3762.0,39999.5,14466.4,53021.1,24.8,0,
2017-12-22 05:56:16,0,1,2,21.8,3762.6,39999.3,14533.1,53272.0,24.8,0,
2017-12-22 05:56:19,0,1,2,21.8,3763.0,39998.8,14533.1,53272.0,24.8,0,
2017-12-22 05:56:23,0,1,2,21.9,3763.7,39999.1,14599.8,53522.9,24.8,0,
2017-12-22 05:56:26,0,1,2,21.9,3764.0,39999.2,14599.8,53522.9,24.8,0,
2017-12-22 05:56:29,0,1,2,22.0,3764.7,39999.1,14666.4,53773.8,24.8,0,
2017-12-22 05:56:32,0,1,2,22.0,3765.2,39999.0,14666.4,53773.8,24.8,0,
2017-12-22 05:56:35,0,1,2,22.1,3765.7,39999.2,14733.1,54024.8,24.8,0,
2017-12-22 05:56:38,0,1,2,22.1,3766.2,39999.0,14733.1,54024.8,24.8,0,
2017-12-22 05:56:42,0,1,2,22.2,3766.7,39999.0,14799.8,54275.9,24.8,0,
2017-12-22 05:56:45,0,1,2,22.2,3767.2,39999.0,14799.8,54275.9,24.8,0,
2017-12-22 05:56:48,0,1,2,22.3,3767.6,39998.6,14866.4,54527.0,24.8,0,
2017-12-22 05:56:51,0,1,2,22.3,3768.4,39999.1,14866.4,54527.0,24.8,0,
2017-12-22 05:56:55,0,1,2,22.4,3768.8,39999.5,14933.1,54778.2,24.8,0,
2017-12-22 05:56:58,0,1,2,22.5,3769.3,39998.7,14999.7,55029.5,24.8,0,
2017-12-22 05:57:01,0,1,2,22.5,3769.9,39998.6,14999.7,55029.5,24.8,0,
2017-12-22 05:57:04,0,1,2,22.6,3770.2,39999.0,15066.4,55280.9,24.8,0,
2017-12-22 05:57:07,0,1,2,22.6,3770.8,39999.2,15066.4,55280.9,24.8,0,
2017-12-22 05:57:10,0,1,2,22.7,3771.3,39999.2,15133.1,55532.3,24.8,0,
2017-12-22 05:57:13,0,1,2,22.7,3772.0,39999.0,15133.1,55532.3,24.7,0,
2017-12-22 05:57:16,0,1,2,22.8,3772.5,39999.2,15199.7,55783.7,24.8,0,
2017-12-22 05:57:20,0,1,2,22.8,3773.1,39999.1,15199.7,55783.7,24.8,0,
2017-12-22 05:57:23,0,1,2,22.9,3773.6,39999.0,15266.4,56035.3,24.7,0,
2017-12-22 05:57:26,0,1,2,22.9,3774.1,39999.2,15266.4,56035.3,24.8,0,
2017-12-22 05:57:29,0,1,2,23.0,3774.7,39999.0,15333.1,56286.9,24.8,0,
2017-12-22 05:57:32,0,1,2,23.0,3775.0,39998.8,15333.1,56286.9,24.8,0,
2017-12-22 05:57:36,0,1,2,23.1,3775.7,39999.1,15399.7,56538.6,24.8,0,
2017-12-22 05:57:39,0,1,2,23.1,3776.3,39999.0,15399.7,56538.6,24.8,0,
2017-12-22 05:57:42,0,1,2,23.2,3777.0,39999.2,15466.4,56790.3,24.8,0,
2017-12-22 05:57:45,0,1,2,23.2,3777.5,39999.2,15466.4,56790.3,24.8,0,
2017-12-22 05:57:48,0,1,2,23.3,3777.9,39999.0,15533.1,57042.2,24.8,0,
2017-12-22 05:57:51,0,1,2,23.4,3778.5,39999.0,15599.7,57294.0,24.8,0,
2017-12-22 05:57:55,0,1,2,23.4,3779.1,39999.2,15599.7,57294.0,24.8,0,
2017-12-22 05:57:58,0,1,2,23.5,3779.8,39999.2,15666.4,57546.0,24.8,0,
2017-12-22 05:58:01,0,1,2,23.5,3780.3,39999.3,15666.4,57546.0,24.8,0,
2017-12-22 05:58:04,0,1,2,23.6,3780.9,39999.0,15733.0,57798.0,24.8,0,
2017-12-22 05:58:07,0,1,2,23.6,3781.3,39998.8,15733.0,57798.0,24.8,0,
2017-12-22 05:58:10,0,1,2,23.7,3781.8,39998.7,15799.7,58050.1,24.8,0,
2017-12-22 05:58:14,0,1,2,23.7,3782.4,39998.6,15799.7,58050.1,24.8,0,
2017-12-22 05:58:17,0,1,2,23.8,3783.1,39999.1,15866.4,58302.3,24.8,0,
2017-12-22 05:58:20,0,1,2,23.8,3783.6,39998.8,15866.4,58302.3,24.8,0,
2017-12-22 05:58:23,0,1,2,23.9,3784.3,39999.2,15933.0,58554.5,24.8,0,
2017-12-22 05:58:26,0,1,2,23.9,3784.9,39999.2,15933.0,58554.5,24.9,0,
2017-12-22 05:58:29,0,1,2,24.0,3785.5,39999.0,15999.7,58806.9,24.9,0,
2017-12-22 05:58:33,0,1,2,24.0,3786.0,39998.8,15999.7,58806.9,24.8,0,
2017-12-22 05:58:36,0,1,2,24.1,3786.5,39999.0,16066.4,59059.3,24.9,0,
2017-12-22 05:58:39,0,1,2,24.1,3787.3,39998.8,16066.4,59059.3,24.8,0,
2017-12-22 05:58:42,0,1,2,24.2,3787.9,39998.8,16133.0,59311.7,24.9,0,
2017-12-22 05:58:45,0,1,2,24.3,3788.5,39998.7,16199.7,59564.3,24.9,0,
2017-12-22 05:58:49,0,1,2,24.3,3789.0,39999.2,16199.7,59564.3,24.9,0,
2017-12-22 05:58:52,0,1,2,24.4,3789.6,39998.3,16266.4,59816.9,24.9,0,
2017-12-22 05:58:55,0,1,2,24.4,3790.3,39999.2,16266.4,59816.9,24.8,0,
2017-12-22 05:58:58,0,1,2,24.5,3790.8,39999.1,16333.0,60069.6,24.8,0,
2017-12-22 05:59:01,0,1,2,24.5,3791.4,39999.0,16333.0,60069.6,24.8,0,
2017-12-22 05:59:05,0,1,2,24.6,3792.2,39999.0,16399.7,60322.4,24.8,0,
2017-12-22 05:59:08,0,1,2,24.6,3792.7,39999.0,16399.7,60322.4,24.8,0,
2017-12-22 05:59:11,0,1,2,24.7,3793.2,39998.8,16466.3,60575.3,24.8,0,
2017-12-22 05:59:14,0,1,2,24.7,3794.1,39998.5,16466.3,60575.3,24.8,0,
2017-12-22 05:59:17,0,1,2,24.8,3794.5,39999.2,16533.0,60828.2,24.8,0,
2017-12-22 05:59:20,0,1,2,24.8,3795.2,39999.1,16533.0,60828.2,24.8,0,
2017-12-22 05:59:23,0,1,2,24.9,3795.8,39999.0,16599.7,61081.2,24.8,0,
2017-12-22 05:59:27,0,1,2,24.9,3796.5,39999.0,16599.7,61081.2,24.8,0,
2017-12-22 05:59:30,0,1,2,25.0,3797.1,39998.8,16666.3,61334.3,24.8,0,
2017-12-22 05:59:33,0,1,2,25.0,3797.6,39999.0,16666.3,61334.3,24.8,0,
2017-12-22 05:59:36,0,1,2,25.1,3798.4,39998.7,16733.0,61587.5,24.8,0,
2017-12-22 05:59:39,0,1,2,25.1,3798.9,39998.6,16733.0,61587.5,24.8,0,
2017-12-22 05:59:42,0,1,2,25.2,3799.7,39998.8,16799.7,61840.7,24.8,0,
2017-12-22 05:59:45,0,1,2,25.2,3800.1,39998.8,16799.7,61840.7,24.8,0,
2017-12-22 05:59:48,0,1,2,25.3,3801.0,39999.0,16866.3,62094.1,24.8,0,
2017-12-22 05:59:51,0,1,2,25.3,3801.5,39998.7,16866.3,62094.1,24.8,0,
2017-12-22 05:59:54,0,1,2,25.4,3801.9,39998.6,16933.0,62347.5,24.8,0,
2017-12-22 05:59:57,0,1,2,25.4,3802.7,39998.8,16933.0,62347.5,24.8,0,
2017-12-22 06:00:00,0,1,2,25.5,3803.3,39999.2,16999.6,62601.0,24.8,0,
2017-12-22 06:00:04,0,1,2,25.6,3804.1,39998.7,17066.3,62854.6,24.8,0,
2017-12-22 06:00:07,0,1,2,25.6,3804.6,39998.7,17066.3,62854.6,24.8,0,
2017-12-22 06:00:10,0,1,2,25.7,3805.3,39998.7,17133.0,63108.3,24.8,0,
2017-12-22 06:00:13,0,1,2,25.7,3806.1,39999.0,17133.0,63108.3,24.8,0,
2017-12-22 06:00:17,0,1,2,25.8,3806.8,39999.0,17199.6,63362.0,24.8,0,
2017-12-22 06:00:20,0,1,2,25.8,3807.4,39998.7,17199.6,63362.0,24.8,0,
2017-12-22 06:00:23,0,1,2,25.9,3808.3,39999.0,17266.3,63615.9,24.8,0,
2017-12-22 06:00:26,0,1,2,25.9,3808.8,39998.4,17266.3,63615.9,24.8,0,
2017-12-22 06:00:29,0,1,2,26.0,3809.5,39998.7,17333.0,63869.8,24.8,0,
2017-12-22 06:00:32,0,1,2,26.0,3810.3,39998.8,17333.0,63869.8,24.8,0,
2017-12-22 06:00:36,0,1,2,26.1,3810.7,39998.8,17399.6,64123.8,24.8,0,
2017-12-22 06:00:39,0,1,2,26.1,3811.5,39998.8,17399.6,64123.8,24.8,0,
2017-12-22 06:00:42,0,1,2,26.2,3812.2,39998.7,17466.3,64377.9,24.8,0,
2017-12-22 06:00:45,0,1,2,26.2,3812.9,39998.8,17466.3,64377.9,24.8,0,
2017-12-22 06:00:48,0,1,2,26.3,3813.5,39998.2,17533.0,64632.1,24.8,0,
2017-12-22 06:00:51,0,1,2,26.3,3814.4,39998.7,17533.0,64632.1,24.8,0,
2017-12-22 06:00:54,0,1,2,26.4,3815.1,39998.6,17599.6,64886.4,24.8,0,
2017-12-22 06:00:57,0,1,2,26.5,3815.7,39998.5,17666.3,65140.7,24.8,0,
2017-12-22 06:01:01,0,1,2,26.5,3816.4,39998.5,17666.3,65140.7,24.8,0,
2017-12-22 06:01:04,0,1,2,26.6,3817.2,39998.5,17732.9,65395.2,24.8,0,
2017-12-22 06:01:07,0,1,2,26.6,3817.9,39998.7,17732.9,65395.2,24.8,0,
2017-12-22 06:01:10,0,1,2,26.7,3818.5,39998.8,17799.6,65649.7,24.8,0,
2017-12-22 06:01:14,0,1,2,26.7,3819.5,39998.7,17799.6,65649.7,24.8,0,
2017-12-22 06:01:17,0,1,2,26.8,3820.2,39998.5,17866.3,65904.4,24.8,0,
2017-12-22 06:01:20,0,1,2,26.8,3820.9,39998.5,17866.3,65904.4,24.8,0,
2017-12-22 06:01:23,0,1,2,26.9,3821.5,39998.8,17932.9,66159.1,24.8,0,
2017-12-22 06:01:26,0,1,2,26.9,3822.3,39998.7,17932.9,66159.1,24.8,0,
2017-12-22 06:01:29,0,1,2,27.0,3822.9,39998.8,17999.6,66413.9,24.8,0,
2017-12-22 06:01:32,0,1,2,27.0,3823.8,39998.8,17999.6,66413.9,24.8,0,
2017-12-22 06:01:36,0,1,2,27.1,3824.3,39999.0,18066.3,66668.9,24.8,0,
2017-12-22 06:01:39,0,1,2,27.1,3825.1,39999.0,18066.3,66668.9,24.8,0,
2017-12-22 06:01:42,0,1,2,27.2,3826.0,39998.7,18132.9,66923.9,24.8,0,
2017-12-22 06:01:45,0,1,2,27.2,3826.7,39999.0,18132.9,66923.9,24.9,0,
2017-12-22 06:01:48,0,1,2,27.3,3827.5,39999.0,18199.6,67179.0,24.9,0,
2017-12-22 06:01:51,0,1,2,27.3,3828.2,39998.8,18199.6,67179.0,24.9,0,
2017-12-22 06:01:55,0,1,2,27.4,3828.9,39999.0,18266.2,67434.2,24.9,0,
2017-12-22 06:01:58,0,1,2,27.5,3829.6,39998.8,18332.9,67689.5,24.9,0,
2017-12-22 06:02:01,0,1,2,27.5,3830.4,39999.1,18332.9,67689.5,24.9,0,
2017-12-22 06:02:04,0,1,2,27.6,3831.3,39998.6,18399.6,67944.9,24.9,0,
2017-12-22 06:02:07,0,1,2,27.6,3831.9,39998.7,18399.6,67944.9,24.9,0,
2017-12-22 06:02:10,0,1,2,27.7,3832.9,39998.7,18466.2,68200.3,24.9,0,
2017-12-22 06:02:14,0,1,2,27.7,3833.6,39998.7,18466.2,68200.3,24.9,0,
2017-12-22 06:02:17,0,1,2,27.8,3834.4,39999.0,18532.9,68455.9,24.9,0,
2017-12-22 06:02:20,0,1,2,27.8,3835.2,39998.7,18532.9,68455.9,24.9,0,
2017-12-22 06:02:23,0,1,2,27.9,3835.9,39998.7,18599.6,68711.6,24.9,0,
2017-12-22 06:02:26,0,1,2,27.9,3836.6,39999.0,18599.6,68711.6,24.9,0,
2017-12-22 06:02:29,0,1,2,28.0,3837.3,39998.6,18666.2,68967.4,24.9,0,
2017-12-22 06:02:32,0,1,2,28.0,3838.2,39998.5,18666.2,68967.4,24.9,0,
2017-12-22 06:02:35,0,1,2,28.1,3838.8,39998.7,18732.9,69223.3,25.0,0,
2017-12-22 06:02:38,0,1,2,28.1,3839.6,39999.0,18732.9,69223.3,25.0,0,
2017-12-22 06:02:41,0,1,2,28.2,3840.4,39998.7,18799.5,69479.3,25.0,0,
2017-12-22 06:02:44,0,1,2,28.2,3841.3,39998.8,18799.5,69479.3,25.0,0,
2017-12-22 06:02:47,0,1,2,28.3,3842.1,39998.7,18866.2,69735.3,25.0,0,
2017-12-22 06:02:51,0,1,2,28.3,3842.9,39998.3,18866.2,69735.3,25.0,0,
2017-12-22 06:02:54,0,1,2,28.4,3843.5,39998.5,18932.9,69991.5,25.0,0,
2017-12-22 06:02:57,0,1,2,28.4,3844.3,39998.5,18932.9,69991.5,25.0,0,
2017-12-22 06:03:00,0,1,2,28.5,3845.1,39998.4,18999.5,70247.8,25.0,0,
2017-12-22 06:03:03,0,1,2,28.5,3846.1,39999.0,18999.5,70247.8,25.0,0,
2017-12-22 06:03:06,0,1,2,28.6,3846.7,39998.8,19066.2,70504.2,25.0,0,
2017-12-22 06:03:09,0,1,2,28.6,3847.8,39998.6,19066.2,70504.2,24.9,0,
2017-12-22 06:03:12,0,1,2,28.7,3848.3,39998.5,19132.9,70760.7,24.9,0,
2017-12-22 06:03:16,0,1,2,28.8,3849.3,39998.8,19199.5,71017.3,24.9,0,
2017-12-22 06:03:19,0,1,2,28.8,3850.1,39998.8,19199.5,71017.3,24.8,0,
2017-12-22 06:03:22,0,1,2,28.9,3851.1,39998.8,19266.2,71274.0,24.8,0,
2017-12-22 06:03:25,0,1,2,28.9,3851.9,39998.6,19266.2,71274.0,24.8,0,
2017-12-22 06:03:28,0,1,2,29.0,3852.7,39998.5,19332.8,71530.8,24.8,0,
2017-12-22 06:03:31,0,1,2,29.0,3853.5,39998.2,19332.8,71530.8,24.8,0,
2017-12-22 06:03:34,0,1,2,29.1,3854.1,39999.1,19399.5,71787.7,24.8,0,
2017-12-22 06:03:38,0,1,2,29.1,3855.2,39998.5,19399.5,71787.7,24.8,0,
2017-12-22 06:03:41,0,1,2,29.2,3855.9,39998.6,19466.2,72044.8,24.8,0,
2017-12-22 06:03:44,0,1,2,29.2,3856.8,39998.5,19466.2,72044.8,24.9,0,
2017-12-22 06:03:47,0,1,2,29.3,3857.5,39998.7,19532.8,72301.9,24.8,0,
2017-12-22 06:03:50,0,1,2,29.3,3858.3,39998.1,19532.8,72301.9,24.9,0,
2017-12-22 06:03:53,0,1,2,29.4,3859.3,39998.5,19599.5,72559.1,24.9,0,
2017-12-22 06:03:56,0,1,2,29.4,3860.2,39998.0,19599.5,72559.1,24.9,0,
2017-12-22 06:03:59,0,1,2,29.5,3861.0,39998.5,19666.2,72816.4,24.9,0,
2017-12-22 06:04:02,0,1,2,29.5,3861.8,39998.7,19666.2,72816.4,24.9,0,
2017-12-22 06:04:05,0,1,2,29.6,3862.6,39999.0,19732.8,73073.9,24.9,0,
2017-12-22 06:04:08,0,1,2,29.6,3863.4,39998.7,19732.8,73073.9,24.9,0,
2017-12-22 06:04:12,0,1,2,29.7,3864.4,39998.5,19799.5,73331.5,24.9,0,
2017-12-22 06:04:15,0,1,2,29.7,3865.0,39998.8,19799.5,73331.5,24.9,0,
2017-12-22 06:04:18,0,1,2,29.8,3866.0,39998.7,19866.1,73589.1,24.9,0,
2017-12-22 06:04:21,0,1,2,29.8,3867.0,39998.6,19866.1,73589.1,25.0,0,
2017-12-22 06:04:24,0,1,2,29.9,3867.7,39998.4,19932.8,73846.9,25.0,0,
2017-12-22 06:04:27,0,1,2,30.0,3868.7,39998.7,19999.5,74104.8,25.0,0,
2017-12-22 06:04:30,0,1,2,30.0,3869.6,39998.7,19999.5,74104.8,25.0,0,
2017-12-22 06:04:34,0,1,2,30.1,3870.6,39998.5,20066.1,74362.8,25.0,0,
2017-12-22 06:04:37,0,1,2,30.1,3871.5,39998.4,20066.1,74362.8,25.0,0,
2017-12-22 06:04:40,0,1,2,30.2,3872.2,39998.6,20132.8,74621.0,25.0,0,
2017-12-22 06:04:43,0,1,2,30.2,3873.2,39998.8,20132.8,74621.0,25.0,0,
2017-12-22 06:04:46,0,1,2,30.3,3874.0,39998.7,20199.4,74879.2,25.0,0,
2017-12-22 06:04:49,0,1,2,30.3,3874.7,39998.7,20199.4,74879.2,25.0,0,
2017-12-22 06:04:52,0,1,2,30.4,3875.7,39998.6,20266.1,75137.6,25.0,0,
2017-12-22 06:04:55,0,1,2,30.4,3876.6,39998.8,20266.1,75137.6,25.0,0,
2017-12-22 06:04:58,0,1,2,30.5,3877.5,39998.5,20332.8,75396.0,25.0,0,
2017-12-22 06:05:01,0,1,2,30.5,3878.5,39998.7,20332.8,75396.0,25.0,0,
2017-12-22 06:05:05,0,1,2,30.6,3879.4,39998.0,20399.4,75654.6,25.0,0,
2017-12-22 06:05:08,0,1,2,30.6,3880.3,39998.5,20399.4,75654.6,24.9,0,
2017-12-22 06:05:11,0,1,2,30.7,3881.2,39998.5,20466.1,75913.3,24.9,0,
2017-12-22 06:05:14,0,1,2,30.7,3882.2,39998.5,20466.1,75913.3,25.0,0,
2017-12-22 06:05:17,0,1,2,30.8,3883.1,39998.7,20532.8,76172.1,24.9,0,
2017-12-22 06:05:20,0,1,2,30.8,3883.9,39998.3,20532.8,76172.1,24.9,0,
2017-12-22 06:05:24,0,1,2,30.9,3884.9,39998.2,20599.4,76431.1,25.0,0,
2017-12-22 06:05:27,0,1,2,30.9,3885.8,39998.5,20599.4,76431.1,25.0,0,
2017-12-22 06:05:30,0,1,2,31.0,3886.6,39998.6,20666.1,76690.1,25.0,0,
2017-12-22 06:05:33,0,1,2,31.0,3887.5,39998.7,20666.1,76690.1,25.0,0,
2017-12-22 06:05:36,0,1,2,31.1,3888.4,39998.2,20732.7,76949.3,25.0,0,
2017-12-22 06:05:39,0,1,2,31.1,3889.4,39998.2,20732.7,76949.3,25.0,0,
2017-12-22 06:05:42,0,1,2,31.2,3890.3,39998.7,20799.4,77208.6,25.0,0,
2017-12-22 06:05:45,0,1,2,31.2,3891.2,39998.5,20799.4,77208.6,25.0,0,
2017-12-22 06:05:48,0,1,2,31.3,3892.3,39998.5,20866.1,77468.0,24.9,0,
2017-12-22 06:05:51,0,1,2,31.4,3893.1,39998.7,20932.7,77727.5,25.0,0,
2017-12-22 06:05:54,0,1,2,31.4,3894.0,39997.9,20932.7,77727.5,24.9,0,
2017-12-22 06:05:57,0,1,2,31.5,3894.9,39997.4,20999.4,77987.2,24.9,0,
2017-12-22 06:06:01,0,1,2,31.5,3896.1,39998.8,20999.4,77987.2,24.9,0,
2017-12-22 06:06:04,0,1,2,31.6,3897.0,39999.7,21066.1,78247.0,24.9,0,
2017-12-22 06:06:07,0,1,2,31.6,3897.9,40000.6,21066.1,78247.0,25.0,0,
2017-12-22 06:06:10,0,1,2,31.7,3898.8,40001.6,21132.7,78506.9,25.0,0,
2017-12-22 06:06:13,0,1,2,31.7,3899.6,40002.2,21132.7,78506.9,25.0,0,
2017-12-22 06:06:16,0,1,2,31.8,3900.0,39210.7,21198.8,78764.4,25.0,0,
2017-12-22 06:06:19,0,1,2,31.8,3900.0,38143.4,21198.8,78764.4,25.0,0,
2017-12-22 06:06:22,0,1,2,31.9,3900.1,37310.1,21261.2,79008.1,25.0,0,
2017-12-22 06:06:25,0,1,2,31.9,3899.9,36387.8,21261.2,79008.1,25.0,0,
2017-12-22 06:06:29,0,1,2,32.0,3900.1,35658.1,21320.9,79240.9,25.0,0,
2017-12-22 06:06:32,0,1,2,32.0,3899.9,34848.2,21320.9,79240.9,25.0,0,
2017-12-22 06:06:35,0,1,2,32.1,3900.1,34242.1,21378.3,79464.6,25.0,0,
2017-12-22 06:06:38,0,1,2,32.1,3899.9,33475.8,21378.3,79464.6,25.0,0,
2017-12-22 06:06:41,0,1,2,32.2,3899.9,32810.9,21433.7,79680.7,25.0,0,
2017-12-22 06:06:44,0,1,2,32.2,3899.9,32240.5,21433.7,79680.7,25.0,0,
2017-12-22 06:06:47,0,1,2,32.3,3899.9,31598.9,21487.0,79888.8,25.0,0,
2017-12-22 06:06:50,0,1,2,32.3,3900.0,31143.3,21487.0,79888.8,25.0,0,
2017-12-22 06:06:53,0,1,2,32.4,3900.0,30678.2,21538.8,80090.6,25.0,0,
2017-12-22 06:06:56,0,1,2,32.4,3900.1,30128.2,21538.8,80090.6,25.0,0,
2017-12-22 06:07:00,0,1,2,32.5,3899.9,29531.5,21588.8,80285.4,25.0,0,
2017-12-22 06:07:03,0,1,2,32.5,3900.1,29104.2,21588.8,80285.4,25.0,0,
2017-12-22 06:07:06,0,1,2,32.6,3899.9,28513.2,21637.1,80474.0,25.0,0,
2017-12-22 06:07:09,0,1,2,32.6,3899.9,28027.7,21637.1,80474.0,25.0,0,
2017-12-22 06:07:12,0,1,2,32.7,3899.9,27460.8,21683.8,80656.2,25.0,0,
2017-12-22 06:07:16,0,1,2,32.8,3900.0,27116.4,21729.0,80832.4,25.0,0,
2017-12-22 06:07:19,0,1,2,32.8,3899.9,26645.0,21729.0,80832.4,25.0,0,
2017-12-22 06:07:22,0,1,2,32.9,3899.9,26116.6,21772.6,81002.6,25.0,0,
2017-12-22 06:07:25,0,1,2,32.9,3900.1,25725.2,21772.6,81002.6,25.0,0,
2017-12-22 06:07:28,0,1,2,33.0,3900.0,25278.1,21814.9,81167.3,25.0,0,
2017-12-22 06:07:32,0,1,2,33.0,3900.2,24914.1,21814.9,81167.3,25.0,0,
2017-12-22 06:07:35,0,1,2,33.1,3899.9,24405.9,21856.0,81327.5,25.0,0,
2017-12-22 06:07:38,0,1,2,33.1,3900.1,24041.8,21856.0,81327.5,25.0,0,
2017-12-22 06:07:41,0,1,2,33.2,3900.0,23504.7,21895.7,81482.6,25.0,0,
2017-12-22 06:07:44,0,1,2,33.2,3900.1,23212.1,21895.7,81482.6,25.0,0,
2017-12-22 06:07:48,0,1,2,33.3,3900.1,22819.5,21934.0,81632.0,25.0,0,
2017-12-22 06:07:51,0,1,2,33.3,3900.1,22411.1,21934.0,81632.0,25.0,0,
2017-12-22 06:07:54,0,1,2,33.4,3900.1,22022.6,21971.3,81777.3,25.0,0,
2017-12-22 06:07:57,0,1,2,33.4,3899.9,21639.5,21971.3,81777.3,24.9,0,
2017-12-22 06:08:00,0,1,2,33.5,3900.1,21315.7,22007.3,81917.6,24.9,0,
2017-12-22 06:08:03,0,1,2,33.5,3899.9,20944.8,22007.3,81917.6,24.9,0,
2017-12-22 06:08:06,0,1,2,33.6,3899.9,20539.8,22042.2,82053.8,24.9,0,
2017-12-22 06:08:09,0,1,2,33.7,3900.1,20273.2,22076.0,82185.5,24.9,0,
2017-12-22 06:08:12,0,1,2,33.7,3899.8,19921.1,22076.0,82185.5,24.9,0,
2017-12-22 06:08:16,0,1,2,33.8,3899.9,19672.3,22108.8,82313.4,24.9,0,
2017-12-22 06:08:19,0,1,2,33.8,3900.0,19339.6,22108.8,82313.4,24.9,0,
2017-12-22 06:08:22,0,1,2,33.9,3900.0,18993.4,22140.4,82436.9,24.9,0,
2017-12-22 06:08:25,0,1,2,33.9,3899.9,18710.3,22140.4,82436.9,24.9,0,
2017-12-22 06:08:28,0,1,2,34.0,3900.1,18384.3,22171.1,82556.7,24.8,0,
2017-12-22 06:08:31,0,1,2,34.0,3900.1,18110.9,22171.1,82556.7,24.8,0,
2017-12-22 06:08:34,0,1,2,34.1,3899.9,17751.0,22200.9,82672.6,24.9,0,
2017-12-22 06:08:38,0,1,2,34.1,3899.9,17484.6,22200.9,82672.6,24.9,0,
2017-12-22 06:08:41,0,1,2,34.2,3899.9,17181.9,22229.6,82784.9,24.9,0,
2017-12-22 06:08:44,0,1,2,34.2,3899.9,16926.4,22229.6,82784.9,24.9,0,
2017-12-22 06:08:47,0,1,2,34.3,3900.1,16681.6,22257.5,82893.6,24.9,0,
2017-12-22 06:08:50,0,1,2,34.3,3899.9,16382.5,22257.5,82893.6,24.9,0,
2017-12-22 06:08:53,0,1,2,34.4,3900.1,16099.6,22284.7,82999.5,24.9,0,
2017-12-22 06:08:56,0,1,2,34.4,3900.0,15857.3,22284.7,82999.5,25.0,0,
2017-12-22 06:09:00,0,1,2,34.5,3900.1,15629.6,22311.1,83102.6,25.0,0,
2017-12-22 06:09:03,0,1,2,34.5,3899.9,15312.1,22311.1,83102.6,25.0,0,
2017-12-22 06:09:06,0,1,2,34.6,3900.0,15121.8,22336.6,83201.9,25.0,0,
2017-12-22 06:09:09,0,1,2,34.6,3900.1,14894.7,22336.6,83201.9,25.0,0,
2017-12-22 06:09:12,0,1,2,34.7,3899.9,14636.4,22361.3,83298.3,25.0,0,
2017-12-22 06:09:16,0,1,2,34.8,3900.1,14353.6,22385.3,83391.7,24.9,0,
2017-12-22 06:09:19,0,1,2,34.8,3899.9,14167.2,22385.3,83391.7,24.9,0,
2017-12-22 06:09:22,0,1,2,34.9,3899.9,13886.0,22408.5,83482.5,24.9,0,
2017-12-22 06:09:25,0,1,2,34.9,3899.9,13644.3,22408.5,83482.5,24.9,0,
2017-12-22 06:09:28,0,1,2,35.0,3900.1,13473.8,22431.0,83570.3,24.9,0,
2017-12-22 06:09:31,0,1,2,35.0,3899.9,13241.0,22431.0,83570.3,24.9,0,
2017-12-22 06:09:34,0,1,2,35.1,3900.0,13042.5,22452.9,83655.5,24.9,0,
2017-12-22 06:09:38,0,1,2,35.1,3900.1,12912.5,22452.9,83655.5,24.9,0,
2017-12-22 06:09:41,0,1,2,35.2,3900.0,12598.6,22474.0,83738.0,24.9,0,
2017-12-22 06:09:44,0,1,2,35.2,3900.1,12434.6,22474.0,83738.0,24.8,0,
2017-12-22 06:09:47,0,1,2,35.3,3900.1,12248.5,22494.6,83818.0,24.9,0,
2017-12-22 06:09:50,0,1,2,35.3,3900.1,12036.0,22494.6,83818.0,24.8,0,
2017-12-22 06:09:53,0,1,2,35.4,3900.0,11886.9,22514.5,83895.8,24.9,0,
2017-12-22 06:09:57,0,1,2,35.4,3899.9,11679.5,22514.5,83895.8,24.9,0,
2017-12-22 06:10:00,0,1,2,35.5,3900.0,11446.6,22533.9,83971.4,24.9,0,
2017-12-22 06:10:03,0,1,2,35.5,3900.0,11276.2,22533.9,83971.4,24.9,0,
2017-12-22 06:10:06,0,1,2,35.6,3900.0,11158.9,22552.7,84044.7,24.8,0,
2017-12-22 06:10:09,0,1,2,35.6,3899.9,11048.0,22552.7,84044.7,24.9,0,
2017-12-22 06:10:13,0,1,2,35.7,3899.9,10909.0,22571.1,84116.5,24.8,0,
2017-12-22 06:10:15,0,1,2,35.8,3900.2,10827.2,22589.1,84186.9,24.8,0,
2017-12-22 06:10:18,0,1,2,35.8,3900.1,10611.1,22589.1,84186.9,24.8,0,
2017-12-22 06:10:22,0,1,2,35.9,3900.1,10401.0,22606.5,84254.5,24.8,0,
2017-12-22 06:10:25,0,1,2,35.9,3900.0,10218.8,22606.5,84254.5,24.8,0,
2017-12-22 06:10:28,0,1,2,36.0,3899.9,10065.6,22623.3,84320.3,24.8,0,
2017-12-22 06:10:30,0,1,2,36.0,3900.1,10000.0,22623.3,84320.3,24.8,5,终止电流到
2017-12-22 06:10:31,0,1,2,36.0,3892.4,4.5,22623.3,84320.3,24.8,5,终止电流到
2017-12-22 06:10:34,0,1,2,36.1,3891.4,2.4,22623.3,84320.3,24.8,5,终止电流到
2017-12-22 06:10:37,0,1,2,36.1,3890.5,3.1,22623.3,84320.3,24.8,5,终止电流到
2017-12-22 06:10:40,0,1,2,36.2,3889.7,4.6,22623.4,84320.3,24.8,5,终止电流到
2017-12-22 06:10:43,0,1,2,36.2,3889.0,2.9,22623.4,84320.3,24.8,5,终止电流到
2017-12-22 06:10:46,0,1,2,36.3,3888.6,4.8,22623.4,84320.3,24.8,5,终止电流到
2017-12-22 06:10:50,0,1,2,36.3,3888.2,4.6,22623.4,84320.3,24.8,5,终止电流到
2017-12-22 06:10:53,0,1,2,36.4,3887.8,3.0,22623.4,84320.4,24.8,5,终止电流到
2017-12-22 06:10:56,0,1,2,36.4,3887.5,4.8,22623.4,84320.4,24.8,5,终止电流到
2017-12-22 06:10:59,0,1,2,36.5,3887.1,4.5,22623.4,84320.4,24.8,5,终止电流到
2017-12-22 06:11:02,0,1,2,36.5,3886.8,5.0,22623.4,84320.4,24.8,5,终止电流到
2017-12-22 06:11:07,0,2,3,0.0,3886.4,0,0.0,0.0,24.8,0,
2017-12-22 06:11:30,0,2,3,0.4,3885.2,24.8,0.0,0.0,24.8,0,
2017-12-22 06:11:33,0,2,3,0.4,3885.3,26.6,0.0,0.0,24.7,0,
2017-12-22 06:11:36,0,2,3,0.5,3885.0,26.2,0.0,0.0,24.8,0,
2017-12-22 06:11:39,0,2,3,0.5,3885.0,26.3,0.0,0.0,24.8,0,
2017-12-22 06:11:42,0,2,3,0.6,3885.0,26.2,0.0,0.0,24.8,0,
2017-12-22 06:11:45,0,2,3,0.6,3884.8,24.5,0.0,0.0,24.8,0,
2017-12-22 06:11:49,0,2,3,0.7,3884.6,24.4,0.0,0.0,24.8,0,
2017-12-22 06:11:52,0,2,3,0.7,3884.7,26.2,0.0,0.0,24.8,0,
2017-12-22 06:11:55,0,2,3,0.8,3884.4,26.1,0.0,0.0,24.8,0,
2017-12-22 06:11:58,0,2,3,0.8,3884.4,26.3,0.0,0.0,24.8,0,
2017-12-22 06:12:01,0,2,3,0.9,3884.5,26.1,0.0,0.0,24.8,0,
2017-12-22 06:12:04,0,2,3,0.9,3884.4,26.4,0.0,0.0,24.8,0,
2017-12-22 06:12:07,0,2,3,1.0,3884.4,25.9,0.0,0.0,24.7,0,
2017-12-22 06:12:08,0,2,3,1.0,3884.2,24.5,0.0,0.0,24.8,1,时间到
2017-12-22 06:12:12,0,3,4,0.0,3884.1,0,0.0,0.0,24.8,0,
2017-12-22 06:12:34,0,3,4,0.4,3834.4,-40002.4,266.7,1025.0,24.7,0,
2017-12-22 06:12:38,0,3,4,0.4,3832.0,-39999.5,266.7,1025.0,24.8,0,
2017-12-22 06:12:41,0,3,4,0.5,3829.6,-39999.9,333.4,1280.4,24.8,0,
2017-12-22 06:12:44,0,3,4,0.5,3827.4,-40000.4,333.4,1280.4,24.7,0,
2017-12-22 06:12:47,0,3,4,0.6,3825.5,-40000.1,400.0,1535.4,24.7,0,
2017-12-22 06:12:50,0,3,4,0.6,3823.6,-40000.3,400.0,1535.4,24.7,0,
2017-12-22 06:12:53,0,3,4,0.7,3821.8,-40001.0,466.7,1790.2,24.8,0,
2017-12-22 06:12:56,0,3,4,0.7,3819.9,-40000.4,466.7,1790.2,24.8,0,
2017-12-22 06:13:00,0,3,4,0.8,3818.3,-40001.2,533.4,2044.8,24.8,0,
2017-12-22 06:13:03,0,3,4,0.8,3816.6,-40000.5,533.4,2044.8,24.8,0,
2017-12-22 06:13:06,0,3,4,0.9,3815.1,-40001.1,600.0,2299.3,24.8,0,
2017-12-22 06:13:09,0,3,4,0.9,3813.7,-40000.9,600.0,2299.3,24.8,0,
2017-12-22 06:13:12,0,3,4,1.0,3812.0,-40001.3,666.7,2553.5,24.8,0,
2017-12-22 06:13:15,0,3,4,1.0,3810.6,-40001.3,666.7,2553.5,24.8,0,
2017-12-22 06:13:18,0,3,4,1.1,3809.0,-40001.5,733.4,2807.5,24.8,0,
2017-12-22 06:13:22,0,3,4,1.1,3807.7,-40001.3,733.4,2807.5,24.8,0,
2017-12-22 06:13:25,0,3,4,1.2,3806.2,-40001.8,800.0,3061.3,24.8,0,
2017-12-22 06:13:28,0,3,4,1.2,3804.9,-40001.8,800.0,3061.3,24.7,0,
2017-12-22 06:13:31,0,3,4,1.3,3803.5,-40001.4,866.7,3315.0,24.8,0,
2017-12-22 06:13:34,0,3,4,1.3,3802.1,-40001.5,866.7,3315.0,24.8,0,
2017-12-22 06:13:37,0,3,4,1.4,3800.8,-40001.7,933.4,3568.5,24.8,0,
2017-12-22 06:13:40,0,3,4,1.5,3799.3,-40001.3,1000.1,3821.8,24.8,0,
2017-12-22 06:13:44,0,3,4,1.5,3798.0,-40001.3,1000.1,3821.8,24.8,0,
2017-12-22 06:13:47,0,3,4,1.6,3796.7,-40001.2,1066.7,4074.9,24.8,0,
2017-12-22 06:13:50,0,3,4,1.6,3795.3,-40001.3,1066.7,4074.9,24.8,0,
2017-12-22 06:13:53,0,3,4,1.7,3794.0,-40001.3,1133.4,4327.9,24.8,0,
2017-12-22 06:13:56,0,3,4,1.7,3792.4,-40001.8,1133.4,4327.9,24.7,0,
2017-12-22 06:14:00,0,3,4,1.8,3791.1,-40001.3,1200.1,4580.7,24.7,0,
2017-12-22 06:14:03,0,3,4,1.8,3789.9,-40001.3,1200.1,4580.7,24.8,0,
2017-12-22 06:14:06,0,3,4,1.9,3788.6,-40001.8,1266.7,4833.3,24.7,0,
2017-12-22 06:14:09,0,3,4,1.9,3787.3,-40001.4,1266.7,4833.3,24.8,0,
2017-12-22 06:14:12,0,3,4,2.0,3785.8,-40001.8,1333.4,5085.8,24.8,0,
2017-12-22 06:14:15,0,3,4,2.0,3784.6,-40001.5,1333.4,5085.8,24.7,0,
2017-12-22 06:14:18,0,3,4,2.1,3783.2,-40002.1,1400.1,5338.1,24.8,0,
2017-12-22 06:14:22,0,3,4,2.1,3781.9,-40001.7,1400.1,5338.1,24.7,0,
2017-12-22 06:14:25,0,3,4,2.2,3780.7,-40002.4,1466.8,5590.2,24.7,0,
2017-12-22 06:14:28,0,3,4,2.2,3779.3,-40001.7,1466.8,5590.2,24.8,0,
2017-12-22 06:14:31,0,3,4,2.3,3778.0,-40001.7,1533.4,5842.2,24.8,0,
2017-12-22 06:14:34,0,3,4,2.3,3776.7,-40001.7,1533.4,5842.2,24.8,0,
2017-12-22 06:14:37,0,3,4,2.4,3775.4,-40001.5,1600.1,6094.0,24.8,0,
2017-12-22 06:14:40,0,3,4,2.5,3774.0,-40001.4,1666.8,6345.6,24.8,0,
2017-12-22 06:14:44,0,3,4,2.5,3772.8,-40002.0,1666.8,6345.6,24.8,0,
2017-12-22 06:14:47,0,3,4,2.6,3771.6,-40001.7,1733.5,6597.1,24.8,0,
2017-12-22 06:14:50,0,3,4,2.6,3770.2,-40001.8,1733.5,6597.1,24.8,0,
2017-12-22 06:14:53,0,3,4,2.7,3768.9,-40001.3,1800.1,6848.4,24.8,0,
2017-12-22 06:14:56,0,3,4,2.7,3767.6,-40001.7,1800.1,6848.4,24.8,0,
2017-12-22 06:14:59,0,3,4,2.8,3766.2,-40001.7,1866.8,7099.5,24.8,0,
2017-12-22 06:15:02,0,3,4,2.8,3765.1,-40001.5,1866.8,7099.5,24.8,0,
2017-12-22 06:15:05,0,3,4,2.9,3763.8,-40001.6,1933.5,7350.5,24.8,0,
2017-12-22 06:15:09,0,3,4,2.9,3762.4,-40001.5,1933.5,7350.5,24.8,0,
2017-12-22 06:15:12,0,3,4,3.0,3761.2,-40001.7,2000.2,7601.3,24.8,0,
2017-12-22 06:15:15,0,3,4,3.0,3759.9,-40001.4,2000.2,7601.3,24.8,0,
2017-12-22 06:15:18,0,3,4,3.1,3758.6,-40002.0,2066.8,7851.9,24.8,0,
2017-12-22 06:15:21,0,3,4,3.1,3757.3,-40001.5,2066.8,7851.9,24.8,0,
2017-12-22 06:15:24,0,3,4,3.2,3756.0,-40001.5,2133.5,8102.4,24.8,0,
2017-12-22 06:15:28,0,3,4,3.2,3754.8,-40001.7,2133.5,8102.4,24.8,0,
2017-12-22 06:15:31,0,3,4,3.3,3753.5,-40001.3,2200.2,8352.7,24.8,0,
2017-12-22 06:15:34,0,3,4,3.3,3752.3,-40002.0,2200.2,8352.7,24.7,0,
2017-12-22 06:15:37,0,3,4,3.4,3751.0,-40001.5,2266.8,8602.9,24.8,0,
2017-12-22 06:15:40,0,3,4,3.4,3749.8,-40001.3,2266.8,8602.9,24.8,0,
2017-12-22 06:15:43,0,3,4,3.5,3748.5,-40001.3,2333.5,8852.9,24.8,0,
2017-12-22 06:15:46,0,3,4,3.6,3747.2,-40001.2,2400.2,9102.7,24.8,0,
2017-12-22 06:15:49,0,3,4,3.6,3746.1,-40001.2,2400.2,9102.7,24.8,0,
2017-12-22 06:15:53,0,3,4,3.7,3745.0,-40001.7,2466.9,9352.4,24.8,0,
2017-12-22 06:15:56,0,3,4,3.7,3743.8,-40001.2,2466.9,9352.4,24.8,0,
2017-12-22 06:15:59,0,3,4,3.8,3742.4,-40001.5,2533.5,9601.9,24.8,0,
2017-12-22 06:16:02,0,3,4,3.8,3741.3,-40001.2,2533.5,9601.9,24.8,0,
2017-12-22 06:16:05,0,3,4,3.9,3740.2,-40001.5,2600.2,9851.3,24.8,0,
2017-12-22 06:16:08,0,3,4,3.9,3738.9,-40001.3,2600.2,9851.3,24.8,0,
2017-12-22 06:16:11,0,3,4,4.0,3737.9,-40001.0,2666.9,10100.6,24.8,0,
2017-12-22 06:16:15,0,3,4,4.0,3736.6,-40000.8,2666.9,10100.6,24.8,0,
2017-12-22 06:16:18,0,3,4,4.1,3735.5,-40001.3,2733.5,10349.6,24.8,0,
2017-12-22 06:16:21,0,3,4,4.1,3734.4,-40001.5,2733.5,10349.6,24.7,0,
2017-12-22 06:16:24,0,3,4,4.2,3733.3,-40000.9,2800.2,10598.6,24.8,0,
2017-12-22 06:16:27,0,3,4,4.2,3732.2,-40001.0,2800.2,10598.6,24.8,0,
2017-12-22 06:16:30,0,3,4,4.3,3731.0,-40000.8,2866.9,10847.4,24.8,0,
2017-12-22 06:16:33,0,3,4,4.3,3729.9,-40002.3,2866.9,10847.4,24.8,0,
2017-12-22 06:16:37,0,3,4,4.4,3728.7,-40002.3,2933.6,11096.1,24.8,0,
2017-12-22 06:16:40,0,3,4,4.4,3727.7,-40003.0,2933.6,11096.1,24.8,0,
2017-12-22 06:16:43,0,3,4,4.5,3726.6,-40002.4,3000.2,11344.6,24.8,0,
2017-12-22 06:16:46,0,3,4,4.5,3725.6,-40001.2,3000.2,11344.6,24.8,0,
2017-12-22 06:16:49,0,3,4,4.6,3724.5,-40000.5,3066.9,11593.0,24.8,0,
2017-12-22 06:16:52,0,3,4,4.6,3723.4,-40001.0,3066.9,11593.0,24.8,0,
2017-12-22 06:16:55,0,3,4,4.7,3722.5,-40001.7,3133.6,11841.2,24.8,0,
2017-12-22 06:16:58,0,3,4,4.8,3721.3,-40001.2,3200.2,12089.3,24.8,0,
2017-12-22 06:17:02,0,3,4,4.8,3720.3,-40001.3,3200.2,12089.3,24.8,0,
2017-12-22 06:17:05,0,3,4,4.9,3719.2,-40001.1,3266.9,12337.3,24.8,0,
2017-12-22 06:17:08,0,3,4,4.9,3718.3,-40001.4,3266.9,12337.3,24.8,0,
2017-12-22 06:17:11,0,3,4,5.0,3717.3,-40001.5,3333.6,12585.1,24.7,0,
2017-12-22 06:17:14,0,3,4,5.0,3716.4,-40000.7,3333.6,12585.1,24.7,0,
2017-12-22 06:17:17,0,3,4,5.1,3715.3,-40000.8,3400.2,12832.9,24.8,0,
2017-12-22 06:17:20,0,3,4,5.1,3714.4,-40000.7,3400.2,12832.9,24.7,0,
2017-12-22 06:17:24,0,3,4,5.2,3713.4,-40000.9,3466.9,13080.5,24.7,0,
2017-12-22 06:17:27,0,3,4,5.2,3712.2,-40000.9,3466.9,13080.5,24.7,0,
2017-12-22 06:17:30,0,3,4,5.3,3711.3,-40001.0,3533.6,13327.9,24.7,0,
2017-12-22 06:17:33,0,3,4,5.3,3710.4,-40001.5,3533.6,13327.9,24.7,0,
2017-12-22 06:17:36,0,3,4,5.4,3709.5,-40001.2,3600.3,13575.3,24.7,0,
2017-12-22 06:17:39,0,3,4,5.4,3708.6,-40001.2,3600.3,13575.3,24.7,0,
2017-12-22 06:17:42,0,3,4,5.5,3707.5,-40001.2,3666.9,13822.5,24.7,0,
2017-12-22 06:17:46,0,3,4,5.5,3706.6,-40000.9,3666.9,13822.5,24.7,0,
2017-12-22 06:17:49,0,3,4,5.6,3705.7,-40001.2,3733.6,14069.6,24.7,0,
2017-12-22 06:17:52,0,3,4,5.6,3704.8,-40000.8,3733.6,14069.6,24.7,0,
2017-12-22 06:17:55,0,3,4,5.7,3703.9,-40001.0,3800.3,14316.6,24.7,0,
2017-12-22 06:17:58,0,3,4,5.7,3702.9,-40001.2,3800.3,14316.6,24.7,0,
2017-12-22 06:18:01,0,3,4,5.8,3702.0,-40001.1,3866.9,14563.5,24.7,0,
2017-12-22 06:18:04,0,3,4,5.9,3701.1,-40000.9,3933.6,14810.2,24.7,0,
2017-12-22 06:18:07,0,3,4,5.9,3700.1,-40001.1,3933.6,14810.2,24.6,0,
2017-12-22 06:18:11,0,3,4,6.0,3699.4,-40001.0,4000.3,15056.8,24.7,0,
2017-12-22 06:18:14,0,3,4,6.0,3698.5,-40000.8,4000.3,15056.8,24.7,0,
2017-12-22 06:18:17,0,3,4,6.1,3697.6,-40001.2,4066.9,15303.4,24.7,0,
2017-12-22 06:18:20,0,3,4,6.1,3696.8,-40001.0,4066.9,15303.4,24.6,0,
2017-12-22 06:18:23,0,3,4,6.2,3695.9,-40001.1,4133.6,15549.8,24.7,0,
2017-12-22 06:18:26,0,3,4,6.2,3695.0,-40000.8,4133.6,15549.8,24.6,0,
2017-12-22 06:18:29,0,3,4,6.3,3694.1,-40000.8,4200.3,15796.1,24.7,0,
2017-12-22 06:18:33,0,3,4,6.3,3693.4,-40001.2,4200.3,15796.1,24.7,0,
2017-12-22 06:18:36,0,3,4,6.4,3692.5,-40000.9,4267.0,16042.3,24.7,0,
2017-12-22 06:18:39,0,3,4,6.4,3691.6,-40001.0,4267.0,16042.3,24.6,0,
2017-12-22 06:18:42,0,3,4,6.5,3690.7,-40001.2,4333.6,16288.4,24.7,0,
2017-12-22 06:18:45,0,3,4,6.5,3690.0,-40001.1,4333.6,16288.4,24.7,0,
2017-12-22 06:18:48,0,3,4,6.6,3689.2,-40001.3,4400.3,16534.4,24.6,0,
2017-12-22 06:18:51,0,3,4,6.6,3688.2,-40001.0,4400.3,16534.4,24.6,0,
2017-12-22 06:18:54,0,3,4,6.7,3687.5,-40001.2,4467.0,16780.2,24.6,0,
2017-12-22 06:18:58,0,3,4,6.7,3686.7,-40000.8,4467.0,16780.2,24.6,0,
2017-12-22 06:19:01,0,3,4,6.8,3686.0,-40001.3,4533.6,17026.0,24.6,0,
2017-12-22 06:19:04,0,3,4,6.8,3685.1,-40001.2,4533.6,17026.0,24.6,0,
2017-12-22 06:19:07,0,3,4,6.9,3684.3,-40001.2,4600.3,17271.7,24.6,0,
2017-12-22 06:19:10,0,3,4,7.0,3683.4,-40001.0,4667.0,17517.3,24.6,0,
2017-12-22 06:19:13,0,3,4,7.0,3682.7,-40000.7,4667.0,17517.3,24.6,0,
2017-12-22 06:19:17,0,3,4,7.1,3681.9,-40001.3,4733.6,17762.8,24.6,0,
2017-12-22 06:19:20,0,3,4,7.1,3681.2,-40001.2,4733.6,17762.8,24.6,0,
2017-12-22 06:19:23,0,3,4,7.2,3680.3,-40001.3,4800.3,18008.1,24.6,0,
2017-12-22 06:19:26,0,3,4,7.2,3679.7,-40000.8,4800.3,18008.1,24.6,0,
2017-12-22 06:19:29,0,3,4,7.3,3678.9,-40001.0,4867.0,18253.4,24.6,0,
2017-12-22 06:19:32,0,3,4,7.3,3678.1,-40000.8,4867.0,18253.4,24.7,0,
2017-12-22 06:19:35,0,3,4,7.4,3677.3,-40000.9,4933.7,18498.6,24.7,0,
2017-12-22 06:19:38,0,3,4,7.4,3676.5,-40001.2,4933.7,18498.6,24.6,0,
2017-12-22 06:19:41,0,3,4,7.5,3675.9,-40000.7,5000.3,18743.7,24.6,0,
2017-12-22 06:19:45,0,3,4,7.5,3675.2,-40000.5,5000.3,18743.7,24.7,0,
2017-12-22 06:19:48,0,3,4,7.6,3674.4,-40000.2,5067.0,18988.7,24.7,0,
2017-12-22 06:19:51,0,3,4,7.6,3673.7,-40000.8,5067.0,18988.7,24.7,0,
2017-12-22 06:19:54,0,3,4,7.7,3672.8,-40001.0,5133.7,19233.6,24.7,0,
2017-12-22 06:19:57,0,3,4,7.7,3672.1,-40000.8,5133.7,19233.6,24.7,0,
2017-12-22 06:20:00,0,3,4,7.8,3671.5,-40000.5,5200.3,19478.4,24.7,0,
2017-12-22 06:20:03,0,3,4,7.8,3670.8,-40001.0,5200.3,19478.4,24.7,0,
2017-12-22 06:20:07,0,3,4,7.9,3670.0,-40000.7,5267.0,19723.1,24.7,0,
2017-12-22 06:20:10,0,3,4,7.9,3669.1,-40000.8,5267.0,19723.1,24.7,0,
2017-12-22 06:20:13,0,3,4,8.0,3668.4,-40001.1,5333.7,19967.7,24.7,0,
2017-12-22 06:20:16,0,3,4,8.1,3667.6,-40001.2,5400.3,20212.2,24.7,0,
2017-12-22 06:20:19,0,3,4,8.1,3667.0,-40000.8,5400.3,20212.2,24.7,0,
2017-12-22 06:20:23,0,3,4,8.2,3666.2,-40000.7,5467.0,20456.6,24.8,0,
2017-12-22 06:20:26,0,3,4,8.2,3665.5,-40001.2,5467.0,20456.6,24.7,0,
2017-12-22 06:20:29,0,3,4,8.3,3664.8,-40000.3,5533.7,20701.0,24.7,0,
2017-12-22 06:20:32,0,3,4,8.3,3664.2,-40000.8,5533.7,20701.0,24.7,0,
2017-12-22 06:20:35,0,3,4,8.4,3663.4,-40001.2,5600.4,20945.2,24.7,0,
2017-12-22 06:20:38,0,3,4,8.4,3662.7,-40000.8,5600.4,20945.2,24.7,0,
2017-12-22 06:20:41,0,3,4,8.5,3662.1,-40001.2,5667.0,21189.4,24.7,0,
2017-12-22 06:20:45,0,3,4,8.5,3661.3,-40000.8,5667.0,21189.4,24.7,0,
2017-12-22 06:20:48,0,3,4,8.6,3660.6,-40001.1,5733.7,21433.5,24.7,0,
2017-12-22 06:20:51,0,3,4,8.6,3660.0,-40001.0,5733.7,21433.5,24.7,0,
2017-12-22 06:20:54,0,3,4,8.7,3659.4,-40000.5,5800.4,21677.5,24.6,0,
2017-12-22 06:20:57,0,3,4,8.7,3658.6,-40000.9,5800.4,21677.5,24.7,0,
2017-12-22 06:21:00,0,3,4,8.8,3658.0,-40000.5,5867.0,21921.4,24.7,0,
2017-12-22 06:21:03,0,3,4,8.8,3657.3,-40000.8,5867.0,21921.4,24.7,0,
2017-12-22 06:21:06,0,3,4,8.9,3656.7,-40000.3,5933.7,22165.2,24.7,0,
2017-12-22 06:21:10,0,3,4,8.9,3655.9,-40000.8,5933.7,22165.2,24.7,0,
2017-12-22 06:21:13,0,3,4,9.0,3655.3,-40000.5,6000.4,22408.9,24.7,0,
2017-12-22 06:21:16,0,3,4,9.0,3654.6,-40000.0,6000.4,22408.9,24.7,0,
2017-12-22 06:21:19,0,3,4,9.1,3654.0,-40000.7,6067.0,22652.5,24.7,0,
2017-12-22 06:21:22,0,3,4,9.1,3653.4,-40000.3,6067.0,22652.5,24.7,0,
2017-12-22 06:21:25,0,3,4,9.2,3652.6,-40000.7,6133.7,22896.1,24.7,0,
2017-12-22 06:21:28,0,3,4,9.3,3652.0,-40000.2,6200.4,23139.6,24.7,0,
2017-12-22 06:21:32,0,3,4,9.3,3651.4,-40000.5,6200.4,23139.6,24.7,0,
2017-12-22 06:21:35,0,3,4,9.4,3650.7,-40000.9,6267.0,23383.0,24.7,0,
2017-12-22 06:21:38,0,3,4,9.4,3650.0,-40000.7,6267.0,23383.0,24.7,0,
2017-12-22 06:21:41,0,3,4,9.5,3649.5,-40000.6,6333.7,23626.3,24.7,0,
2017-12-22 06:21:44,0,3,4,9.5,3648.7,-40000.3,6333.7,23626.3,24.7,0,
2017-12-22 06:21:47,0,3,4,9.6,3648.1,-40000.5,6400.4,23869.5,24.7,0,
2017-12-22 06:21:51,0,3,4,9.6,3647.6,-40000.4,6400.4,23869.5,24.7,0,
2017-12-22 06:21:54,0,3,4,9.7,3646.9,-40000.7,6467.0,24112.7,24.6,0,
2017-12-22 06:21:57,0,3,4,9.7,3646.2,-40000.1,6467.0,24112.7,24.7,0,
2017-12-22 06:22:00,0,3,4,9.8,3645.7,-40000.2,6533.7,24355.7,24.7,0,
2017-12-22 06:22:03,0,3,4,9.8,3645.2,-40000.3,6533.7,24355.7,24.7,0,
2017-12-22 06:22:06,0,3,4,9.9,3644.3,-40000.2,6600.4,24598.7,24.7,0,
2017-12-22 06:22:09,0,3,4,9.9,3643.9,-40000.5,6600.4,24598.7,24.7,0,
2017-12-22 06:22:13,0,3,4,10.0,3643.2,-40000.3,6667.0,24841.6,24.7,0,
2017-12-22 06:22:16,0,3,4,10.0,3642.6,-40000.7,6667.0,24841.6,24.7,0,
2017-12-22 06:22:19,0,3,4,10.1,3642.0,-40000.3,6733.7,25084.5,24.7,0,
2017-12-22 06:22:22,0,3,4,10.1,3641.3,-40000.4,6733.7,25084.5,24.7,0,
2017-12-22 06:22:25,0,3,4,10.2,3640.8,-40000.8,6800.4,25327.2,24.7,0,
2017-12-22 06:22:28,0,3,4,10.2,3640.1,-40000.2,6800.4,25327.2,24.7,0,
2017-12-22 06:22:31,0,3,4,10.3,3639.4,-40000.5,6867.0,25569.9,24.7,0,
2017-12-22 06:22:34,0,3,4,10.4,3638.9,-40000.5,6933.7,25812.5,24.7,0,
2017-12-22 06:22:38,0,3,4,10.4,3638.2,-40000.2,6933.7,25812.5,24.7,0,
2017-12-22 06:22:41,0,3,4,10.5,3637.6,-40000.0,7000.4,26055.0,24.8,0,
2017-12-22 06:22:44,0,3,4,10.5,3637.1,-40000.2,7000.4,26055.0,24.8,0,
2017-12-22 06:22:47,0,3,4,10.6,3636.5,-40000.8,7067.1,26297.5,24.7,0,
2017-12-22 06:22:50,0,3,4,10.6,3635.8,-40000.8,7067.1,26297.5,24.7,0,
2017-12-22 06:22:53,0,3,4,10.7,3635.3,-40000.1,7133.7,26539.8,24.8,0,
2017-12-22 06:22:56,0,3,4,10.7,3634.7,-40000.2,7133.7,26539.8,24.7,0,
2017-12-22 06:23:00,0,3,4,10.8,3634.1,-40000.3,7200.4,26782.1,24.8,0,
2017-12-22 06:23:03,0,3,4,10.8,3633.5,-40000.5,7200.4,26782.1,24.8,0,
2017-12-22 06:23:06,0,3,4,10.9,3633.0,-40001.0,7267.1,27024.3,24.8,0,
2017-12-22 06:23:09,0,3,4,10.9,3632.3,-40000.3,7267.1,27024.3,24.8,0,
2017-12-22 06:23:12,0,3,4,11.0,3631.9,-40000.5,7333.7,27266.5,24.8,0,
2017-12-22 06:23:15,0,3,4,11.0,3631.2,-40000.5,7333.7,27266.5,24.8,0,
2017-12-22 06:23:18,0,3,4,11.1,3630.7,-40000.2,7400.4,27508.6,24.8,0,
2017-12-22 06:23:21,0,3,4,11.1,3630.2,-40000.3,7400.4,27508.6,24.8,0,
2017-12-22 06:23:25,0,3,4,11.2,3629.6,-40000.3,7467.1,27750.6,24.8,0,
2017-12-22 06:23:28,0,3,4,11.2,3629.1,-40000.3,7467.1,27750.6,24.7,0,
2017-12-22 06:23:31,0,3,4,11.3,3628.4,-40000.8,7533.7,27992.5,24.8,0,
2017-12-22 06:23:34,0,3,4,11.3,3627.9,-40000.3,7533.7,27992.5,24.8,0,
2017-12-22 06:23:37,0,3,4,11.4,3627.4,-40000.1,7600.4,28234.4,24.7,0,
2017-12-22 06:23:40,0,3,4,11.4,3626.9,-40000.3,7600.4,28234.4,24.8,0,
2017-12-22 06:23:43,0,3,4,11.5,3626.1,-40000.5,7667.1,28476.2,24.8,0,
2017-12-22 06:23:46,0,3,4,11.6,3625.6,-40000.8,7733.7,28717.9,24.7,0,
2017-12-22 06:23:49,0,3,4,11.6,3625.2,-40000.3,7733.7,28717.9,24.7,0,
2017-12-22 06:23:53,0,3,4,11.7,3624.5,-40000.1,7800.4,28959.5,24.8,0,
2017-12-22 06:23:56,0,3,4,11.7,3624.1,-40000.5,7800.4,28959.5,24.8,0,
2017-12-22 06:23:59,0,3,4,11.8,3623.5,-40000.3,7867.1,29201.1,24.8,0,
2017-12-22 06:24:02,0,3,4,11.8,3622.9,-40000.5,7867.1,29201.1,24.8,0,
2017-12-22 06:24:05,0,3,4,11.9,3622.4,-40000.0,7933.7,29442.6,24.8,0,
2017-12-22 06:24:08,0,3,4,11.9,3621.7,-40000.6,7933.7,29442.6,24.7,0,
2017-12-22 06:24:11,0,3,4,12.0,3621.2,-40000.5,8000.4,29684.0,24.8,0,
2017-12-22 06:24:15,0,3,4,12.0,3620.7,-40000.5,8000.4,29684.0,24.7,0,
2017-12-22 06:24:18,0,3,4,12.1,3620.2,-40000.0,8067.1,29925.4,24.8,0,
2017-12-22 06:24:21,0,3,4,12.1,3619.5,-40000.0,8067.1,29925.4,24.8,0,
2017-12-22 06:24:24,0,3,4,12.2,3619.1,-40000.4,8133.7,30166.7,24.8,0,
2017-12-22 06:24:27,0,3,4,12.2,3618.5,-39999.8,8133.7,30166.7,24.7,0,
2017-12-22 06:24:30,0,3,4,12.3,3618.1,-40000.3,8200.4,30407.9,24.7,0,
2017-12-22 06:24:33,0,3,4,12.3,3617.5,-40000.3,8200.4,30407.9,24.7,0,
2017-12-22 06:24:37,0,3,4,12.4,3617.0,-40000.0,8267.1,30649.1,24.8,0,
2017-12-22 06:24:40,0,3,4,12.4,3616.4,-40000.0,8267.1,30649.1,24.7,0,
2017-12-22 06:24:43,0,3,4,12.5,3615.9,-40000.0,8333.7,30890.2,24.8,0,
2017-12-22 06:24:46,0,3,4,12.5,3615.4,-40000.0,8333.7,30890.2,24.8,0,
2017-12-22 06:24:49,0,3,4,12.6,3614.9,-40000.3,8400.4,31131.2,24.7,0,
2017-12-22 06:24:52,0,3,4,12.7,3614.2,-40000.3,8467.1,31372.2,24.7,0,
2017-12-22 06:24:56,0,3,4,12.7,3613.8,-40000.5,8467.1,31372.2,24.7,0,
2017-12-22 06:24:59,0,3,4,12.8,3613.3,-40000.5,8533.7,31613.0,24.7,0,
2017-12-22 06:25:02,0,3,4,12.8,3612.7,-40000.3,8533.7,31613.0,24.7,0,
2017-12-22 06:25:05,0,3,4,12.9,3612.1,-40000.4,8600.4,31853.9,24.8,0,
2017-12-22 06:25:08,0,3,4,12.9,3611.7,-40000.4,8600.4,31853.9,24.8,0,
2017-12-22 06:25:11,0,3,4,13.0,3611.2,-40000.1,8667.1,32094.6,24.8,0,
2017-12-22 06:25:14,0,3,4,13.0,3610.6,-40000.3,8667.1,32094.6,24.7,0,
2017-12-22 06:25:18,0,3,4,13.1,3610.1,-40000.3,8733.7,32335.3,24.7,0,
2017-12-22 06:25:21,0,3,4,13.1,3609.7,-40000.0,8733.7,32335.3,24.8,0,
2017-12-22 06:25:24,0,3,4,13.2,3609.1,-40000.5,8800.4,32576.0,24.7,0,
2017-12-22 06:25:27,0,3,4,13.2,3608.5,-40001.2,8800.4,32576.0,24.8,0,
2017-12-22 06:25:30,0,3,4,13.3,3608.0,-40001.0,8867.1,32816.5,24.7,0,
2017-12-22 06:25:33,0,3,4,13.3,3607.6,-40000.8,8867.1,32816.5,24.8,0,
2017-12-22 06:25:37,0,3,4,13.4,3607.1,-40000.3,8933.8,33057.0,24.8,0,
2017-12-22 06:25:40,0,3,4,13.4,3606.5,-39999.8,8933.8,33057.0,24.8,0,
2017-12-22 06:25:43,0,3,4,13.5,3605.9,-40000.0,9000.4,33297.4,24.8,0,
2017-12-22 06:25:46,0,3,4,13.5,3605.6,-39999.8,9000.4,33297.4,24.8,0,
2017-12-22 06:25:49,0,3,4,13.6,3605.0,-40000.0,9067.1,33537.8,24.8,0,
2017-12-22 06:25:52,0,3,4,13.7,3604.5,-40000.2,9133.8,33778.1,24.7,0,
2017-12-22 06:25:56,0,3,4,13.7,3604.0,-40000.3,9133.8,33778.1,24.8,0,
2017-12-22 06:25:59,0,3,4,13.8,3603.6,-40000.0,9200.4,34018.4,24.8,0,
2017-12-22 06:26:02,0,3,4,13.8,3602.9,-40000.2,9200.4,34018.4,24.8,0,
2017-12-22 06:26:05,0,3,4,13.9,3602.4,-40000.6,9267.1,34258.5,24.8,0,
2017-12-22 06:26:08,0,3,4,13.9,3601.8,-40000.0,9267.1,34258.5,24.8,0,
2017-12-22 06:26:11,0,3,4,14.0,3601.4,-40000.2,9333.8,34498.6,24.8,0,
2017-12-22 06:26:14,0,3,4,14.0,3600.9,-40000.1,9333.8,34498.6,24.8,0,
2017-12-22 06:26:18,0,3,4,14.1,3600.4,-40000.0,9400.4,34738.7,24.8,0,
2017-12-22 06:26:21,0,3,4,14.1,3599.9,-40000.2,9400.4,34738.7,24.8,0,
2017-12-22 06:26:24,0,3,4,14.2,3599.3,-39999.7,9467.1,34978.7,24.8,0,
2017-12-22 06:26:27,0,3,4,14.2,3598.9,-39999.5,9467.1,34978.7,24.8,0,
2017-12-22 06:26:30,0,3,4,14.3,3598.5,-40000.0,9533.8,35218.6,24.8,0,
2017-12-22 06:26:33,0,3,4,14.3,3598.0,-39999.8,9533.8,35218.6,24.8,0,
2017-12-22 06:26:36,0,3,4,14.4,3597.5,-39999.9,9600.4,35458.4,24.8,0,
2017-12-22 06:26:40,0,3,4,14.4,3597.0,-39999.9,9600.4,35458.4,24.8,0,
2017-12-22 06:26:43,0,3,4,14.5,3596.5,-39999.5,9667.1,35698.2,24.8,0,
2017-12-22 06:26:46,0,3,4,14.5,3596.0,-39999.8,9667.1,35698.2,24.8,0,
2017-12-22 06:26:49,0,3,4,14.6,3595.5,-39999.7,9733.8,35937.9,24.8,0,
2017-12-22 06:26:52,0,3,4,14.6,3594.9,-39999.9,9733.8,35937.9,24.8,0,
2017-12-22 06:26:55,0,3,4,14.7,3594.4,-39999.9,9800.4,36177.6,24.8,0,
2017-12-22 06:26:58,0,3,4,14.8,3593.9,-39999.5,9867.1,36417.2,24.9,0,
2017-12-22 06:27:01,0,3,4,14.8,3593.5,-40000.0,9867.1,36417.2,24.8,0,
2017-12-22 06:27:04,0,3,4,14.9,3593.0,-39999.7,9933.8,36656.7,24.9,0,
2017-12-22 06:27:08,0,3,4,14.9,3592.5,-39999.8,9933.8,36656.7,24.9,0,
2017-12-22 06:27:11,0,3,4,15.0,3592.1,-39999.3,10000.4,36896.2,24.9,0,
2017-12-22 06:27:14,0,3,4,15.0,3591.5,-39999.8,10000.4,36896.2,24.9,0,
2017-12-22 06:27:17,0,3,4,15.1,3591.0,-39999.7,10067.1,37135.6,24.9,0,
2017-12-22 06:27:20,0,3,4,15.1,3590.6,-39999.7,10067.1,37135.6,24.9,0,
2017-12-22 06:27:23,0,3,4,15.2,3590.0,-40000.0,10133.8,37374.9,24.9,0,
2017-12-22 06:27:26,0,3,4,15.2,3589.6,-40000.0,10133.8,37374.9,24.9,0,
2017-12-22 06:27:30,0,3,4,15.3,3589.1,-39999.7,10200.4,37614.2,24.9,0,
2017-12-22 06:27:33,0,3,4,15.3,3588.6,-39999.3,10200.4,37614.2,24.9,0,
2017-12-22 06:27:36,0,3,4,15.4,3588.1,-39999.5,10267.1,37853.4,24.8,0,
2017-12-22 06:27:39,0,3,4,15.4,3587.6,-39999.7,10267.1,37853.4,24.9,0,
2017-12-22 06:27:42,0,3,4,15.5,3587.1,-39999.5,10333.8,38092.6,24.8,0,
2017-12-22 06:27:45,0,3,4,15.5,3586.6,-39999.5,10333.8,38092.6,24.8,0,
2017-12-22 06:27:48,0,3,4,15.6,3586.2,-39999.2,10400.4,38331.7,24.8,0,
2017-12-22 06:27:51,0,3,4,15.6,3585.7,-39999.7,10400.4,38331.7,24.8,0,
2017-12-22 06:27:54,0,3,4,15.7,3585.2,-40000.0,10467.1,38570.7,24.8,0,
2017-12-22 06:27:58,0,3,4,15.7,3584.8,-39999.3,10467.1,38570.7,24.9,0,
2017-12-22 06:28:01,0,3,4,15.8,3584.3,-40000.0,10533.8,38809.7,24.8,0,
2017-12-22 06:28:04,0,3,4,15.8,3583.7,-39999.2,10533.8,38809.7,24.8,0,
2017-12-22 06:28:07,0,3,4,15.9,3583.3,-40000.0,10600.4,39048.6,24.8,0,
2017-12-22 06:28:10,0,3,4,16.0,3582.8,-39999.8,10667.1,39287.5,24.8,0,
2017-12-22 06:28:13,0,3,4,16.0,3582.3,-39999.5,10667.1,39287.5,24.8,0,
2017-12-22 06:28:17,0,3,4,16.1,3581.9,-39999.5,10733.7,39526.3,24.8,0,
2017-12-22 06:28:20,0,3,4,16.1,3581.4,-40000.3,10733.7,39526.3,24.8,0,
2017-12-22 06:28:23,0,3,4,16.2,3581.0,-40000.2,10800.4,39765.0,24.8,0,
2017-12-22 06:28:26,0,3,4,16.2,3580.5,-39999.7,10800.4,39765.0,24.9,0,
2017-12-22 06:28:29,0,3,4,16.3,3579.9,-39999.5,10867.1,40003.7,24.9,0,
2017-12-22 06:28:32,0,3,4,16.3,3579.6,-39999.5,10867.1,40003.7,24.9,0,
2017-12-22 06:28:35,0,3,4,16.4,3579.1,-39999.5,10933.7,40242.3,24.9,0,
2017-12-22 06:28:38,0,3,4,16.4,3578.6,-39999.5,10933.7,40242.3,24.9,0,
2017-12-22 06:28:42,0,3,4,16.5,3578.1,-39999.5,11000.4,40480.8,24.9,0,
2017-12-22 06:28:45,0,3,4,16.5,3577.7,-39999.3,11000.4,40480.8,24.9,0,
2017-12-22 06:28:48,0,3,4,16.6,3577.1,-39999.7,11067.1,40719.3,24.9,0,
2017-12-22 06:28:51,0,3,4,16.6,3576.6,-39999.7,11067.1,40719.3,24.9,0,
2017-12-22 06:28:54,0,3,4,16.7,3576.1,-39999.8,11133.7,40957.7,24.9,0,
2017-12-22 06:28:57,0,3,4,16.7,3575.7,-39999.8,11133.7,40957.7,24.9,0,
2017-12-22 06:29:00,0,3,4,16.8,3575.3,-39999.2,11200.4,41196.1,24.9,0,
2017-12-22 06:29:04,0,3,4,16.8,3574.7,-39999.5,11200.4,41196.1,24.9,0,
2017-12-22 06:29:07,0,3,4,16.9,3574.2,-39999.4,11267.1,41434.4,24.9,0,
2017-12-22 06:29:10,0,3,4,16.9,3573.7,-39999.7,11267.1,41434.4,24.9,0,
2017-12-22 06:29:13,0,3,4,17.0,3573.2,-39999.8,11333.7,41672.6,24.9,0,
2017-12-22 06:29:16,0,3,4,17.1,3572.8,-39999.7,11400.4,41910.8,24.9,0,
2017-12-22 06:29:20,0,3,4,17.1,3572.3,-39999.2,11400.4,41910.8,24.9,0,
2017-12-22 06:29:23,0,3,4,17.2,3571.8,-39999.0,11467.1,42148.9,24.9,0,
2017-12-22 06:29:26,0,3,4,17.2,3571.4,-39999.6,11467.1,42148.9,24.9,0,
2017-12-22 06:29:29,0,3,4,17.3,3570.9,-39999.5,11533.7,42387.0,24.9,0,
2017-12-22 06:29:32,0,3,4,17.3,3570.5,-39999.5,11533.7,42387.0,24.9,0,
2017-12-22 06:29:35,0,3,4,17.4,3569.9,-39999.7,11600.4,42625.0,24.9,0,
2017-12-22 06:29:38,0,3,4,17.4,3569.5,-39999.7,11600.4,42625.0,24.9,0,
2017-12-22 06:29:41,0,3,4,17.5,3569.1,-39999.2,11667.1,42862.9,24.8,0,
2017-12-22 06:29:44,0,3,4,17.5,3568.5,-39999.2,11667.1,42862.9,24.9,0,
2017-12-22 06:29:47,0,3,4,17.6,3568.0,-39999.5,11733.7,43100.8,24.9,0,
2017-12-22 06:29:50,0,3,4,17.6,3567.5,-39999.6,11733.7,43100.8,24.9,0,
2017-12-22 06:29:54,0,3,4,17.7,3567.1,-39999.6,11800.4,43338.6,25.0,0,
2017-12-22 06:29:57,0,3,4,17.7,3566.6,-39999.5,11800.4,43338.6,24.9,0,
2017-12-22 06:30:00,0,3,4,17.8,3566.0,-39999.7,11867.1,43576.4,24.9,0,
2017-12-22 06:30:03,0,3,4,17.8,3565.6,-39999.1,11867.1,43576.4,24.9,0,
2017-12-22 06:30:06,0,3,4,17.9,3565.1,-39999.6,11933.7,43814.1,24.9,0,
2017-12-22 06:30:09,0,3,4,17.9,3564.7,-39999.3,11933.7,43814.1,24.9,0,
2017-12-22 06:30:12,0,3,4,18.0,3564.1,-39998.8,12000.4,44051.7,24.9,0,
2017-12-22 06:30:16,0,3,4,18.0,3563.7,-39999.3,12000.4,44051.7,25.0,0,
2017-12-22 06:30:19,0,3,4,18.1,3563.3,-39999.9,12067.0,44289.3,24.9,0,
2017-12-22 06:30:22,0,3,4,18.1,3562.7,-39999.5,12067.0,44289.3,24.9,0,
2017-12-22 06:30:25,0,3,4,18.2,3562.4,-39999.0,12133.7,44526.8,25.0,0,
2017-12-22 06:30:28,0,3,4,18.2,3561.7,-39999.7,12133.7,44526.8,25.0,0,
2017-12-22 06:30:31,0,3,4,18.3,3561.4,-39999.3,12200.4,44764.2,25.0,0,
2017-12-22 06:30:34,0,3,4,18.4,3560.8,-39999.2,12267.0,45001.6,25.0,0,
2017-12-22 06:30:38,0,3,4,18.4,3560.4,-39999.0,12267.0,45001.6,25.0,0,
2017-12-22 06:30:41,0,3,4,18.5,3559.9,-39999.0,12333.7,45238.9,25.0,0,
2017-12-22 06:30:44,0,3,4,18.5,3559.3,-39998.8,12333.7,45238.9,25.0,0,
2017-12-22 06:30:47,0,3,4,18.6,3558.9,-39999.0,12400.4,45476.2,25.0,0,
2017-12-22 06:30:50,0,3,4,18.6,3558.4,-39998.3,12400.4,45476.2,25.0,0,
2017-12-22 06:30:53,0,3,4,18.7,3558.0,-39999.1,12467.0,45713.3,25.0,0,
2017-12-22 06:30:56,0,3,4,18.7,3557.5,-39998.9,12467.0,45713.3,25.0,0,
2017-12-22 06:31:00,0,3,4,18.8,3556.9,-39999.0,12533.7,45950.5,25.0,0,
2017-12-22 06:31:03,0,3,4,18.8,3556.5,-39999.0,12533.7,45950.5,25.0,0,
2017-12-22 06:31:06,0,3,4,18.9,3556.1,-39999.0,12600.4,46187.5,25.0,0,
2017-12-22 06:31:09,0,3,4,18.9,3555.5,-39998.8,12600.4,46187.5,25.0,0,
2017-12-22 06:31:12,0,3,4,19.0,3555.1,-39998.7,12667.0,46424.6,25.0,0,
2017-12-22 06:31:15,0,3,4,19.0,3554.5,-39998.5,12667.0,46424.6,25.0,0,
2017-12-22 06:31:18,0,3,4,19.1,3554.1,-39999.0,12733.7,46661.5,24.9,0,
2017-12-22 06:31:21,0,3,4,19.1,3553.5,-39998.9,12733.7,46661.5,24.9,0,
2017-12-22 06:31:25,0,3,4,19.2,3553.0,-39999.2,12800.3,46898.4,24.9,0,
2017-12-22 06:31:28,0,3,4,19.2,3552.6,-39999.0,12800.3,46898.4,24.9,0,
2017-12-22 06:31:31,0,3,4,19.3,3552.1,-39999.0,12867.0,47135.2,24.9,0,
2017-12-22 06:31:34,0,3,4,19.4,3551.7,-39999.3,12933.7,47372.0,24.9,0,
2017-12-22 06:31:37,0,3,4,19.4,3551.1,-39998.8,12933.7,47372.0,24.9,0,
2017-12-22 06:31:41,0,3,4,19.5,3550.6,-39999.2,13000.3,47608.7,24.9,0,
2017-12-22 06:31:44,0,3,4,19.5,3550.2,-39999.0,13000.3,47608.7,24.9,0,
2017-12-22 06:31:47,0,3,4,19.6,3549.7,-39999.0,13067.0,47845.3,24.9,0,
2017-12-22 06:31:50,0,3,4,19.6,3549.2,-39999.0,13067.0,47845.3,25.0,0,
2017-12-22 06:31:53,0,3,4,19.7,3548.7,-39999.0,13133.7,48081.9,25.0,0,
2017-12-22 06:31:56,0,3,4,19.7,3548.4,-39999.4,13133.7,48081.9,25.0,0,
2017-12-22 06:31:59,0,3,4,19.8,3547.7,-39999.0,13200.3,48318.4,25.0,0,
2017-12-22 06:32:03,0,3,4,19.8,3547.3,-39999.0,13200.3,48318.4,25.0,0,
2017-12-22 06:32:06,0,3,4,19.9,3546.8,-39998.8,13267.0,48554.9,25.0,0,
2017-12-22 06:32:09,0,3,4,19.9,3546.4,-39999.1,13267.0,48554.9,25.0,0,
2017-12-22 06:32:12,0,3,4,20.0,3545.9,-39999.3,13333.7,48791.3,25.0,0,
2017-12-22 06:32:15,0,3,4,20.0,3545.3,-39999.2,13333.7,48791.3,25.0,0,
2017-12-22 06:32:18,0,3,4,20.1,3544.9,-39999.0,13400.3,49027.6,25.0,0,
2017-12-22 06:32:21,0,3,4,20.1,3544.4,-39999.5,13400.3,49027.6,25.0,0,
2017-12-22 06:32:24,0,3,4,20.2,3543.8,-39998.9,13467.0,49263.9,25.0,0,
2017-12-22 06:32:28,0,3,4,20.2,3543.4,-39999.0,13467.0,49263.9,25.0,0,
2017-12-22 06:32:31,0,3,4,20.3,3543.0,-39999.0,13533.6,49500.1,25.0,0,
2017-12-22 06:32:34,0,3,4,20.3,3542.4,-39999.2,13533.6,49500.1,25.0,0,
2017-12-22 06:32:37,0,3,4,20.4,3542.0,-39998.9,13600.3,49736.2,25.0,0,
2017-12-22 06:32:40,0,3,4,20.4,3541.5,-39998.4,13600.3,49736.2,25.0,0,
2017-12-22 06:32:43,0,3,4,20.5,3541.0,-39998.8,13667.0,49972.3,25.0,0,
2017-12-22 06:32:46,0,3,4,20.6,3540.6,-39998.7,13733.6,50208.3,25.0,0,
2017-12-22 06:32:50,0,3,4,20.6,3540.0,-39998.7,13733.6,50208.3,25.0,0,
2017-12-22 06:32:53,0,3,4,20.7,3539.5,-39998.2,13800.3,50444.3,25.0,0,
2017-12-22 06:32:56,0,3,4,20.7,3539.1,-39998.7,13800.3,50444.3,25.0,0,
2017-12-22 06:32:59,0,3,4,20.8,3538.6,-39999.0,13867.0,50680.2,25.0,0,
2017-12-22 06:33:02,0,3,4,20.8,3538.0,-39998.3,13867.0,50680.2,25.0,0,
2017-12-22 06:33:05,0,3,4,20.9,3537.6,-39998.7,13933.6,50916.0,25.0,0,
2017-12-22 06:33:08,0,3,4,20.9,3537.0,-39999.0,13933.6,50916.0,25.0,0,
2017-12-22 06:33:11,0,3,4,21.0,3536.5,-39998.7,14000.3,51151.8,25.0,0,
2017-12-22 06:33:15,0,3,4,21.0,3536.1,-39998.7,14000.3,51151.8,25.0,0,
2017-12-22 06:33:18,0,3,4,21.1,3535.6,-39998.3,14066.9,51387.5,25.0,0,
2017-12-22 06:33:21,0,3,4,21.1,3535.1,-39998.2,14066.9,51387.5,24.9,0,
2017-12-22 06:33:24,0,3,4,21.2,3534.6,-39998.5,14133.6,51623.1,24.9,0,
2017-12-22 06:33:27,0,3,4,21.2,3534.1,-39998.6,14133.6,51623.1,24.9,0,
2017-12-22 06:33:30,0,3,4,21.3,3533.7,-39998.0,14200.3,51858.7,24.9,0,
2017-12-22 06:33:34,0,3,4,21.3,3533.1,-39998.5,14200.3,51858.7,24.9,0,
2017-12-22 06:33:37,0,3,4,21.4,3532.6,-39998.7,14266.9,52094.2,24.9,0,
2017-12-22 06:33:40,0,3,4,21.4,3532.1,-39998.3,14266.9,52094.2,24.9,0,
2017-12-22 06:33:43,0,3,4,21.5,3531.7,-39998.5,14333.6,52329.7,25.0,0,
2017-12-22 06:33:46,0,3,4,21.5,3531.1,-39998.7,14333.6,52329.7,24.9,0,
2017-12-22 06:33:49,0,3,4,21.6,3530.6,-39998.7,14400.2,52565.1,24.9,0,
2017-12-22 06:33:52,0,3,4,21.7,3530.1,-39999.1,14466.9,52800.4,25.0,0,
2017-12-22 06:33:55,0,3,4,21.7,3529.7,-39998.8,14466.9,52800.4,25.0,0,
2017-12-22 06:33:59,0,3,4,21.8,3529.1,-39998.3,14533.6,53035.7,25.0,0,
2017-12-22 06:34:02,0,3,4,21.8,3528.6,-39998.7,14533.6,53035.7,25.0,0,
2017-12-22 06:34:05,0,3,4,21.9,3528.0,-39999.2,14600.2,53270.9,25.0,0,
2017-12-22 06:34:08,0,3,4,21.9,3527.6,-39998.6,14600.2,53270.9,25.0,0,
2017-12-22 06:34:11,0,3,4,22.0,3527.1,-39998.8,14666.9,53506.0,25.0,0,
2017-12-22 06:34:14,0,3,4,22.0,3526.6,-39998.6,14666.9,53506.0,25.0,0,
2017-12-22 06:34:17,0,3,4,22.1,3525.9,-39999.2,14733.6,53741.1,25.0,0,
2017-12-22 06:34:21,0,3,4,22.1,3525.4,-39998.2,14733.6,53741.1,25.0,0,
2017-12-22 06:34:24,0,3,4,22.2,3524.9,-39998.7,14800.2,53976.1,25.0,0,
2017-12-22 06:34:27,0,3,4,22.2,3524.5,-39998.2,14800.2,53976.1,25.0,0,
2017-12-22 06:34:30,0,3,4,22.3,3523.9,-39998.5,14866.9,54211.0,25.0,0,
2017-12-22 06:34:33,0,3,4,22.3,3523.4,-39998.0,14866.9,54211.0,25.0,0,
2017-12-22 06:34:36,0,3,4,22.4,3522.9,-39998.0,14933.5,54445.8,25.0,0,
2017-12-22 06:34:39,0,3,4,22.4,3522.5,-39998.3,14933.5,54445.8,25.0,0,
2017-12-22 06:34:43,0,3,4,22.5,3521.9,-39997.7,15000.2,54680.6,25.0,0,
2017-12-22 06:34:46,0,3,4,22.5,3521.4,-39997.7,15000.2,54680.6,25.0,0,
2017-12-22 06:34:49,0,3,4,22.6,3520.8,-39998.7,15066.9,54915.4,25.0,0,
2017-12-22 06:34:52,0,3,4,22.6,3520.4,-39998.0,15066.9,54915.4,25.0,0,
2017-12-22 06:34:55,0,3,4,22.7,3519.8,-39998.0,15133.5,55150.0,25.0,0,
2017-12-22 06:34:58,0,3,4,22.8,3519.3,-39997.7,15200.2,55384.6,25.0,0,
2017-12-22 06:35:01,0,3,4,22.8,3518.7,-39998.7,15200.2,55384.6,25.0,0,
2017-12-22 06:35:04,0,3,4,22.9,3518.4,-39998.2,15266.8,55619.2,25.0,0,
2017-12-22 06:35:08,0,3,4,22.9,3517.9,-39998.0,15266.8,55619.2,25.0,0,
2017-12-22 06:35:11,0,3,4,23.0,3517.3,-39997.7,15333.5,55853.6,25.0,0,
2017-12-22 06:35:14,0,3,4,23.0,3516.8,-39998.2,15333.5,55853.6,25.0,0,
2017-12-22 06:35:17,0,3,4,23.1,3516.2,-39998.6,15400.2,56088.0,25.0,0,
2017-12-22 06:35:20,0,3,4,23.1,3515.8,-39998.3,15400.2,56088.0,25.0,0,
2017-12-22 06:35:23,0,3,4,23.2,3515.2,-39998.4,15466.8,56322.4,25.0,0,
2017-12-22 06:35:26,0,3,4,23.2,3514.6,-39998.2,15466.8,56322.4,25.0,0,
2017-12-22 06:35:30,0,3,4,23.3,3514.1,-39997.8,15533.5,56556.6,25.0,0,
2017-12-22 06:35:33,0,3,4,23.3,3513.7,-39998.2,15533.5,56556.6,25.0,0,
2017-12-22 06:35:36,0,3,4,23.4,3513.1,-39998.2,15600.1,56790.8,25.0,0,
2017-12-22 06:35:39,0,3,4,23.4,3512.6,-39998.1,15600.1,56790.8,25.0,0,
2017-12-22 06:35:42,0,3,4,23.5,3512.1,-39998.1,15666.8,57025.0,25.0,0,
2017-12-22 06:35:45,0,3,4,23.5,3511.5,-39998.0,15666.8,57025.0,25.0,0,
2017-12-22 06:35:48,0,3,4,23.6,3511.1,-39998.2,15733.5,57259.1,25.0,0,
2017-12-22 06:35:52,0,3,4,23.6,3510.5,-39997.7,15733.5,57259.1,25.0,0,
2017-12-22 06:35:55,0,3,4,23.7,3510.0,-39998.6,15800.1,57493.1,25.0,0,
2017-12-22 06:35:58,0,3,4,23.7,3509.5,-39998.0,15800.1,57493.1,25.0,0,
2017-12-22 06:36:01,0,3,4,23.8,3509.0,-39998.2,15866.8,57727.0,25.0,0,
2017-12-22 06:36:04,0,3,4,23.9,3508.3,-39998.5,15933.4,57960.9,25.0,0,
2017-12-22 06:36:07,0,3,4,23.9,3507.8,-39998.1,15933.4,57960.9,25.0,0,
2017-12-22 06:36:10,0,3,4,24.0,3507.4,-39997.8,16000.1,58194.7,25.0,0,
2017-12-22 06:36:14,0,3,4,24.0,3506.7,-39998.5,16000.1,58194.7,25.0,0,
2017-12-22 06:36:17,0,3,4,24.1,3506.2,-39998.7,16066.8,58428.4,25.0,0,
2017-12-22 06:36:20,0,3,4,24.1,3505.8,-39998.2,16066.8,58428.4,25.1,0,
2017-12-22 06:36:23,0,3,4,24.2,3505.3,-39998.2,16133.4,58662.1,25.1,0,
2017-12-22 06:36:26,0,3,4,24.2,3504.7,-39997.9,16133.4,58662.1,25.1,0,
2017-12-22 06:36:29,0,3,4,24.3,3504.1,-39998.0,16200.1,58895.7,25.1,0,
2017-12-22 06:36:32,0,3,4,24.3,3503.6,-39998.0,16200.1,58895.7,25.1,0,
2017-12-22 06:36:36,0,3,4,24.4,3503.1,-39998.2,16266.8,59129.2,25.1,0,
2017-12-22 06:36:39,0,3,4,24.4,3502.5,-39997.9,16266.8,59129.2,25.1,0,
2017-12-22 06:36:42,0,3,4,24.5,3501.9,-40002.1,16333.4,59362.7,25.1,0,
2017-12-22 06:36:45,0,3,4,24.5,3501.4,-40001.6,16333.4,59362.7,25.0,0,
2017-12-22 06:36:48,0,3,4,24.6,3500.8,-40001.8,16400.1,59596.1,25.1,0,
2017-12-22 06:36:51,0,3,4,24.6,3500.4,-40001.7,16400.1,59596.1,25.0,0,
2017-12-22 06:36:54,0,3,4,24.7,3499.9,-40001.7,16466.8,59829.5,25.0,0,
2017-12-22 06:36:57,0,3,4,24.7,3499.2,-40001.5,16466.8,59829.5,25.0,0,
2017-12-22 06:37:01,0,3,4,24.8,3498.8,-40001.5,16533.4,60062.8,25.0,0,
2017-12-22 06:37:04,0,3,4,24.8,3498.2,-40001.6,16533.4,60062.8,25.0,0,
2017-12-22 06:37:07,0,3,4,24.9,3497.7,-40001.7,16600.1,60296.0,25.0,0,
2017-12-22 06:37:10,0,3,4,24.9,3497.1,-40001.5,16600.1,60296.0,25.0,0,
2017-12-22 06:37:13,0,3,4,25.0,3496.5,-40002.2,16666.8,60529.2,25.0,0,
2017-12-22 06:37:16,0,3,4,25.1,3496.0,-40001.0,16733.5,60762.3,25.1,0,
2017-12-22 06:37:19,0,3,4,25.1,3495.4,-40001.5,16733.5,60762.3,25.1,0,
2017-12-22 06:37:23,0,3,4,25.2,3494.8,-40001.8,16800.1,60995.3,25.0,0,
2017-12-22 06:37:26,0,3,4,25.2,3494.2,-40002.0,16800.1,60995.3,25.0,0,
2017-12-22 06:37:29,0,3,4,25.3,3493.8,-40001.2,16866.8,61228.2,25.1,0,
2017-12-22 06:37:32,0,3,4,25.3,3493.2,-40001.8,16866.8,61228.2,25.0,0,
2017-12-22 06:37:35,0,3,4,25.4,3492.6,-40002.0,16933.5,61461.1,25.1,0,
2017-12-22 06:37:38,0,3,4,25.4,3492.0,-40001.6,16933.5,61461.1,25.0,0,
2017-12-22 06:37:41,0,3,4,25.5,3491.6,-40001.0,17000.1,61693.9,25.0,0,
2017-12-22 06:37:44,0,3,4,25.5,3491.0,-40000.8,17000.1,61693.9,25.0,0,
2017-12-22 06:37:48,0,3,4,25.6,3490.5,-40001.5,17066.8,61926.6,25.0,0,
2017-12-22 06:37:51,0,3,4,25.6,3489.7,-40001.0,17066.8,61926.6,25.0,0,
2017-12-22 06:37:54,0,3,4,25.7,3489.2,-40000.5,17133.5,62159.2,25.0,0,
2017-12-22 06:37:57,0,3,4,25.7,3488.6,-40000.8,17133.5,62159.2,25.0,0,
2017-12-22 06:38:00,0,3,4,25.8,3488.0,-40001.4,17200.2,62391.8,25.0,0,
2017-12-22 06:38:03,0,3,4,25.8,3487.4,-40000.4,17200.2,62391.8,25.0,0,
2017-12-22 06:38:06,0,3,4,25.9,3487.0,-40001.0,17266.8,62624.3,25.0,0,
2017-12-22 06:38:10,0,3,4,25.9,3486.4,-40000.9,17266.8,62624.3,25.0,0,
2017-12-22 06:38:13,0,3,4,26.0,3485.7,-40001.6,17333.5,62856.7,25.0,0,
2017-12-22 06:38:16,0,3,4,26.0,3485.1,-40001.3,17333.5,62856.7,25.0,0,
2017-12-22 06:38:19,0,3,4,26.1,3484.5,-40001.2,17400.2,63089.1,25.0,0,
2017-12-22 06:38:22,0,3,4,26.2,3483.8,-40000.9,17466.8,63321.4,25.0,0,
2017-12-22 06:38:25,0,3,4,26.2,3483.3,-40001.2,17466.8,63321.4,25.0,0,
2017-12-22 06:38:29,0,3,4,26.3,3482.8,-40001.0,17533.5,63553.5,25.0,0,
2017-12-22 06:38:32,0,3,4,26.3,3482.2,-40000.8,17533.5,63553.5,25.0,0,
2017-12-22 06:38:35,0,3,4,26.4,3481.4,-40001.2,17600.2,63785.7,25.0,0,
2017-12-22 06:38:38,0,3,4,26.4,3480.9,-40001.9,17600.2,63785.7,25.0,0,
2017-12-22 06:38:41,0,3,4,26.5,3480.2,-40001.2,17666.8,64017.7,25.0,0,
2017-12-22 06:38:44,0,3,4,26.5,3479.7,-40001.1,17666.8,64017.7,25.0,0,
2017-12-22 06:38:47,0,3,4,26.6,3479.0,-40000.8,17733.5,64249.6,25.0,0,
2017-12-22 06:38:50,0,3,4,26.6,3478.4,-40001.1,17733.5,64249.6,25.0,0,
2017-12-22 06:38:54,0,3,4,26.7,3477.7,-40001.2,17800.2,64481.5,25.0,0,
2017-12-22 06:38:57,0,3,4,26.7,3477.2,-40001.0,17800.2,64481.5,25.0,0,
2017-12-22 06:39:00,0,3,4,26.8,3476.5,-40001.0,17866.9,64713.3,25.0,0,
2017-12-22 06:39:03,0,3,4,26.8,3475.9,-40000.5,17866.9,64713.3,25.0,0,
2017-12-22 06:39:06,0,3,4,26.9,3475.3,-40000.5,17933.5,64945.0,25.0,0,
2017-12-22 06:39:09,0,3,4,26.9,3474.6,-40000.6,17933.5,64945.0,25.0,0,
2017-12-22 06:39:12,0,3,4,27.0,3474.0,-40000.8,18000.2,65176.7,25.0,0,
2017-12-22 06:39:16,0,3,4,27.0,3473.3,-40001.5,18000.2,65176.7,25.0,0,
2017-12-22 06:39:19,0,3,4,27.1,3472.8,-40000.8,18066.9,65408.2,25.0,0,
2017-12-22 06:39:22,0,3,4,27.1,3472.0,-40000.0,18066.9,65408.2,25.0,0,
2017-12-22 06:39:25,0,3,4,27.2,3471.4,-40001.2,18133.5,65639.7,25.0,0,
2017-12-22 06:39:28,0,3,4,27.3,3470.6,-40001.0,18200.2,65871.1,25.0,0,
2017-12-22 06:39:31,0,3,4,27.3,3470.0,-40000.8,18200.2,65871.1,25.0,0,
2017-12-22 06:39:35,0,3,4,27.4,3469.3,-40001.1,18266.9,66102.4,25.0,0,
2017-12-22 06:39:38,0,3,4,27.4,3468.7,-40001.0,18266.9,66102.4,25.0,0,
2017-12-22 06:39:41,0,3,4,27.5,3467.9,-40000.6,18333.5,66333.6,25.0,0,
2017-12-22 06:39:44,0,3,4,27.5,3467.2,-40000.5,18333.5,66333.6,25.0,0,
2017-12-22 06:39:47,0,3,4,27.6,3466.6,-40000.8,18400.2,66564.7,25.0,0,
2017-12-22 06:39:50,0,3,4,27.6,3465.9,-40000.0,18400.2,66564.7,25.0,0,
2017-12-22 06:39:54,0,3,4,27.7,3465.3,-40000.4,18466.9,66795.8,25.0,0,
2017-12-22 06:39:57,0,3,4,27.7,3464.6,-40000.5,18466.9,66795.8,25.0,0,
2017-12-22 06:40:00,0,3,4,27.8,3463.9,-40000.3,18533.5,67026.7,25.0,0,
2017-12-22 06:40:03,0,3,4,27.8,3463.1,-40000.4,18533.5,67026.7,25.0,0,
2017-12-22 06:40:06,0,3,4,27.9,3462.5,-40000.1,18600.2,67257.6,25.0,0,
2017-12-22 06:40:09,0,3,4,27.9,3461.6,-40000.6,18600.2,67257.6,25.0,0,
2017-12-22 06:40:12,0,3,4,28.0,3460.9,-40000.0,18666.9,67488.3,25.0,0,
2017-12-22 06:40:16,0,3,4,28.0,3460.2,-40000.0,18666.9,67488.3,25.0,0,
2017-12-22 06:40:19,0,3,4,28.1,3459.6,-40000.0,18733.6,67719.0,25.0,0,
2017-12-22 06:40:22,0,3,4,28.1,3458.9,-40000.2,18733.6,67719.0,25.0,0,
2017-12-22 06:40:25,0,3,4,28.2,3458.1,-40000.3,18800.2,67949.6,25.0,0,
2017-12-22 06:40:28,0,3,4,28.2,3457.5,-39999.9,18800.2,67949.6,25.0,0,
2017-12-22 06:40:31,0,3,4,28.3,3456.6,-39999.8,18866.9,68180.1,25.0,0,
2017-12-22 06:40:34,0,3,4,28.4,3456.0,-40000.0,18933.6,68410.5,25.0,0,
2017-12-22 06:40:37,0,3,4,28.4,3455.1,-40000.1,18933.6,68410.5,25.1,0,
2017-12-22 06:40:40,0,3,4,28.5,3454.5,-40000.1,19000.2,68640.8,25.0,0,
2017-12-22 06:40:44,0,3,4,28.5,3453.6,-39999.7,19000.2,68640.8,25.1,0,
2017-12-22 06:40:47,0,3,4,28.6,3453.0,-39999.6,19066.9,68871.0,25.0,0,
2017-12-22 06:40:50,0,3,4,28.6,3452.0,-39999.8,19066.9,68871.0,25.0,0,
2017-12-22 06:40:53,0,3,4,28.7,3451.3,-39999.7,19133.6,69101.1,25.0,0,
2017-12-22 06:40:56,0,3,4,28.7,3450.5,-39999.5,19133.6,69101.1,25.0,0,
2017-12-22 06:40:59,0,3,4,28.8,3449.8,-39999.4,19200.2,69331.1,25.1,0,
2017-12-22 06:41:03,0,3,4,28.8,3449.1,-39999.5,19200.2,69331.1,25.1,0,
2017-12-22 06:41:06,0,3,4,28.9,3448.3,-39999.8,19266.9,69561.0,25.0,0,
2017-12-22 06:41:09,0,3,4,28.9,3447.5,-39999.6,19266.9,69561.0,25.1,0,
2017-12-22 06:41:12,0,3,4,29.0,3446.7,-39999.7,19333.5,69790.8,25.1,0,
2017-12-22 06:41:15,0,3,4,29.0,3445.9,-40000.0,19333.5,69790.8,25.1,0,
2017-12-22 06:41:18,0,3,4,29.1,3445.1,-39999.5,19400.2,70020.5,25.1,0,
2017-12-22 06:41:21,0,3,4,29.1,3444.3,-39999.5,19400.2,70020.5,25.1,0,
2017-12-22 06:41:25,0,3,4,29.2,3443.6,-39999.6,19466.9,70250.1,25.1,0,
2017-12-22 06:41:28,0,3,4,29.2,3442.8,-39999.5,19466.9,70250.1,25.1,0,
2017-12-22 06:41:31,0,3,4,29.3,3441.9,-39999.8,19533.5,70479.6,25.1,0,
2017-12-22 06:41:34,0,3,4,29.3,3441.2,-39999.2,19533.5,70479.6,25.1,0,
2017-12-22 06:41:37,0,3,4,29.4,3440.4,-39999.2,19600.2,70709.0,25.1,0,
2017-12-22 06:41:40,0,3,4,29.5,3439.5,-39999.2,19666.9,70938.3,25.1,0,
2017-12-22 06:41:43,0,3,4,29.5,3438.7,-39999.7,19666.9,70938.3,25.1,0,
2017-12-22 06:41:47,0,3,4,29.6,3437.8,-39999.8,19733.5,71167.5,25.1,0,
2017-12-22 06:41:50,0,3,4,29.6,3437.1,-39999.8,19733.5,71167.5,25.1,0,
2017-12-22 06:41:53,0,3,4,29.7,3436.1,-39999.7,19800.2,71396.6,25.0,0,
2017-12-22 06:41:56,0,3,4,29.7,3435.3,-39999.6,19800.2,71396.6,25.0,0,
2017-12-22 06:41:59,0,3,4,29.8,3434.4,-39999.8,19866.9,71625.5,25.0,0,
2017-12-22 06:42:02,0,3,4,29.8,3433.7,-39999.9,19866.9,71625.5,25.0,0,
2017-12-22 06:42:05,0,3,4,29.9,3432.8,-39999.7,19933.5,71854.4,25.1,0,
2017-12-22 06:42:09,0,3,4,29.9,3432.0,-39999.3,19933.5,71854.4,25.0,0,
2017-12-22 06:42:12,0,3,4,30.0,3431.1,-39999.2,20000.2,72083.2,25.1,0,
2017-12-22 06:42:15,0,3,4,30.0,3430.2,-39999.3,20000.2,72083.2,25.1,0,
2017-12-22 06:42:18,0,3,4,30.1,3429.3,-39999.3,20066.9,72311.8,25.1,0,
2017-12-22 06:42:21,0,3,4,30.1,3428.5,-39999.2,20066.9,72311.8,25.1,0,
2017-12-22 06:42:24,0,3,4,30.2,3427.6,-39999.3,20133.5,72540.4,25.1,0,
2017-12-22 06:42:28,0,3,4,30.2,3426.7,-39999.3,20133.5,72540.4,25.1,0,
2017-12-22 06:42:31,0,3,4,30.3,3425.8,-39999.5,20200.2,72768.8,25.1,0,
2017-12-22 06:42:34,0,3,4,30.3,3424.9,-39999.5,20200.2,72768.8,25.1,0,
2017-12-22 06:42:37,0,3,4,30.4,3424.0,-39999.4,20266.9,72997.1,25.1,0,
2017-12-22 06:42:40,0,3,4,30.4,3423.1,-39999.0,20266.9,72997.1,25.1,0,
2017-12-22 06:42:43,0,3,4,30.5,3422.1,-39999.4,20333.5,73225.3,25.1,0,
2017-12-22 06:42:46,0,3,4,30.6,3421.1,-39999.5,20400.2,73453.3,25.1,0,
2017-12-22 06:42:49,0,3,4,30.6,3420.3,-39999.5,20400.2,73453.3,25.1,0,
2017-12-22 06:42:53,0,3,4,30.7,3419.3,-39999.2,20466.8,73681.3,25.1,0,
2017-12-22 06:42:56,0,3,4,30.7,3418.3,-39999.0,20466.8,73681.3,25.1,0,
2017-12-22 06:42:59,0,3,4,30.8,3417.2,-39999.0,20533.5,73909.1,25.1,0,
2017-12-22 06:43:02,0,3,4,30.8,3416.3,-39999.2,20533.5,73909.1,25.1,0,
2017-12-22 06:43:05,0,3,4,30.9,3415.4,-39998.8,20600.2,74136.8,25.1,0,
2017-12-22 06:43:08,0,3,4,30.9,3414.3,-39998.8,20600.2,74136.8,25.1,0,
2017-12-22 06:43:11,0,3,4,31.0,3413.1,-39998.5,20666.8,74364.4,25.1,0,
2017-12-22 06:43:15,0,3,4,31.0,3412.1,-39998.7,20666.8,74364.4,25.1,0,
2017-12-22 06:43:18,0,3,4,31.1,3411.1,-39998.9,20733.5,74591.8,25.1,0,
2017-12-22 06:43:21,0,3,4,31.1,3410.0,-39998.7,20733.5,74591.8,25.1,0,
2017-12-22 06:43:24,0,3,4,31.2,3408.8,-39999.0,20800.2,74819.1,25.1,0,
2017-12-22 06:43:27,0,3,4,31.2,3407.8,-39998.8,20800.2,74819.1,25.1,0,
2017-12-22 06:43:30,0,3,4,31.3,3406.7,-39998.2,20866.8,75046.2,25.1,0,
2017-12-22 06:43:33,0,3,4,31.3,3405.6,-39998.7,20866.8,75046.2,25.1,0,
2017-12-22 06:43:37,0,3,4,31.4,3404.6,-39999.2,20933.5,75273.2,25.1,0,
2017-12-22 06:43:40,0,3,4,31.4,3403.2,-39998.9,20933.5,75273.2,25.1,0,
2017-12-22 06:43:43,0,3,4,31.5,3402.1,-39998.7,21000.1,75500.1,25.1,0,
2017-12-22 06:43:46,0,3,4,31.5,3400.9,-39998.7,21000.1,75500.1,25.1,0,
2017-12-22 06:43:49,0,3,4,31.6,3399.7,-39998.6,21066.8,75726.8,25.1,0,
2017-12-22 06:43:52,0,3,4,31.7,3398.5,-39998.5,21133.5,75953.4,25.1,0,
2017-12-22 06:43:55,0,3,4,31.7,3397.2,-39998.7,21133.5,75953.4,25.1,0,
2017-12-22 06:43:59,0,3,4,31.8,3396.0,-39998.3,21200.1,76179.7,25.2,0,
2017-12-22 06:44:02,0,3,4,31.8,3394.6,-39998.5,21200.1,76179.7,25.2,0,
2017-12-22 06:44:05,0,3,4,31.9,3393.2,-39998.7,21266.8,76406.0,25.2,0,
2017-12-22 06:44:08,0,3,4,31.9,3391.8,-39998.6,21266.8,76406.0,25.2,0,
2017-12-22 06:44:11,0,3,4,32.0,3390.5,-39998.1,21333.5,76632.0,25.2,0,
2017-12-22 06:44:14,0,3,4,32.0,3389.0,-39998.7,21333.5,76632.0,25.2,0,
2017-12-22 06:44:18,0,3,4,32.1,3387.7,-40001.0,21400.1,76857.9,25.2,0,
2017-12-22 06:44:21,0,3,4,32.1,3386.1,-40000.8,21400.1,76857.9,25.2,0,
2017-12-22 06:44:24,0,3,4,32.2,3384.6,-40000.8,21466.8,77083.6,25.2,0,
2017-12-22 06:44:27,0,3,4,32.2,3383.0,-40000.8,21466.8,77083.6,25.2,0,
2017-12-22 06:44:30,0,3,4,32.3,3381.5,-40001.0,21533.5,77309.1,25.2,0,
2017-12-22 06:44:33,0,3,4,32.3,3379.7,-40001.6,21533.5,77309.1,25.2,0,
2017-12-22 06:44:36,0,3,4,32.4,3378.1,-40001.4,21600.1,77534.4,25.3,0,
2017-12-22 06:44:39,0,3,4,32.4,3376.4,-40001.3,21600.1,77534.4,25.3,0,
2017-12-22 06:44:43,0,3,4,32.5,3374.5,-40000.5,21666.8,77759.5,25.3,0,
2017-12-22 06:44:46,0,3,4,32.5,3372.7,-40001.5,21666.8,77759.5,25.3,0,
2017-12-22 06:44:49,0,3,4,32.6,3370.8,-40001.0,21733.5,77984.3,25.3,0,
2017-12-22 06:44:52,0,3,4,32.6,3368.8,-40001.5,21733.5,77984.3,25.3,0,
2017-12-22 06:44:55,0,3,4,32.7,3366.9,-40001.0,21800.2,78208.9,25.3,0,
2017-12-22 06:44:58,0,3,4,32.8,3364.8,-40001.0,21866.8,78433.2,25.2,0,
2017-12-22 06:45:02,0,3,4,32.8,3362.6,-40000.9,21866.8,78433.2,25.2,0,
2017-12-22 06:45:05,0,3,4,32.9,3360.3,-40000.3,21933.5,78657.2,25.2,0,
2017-12-22 06:45:08,0,3,4,32.9,3358.1,-40000.2,21933.5,78657.2,25.2,0,
2017-12-22 06:45:11,0,3,4,33.0,3355.6,-40000.8,22000.2,78881.0,25.2,0,
2017-12-22 06:45:14,0,3,4,33.0,3353.2,-40000.7,22000.2,78881.0,25.2,0,
2017-12-22 06:45:17,0,3,4,33.1,3350.7,-40000.3,22066.8,79104.4,25.1,0,
2017-12-22 06:45:20,0,3,4,33.1,3348.2,-40000.4,22066.8,79104.4,25.2,0,
2017-12-22 06:45:23,0,3,4,33.2,3345.4,-40000.3,22133.5,79327.5,25.2,0,
2017-12-22 06:45:27,0,3,4,33.2,3342.6,-40000.1,22133.5,79327.5,25.2,0,
2017-12-22 06:45:30,0,3,4,33.3,3339.6,-40000.0,22200.2,79550.3,25.2,0,
2017-12-22 06:45:33,0,3,4,33.3,3336.7,-40000.2,22200.2,79550.3,25.2,0,
2017-12-22 06:45:36,0,3,4,33.4,3333.6,-40000.2,22266.8,79772.6,25.3,0,
2017-12-22 06:45:39,0,3,4,33.4,3330.4,-39999.5,22266.8,79772.6,25.3,0,
2017-12-22 06:45:42,0,3,4,33.5,3327.1,-40000.4,22333.5,79994.6,25.3,0,
2017-12-22 06:45:45,0,3,4,33.5,3323.2,-40000.6,22333.5,79994.6,25.3,0,
2017-12-22 06:45:49,0,3,4,33.6,3319.8,-40000.2,22400.2,80216.1,25.3,0,
2017-12-22 06:45:52,0,3,4,33.6,3316.1,-40000.5,22400.2,80216.1,25.3,0,
2017-12-22 06:45:55,0,3,4,33.7,3312.2,-40000.0,22466.8,80437.1,25.3,0,
2017-12-22 06:45:58,0,3,4,33.7,3308.4,-39999.7,22466.8,80437.1,25.3,0,
2017-12-22 06:46:01,0,3,4,33.8,3304.3,-39999.8,22533.5,80657.6,25.3,0,
2017-12-22 06:46:04,0,3,4,33.8,3300.0,-39999.2,22533.5,80657.6,25.3,3,下限电压到
2017-12-22 06:46:07,0,3,4,33.9,3370.3,25.6,22533.5,80657.7,25.3,3,下限电压到
2017-12-22 06:46:10,0,3,4,34.0,3377.6,24.0,22533.6,80657.9,25.3,3,下限电压到
2017-12-22 06:46:14,0,3,4,34.0,3383.0,24.1,22533.6,80657.9,25.3,3,下限电压到
2017-12-22 06:46:17,0,3,4,34.1,3387.2,26.1,22533.6,80658.0,25.3,3,下限电压到
2017-12-22 06:46:20,0,3,4,34.1,3390.1,25.5,22533.6,80658.0,25.3,3,下限电压到
2017-12-22 06:46:23,0,3,4,34.2,3393.0,25.8,22533.7,80658.2,25.3,3,下限电压到
2017-12-22 06:46:26,0,3,4,34.2,3395.2,26.2,22533.7,80658.2,25.3,3,下限电压到
2017-12-22 06:46:29,0,3,4,34.3,3397.2,24.5,22533.7,80658.3,25.3,3,下限电压到
2017-12-22 06:46:32,0,3,4,34.3,3399.0,26.1,22533.7,80658.3,25.3,3,下限电压到
2017-12-22 06:46:35,0,3,4,34.4,3400.6,26.2,22533.7,80658.5,25.3,3,下限电压到
2017-12-22 06:46:38,0,3,4,34.4,3401.9,24.5,22533.7,80658.5,25.3,3,下限电压到
2017-12-22 06:46:42,0,3,4,34.5,3403.2,24.1,22533.8,80658.6,25.3,3,下限电压到
2017-12-22 06:46:45,0,3,4,34.5,3404.3,24.2,22533.8,80658.6,25.3,3,下限电压到
2017-12-22 06:46:50,0,4,6,0.0,3405.5,0,0.0,0.0,25.3,0,
