2017-12-22 05:33:19,0,0,3,0.0,3433.1,0,0.0,0.0,24.8,0,
2017-12-22 05:33:47,0,0,3,0.4,3434.2,22.0,0.0,0.0,24.6,0,
2017-12-22 05:33:50,0,0,3,0.4,3434.3,22.7,0.0,0.0,24.6,0,
2017-12-22 05:33:53,0,0,3,0.5,3434.4,24.1,0.0,0.0,24.6,0,
2017-12-22 05:33:56,0,0,3,0.5,3434.6,22.6,0.0,0.0,24.7,0,
2017-12-22 05:33:59,0,0,3,0.6,3434.6,22.1,0.0,0.0,24.7,0,
2017-12-22 05:34:02,0,0,3,0.6,3434.7,24.3,0.0,0.0,24.7,0,
2017-12-22 05:34:05,0,0,3,0.7,3434.9,22.2,0.0,0.0,24.7,0,
2017-12-22 05:34:08,0,0,3,0.7,3434.8,22.2,0.0,0.0,24.7,0,
2017-12-22 05:34:12,0,0,3,0.8,3435.1,24.0,0.0,0.0,24.7,0,
2017-12-22 05:34:15,0,0,3,0.8,3435.0,21.9,0.0,0.0,24.7,0,
2017-12-22 05:34:18,0,0,3,0.9,3435.2,24.6,0.0,0.0,24.7,0,
2017-12-22 05:34:21,0,0,3,0.9,3435.3,22.0,0.0,0.0,24.7,0,
2017-12-22 05:34:24,0,0,3,1.0,3435.4,24.2,0.0,0.0,24.7,0,
2017-12-22 05:34:25,0,0,3,1.0,3435.3,24.5,0.0,0.0,24.7,1,时间到
2017-12-22 05:34:29,0,1,2,0.0,3435.6,0,0.0,0.0,24.7,0,
2017-12-22 05:34:51,0,1,2,0.4,3513.2,40000.3,266.7,933.1,24.8,0,
2017-12-22 05:34:54,0,1,2,0.4,3517.3,40000.3,266.7,933.1,24.8,0,
2017-12-22 05:34:58,0,1,2,0.5,3521.0,40001.0,333.3,1167.8,24.8,0,
2017-12-22 05:35:01,0,1,2,0.5,3524.7,40001.0,333.3,1167.8,24.8,0,
2017-12-22 05:35:04,0,1,2,0.6,3527.9,40001.2,400.0,1402.9,24.8,0,
2017-12-22 05:35:07,0,1,2,0.6,3531.1,40001.6,400.0,1402.9,24.8,0,
2017-12-22 05:35:11,0,1,2,0.7,3533.9,40001.5,466.7,1638.5,24.8,0,
2017-12-22 05:35:14,0,1,2,0.7,3536.4,40001.7,466.7,1638.5,24.8,0,
2017-12-22 05:35:17,0,1,2,0.8,3538.7,40001.8,533.4,1874.3,24.8,0,
2017-12-22 05:35:20,0,1,2,0.8,3540.8,40002.0,533.4,1874.3,24.8,0,
2017-12-22 05:35:23,0,1,2,0.9,3543.0,40002.1,600.0,2110.5,24.8,0,
2017-12-22 05:35:27,0,1,2,0.9,3544.9,40002.3,600.0,2110.5,24.8,0,
2017-12-22 05:35:30,0,1,2,1.0,3546.6,40002.4,666.7,2346.8,24.8,0,
2017-12-22 05:35:33,0,1,2,1.0,3548.1,40002.4,666.7,2346.8,24.8,0,
2017-12-22 05:35:36,0,1,2,1.1,3549.6,40002.3,733.4,2583.4,24.9,0,
2017-12-22 05:35:39,0,1,2,1.1,3550.9,40002.2,733.4,2583.4,24.9,0,
2017-12-22 05:35:42,0,1,2,1.2,3552.0,40002.6,800.1,2820.2,24.9,0,
2017-12-22 05:35:45,0,1,2,1.2,3553.2,40002.5,800.1,2820.2,25.0,0,
2017-12-22 05:35:48,0,1,2,1.3,3554.5,40002.3,866.7,3057.1,25.0,0,
2017-12-22 05:35:51,0,1,2,1.4,3555.7,40002.7,933.4,3294.2,25.0,0,
2017-12-22 05:35:54,0,1,2,1.4,3556.7,39999.7,933.4,3294.2,24.9,0,
2017-12-22 05:35:58,0,1,2,1.5,3557.7,39999.9,1000.1,3531.4,24.9,0,
2017-12-22 05:36:01,0,1,2,1.5,3558.8,39999.5,1000.1,3531.4,24.9,0,
2017-12-22 05:36:04,0,1,2,1.6,3559.7,39999.7,1066.7,3768.7,24.9,0,
2017-12-22 05:36:07,0,1,2,1.6,3560.7,40000.1,1066.7,3768.7,24.9,0,
2017-12-22 05:36:10,0,1,2,1.7,3561.5,39999.7,1133.4,4006.1,24.9,0,
2017-12-22 05:36:13,0,1,2,1.7,3562.4,40000.2,1133.4,4006.1,24.9,0,
2017-12-22 05:36:17,0,1,2,1.8,3563.3,39999.4,1200.1,4243.6,24.9,0,
2017-12-22 05:36:20,0,1,2,1.8,3564.2,40000.1,1200.1,4243.6,24.9,0,
2017-12-22 05:36:23,0,1,2,1.9,3565.0,39999.9,1266.7,4481.3,24.9,0,
2017-12-22 05:36:26,0,1,2,1.9,3565.8,40000.0,1266.7,4481.3,25.0,0,
2017-12-22 05:36:29,0,1,2,2.0,3566.7,39999.8,1333.4,4719.0,24.9,0,
2017-12-22 05:36:32,0,1,2,2.0,3567.6,40000.2,1333.4,4719.0,24.9,0,
2017-12-22 05:36:35,0,1,2,2.1,3568.3,40000.1,1400.1,4956.9,24.9,0,
2017-12-22 05:36:39,0,1,2,2.1,3569.2,39999.7,1400.1,4956.9,24.9,0,
2017-12-22 05:36:42,0,1,2,2.2,3570.0,39999.7,1466.7,5194.8,24.9,0,
2017-12-22 05:36:45,0,1,2,2.2,3571.0,40000.3,1466.7,5194.8,24.9,0,
2017-12-22 05:36:48,0,1,2,2.3,3571.7,40000.3,1533.4,5432.9,24.9,0,
2017-12-22 05:36:52,0,1,2,2.4,3572.7,40000.0,1600.1,5671.1,24.9,0,
2017-12-22 05:36:55,0,1,2,2.4,3573.4,40000.4,1600.1,5671.1,24.9,0,
2017-12-22 05:36:58,0,1,2,2.5,3574.2,40000.1,1666.7,5909.4,24.9,0,
2017-12-22 05:37:01,0,1,2,2.5,3575.1,40000.3,1666.7,5909.4,24.9,0,
2017-12-22 05:37:04,0,1,2,2.6,3575.8,40000.2,1733.4,6147.7,24.8,0,
2017-12-22 05:37:07,0,1,2,2.6,3576.6,40000.4,1733.4,6147.7,24.8,0,
2017-12-22 05:37:10,0,1,2,2.7,3577.2,40000.0,1800.1,6386.2,24.8,0,
2017-12-22 05:37:13,0,1,2,2.7,3578.1,40000.2,1800.1,6386.2,24.8,0,
2017-12-22 05:37:17,0,1,2,2.8,3579.0,40000.2,1866.8,6624.8,24.8,0,
2017-12-22 05:37:20,0,1,2,2.8,3579.6,40000.5,1866.8,6624.8,24.8,0,
2017-12-22 05:37:23,0,1,2,2.9,3580.5,40000.8,1933.4,6863.5,24.8,0,
2017-12-22 05:37:26,0,1,2,2.9,3581.2,40000.1,1933.4,6863.5,24.8,0,
2017-12-22 05:37:29,0,1,2,3.0,3582.1,40000.2,2000.1,7102.3,24.8,0,
2017-12-22 05:37:32,0,1,2,3.0,3582.7,40000.5,2000.1,7102.3,24.7,0,
2017-12-22 05:37:35,0,1,2,3.1,3583.7,40000.3,2066.8,7341.2,24.8,0,
2017-12-22 05:37:38,0,1,2,3.1,3584.3,40000.2,2066.8,7341.2,24.7,0,
2017-12-22 05:37:41,0,1,2,3.2,3585.3,40000.3,2133.4,7580.2,24.7,0,
2017-12-22 05:37:44,0,1,2,3.2,3586.1,40000.1,2133.4,7580.2,24.7,0,
2017-12-22 05:37:47,0,1,2,3.3,3586.8,40000.2,2200.1,7819.3,24.7,0,
2017-12-22 05:37:51,0,1,2,3.3,3587.8,40000.7,2200.1,7819.3,24.7,0,
2017-12-22 05:37:54,0,1,2,3.4,3588.6,40000.3,2266.8,8058.5,24.7,0,
2017-12-22 05:37:57,0,1,2,3.4,3589.3,40000.8,2266.8,8058.5,24.7,0,
2017-12-22 05:38:00,0,1,2,3.5,3590.0,40001.0,2333.4,8297.8,24.6,0,
2017-12-22 05:38:03,0,1,2,3.5,3590.9,40000.7,2333.4,8297.8,24.6,0,
2017-12-22 05:38:06,0,1,2,3.6,3591.7,40000.6,2400.1,8537.2,24.6,0,
2017-12-22 05:38:09,0,1,2,3.6,3592.4,40000.2,2400.1,8537.2,24.6,0,
2017-12-22 05:38:12,0,1,2,3.7,3593.4,40000.5,2466.8,8776.7,24.6,0,
2017-12-22 05:38:15,0,1,2,3.7,3594.0,40000.5,2466.8,8776.7,24.6,0,
2017-12-22 05:38:18,0,1,2,3.8,3595.0,40000.9,2533.4,9016.3,24.6,0,
2017-12-22 05:38:21,0,1,2,3.9,3595.8,40000.7,2600.1,9256.1,24.6,0,
2017-12-22 05:38:24,0,1,2,3.9,3596.6,40000.6,2600.1,9256.1,24.6,0,
2017-12-22 05:38:27,0,1,2,4.0,3597.3,40000.5,2666.8,9495.9,24.6,0,
2017-12-22 05:38:30,0,1,2,4.0,3598.2,40000.5,2666.8,9495.9,24.6,0,
2017-12-22 05:38:33,0,1,2,4.1,3599.0,40000.7,2733.4,9735.8,24.6,0,
2017-12-22 05:38:36,0,1,2,4.1,3599.8,40000.5,2733.4,9735.8,24.6,0,
2017-12-22 05:38:40,0,1,2,4.2,3600.7,40001.0,2800.1,9975.9,24.6,0,
2017-12-22 05:38:43,0,1,2,4.2,3601.5,40000.8,2800.1,9975.9,24.6,0,
2017-12-22 05:38:46,0,1,2,4.3,3602.2,40000.7,2866.8,10216.0,24.7,0,
2017-12-22 05:38:49,0,1,2,4.3,3603.1,40000.7,2866.8,10216.0,24.7,0,
2017-12-22 05:38:52,0,1,2,4.4,3603.9,40000.5,2933.4,10456.3,24.7,0,
2017-12-22 05:38:55,0,1,2,4.4,3604.6,40000.7,2933.4,10456.3,24.7,0,
2017-12-22 05:38:58,0,1,2,4.5,3605.4,40000.7,3000.1,10696.7,24.6,0,
2017-12-22 05:39:01,0,1,2,4.5,3606.3,40001.0,3000.1,10696.7,24.6,0,
2017-12-22 05:39:04,0,1,2,4.6,3607.2,40000.7,3066.8,10937.1,24.6,0,
2017-12-22 05:39:08,0,1,2,4.6,3607.9,40001.2,3066.8,10937.1,24.6,0,
2017-12-22 05:39:11,0,1,2,4.7,3608.7,40001.0,3133.5,11177.7,24.6,0,
2017-12-22 05:39:14,0,1,2,4.7,3609.6,40000.9,3133.5,11177.7,24.7,0,
2017-12-22 05:39:17,0,1,2,4.8,3610.4,40000.5,3200.1,11418.4,24.7,0,
2017-12-22 05:39:20,0,1,2,4.8,3611.3,40000.9,3200.1,11418.4,24.7,0,
2017-12-22 05:39:23,0,1,2,4.9,3612.2,40000.5,3266.8,11659.1,24.6,0,
2017-12-22 05:39:27,0,1,2,4.9,3613.0,40000.8,3266.8,11659.1,24.7,0,
2017-12-22 05:39:30,0,1,2,5.0,3613.9,40000.9,3333.5,11900.0,24.7,0,
2017-12-22 05:39:33,0,1,2,5.0,3614.6,40000.7,3333.5,11900.0,24.7,0,
2017-12-22 05:39:36,0,1,2,5.1,3615.3,40000.5,3400.1,12141.0,24.7,0,
2017-12-22 05:39:39,0,1,2,5.1,3616.3,40000.9,3400.1,12141.0,24.7,0,
2017-12-22 05:39:42,0,1,2,5.2,3617.0,40001.0,3466.8,12382.1,24.7,0,
2017-12-22 05:39:45,0,1,2,5.2,3617.7,40001.0,3466.8,12382.1,24.7,0,
2017-12-22 05:39:48,0,1,2,5.3,3618.6,40000.7,3533.5,12623.3,24.7,0,
2017-12-22 05:39:51,0,1,2,5.3,3619.4,40000.8,3533.5,12623.3,24.7,0,
2017-12-22 05:39:54,0,1,2,5.4,3620.1,40001.2,3600.1,12864.6,24.7,0,
2017-12-22 05:39:58,0,1,2,5.5,3620.8,40001.0,3666.8,13106.0,24.7,0,
2017-12-22 05:40:01,0,1,2,5.5,3621.7,40000.5,3666.8,13106.0,24.7,0,
2017-12-22 05:40:04,0,1,2,5.6,3622.5,40001.0,3733.5,13347.5,24.7,0,
2017-12-22 05:40:07,0,1,2,5.6,3623.1,40001.3,3733.5,13347.5,24.7,0,
2017-12-22 05:40:10,0,1,2,5.7,3623.9,40001.0,3800.1,13589.1,24.7,0,
2017-12-22 05:40:13,0,1,2,5.7,3624.7,40001.0,3800.1,13589.1,24.7,0,
2017-12-22 05:40:16,0,1,2,5.8,3625.4,40001.1,3866.8,13830.8,24.7,0,
2017-12-22 05:40:19,0,1,2,5.8,3626.2,40001.0,3866.8,13830.8,24.7,0,
2017-12-22 05:40:22,0,1,2,5.9,3627.0,40001.0,3933.5,14072.6,24.8,0,
2017-12-22 05:40:25,0,1,2,5.9,3627.8,40001.1,3933.5,14072.6,24.7,0,
2017-12-22 05:40:28,0,1,2,6.0,3628.3,40001.0,4000.2,14314.5,24.8,0,
2017-12-22 05:40:32,0,1,2,6.0,3629.1,40000.7,4000.2,14314.5,24.8,0,
2017-12-22 05:40:35,0,1,2,6.1,3630.0,40001.0,4066.8,14556.5,24.8,0,
2017-12-22 05:40:38,0,1,2,6.1,3630.8,40001.0,4066.8,14556.5,24.8,0,
2017-12-22 05:40:41,0,1,2,6.2,3631.6,40000.7,4133.5,14798.6,24.8,0,
2017-12-22 05:40:44,0,1,2,6.2,3632.1,40000.4,4133.5,14798.6,24.8,0,
2017-12-22 05:40:47,0,1,2,6.3,3632.9,40001.0,4200.2,15040.8,24.7,0,
2017-12-22 05:40:51,0,1,2,6.3,3633.6,40000.8,4200.2,15040.8,24.7,0,
2017-12-22 05:40:54,0,1,2,6.4,3634.3,40001.0,4266.8,15283.0,24.8,0,
2017-12-22 05:40:57,0,1,2,6.4,3635.1,40001.0,4266.8,15283.0,24.8,0,
2017-12-22 05:41:00,0,1,2,6.5,3635.9,40001.3,4333.5,15525.4,24.7,0,
2017-12-22 05:41:03,0,1,2,6.5,3636.6,40001.0,4333.5,15525.4,24.7,0,
2017-12-22 05:41:06,0,1,2,6.6,3637.1,40000.9,4400.2,15767.8,24.8,0,
2017-12-22 05:41:09,0,1,2,6.7,3637.9,40001.0,4466.8,16010.4,24.7,0,
2017-12-22 05:41:13,0,1,2,6.7,3638.5,40000.5,4466.8,16010.4,24.8,0,
2017-12-22 05:41:16,0,1,2,6.8,3639.4,40000.9,4533.5,16253.0,24.8,0,
2017-12-22 05:41:19,0,1,2,6.8,3640.0,40001.0,4533.5,16253.0,24.8,0,
2017-12-22 05:41:22,0,1,2,6.9,3640.8,40001.3,4600.2,16495.7,24.8,0,
2017-12-22 05:41:25,0,1,2,6.9,3641.5,40000.9,4600.2,16495.7,24.8,0,
2017-12-22 05:41:28,0,1,2,7.0,3642.3,40000.9,4666.9,16738.6,24.8,0,
2017-12-22 05:41:31,0,1,2,7.0,3642.8,40001.3,4666.9,16738.6,24.7,0,
2017-12-22 05:41:34,0,1,2,7.1,3643.5,40001.1,4733.5,16981.5,24.7,0,
2017-12-22 05:41:38,0,1,2,7.1,3644.3,40001.2,4733.5,16981.5,24.7,0,
2017-12-22 05:41:41,0,1,2,7.2,3645.0,40001.3,4800.2,17224.5,24.8,0,
2017-12-22 05:41:44,0,1,2,7.2,3645.6,40001.2,4800.2,17224.5,24.8,0,
2017-12-22 05:41:47,0,1,2,7.3,3646.1,40000.7,4866.9,17467.5,24.8,0,
2017-12-22 05:41:50,0,1,2,7.3,3646.8,40000.8,4866.9,17467.5,24.8,0,
2017-12-22 05:41:53,0,1,2,7.4,3647.6,40000.8,4933.5,17710.7,24.8,0,
2017-12-22 05:41:57,0,1,2,7.4,3648.2,40001.3,4933.5,17710.7,24.8,0,
2017-12-22 05:42:00,0,1,2,7.5,3648.9,40001.2,5000.2,17954.0,24.7,0,
2017-12-22 05:42:03,0,1,2,7.5,3649.7,40001.0,5000.2,17954.0,24.7,0,
2017-12-22 05:42:06,0,1,2,7.6,3650.1,40000.8,5066.9,18197.3,24.7,0,
2017-12-22 05:42:09,0,1,2,7.7,3650.9,40001.2,5133.6,18440.7,24.8,0,
2017-12-22 05:42:13,0,1,2,7.7,3651.6,40001.0,5133.6,18440.7,24.8,0,
2017-12-22 05:42:16,0,1,2,7.8,3652.1,40001.1,5200.2,18684.2,24.8,0,
2017-12-22 05:42:19,0,1,2,7.8,3652.7,40000.9,5200.2,18684.2,24.8,0,
2017-12-22 05:42:22,0,1,2,7.9,3653.5,40001.0,5266.9,18927.7,24.8,0,
2017-12-22 05:42:25,0,1,2,7.9,3654.2,40001.3,5266.9,18927.7,24.8,0,
2017-12-22 05:42:28,0,1,2,8.0,3654.6,40001.2,5333.6,19171.4,24.8,0,
2017-12-22 05:42:31,0,1,2,8.0,3655.3,40000.9,5333.6,19171.4,24.8,0,
2017-12-22 05:42:34,0,1,2,8.1,3655.9,40001.2,5400.2,19415.1,24.8,0,
2017-12-22 05:42:37,0,1,2,8.1,3656.7,40001.2,5400.2,19415.1,24.8,0,
2017-12-22 05:42:41,0,1,2,8.2,3657.3,40001.0,5466.9,19658.9,24.8,0,
2017-12-22 05:42:44,0,1,2,8.2,3657.9,40000.8,5466.9,19658.9,24.8,0,
2017-12-22 05:42:47,0,1,2,8.3,3658.4,40001.2,5533.6,19902.8,24.8,0,
2017-12-22 05:42:50,0,1,2,8.3,3659.1,40001.2,5533.6,19902.8,24.8,0,
2017-12-22 05:42:53,0,1,2,8.4,3659.6,40001.0,5600.2,20146.8,24.8,0,
2017-12-22 05:42:56,0,1,2,8.4,3660.2,40000.7,5600.2,20146.8,24.8,0,
2017-12-22 05:43:00,0,1,2,8.5,3660.9,40000.8,5666.9,20390.8,24.8,0,
2017-12-22 05:43:03,0,1,2,8.5,3661.5,40001.0,5666.9,20390.8,24.8,0,
2017-12-22 05:43:06,0,1,2,8.6,3662.1,40001.2,5733.6,20634.9,24.8,0,
2017-12-22 05:43:09,0,1,2,8.6,3662.7,40000.6,5733.6,20634.9,24.8,0,
2017-12-22 05:43:12,0,1,2,8.7,3663.4,40001.2,5800.3,20879.1,24.8,0,
2017-12-22 05:43:16,0,1,2,8.8,3664.0,40001.2,5866.9,21123.4,24.7,0,
2017-12-22 05:43:19,0,1,2,8.8,3664.4,40001.3,5866.9,21123.4,24.8,0,
2017-12-22 05:43:22,0,1,2,8.9,3665.1,40000.9,5933.6,21367.8,24.7,0,
2017-12-22 05:43:25,0,1,2,8.9,3665.8,40001.1,5933.6,21367.8,24.7,0,
2017-12-22 05:43:28,0,1,2,9.0,3666.3,40001.1,6000.3,21612.2,24.7,0,
2017-12-22 05:43:31,0,1,2,9.0,3666.8,40000.9,6000.3,21612.2,24.7,0,
2017-12-22 05:43:34,0,1,2,9.1,3667.4,40000.9,6066.9,21856.7,24.6,0,
2017-12-22 05:43:37,0,1,2,9.1,3668.0,40001.0,6066.9,21856.7,24.6,0,
2017-12-22 05:43:40,0,1,2,9.2,3668.5,40001.0,6133.6,22101.2,24.6,0,
2017-12-22 05:43:43,0,1,2,9.2,3669.0,40001.1,6133.6,22101.2,24.7,0,
2017-12-22 05:43:46,0,1,2,9.3,3669.5,40000.4,6200.3,22345.9,24.7,0,
2017-12-22 05:43:49,0,1,2,9.3,3670.1,40001.0,6200.3,22345.9,24.7,0,
2017-12-22 05:43:53,0,1,2,9.4,3670.7,40001.0,6266.9,22590.6,24.7,0,
2017-12-22 05:43:56,0,1,2,9.4,3671.2,40001.2,6266.9,22590.6,24.7,0,
2017-12-22 05:43:59,0,1,2,9.5,3671.7,40001.1,6333.6,22835.4,24.7,0,
2017-12-22 05:44:02,0,1,2,9.5,3672.2,40000.3,6333.6,22835.4,24.7,0,
2017-12-22 05:44:05,0,1,2,9.6,3672.7,40001.2,6400.3,23080.2,24.7,0,
2017-12-22 05:44:08,0,1,2,9.6,3673.3,40001.1,6400.3,23080.2,24.6,0,
2017-12-22 05:44:11,0,1,2,9.7,3673.6,40001.0,6467.0,23325.1,24.6,0,
2017-12-22 05:44:14,0,1,2,9.7,3674.2,40001.0,6467.0,23325.1,24.6,0,
2017-12-22 05:44:17,0,1,2,9.8,3674.8,40001.2,6533.6,23570.1,24.6,0,
2017-12-22 05:44:20,0,1,2,9.8,3675.3,40001.2,6533.6,23570.1,24.6,0,
2017-12-22 05:44:24,0,1,2,9.9,3675.9,40001.0,6600.3,23815.1,24.6,0,
2017-12-22 05:44:27,0,1,2,9.9,3676.3,40001.1,6600.3,23815.1,24.6,0,
2017-12-22 05:44:30,0,1,2,10.0,3676.8,40001.1,6667.0,24060.2,24.6,0,
2017-12-22 05:44:33,0,1,2,10.0,3677.3,40001.3,6667.0,24060.2,24.6,0,
2017-12-22 05:44:36,0,1,2,10.1,3677.7,40001.2,6733.6,24305.4,24.6,0,
2017-12-22 05:44:40,0,1,2,10.2,3678.3,40001.0,6800.3,24550.6,24.6,0,
2017-12-22 05:44:43,0,1,2,10.2,3678.7,40001.5,6800.3,24550.6,24.6,0,
2017-12-22 05:44:46,0,1,2,10.3,3679.4,40001.0,6867.0,24795.9,24.6,0,
2017-12-22 05:44:49,0,1,2,10.3,3679.8,40001.0,6867.0,24795.9,24.7,0,
2017-12-22 05:44:52,0,1,2,10.4,3680.2,40001.2,6933.6,25041.3,24.7,0,
2017-12-22 05:44:55,0,1,2,10.4,3680.7,40000.9,6933.6,25041.3,24.7,0,
2017-12-22 05:44:58,0,1,2,10.5,3681.1,40001.1,7000.3,25286.7,24.7,0,
2017-12-22 05:45:02,0,1,2,10.5,3681.6,40000.8,7000.3,25286.7,24.7,0,
2017-12-22 05:45:05,0,1,2,10.6,3682.0,40001.0,7067.0,25532.2,24.6,0,
2017-12-22 05:45:08,0,1,2,10.6,3682.5,40001.0,7067.0,25532.2,24.7,0,
2017-12-22 05:45:11,0,1,2,10.7,3683.1,40000.7,7133.7,25777.7,24.7,0,
2017-12-22 05:45:15,0,1,2,10.7,3683.5,40000.8,7133.7,25777.7,24.7,0,
2017-12-22 05:45:18,0,1,2,10.8,3683.9,40001.3,7200.3,26023.3,24.6,0,
2017-12-22 05:45:21,0,1,2,10.8,3684.5,40001.2,7200.3,26023.3,24.6,0,
2017-12-22 05:45:24,0,1,2,10.9,3684.8,40001.2,7267.0,26268.9,24.6,0,
2017-12-22 05:45:27,0,1,2,10.9,3685.1,40001.0,7267.0,26268.9,24.6,0,
2017-12-22 05:45:30,0,1,2,11.0,3685.5,40001.4,7333.7,26514.6,24.6,0,
2017-12-22 05:45:33,0,1,2,11.0,3685.9,40000.7,7333.7,26514.6,24.6,0,
2017-12-22 05:45:36,0,1,2,11.1,3686.3,40001.3,7400.3,26760.4,24.6,0,
2017-12-22 05:45:39,0,1,2,11.1,3686.8,40001.1,7400.3,26760.4,24.6,0,
2017-12-22 05:45:42,0,1,2,11.2,3687.3,40001.2,7467.0,27006.2,24.6,0,
2017-12-22 05:45:45,0,1,2,11.3,3687.7,40001.6,7533.7,27252.1,24.6,0,
2017-12-22 05:45:49,0,1,2,11.3,3688.1,40001.3,7533.7,27252.1,24.6,0,
2017-12-22 05:45:52,0,1,2,11.4,3688.5,40001.5,7600.4,27498.0,24.7,0,
2017-12-22 05:45:55,0,1,2,11.4,3688.9,40001.3,7600.4,27498.0,24.7,0,
2017-12-22 05:45:58,0,1,2,11.5,3689.3,40001.3,7667.0,27743.9,24.7,0,
2017-12-22 05:46:01,0,1,2,11.5,3689.6,40001.0,7667.0,27743.9,24.7,0,
2017-12-22 05:46:04,0,1,2,11.6,3690.1,40001.3,7733.7,27990.0,24.7,0,
2017-12-22 05:46:07,0,1,2,11.6,3690.4,40001.7,7733.7,27990.0,24.6,0,
2017-12-22 05:46:10,0,1,2,11.7,3690.6,40001.2,7800.4,28236.0,24.7,0,
2017-12-22 05:46:13,0,1,2,11.7,3691.1,40001.3,7800.4,28236.0,24.6,0,
2017-12-22 05:46:16,0,1,2,11.8,3691.4,40000.5,7867.0,28482.1,24.6,0,
2017-12-22 05:46:19,0,1,2,11.8,3691.9,40000.7,7867.0,28482.1,24.7,0,
2017-12-22 05:46:22,0,1,2,11.9,3692.2,40001.2,7933.7,28728.3,24.6,0,
2017-12-22 05:46:25,0,1,2,11.9,3692.7,40001.3,7933.7,28728.3,24.6,0,
2017-12-22 05:46:28,0,1,2,12.0,3693.1,40001.3,8000.4,28974.5,24.6,0,
2017-12-22 05:46:32,0,1,2,12.0,3693.5,40001.2,8000.4,28974.5,24.6,0,
2017-12-22 05:46:35,0,1,2,12.1,3693.8,40001.2,8067.0,29220.7,24.6,0,
2017-12-22 05:46:38,0,1,2,12.1,3694.1,40001.2,8067.0,29220.7,24.6,0,
2017-12-22 05:46:41,0,1,2,12.2,3694.5,40001.5,8133.7,29467.0,24.6,0,
2017-12-22 05:46:44,0,1,2,12.2,3694.9,40001.3,8133.7,29467.0,24.6,0,
2017-12-22 05:46:47,0,1,2,12.3,3695.1,40001.5,8200.4,29713.4,24.6,0,
2017-12-22 05:46:50,0,1,2,12.3,3695.6,40001.4,8200.4,29713.4,24.6,0,
2017-12-22 05:46:53,0,1,2,12.4,3696.0,40001.3,8267.1,29959.8,24.6,0,
2017-12-22 05:46:56,0,1,2,12.4,3696.1,40000.8,8267.1,29959.8,24.6,0,
2017-12-22 05:46:59,0,1,2,12.5,3696.7,40001.2,8333.7,30206.2,24.6,0,
2017-12-22 05:47:03,0,1,2,12.5,3697.0,40001.5,8333.7,30206.2,24.6,0,
2017-12-22 05:47:06,0,1,2,12.6,3697.4,40001.2,8400.4,30452.7,24.6,0,
2017-12-22 05:47:09,0,1,2,12.6,3697.6,40001.3,8400.4,30452.7,24.6,0,
2017-12-22 05:47:12,0,1,2,12.7,3698.0,40001.1,8467.1,30699.3,24.6,0,
2017-12-22 05:47:15,0,1,2,12.7,3698.4,40001.5,8467.1,30699.3,24.6,0,
2017-12-22 05:47:18,0,1,2,12.8,3698.6,40001.2,8533.7,30945.8,24.6,0,
2017-12-22 05:47:21,0,1,2,12.8,3699.0,40001.0,8533.7,30945.8,24.6,0,
2017-12-22 05:47:24,0,1,2,12.9,3699.4,40001.4,8600.4,31192.5,24.6,0,
2017-12-22 05:47:27,0,1,2,13.0,3699.7,40001.5,8667.1,31439.1,24.7,0,
2017-12-22 05:47:30,0,1,2,13.0,3700.0,40001.3,8667.1,31439.1,24.7,0,
2017-12-22 05:47:33,0,1,2,13.1,3700.4,40001.2,8733.8,31685.8,24.7,0,
2017-12-22 05:47:36,0,1,2,13.1,3700.8,40001.1,8733.8,31685.8,24.7,0,
2017-12-22 05:47:39,0,1,2,13.2,3701.0,40001.3,8800.4,31932.6,24.7,0,
2017-12-22 05:47:43,0,1,2,13.2,3701.3,40001.3,8800.4,31932.6,24.7,0,
2017-12-22 05:47:46,0,1,2,13.3,3701.9,40001.4,8867.1,32179.4,24.6,0,
2017-12-22 05:47:49,0,1,2,13.3,3702.1,40001.5,8867.1,32179.4,24.6,0,
2017-12-22 05:47:52,0,1,2,13.4,3702.5,40001.5,8933.8,32426.2,24.6,0,
2017-12-22 05:47:55,0,1,2,13.4,3702.9,40001.4,8933.8,32426.2,24.7,0,
2017-12-22 05:47:58,0,1,2,13.5,3703.2,40001.3,9000.4,32673.1,24.7,0,
2017-12-22 05:48:01,0,1,2,13.5,3703.6,40001.5,9000.4,32673.1,24.7,0,
2017-12-22 05:48:04,0,1,2,13.6,3703.9,40001.5,9067.1,32920.1,24.7,0,
2017-12-22 05:48:07,0,1,2,13.6,3704.0,40001.4,9067.1,32920.1,24.7,0,
2017-12-22 05:48:10,0,1,2,13.7,3704.5,40001.3,9133.8,33167.0,24.7,0,
2017-12-22 05:48:13,0,1,2,13.7,3704.7,40001.2,9133.8,33167.0,24.7,0,
2017-12-22 05:48:16,0,1,2,13.8,3705.0,40000.5,9200.5,33414.0,24.7,0,
2017-12-22 05:48:19,0,1,2,13.8,3705.5,40001.3,9200.5,33414.0,24.7,0,
2017-12-22 05:48:22,0,1,2,13.9,3705.7,40001.2,9267.1,33661.1,24.7,0,
2017-12-22 05:48:26,0,1,2,13.9,3706.0,40001.3,9267.1,33661.1,24.7,0,
2017-12-22 05:48:29,0,1,2,14.0,3706.4,40001.4,9333.8,33908.2,24.7,0,
2017-12-22 05:48:32,0,1,2,14.0,3706.6,40001.0,9333.8,33908.2,24.7,0,
2017-12-22 05:48:35,0,1,2,14.1,3707.1,40001.3,9400.5,34155.3,24.7,0,
2017-12-22 05:48:38,0,1,2,14.1,3707.4,40001.0,9400.5,34155.3,24.7,0,
2017-12-22 05:48:41,0,1,2,14.2,3707.8,40001.3,9467.1,34402.5,24.7,0,
2017-12-22 05:48:44,0,1,2,14.2,3708.1,40001.4,9467.1,34402.5,24.7,0,
2017-12-22 05:48:47,0,1,2,14.3,3708.3,40001.5,9533.8,34649.7,24.7,0,
2017-12-22 05:48:50,0,1,2,14.3,3708.7,40001.3,9533.8,34649.7,24.7,0,
2017-12-22 05:48:53,0,1,2,14.4,3708.9,40001.2,9600.5,34897.0,24.7,0,
2017-12-22 05:48:57,0,1,2,14.4,3709.2,40001.5,9600.5,34897.0,24.7,0,
2017-12-22 05:49:00,0,1,2,14.5,3709.6,40001.2,9667.1,35144.3,24.7,0,
2017-12-22 05:49:03,0,1,2,14.5,3710.1,40001.3,9667.1,35144.3,24.7,0,
2017-12-22 05:49:06,0,1,2,14.6,3710.3,40001.5,9733.8,35391.7,24.7,0,
2017-12-22 05:49:09,0,1,2,14.7,3710.8,40001.5,9800.5,35639.1,24.7,0,
2017-12-22 05:49:12,0,1,2,14.7,3711.1,40001.1,9800.5,35639.1,24.7,0,
2017-12-22 05:49:15,0,1,2,14.8,3711.3,40001.0,9867.2,35886.5,24.7,0,
2017-12-22 05:49:19,0,1,2,14.8,3711.7,40001.3,9867.2,35886.5,24.7,0,
2017-12-22 05:49:22,0,1,2,14.9,3712.1,40001.0,9933.8,36134.0,24.7,0,
2017-12-22 05:49:25,0,1,2,14.9,3712.3,40001.2,9933.8,36134.0,24.7,0,
2017-12-22 05:49:28,0,1,2,15.0,3712.6,40000.8,10000.5,36381.5,24.7,0,
2017-12-22 05:49:31,0,1,2,15.0,3713.0,40001.2,10000.5,36381.5,24.6,0,
2017-12-22 05:49:34,0,1,2,15.1,3713.4,40001.3,10067.2,36629.1,24.6,0,
2017-12-22 05:49:37,0,1,2,15.1,3713.8,40001.3,10067.2,36629.1,24.6,0,
2017-12-22 05:49:40,0,1,2,15.2,3714.1,40001.4,10133.8,36876.7,24.6,0,
2017-12-22 05:49:43,0,1,2,15.2,3714.4,40001.3,10133.8,36876.7,24.6,0,
2017-12-22 05:49:47,0,1,2,15.3,3714.8,40001.7,10200.5,37124.4,24.6,0,
2017-12-22 05:49:50,0,1,2,15.3,3714.9,40001.5,10200.5,37124.4,24.6,0,
2017-12-22 05:49:53,0,1,2,15.4,3715.3,40001.2,10267.2,37372.1,24.6,0,
2017-12-22 05:49:56,0,1,2,15.4,3715.8,40001.5,10267.2,37372.1,24.6,0,
2017-12-22 05:49:59,0,1,2,15.5,3716.1,40001.4,10333.9,37619.8,24.6,0,
2017-12-22 05:50:02,0,1,2,15.5,3716.5,40001.6,10333.9,37619.8,24.6,0,
2017-12-22 05:50:05,0,1,2,15.6,3716.8,40001.3,10400.5,37867.6,24.6,0,
2017-12-22 05:50:08,0,1,2,15.6,3717.1,40001.5,10400.5,37867.6,24.6,0,
2017-12-22 05:50:11,0,1,2,15.7,3717.3,40001.2,10467.2,38115.4,24.6,0,
2017-12-22 05:50:14,0,1,2,15.7,3717.8,40001.3,10467.2,38115.4,24.6,0,
2017-12-22 05:50:17,0,1,2,15.8,3718.1,40001.0,10533.9,38363.3,24.6,0,
2017-12-22 05:50:21,0,1,2,15.8,3718.5,40001.5,10533.9,38363.3,24.6,0,
2017-12-22 05:50:24,0,1,2,15.9,3718.6,40000.7,10600.5,38611.2,24.6,0,
2017-12-22 05:50:27,0,1,2,15.9,3719.1,40001.3,10600.5,38611.2,24.6,0,
2017-12-22 05:50:30,0,1,2,16.0,3719.4,40001.2,10667.2,38859.2,24.6,0,
2017-12-22 05:50:33,0,1,2,16.0,3719.7,40001.3,10667.2,38859.2,24.7,0,
2017-12-22 05:50:37,0,1,2,16.1,3720.1,40001.2,10733.9,39107.2,24.6,0,
2017-12-22 05:50:40,0,1,2,16.2,3720.4,40001.5,10800.6,39355.2,24.6,0,
2017-12-22 05:50:43,0,1,2,16.2,3720.7,40001.2,10800.6,39355.2,24.6,0,
2017-12-22 05:50:46,0,1,2,16.3,3721.0,40001.3,10867.2,39603.3,24.6,0,
2017-12-22 05:50:49,0,1,2,16.3,3721.5,40001.2,10867.2,39603.3,24.7,0,
2017-12-22 05:50:52,0,1,2,16.4,3721.7,40001.3,10933.9,39851.4,24.7,0,
2017-12-22 05:50:55,0,1,2,16.4,3722.2,40001.0,10933.9,39851.4,24.7,0,
2017-12-22 05:50:58,0,1,2,16.5,3722.4,40001.0,11000.6,40099.6,24.7,0,
2017-12-22 05:51:01,0,1,2,16.5,3722.8,40001.3,11000.6,40099.6,24.7,0,
2017-12-22 05:51:04,0,1,2,16.6,3723.2,40001.3,11067.2,40347.8,24.7,0,
2017-12-22 05:51:07,0,1,2,16.6,3723.5,40001.3,11067.2,40347.8,24.7,0,
2017-12-22 05:51:10,0,1,2,16.7,3723.8,40001.2,11133.9,40596.1,24.7,0,
2017-12-22 05:51:13,0,1,2,16.7,3724.1,40001.0,11133.9,40596.1,24.6,0,
2017-12-22 05:51:16,0,1,2,16.8,3724.5,40001.2,11200.6,40844.4,24.6,0,
2017-12-22 05:51:19,0,1,2,16.8,3724.9,40000.7,11200.6,40844.4,24.6,0,
2017-12-22 05:51:22,0,1,2,16.9,3725.3,40001.2,11267.3,41092.8,24.6,0,
2017-12-22 05:51:25,0,1,2,16.9,3725.7,40001.2,11267.3,41092.8,24.7,0,
2017-12-22 05:51:28,0,1,2,17.0,3726.0,40001.2,11333.9,41341.2,24.7,0,
2017-12-22 05:51:31,0,1,2,17.0,3726.3,40001.2,11333.9,41341.2,24.6,0,
2017-12-22 05:51:34,0,1,2,17.1,3726.5,40001.0,11400.6,41589.6,24.7,0,
2017-12-22 05:51:37,0,1,2,17.1,3727.0,40001.3,11400.6,41589.6,24.7,0,
2017-12-22 05:51:41,0,1,2,17.2,3727.3,40000.8,11467.3,41838.1,24.6,0,
2017-12-22 05:51:44,0,1,2,17.2,3727.7,40001.5,11467.3,41838.1,24.7,0,
2017-12-22 05:51:47,0,1,2,17.3,3728.2,40001.0,11533.9,42086.7,24.6,0,
2017-12-22 05:51:50,0,1,2,17.3,3728.5,40001.3,11533.9,42086.7,24.6,0,
2017-12-22 05:51:53,0,1,2,17.4,3728.8,40001.3,11600.6,42335.3,24.6,0,
2017-12-22 05:51:56,0,1,2,17.4,3729.1,40001.5,11600.6,42335.3,24.6,0,
2017-12-22 05:51:59,0,1,2,17.5,3729.5,40001.2,11667.3,42583.9,24.7,0,
2017-12-22 05:52:03,0,1,2,17.5,3729.9,40001.0,11667.3,42583.9,24.7,0,
2017-12-22 05:52:06,0,1,2,17.6,3730.2,40001.3,11733.9,42832.6,24.7,0,
2017-12-22 05:52:09,0,1,2,17.6,3730.6,40001.5,11733.9,42832.6,24.8,0,
2017-12-22 05:52:12,0,1,2,17.7,3731.1,40001.4,11800.6,43081.3,24.7,0,
2017-12-22 05:52:15,0,1,2,17.7,3731.3,40001.3,11800.6,43081.3,24.7,0,
2017-12-22 05:52:18,0,1,2,17.8,3731.8,40001.7,11867.3,43330.1,24.8,0,
2017-12-22 05:52:21,0,1,2,17.8,3732.1,40001.0,11867.3,43330.1,24.8,0,
2017-12-22 05:52:25,0,1,2,17.9,3732.5,40001.5,11934.0,43578.9,24.8,0,
2017-12-22 05:52:28,0,1,2,18.0,3733.1,40001.7,12000.6,43827.8,24.7,0,
2017-12-22 05:52:31,0,1,2,18.0,3733.3,40001.3,12000.6,43827.8,24.7,0,
2017-12-22 05:52:34,0,1,2,18.1,3733.5,40001.5,12067.3,44076.8,24.7,0,
2017-12-22 05:52:37,0,1,2,18.1,3734.0,40001.3,12067.3,44076.8,24.8,0,
2017-12-22 05:52:40,0,1,2,18.2,3734.6,40001.5,12134.0,44325.7,24.7,0,
2017-12-22 05:52:43,0,1,2,18.2,3735.0,40001.0,12134.0,44325.7,24.7,0,
2017-12-22 05:52:46,0,1,2,18.3,3735.1,40000.7,12200.6,44574.8,24.7,0,
2017-12-22 05:52:50,0,1,2,18.3,3735.7,40001.5,12200.6,44574.8,24.7,0,
2017-12-22 05:52:53,0,1,2,18.4,3735.9,40001.4,12267.3,44823.9,24.8,0,
2017-12-22 05:52:56,0,1,2,18.4,3736.4,40001.3,12267.3,44823.9,24.8,0,
2017-12-22 05:52:59,0,1,2,18.5,3736.9,40001.0,12334.0,45073.0,24.8,0,
2017-12-22 05:53:02,0,1,2,18.5,3737.2,40001.4,12334.0,45073.0,24.8,0,
2017-12-22 05:53:05,0,1,2,18.6,3737.6,40001.6,12400.7,45322.2,24.7,0,
2017-12-22 05:53:09,0,1,2,18.6,3738.1,40001.3,12400.7,45322.2,24.8,0,
2017-12-22 05:53:12,0,1,2,18.7,3738.5,40001.3,12467.3,45571.4,24.8,0,
2017-12-22 05:53:15,0,1,2,18.7,3738.9,40001.3,12467.3,45571.4,24.8,0,
2017-12-22 05:53:18,0,1,2,18.8,3739.4,40001.2,12534.0,45820.6,24.8,0,
2017-12-22 05:53:21,0,1,2,18.9,3739.8,40001.2,12600.7,46070.0,24.8,0,
2017-12-22 05:53:25,0,1,2,18.9,3740.0,40001.3,12600.7,46070.0,24.8,0,
2017-12-22 05:53:28,0,1,2,19.0,3740.5,40001.0,12667.3,46319.4,24.7,0,
2017-12-22 05:53:31,0,1,2,19.0,3740.9,40001.3,12667.3,46319.4,24.8,0,
2017-12-22 05:53:34,0,1,2,19.1,3741.3,40001.0,12734.0,46568.8,24.8,0,
2017-12-22 05:53:37,0,1,2,19.1,3741.8,40001.3,12734.0,46568.8,24.7,0,
2017-12-22 05:53:41,0,1,2,19.2,3742.1,40001.3,12800.7,46818.3,24.7,0,
2017-12-22 05:53:44,0,1,2,19.2,3742.6,40001.3,12800.7,46818.3,24.7,0,
2017-12-22 05:53:47,0,1,2,19.3,3742.9,40001.2,12867.4,47067.8,24.8,0,
2017-12-22 05:53:50,0,1,2,19.3,3743.5,40001.2,12867.4,47067.8,24.8,0,
2017-12-22 05:53:53,0,1,2,19.4,3743.9,40001.3,12934.0,47317.4,24.7,0,
2017-12-22 05:53:56,0,1,2,19.4,3744.2,40001.0,12934.0,47317.4,24.8,0,
2017-12-22 05:53:59,0,1,2,19.5,3744.6,40001.1,13000.7,47567.0,24.8,0,
2017-12-22 05:54:03,0,1,2,19.5,3745.1,40001.3,13000.7,47567.0,24.8,0,
2017-12-22 05:54:06,0,1,2,19.6,3745.6,40001.1,13067.4,47816.7,24.8,0,
2017-12-22 05:54:09,0,1,2,19.6,3745.8,40001.1,13067.4,47816.7,24.8,0,
2017-12-22 05:54:12,0,1,2,19.7,3746.4,40000.5,13134.0,48066.5,24.8,0,
2017-12-22 05:54:15,0,1,2,19.7,3746.6,40001.1,13134.0,48066.5,24.8,0,
2017-12-22 05:54:18,0,1,2,19.8,3747.2,40001.1,13200.7,48316.3,24.8,0,
2017-12-22 05:54:21,0,1,2,19.8,3747.7,40001.1,13200.7,48316.3,24.8,0,
2017-12-22 05:54:24,0,1,2,19.9,3748.0,40001.1,13267.4,48566.1,24.8,0,
2017-12-22 05:54:28,0,1,2,20.0,3748.4,40001.1,13334.0,48816.0,24.8,0,
2017-12-22 05:54:31,0,1,2,20.0,3749.0,40001.5,13334.0,48816.0,24.8,0,
2017-12-22 05:54:34,0,1,2,20.1,3749.3,40001.3,13400.7,49066.0,24.8,0,
2017-12-22 05:54:37,0,1,2,20.1,3749.9,40001.1,13400.7,49066.0,24.7,0,
2017-12-22 05:54:40,0,1,2,20.2,3750.3,40001.4,13467.4,49316.0,24.7,0,
2017-12-22 05:54:43,0,1,2,20.2,3750.7,40000.6,13467.4,49316.0,24.7,0,
2017-12-22 05:54:46,0,1,2,20.3,3751.1,40000.9,13534.1,49566.1,24.7,0,
2017-12-22 05:54:49,0,1,2,20.3,3751.5,40001.2,13534.1,49566.1,24.7,0,
2017-12-22 05:54:52,0,1,2,20.4,3751.9,40001.2,13600.7,49816.3,24.6,0,
2017-12-22 05:54:55,0,1,2,20.4,3752.5,40001.3,13600.7,49816.3,24.6,0,
2017-12-22 05:54:58,0,1,2,20.5,3752.9,40001.3,13667.4,50066.4,24.6,0,
2017-12-22 05:55:01,0,1,2,20.5,3753.3,40001.5,13667.4,50066.4,24.6,0,
2017-12-22 05:55:04,0,1,2,20.6,3753.8,40001.3,13734.1,50316.7,24.6,0,
2017-12-22 05:55:07,0,1,2,20.6,3754.2,40001.1,13734.1,50316.7,24.6,0,
2017-12-22 05:55:11,0,1,2,20.7,3754.7,40001.2,13800.7,50567.0,24.6,0,
2017-12-22 05:55:14,0,1,2,20.7,3755.1,40001.5,13800.7,50567.0,24.6,0,
2017-12-22 05:55:17,0,1,2,20.8,3755.6,40000.7,13867.4,50817.4,24.7,0,
2017-12-22 05:55:20,0,1,2,20.8,3756.1,40001.3,13867.4,50817.4,24.7,0,
2017-12-22 05:55:23,0,1,2,20.9,3756.5,40001.0,13934.1,51067.8,24.7,0,
2017-12-22 05:55:26,0,1,2,20.9,3757.0,40001.2,13934.1,51067.8,24.7,0,
2017-12-22 05:55:29,0,1,2,21.0,3757.6,40001.4,14000.8,51318.3,24.7,0,
2017-12-22 05:55:33,0,1,2,21.0,3758.1,40001.5,14000.8,51318.3,24.7,0,
2017-12-22 05:55:36,0,1,2,21.1,3758.4,40001.3,14067.4,51568.9,24.8,0,
2017-12-22 05:55:39,0,1,2,21.1,3759.1,40001.3,14067.4,51568.9,24.8,0,
2017-12-22 05:55:42,0,1,2,21.2,3759.5,40001.3,14134.1,51819.5,24.8,0,
2017-12-22 05:55:46,0,1,2,21.3,3759.9,40001.2,14200.8,52070.2,24.8,0,
2017-12-22 05:55:49,0,1,2,21.3,3760.3,40001.3,14200.8,52070.2,24.8,0,
2017-12-22 05:55:52,0,1,2,21.4,3761.0,40001.3,14267.4,52320.9,24.8,0,
2017-12-22 05:55:55,0,1,2,21.4,3761.5,40001.0,14267.4,52320.9,24.8,0,
2017-12-22 05:55:58,0,1,2,21.5,3761.8,40001.0,14334.1,52571.7,24.8,0,
2017-12-22 05:56:01,0,1,2,21.5,3762.2,40001.2,14334.1,52571.7,24.8,0,
2017-12-22 05:56:04,0,1,2,21.6,3762.7,40001.1,14400.8,52822.6,24.8,0,
2017-12-22 05:56:07,0,1,2,21.6,3763.3,40001.3,14400.8,52822.6,24.8,0,
2017-12-22 05:56:10,0,1,2,21.7,3763.7,40001.0,14467.4,53073.5,24.8,0,
2017-12-22 05:56:13,0,1,2,21.7,3764.3,40001.0,14467.4,53073.5,24.8,0,
2017-12-22 05:56:16,0,1,2,21.8,3764.7,40001.0,14534.1,53324.5,24.8,0,
2017-12-22 05:56:19,0,1,2,21.8,3765.2,40001.0,14534.1,53324.5,24.8,0,
2017-12-22 05:56:23,0,1,2,21.9,3765.9,40001.0,14600.8,53575.6,24.8,0,
2017-12-22 05:56:26,0,1,2,21.9,3766.3,40000.8,14600.8,53575.6,24.8,0,
2017-12-22 05:56:29,0,1,2,22.0,3766.9,40001.0,14667.5,53826.7,24.8,0,
2017-12-22 05:56:32,0,1,2,22.0,3767.2,40001.0,14667.5,53826.7,24.8,0,
2017-12-22 05:56:35,0,1,2,22.1,3767.9,40000.7,14734.1,54077.8,24.8,0,
2017-12-22 05:56:38,0,1,2,22.1,3768.3,40000.4,14734.1,54077.8,24.8,0,
2017-12-22 05:56:42,0,1,2,22.2,3768.7,40001.3,14800.8,54329.1,24.8,0,
2017-12-22 05:56:45,0,1,2,22.2,3769.5,40000.8,14800.8,54329.1,24.8,0,
2017-12-22 05:56:48,0,1,2,22.3,3770.0,40001.1,14867.5,54580.4,24.8,0,
2017-12-22 05:56:51,0,1,2,22.3,3770.5,40000.9,14867.5,54580.4,24.8,0,
2017-12-22 05:56:55,0,1,2,22.4,3771.0,40001.1,14934.1,54831.8,24.8,0,
2017-12-22 05:56:58,0,1,2,22.5,3771.6,40001.0,15000.8,55083.2,24.8,0,
2017-12-22 05:57:01,0,1,2,22.5,3771.9,40000.9,15000.8,55083.2,24.8,0,
2017-12-22 05:57:04,0,1,2,22.6,3772.5,40001.0,15067.5,55334.7,24.8,0,
2017-12-22 05:57:07,0,1,2,22.6,3773.1,40001.0,15067.5,55334.7,24.8,0,
2017-12-22 05:57:10,0,1,2,22.7,3773.7,40001.3,15134.1,55586.3,24.8,0,
2017-12-22 05:57:13,0,1,2,22.7,3774.2,40001.0,15134.1,55586.3,24.7,0,
2017-12-22 05:57:16,0,1,2,22.8,3774.7,40001.0,15200.8,55838.0,24.8,0,
2017-12-22 05:57:20,0,1,2,22.8,3775.2,40001.3,15200.8,55838.0,24.8,0,
2017-12-22 05:57:23,0,1,2,22.9,3775.9,40001.0,15267.5,56089.7,24.7,0,
2017-12-22 05:57:26,0,1,2,22.9,3776.3,40001.0,15267.5,56089.7,24.8,0,
2017-12-22 05:57:29,0,1,2,23.0,3776.9,40000.8,15334.2,56341.5,24.8,0,
2017-12-22 05:57:32,0,1,2,23.0,3777.6,40000.9,15334.2,56341.5,24.8,0,
2017-12-22 05:57:36,0,1,2,23.1,3778.2,40001.0,15400.8,56593.4,24.8,0,
2017-12-22 05:57:39,0,1,2,23.1,3778.8,40001.3,15400.8,56593.4,24.8,0,
2017-12-22 05:57:42,0,1,2,23.2,3779.1,40000.8,15467.5,56845.3,24.8,0,
2017-12-22 05:57:45,0,1,2,23.2,3779.9,40001.1,15467.5,56845.3,24.8,0,
2017-12-22 05:57:48,0,1,2,23.3,3780.3,40001.0,15534.2,57097.3,24.8,0,
2017-12-22 05:57:51,0,1,2,23.4,3781.0,40001.0,15600.8,57349.4,24.8,0,
2017-12-22 05:57:55,0,1,2,23.4,3781.4,40000.5,15600.8,57349.4,24.8,0,
2017-12-22 05:57:58,0,1,2,23.5,3782.2,40001.2,15667.5,57601.5,24.8,0,
2017-12-22 05:58:01,0,1,2,23.5,3782.5,40001.5,15667.5,57601.5,24.8,0,
2017-12-22 05:58:04,0,1,2,23.6,3783.3,40001.0,15734.2,57853.8,24.8,0,
2017-12-22 05:58:07,0,1,2,23.6,3783.9,40001.0,15734.2,57853.8,24.8,0,
2017-12-22 05:58:10,0,1,2,23.7,3784.4,40001.0,15800.8,58106.1,24.8,0,
2017-12-22 05:58:14,0,1,2,23.7,3785.0,40001.0,15800.8,58106.1,24.8,0,
2017-12-22 05:58:17,0,1,2,23.8,3785.7,40001.0,15867.5,58358.4,24.8,0,
2017-12-22 05:58:20,0,1,2,23.8,3786.2,40000.8,15867.5,58358.4,24.8,0,
2017-12-22 05:58:23,0,1,2,23.9,3786.7,40000.6,15934.2,58610.9,24.8,0,
2017-12-22 05:58:26,0,1,2,23.9,3787.3,40000.7,15934.2,58610.9,24.9,0,
2017-12-22 05:58:29,0,1,2,24.0,3788.1,40000.8,16000.9,58863.4,24.9,0,
2017-12-22 05:58:33,0,1,2,24.0,3788.6,40000.7,16000.9,58863.4,24.8,0,
2017-12-22 05:58:36,0,1,2,24.1,3789.2,40000.1,16067.5,59116.0,24.9,0,
2017-12-22 05:58:39,0,1,2,24.1,3789.8,40000.8,16067.5,59116.0,24.8,0,
2017-12-22 05:58:42,0,1,2,24.2,3790.4,40000.8,16134.2,59368.7,24.9,0,
2017-12-22 05:58:45,0,1,2,24.3,3791.1,40001.0,16200.9,59621.4,24.9,0,
2017-12-22 05:58:49,0,1,2,24.3,3791.6,40001.2,16200.9,59621.4,24.9,0,
2017-12-22 05:58:52,0,1,2,24.4,3792.2,40001.0,16267.5,59874.2,24.9,0,
2017-12-22 05:58:55,0,1,2,24.4,3792.8,40001.1,16267.5,59874.2,24.8,0,
2017-12-22 05:58:58,0,1,2,24.5,3793.5,40001.0,16334.2,60127.1,24.8,0,
2017-12-22 05:59:01,0,1,2,24.5,3794.1,40001.0,16334.2,60127.1,24.8,0,
2017-12-22 05:59:05,0,1,2,24.6,3794.8,40001.1,16400.9,60380.1,24.8,0,
2017-12-22 05:59:08,0,1,2,24.6,3795.4,40000.9,16400.9,60380.1,24.8,0,
2017-12-22 05:59:11,0,1,2,24.7,3796.1,40000.7,16467.5,60633.2,24.8,0,
2017-12-22 05:59:14,0,1,2,24.7,3796.6,40000.8,16467.5,60633.2,24.8,0,
2017-12-22 05:59:17,0,1,2,24.8,3797.3,40000.9,16534.2,60886.3,24.8,0,
2017-12-22 05:59:20,0,1,2,24.8,3797.9,40001.2,16534.2,60886.3,24.8,0,
2017-12-22 05:59:23,0,1,2,24.9,3798.6,40001.0,16600.9,61139.6,24.8,0,
2017-12-22 05:59:27,0,1,2,24.9,3799.3,40001.3,16600.9,61139.6,24.8,0,
2017-12-22 05:59:30,0,1,2,25.0,3799.7,40000.8,16667.6,61392.9,24.8,0,
2017-12-22 05:59:33,0,1,2,25.0,3800.5,40000.8,16667.6,61392.9,24.8,0,
2017-12-22 05:59:36,0,1,2,25.1,3801.2,40001.0,16734.2,61646.2,24.8,0,
2017-12-22 05:59:39,0,1,2,25.1,3801.7,40000.8,16734.2,61646.2,24.8,0,
2017-12-22 05:59:42,0,1,2,25.2,3802.5,40001.0,16800.9,61899.7,24.8,0,
2017-12-22 05:59:45,0,1,2,25.2,3803.1,40000.7,16800.9,61899.7,24.8,0,
2017-12-22 05:59:48,0,1,2,25.3,3803.8,40001.3,16867.6,62153.3,24.8,0,
2017-12-22 05:59:51,0,1,2,25.3,3804.4,40000.8,16867.6,62153.3,24.8,0,
2017-12-22 05:59:54,0,1,2,25.4,3805.0,40001.2,16934.2,62406.9,24.8,0,
2017-12-22 05:59:57,0,1,2,25.4,3805.5,40001.0,16934.2,62406.9,24.8,0,
2017-12-22 06:00:00,0,1,2,25.5,3806.2,40001.2,17000.9,62660.6,24.8,0,
2017-12-22 06:00:04,0,1,2,25.6,3807.0,40000.8,17067.6,62914.4,24.8,0,
2017-12-22 06:00:07,0,1,2,25.6,3807.7,40000.9,17067.6,62914.4,24.8,0,
2017-12-22 06:00:10,0,1,2,25.7,3808.3,40001.0,17134.2,63168.3,24.8,0,
2017-12-22 06:00:13,0,1,2,25.7,3809.0,40001.3,17134.2,63168.3,24.8,0,
2017-12-22 06:00:17,0,1,2,25.8,3809.7,40001.0,17200.9,63422.3,24.8,0,
2017-12-22 06:00:20,0,1,2,25.8,3810.4,40001.2,17200.9,63422.3,24.8,0,
2017-12-22 06:00:23,0,1,2,25.9,3811.1,40001.0,17267.6,63676.4,24.8,0,
2017-12-22 06:00:26,0,1,2,25.9,3811.7,40001.1,17267.6,63676.4,24.8,0,
2017-12-22 06:00:29,0,1,2,26.0,3812.4,40001.2,17334.3,63930.5,24.8,0,
2017-12-22 06:00:32,0,1,2,26.0,3813.2,40000.7,17334.3,63930.5,24.8,0,
2017-12-22 06:00:36,0,1,2,26.1,3813.9,40000.9,17400.9,64184.8,24.8,0,
2017-12-22 06:00:39,0,1,2,26.1,3814.5,40000.9,17400.9,64184.8,24.8,0,
2017-12-22 06:00:42,0,1,2,26.2,3815.3,40000.9,17467.6,64439.1,24.8,0,
2017-12-22 06:00:45,0,1,2,26.2,3815.9,40000.8,17467.6,64439.1,24.8,0,
2017-12-22 06:00:48,0,1,2,26.3,3816.8,40000.7,17534.3,64693.5,24.8,0,
2017-12-22 06:00:51,0,1,2,26.3,3817.4,40000.3,17534.3,64693.5,24.8,0,
2017-12-22 06:00:54,0,1,2,26.4,3818.2,40000.8,17600.9,64948.0,24.8,0,
2017-12-22 06:00:57,0,1,2,26.5,3818.9,40000.7,17667.6,65202.6,24.8,0,
2017-12-22 06:01:01,0,1,2,26.5,3819.7,40000.5,17667.6,65202.6,24.8,0,
2017-12-22 06:01:04,0,1,2,26.6,3820.5,40000.6,17734.3,65457.3,24.8,0,
2017-12-22 06:01:07,0,1,2,26.6,3821.2,40000.7,17734.3,65457.3,24.8,0,
2017-12-22 06:01:10,0,1,2,26.7,3821.8,40000.7,17800.9,65712.1,24.8,0,
2017-12-22 06:01:14,0,1,2,26.7,3822.7,40000.6,17800.9,65712.1,24.8,0,
2017-12-22 06:01:17,0,1,2,26.8,3823.4,40000.7,17867.6,65967.0,24.8,0,
2017-12-22 06:01:20,0,1,2,26.8,3824.2,40000.3,17867.6,65967.0,24.8,0,
2017-12-22 06:01:23,0,1,2,26.9,3824.9,40001.0,17934.3,66222.0,24.8,0,
2017-12-22 06:01:26,0,1,2,26.9,3825.7,40000.7,17934.3,66222.0,24.8,0,
2017-12-22 06:01:29,0,1,2,27.0,3826.4,40001.0,18000.9,66477.0,24.8,0,
2017-12-22 06:01:32,0,1,2,27.0,3827.2,40000.8,18000.9,66477.0,24.8,0,
2017-12-22 06:01:36,0,1,2,27.1,3827.8,40000.5,18067.6,66732.2,24.8,0,
2017-12-22 06:01:39,0,1,2,27.1,3828.6,40000.8,18067.6,66732.2,24.8,0,
2017-12-22 06:01:42,0,1,2,27.2,3829.5,40000.7,18134.3,66987.5,24.8,0,
2017-12-22 06:01:45,0,1,2,27.2,3830.0,40000.7,18134.3,66987.5,24.9,0,
2017-12-22 06:01:48,0,1,2,27.3,3830.7,40000.9,18201.0,67242.8,24.9,0,
2017-12-22 06:01:51,0,1,2,27.3,3831.7,40000.3,18201.0,67242.8,24.9,0,
2017-12-22 06:01:55,0,1,2,27.4,3832.6,40001.0,18267.6,67498.3,24.9,0,
2017-12-22 06:01:58,0,1,2,27.5,3833.3,40000.7,18334.3,67753.8,24.9,0,
2017-12-22 06:02:01,0,1,2,27.5,3833.9,40000.5,18334.3,67753.8,24.9,0,
2017-12-22 06:02:04,0,1,2,27.6,3834.8,40000.7,18401.0,68009.5,24.9,0,
2017-12-22 06:02:07,0,1,2,27.6,3835.6,40000.7,18401.0,68009.5,24.9,0,
2017-12-22 06:02:10,0,1,2,27.7,3836.4,40000.6,18467.6,68265.2,24.9,0,
2017-12-22 06:02:14,0,1,2,27.7,3837.3,40001.1,18467.6,68265.2,24.9,0,
2017-12-22 06:02:17,0,1,2,27.8,3838.1,40000.7,18534.3,68521.1,24.9,0,
2017-12-22 06:02:20,0,1,2,27.8,3838.9,40000.5,18534.3,68521.1,24.9,0,
2017-12-22 06:02:23,0,1,2,27.9,3839.6,40001.0,18601.0,68777.0,24.9,0,
2017-12-22 06:02:26,0,1,2,27.9,3840.3,40000.7,18601.0,68777.0,24.9,0,
2017-12-22 06:02:29,0,1,2,28.0,3841.1,40000.7,18667.6,69033.1,24.9,0,
2017-12-22 06:02:32,0,1,2,28.0,3841.9,40000.7,18667.6,69033.1,24.9,0,
2017-12-22 06:02:35,0,1,2,28.1,3842.7,40000.6,18734.3,69289.2,25.0,0,
2017-12-22 06:02:38,0,1,2,28.1,3843.5,40000.7,18734.3,69289.2,25.0,0,
2017-12-22 06:02:41,0,1,2,28.2,3844.2,40000.6,18801.0,69545.5,25.0,0,
2017-12-22 06:02:44,0,1,2,28.2,3845.0,40000.5,18801.0,69545.5,25.0,0,
2017-12-22 06:02:47,0,1,2,28.3,3845.8,40000.8,18867.6,69801.9,25.0,0,
2017-12-22 06:02:51,0,1,2,28.3,3846.6,40000.5,18867.6,69801.9,25.0,0,
2017-12-22 06:02:54,0,1,2,28.4,3847.5,40000.6,18934.3,70058.4,25.0,0,
2017-12-22 06:02:57,0,1,2,28.4,3848.3,40000.5,18934.3,70058.4,25.0,0,
2017-12-22 06:03:00,0,1,2,28.5,3849.1,40000.6,19001.0,70314.9,25.0,0,
2017-12-22 06:03:03,0,1,2,28.5,3850.0,40000.3,19001.0,70314.9,25.0,0,
2017-12-22 06:03:06,0,1,2,28.6,3850.9,40000.0,19067.6,70571.6,25.0,0,
2017-12-22 06:03:09,0,1,2,28.6,3851.7,40000.8,19067.6,70571.6,24.9,0,
2017-12-22 06:03:12,0,1,2,28.7,3852.4,40000.8,19134.3,70828.4,24.9,0,
2017-12-22 06:03:16,0,1,2,28.8,3853.4,40000.7,19201.0,71085.3,24.9,0,
2017-12-22 06:03:19,0,1,2,28.8,3854.1,40000.0,19201.0,71085.3,24.8,0,
2017-12-22 06:03:22,0,1,2,28.9,3855.2,40000.7,19267.7,71342.3,24.8,0,
2017-12-22 06:03:25,0,1,2,28.9,3855.8,40000.5,19267.7,71342.3,24.8,0,
2017-12-22 06:03:28,0,1,2,29.0,3856.7,40000.7,19334.3,71599.4,24.8,0,
2017-12-22 06:03:31,0,1,2,29.0,3857.6,40000.5,19334.3,71599.4,24.8,0,
2017-12-22 06:03:34,0,1,2,29.1,3858.4,40000.8,19401.0,71856.6,24.8,0,
2017-12-22 06:03:38,0,1,2,29.1,3859.2,40000.5,19401.0,71856.6,24.8,0,
2017-12-22 06:03:41,0,1,2,29.2,3860.2,40000.7,19467.7,72114.0,24.8,0,
2017-12-22 06:03:44,0,1,2,29.2,3861.0,40000.3,19467.7,72114.0,24.9,0,
2017-12-22 06:03:47,0,1,2,29.3,3861.6,40000.7,19534.3,72371.4,24.8,0,
2017-12-22 06:03:50,0,1,2,29.3,3862.5,40000.7,19534.3,72371.4,24.9,0,
2017-12-22 06:03:53,0,1,2,29.4,3863.4,40000.3,19601.0,72628.9,24.9,0,
2017-12-22 06:03:56,0,1,2,29.4,3864.4,40000.0,19601.0,72628.9,24.9,0,
2017-12-22 06:03:59,0,1,2,29.5,3865.3,40000.5,19667.7,72886.6,24.9,0,
2017-12-22 06:04:02,0,1,2,29.5,3866.2,40000.4,19667.7,72886.6,24.9,0,
2017-12-22 06:04:05,0,1,2,29.6,3867.1,40000.3,19734.3,73144.4,24.9,0,
2017-12-22 06:04:08,0,1,2,29.6,3867.8,40000.2,19734.3,73144.4,24.9,0,
2017-12-22 06:04:12,0,1,2,29.7,3868.9,40000.5,19801.0,73402.3,24.9,0,
2017-12-22 06:04:15,0,1,2,29.7,3869.8,40000.4,19801.0,73402.3,24.9,0,
2017-12-22 06:04:18,0,1,2,29.8,3870.6,40000.5,19867.7,73660.3,24.9,0,
2017-12-22 06:04:21,0,1,2,29.8,3871.6,40000.3,19867.7,73660.3,25.0,0,
2017-12-22 06:04:24,0,1,2,29.9,3872.5,40000.5,19934.3,73918.4,25.0,0,
2017-12-22 06:04:27,0,1,2,30.0,3873.4,40000.5,20001.0,74176.6,25.0,0,
2017-12-22 06:04:30,0,1,2,30.0,3874.2,39999.8,20001.0,74176.6,25.0,0,
2017-12-22 06:04:34,0,1,2,30.1,3875.1,40000.3,20067.7,74435.0,25.0,0,
2017-12-22 06:04:37,0,1,2,30.1,3876.2,40000.4,20067.7,74435.0,25.0,0,
2017-12-22 06:04:40,0,1,2,30.2,3876.9,40000.4,20134.3,74693.4,25.0,0,
2017-12-22 06:04:43,0,1,2,30.2,3877.9,40000.2,20134.3,74693.4,25.0,0,
2017-12-22 06:04:46,0,1,2,30.3,3878.8,40000.3,20201.0,74952.0,25.0,0,
2017-12-22 06:04:49,0,1,2,30.3,3879.5,40000.4,20201.0,74952.0,25.0,0,
2017-12-22 06:04:52,0,1,2,30.4,3880.4,40000.3,20267.7,75210.7,25.0,0,
2017-12-22 06:04:55,0,1,2,30.4,3881.4,40000.7,20267.7,75210.7,25.0,0,
2017-12-22 06:04:58,0,1,2,30.5,3882.3,40000.5,20334.3,75469.5,25.0,0,
2017-12-22 06:05:01,0,1,2,30.5,3883.3,40000.5,20334.3,75469.5,25.0,0,
2017-12-22 06:05:05,0,1,2,30.6,3884.3,40000.3,20401.0,75728.5,25.0,0,
2017-12-22 06:05:08,0,1,2,30.6,3885.3,40000.3,20401.0,75728.5,24.9,0,
2017-12-22 06:05:11,0,1,2,30.7,3886.3,40000.1,20467.7,75987.5,24.9,0,
2017-12-22 06:05:14,0,1,2,30.7,3887.3,40000.2,20467.7,75987.5,25.0,0,
2017-12-22 06:05:17,0,1,2,30.8,3888.0,40000.4,20534.3,76246.7,24.9,0,
2017-12-22 06:05:20,0,1,2,30.8,3888.9,40000.3,20534.3,76246.7,24.9,0,
2017-12-22 06:05:24,0,1,2,30.9,3889.9,40000.0,20601.0,76506.0,25.0,0,
2017-12-22 06:05:27,0,1,2,30.9,3890.9,40000.3,20601.0,76506.0,25.0,0,
2017-12-22 06:05:30,0,1,2,31.0,3891.8,40000.3,20667.7,76765.4,25.0,0,
2017-12-22 06:05:33,0,1,2,31.0,3892.8,40000.5,20667.7,76765.4,25.0,0,
2017-12-22 06:05:36,0,1,2,31.1,3893.5,40000.5,20734.4,77024.9,25.0,0,
2017-12-22 06:05:39,0,1,2,31.1,3894.5,40000.8,20734.4,77024.9,25.0,0,
2017-12-22 06:05:42,0,1,2,31.2,3895.5,40000.5,20801.0,77284.6,25.0,0,
2017-12-22 06:05:45,0,1,2,31.2,3896.4,40000.2,20801.0,77284.6,25.0,0,
2017-12-22 06:05:48,0,1,2,31.3,3897.3,40001.3,20867.7,77544.3,24.9,0,
2017-12-22 06:05:51,0,1,2,31.4,3898.3,40000.5,20934.4,77804.2,25.0,0,
2017-12-22 06:05:54,0,1,2,31.4,3899.3,40000.9,20934.4,77804.2,24.9,0,
2017-12-22 06:05:57,0,1,2,31.5,3900.1,39699.7,21000.5,78062.3,24.9,0,
2017-12-22 06:06:01,0,1,2,31.5,3900.0,38500.2,21000.5,78062.3,24.9,0,
2017-12-22 06:06:04,0,1,2,31.6,3900.0,37374.3,21063.1,78306.4,24.9,0,
2017-12-22 06:06:07,0,1,2,31.6,3900.2,36613.7,21063.1,78306.4,25.0,0,
2017-12-22 06:06:10,0,1,2,31.7,3900.0,35793.1,21122.9,78539.6,25.0,0,
2017-12-22 06:06:13,0,1,2,31.7,3900.0,35006.8,21122.9,78539.6,25.0,0,
2017-12-22 06:06:16,0,1,2,31.8,3900.0,34293.8,21180.2,78763.2,25.0,0,
2017-12-22 06:06:19,0,1,2,31.8,3899.9,33528.0,21180.2,78763.2,25.0,0,
2017-12-22 06:06:22,0,1,2,31.9,3899.9,32939.4,21235.6,78979.1,25.0,0,
2017-12-22 06:06:25,0,1,2,31.9,3900.0,32444.8,21235.6,78979.1,25.0,0,
2017-12-22 06:06:29,0,1,2,32.0,3899.9,31717.4,21288.7,79186.3,25.0,0,
2017-12-22 06:06:32,0,1,2,32.0,3900.1,31100.6,21288.7,79186.3,25.0,0,
2017-12-22 06:06:35,0,1,2,32.1,3900.1,30617.6,21340.2,79386.9,25.0,0,
2017-12-22 06:06:38,0,1,2,32.1,3900.0,29948.8,21340.2,79386.9,25.0,0,
2017-12-22 06:06:41,0,1,2,32.2,3900.0,29498.6,21389.8,79580.5,25.0,0,
2017-12-22 06:06:44,0,1,2,32.2,3900.0,29038.9,21389.8,79580.5,25.0,0,
2017-12-22 06:06:47,0,1,2,32.3,3899.9,28460.5,21437.6,79767.0,25.0,0,
2017-12-22 06:06:50,0,1,2,32.3,3899.9,27960.9,21437.6,79767.0,25.0,0,
2017-12-22 06:06:53,0,1,2,32.4,3899.9,27472.3,21484.0,79947.9,25.0,0,
2017-12-22 06:06:56,0,1,2,32.4,3900.1,27059.8,21484.0,79947.9,25.0,0,
2017-12-22 06:07:00,0,1,2,32.5,3899.9,26520.2,21528.9,80122.9,25.0,0,
2017-12-22 06:07:03,0,1,2,32.5,3900.1,26057.1,21528.9,80122.9,25.0,0,
2017-12-22 06:07:06,0,1,2,32.6,3900.1,25666.7,21572.2,80291.9,25.0,0,
2017-12-22 06:07:09,0,1,2,32.6,3899.9,25105.9,21572.2,80291.9,25.0,0,
2017-12-22 06:07:12,0,1,2,32.7,3900.0,24776.7,21614.0,80455.0,25.0,0,
2017-12-22 06:07:16,0,1,2,32.8,3899.9,24221.1,21654.5,80612.9,25.0,0,
2017-12-22 06:07:19,0,1,2,32.8,3900.0,23918.4,21654.5,80612.9,25.0,0,
2017-12-22 06:07:22,0,1,2,32.9,3899.9,23336.6,21693.8,80766.1,25.0,0,
2017-12-22 06:07:25,0,1,2,32.9,3900.0,22975.6,21693.8,80766.1,25.0,0,
2017-12-22 06:07:28,0,1,2,33.0,3899.9,22572.8,21731.6,80913.6,25.0,0,
2017-12-22 06:07:32,0,1,2,33.0,3900.0,22234.3,21731.6,80913.6,25.0,0,
2017-12-22 06:07:35,0,1,2,33.1,3900.1,21854.7,21768.5,81057.4,25.0,0,
2017-12-22 06:07:38,0,1,2,33.1,3900.1,21422.6,21768.5,81057.4,25.0,0,
2017-12-22 06:07:41,0,1,2,33.2,3899.9,21089.9,21803.9,81195.5,25.0,0,
2017-12-22 06:07:44,0,1,2,33.2,3900.1,20773.4,21803.9,81195.5,25.0,0,
2017-12-22 06:07:48,0,1,2,33.3,3899.9,20410.8,21838.1,81328.9,25.0,0,
2017-12-22 06:07:51,0,1,2,33.3,3900.0,20004.6,21838.1,81328.9,25.0,0,
2017-12-22 06:07:54,0,1,2,33.4,3900.1,19703.9,21871.3,81458.4,25.0,0,
2017-12-22 06:07:57,0,1,2,33.4,3899.9,19322.8,21871.3,81458.4,24.9,0,
2017-12-22 06:08:00,0,1,2,33.5,3900.1,19023.1,21903.5,81583.9,24.9,0,
2017-12-22 06:08:03,0,1,2,33.5,3899.9,18701.3,21903.5,81583.9,24.9,0,
2017-12-22 06:08:06,0,1,2,33.6,3900.0,18457.1,21934.6,81705.2,24.9,0,
2017-12-22 06:08:09,0,1,2,33.7,3899.9,18089.3,21964.7,81822.8,24.9,0,
2017-12-22 06:08:12,0,1,2,33.7,3900.0,17819.4,21964.7,81822.8,24.9,0,
2017-12-22 06:08:16,0,1,2,33.8,3900.0,17551.9,21994.0,81936.8,24.9,0,
2017-12-22 06:08:19,0,1,2,33.8,3899.9,17245.1,21994.0,81936.8,24.9,0,
2017-12-22 06:08:22,0,1,2,33.9,3900.2,17029.9,22022.4,82047.5,24.9,0,
2017-12-22 06:08:25,0,1,2,33.9,3900.0,16658.9,22022.4,82047.5,24.9,0,
2017-12-22 06:08:28,0,1,2,34.0,3900.1,16400.2,22049.8,82154.4,24.8,0,
2017-12-22 06:08:31,0,1,2,34.0,3900.1,16121.3,22049.8,82154.4,24.8,0,
2017-12-22 06:08:34,0,1,2,34.1,3899.9,15802.3,22076.2,82257.6,24.9,0,
2017-12-22 06:08:38,0,1,2,34.1,3900.0,15561.1,22076.2,82257.6,24.9,0,
2017-12-22 06:08:41,0,1,2,34.2,3900.0,15323.3,22101.9,82357.7,24.9,0,
2017-12-22 06:08:44,0,1,2,34.2,3900.0,15131.4,22101.9,82357.7,24.9,0,
2017-12-22 06:08:47,0,1,2,34.3,3899.9,14866.7,22126.9,82455.3,24.9,0,
2017-12-22 06:08:50,0,1,2,34.3,3899.9,14608.0,22126.9,82455.3,24.9,0,
2017-12-22 06:08:53,0,1,2,34.4,3900.1,14315.0,22151.1,82549.5,24.9,0,
2017-12-22 06:08:56,0,1,2,34.4,3899.9,14065.8,22151.1,82549.5,25.0,0,
2017-12-22 06:09:00,0,1,2,34.5,3899.9,13890.3,22174.4,82640.5,25.0,0,
2017-12-22 06:09:03,0,1,2,34.5,3899.9,13612.4,22174.4,82640.5,25.0,0,
2017-12-22 06:09:06,0,1,2,34.6,3899.9,13408.9,22197.0,82728.6,25.0,0,
2017-12-22 06:09:09,0,1,2,34.6,3899.9,13206.8,22197.0,82728.6,25.0,0,
2017-12-22 06:09:12,0,1,2,34.7,3899.9,12976.4,22219.0,82814.5,25.0,0,
2017-12-22 06:09:16,0,1,2,34.8,3899.9,12782.0,22240.3,82897.6,24.9,0,
2017-12-22 06:09:19,0,1,2,34.8,3900.1,12565.5,22240.3,82897.6,24.9,0,
2017-12-22 06:09:22,0,1,2,34.9,3899.9,12314.1,22260.9,82977.8,24.9,0,
2017-12-22 06:09:25,0,1,2,34.9,3899.9,12122.8,22260.9,82977.8,24.9,0,
2017-12-22 06:09:28,0,1,2,35.0,3900.1,12000.1,22281.0,83056.0,24.9,0,
2017-12-22 06:09:31,0,1,2,35.0,3899.9,11767.7,22281.0,83056.0,24.9,0,
2017-12-22 06:09:34,0,1,2,35.1,3900.0,11583.2,22300.4,83131.7,24.9,0,
2017-12-22 06:09:38,0,1,2,35.1,3900.1,11381.3,22300.4,83131.7,24.9,0,
2017-12-22 06:09:41,0,1,2,35.2,3899.9,11237.5,22319.2,83205.1,24.9,0,
2017-12-22 06:09:44,0,1,2,35.2,3900.1,11096.3,22319.2,83205.1,24.8,0,
2017-12-22 06:09:47,0,1,2,35.3,3900.1,10874.8,22337.5,83276.3,24.9,0,
2017-12-22 06:09:50,0,1,2,35.3,3900.1,10709.6,22337.5,83276.3,24.8,0,
2017-12-22 06:09:53,0,1,2,35.4,3899.9,10548.6,22355.2,83345.4,24.9,0,
2017-12-22 06:09:57,0,1,2,35.4,3899.9,10316.8,22355.2,83345.4,24.9,0,
2017-12-22 06:10:00,0,1,2,35.5,3900.0,10155.6,22372.3,83412.3,24.9,0,
2017-12-22 06:10:03,0,1,2,35.5,3900.1,10032.6,22372.3,83412.3,24.9,0,
2017-12-22 06:10:03,0,1,2,35.6,3900.0,9978.2,22389.0,83477.1,24.9,5,终止电流到
2017-12-22 06:10:06,0,1,2,35.6,3891.8,5.5,22389.0,83477.1,24.8,5,终止电流到
2017-12-22 06:10:09,0,1,2,35.6,3890.8,5.9,22389.0,83477.1,24.9,5,终止电流到
2017-12-22 06:10:13,0,1,2,35.7,3889.9,3.4,22389.0,83477.2,24.8,5,终止电流到
2017-12-22 06:10:15,0,1,2,35.8,3889.4,4.9,22389.0,83477.2,24.8,5,终止电流到
2017-12-22 06:10:18,0,1,2,35.8,3888.8,3.5,22389.0,83477.2,24.8,5,终止电流到
2017-12-22 06:10:22,0,1,2,35.9,3888.4,5.1,22389.0,83477.2,24.8,5,终止电流到
2017-12-22 06:10:25,0,1,2,35.9,3888.0,3.8,22389.0,83477.2,24.8,5,终止电流到
2017-12-22 06:10:28,0,1,2,36.0,3887.6,4.7,22389.0,83477.3,24.8,5,终止电流到
2017-12-22 06:10:31,0,1,2,36.0,3887.1,4.1,22389.0,83477.3,24.8,5,终止电流到
2017-12-22 06:10:34,0,1,2,36.1,3887.1,2.4,22389.0,83477.3,24.8,5,终止电流到
2017-12-22 06:10:37,0,1,2,36.1,3886.8,4.4,22389.0,83477.3,24.8,5,终止电流到
2017-12-22 06:10:40,0,1,2,36.2,3886.4,4.3,22389.0,83477.3,24.8,5,终止电流到
2017-12-22 06:10:43,0,1,2,36.2,3886.3,2.8,22389.0,83477.3,24.8,5,终止电流到
2017-12-22 06:10:46,0,1,2,36.3,3886.0,4.4,22389.0,83477.3,24.8,5,终止电流到
2017-12-22 06:10:50,0,1,2,36.3,3886.0,2.5,22389.0,83477.3,24.8,5,终止电流到
2017-12-22 06:10:53,0,1,2,36.4,3885.8,2.5,22389.0,83477.3,24.8,5,终止电流到
2017-12-22 06:10:56,0,1,2,36.4,3885.6,4.2,22389.0,83477.3,24.8,5,终止电流到
2017-12-22 06:10:59,0,1,2,36.5,3885.5,2.9,22389.0,83477.4,24.8,5,终止电流到
2017-12-22 06:11:02,0,1,2,36.5,3885.4,4.4,22389.0,83477.4,24.8,5,终止电流到
2017-12-22 06:11:07,0,2,3,0.0,3885.3,0,0.0,0.0,24.8,0,
2017-12-22 06:11:30,0,2,3,0.4,3884.4,23.4,0.0,0.0,24.8,0,
2017-12-22 06:11:33,0,2,3,0.4,3884.4,23.3,0.0,0.0,24.7,0,
2017-12-22 06:11:36,0,2,3,0.5,3884.2,22.6,0.0,0.0,24.8,0,
2017-12-22 06:11:39,0,2,3,0.5,3884.2,22.8,0.0,0.0,24.8,0,
2017-12-22 06:11:42,0,2,3,0.6,3884.2,24.9,0.0,0.0,24.8,0,
2017-12-22 06:11:45,0,2,3,0.6,3884.1,22.7,0.0,0.0,24.8,0,
2017-12-22 06:11:49,0,2,3,0.7,3884.0,23.0,0.0,0.0,24.8,0,
2017-12-22 06:11:52,0,2,3,0.7,3883.9,22.9,0.0,0.0,24.8,0,
2017-12-22 06:11:55,0,2,3,0.8,3883.9,22.9,0.0,0.0,24.8,0,
2017-12-22 06:11:58,0,2,3,0.8,3883.9,24.9,0.0,0.0,24.8,0,
2017-12-22 06:12:01,0,2,3,0.9,3883.8,24.5,0.0,0.0,24.8,0,
2017-12-22 06:12:04,0,2,3,0.9,3883.7,24.5,0.0,0.0,24.8,0,
2017-12-22 06:12:07,0,2,3,1.0,3883.6,25.0,0.0,0.0,24.7,0,
2017-12-22 06:12:08,0,2,3,1.0,3883.5,24.3,0.0,0.0,24.8,1,时间到
2017-12-22 06:12:12,0,3,4,0.0,3883.5,0,0.0,0.0,24.8,0,
2017-12-22 06:12:34,0,3,4,0.4,3834.5,-40000.8,266.7,1025.0,24.7,0,
2017-12-22 06:12:38,0,3,4,0.4,3832.1,-40001.4,266.7,1025.0,24.8,0,
2017-12-22 06:12:41,0,3,4,0.5,3829.8,-40000.9,333.4,1280.4,24.8,0,
2017-12-22 06:12:44,0,3,4,0.5,3827.6,-40002.1,333.4,1280.4,24.7,0,
2017-12-22 06:12:47,0,3,4,0.6,3825.5,-40001.4,400.0,1535.5,24.7,0,
2017-12-22 06:12:50,0,3,4,0.6,3823.6,-40002.0,400.0,1535.5,24.7,0,
2017-12-22 06:12:53,0,3,4,0.7,3821.8,-40002.2,466.7,1790.3,24.8,0,
2017-12-22 06:12:56,0,3,4,0.7,3820.0,-40002.1,466.7,1790.3,24.8,0,
2017-12-22 06:13:00,0,3,4,0.8,3818.3,-40002.3,533.4,2044.9,24.8,0,
2017-12-22 06:13:03,0,3,4,0.8,3816.6,-40002.2,533.4,2044.9,24.8,0,
2017-12-22 06:13:06,0,3,4,0.9,3814.9,-40002.3,600.0,2299.3,24.8,0,
2017-12-22 06:13:09,0,3,4,0.9,3813.4,-40002.8,600.0,2299.3,24.8,0,
2017-12-22 06:13:12,0,3,4,1.0,3811.9,-39999.9,666.7,2553.5,24.8,0,
2017-12-22 06:13:15,0,3,4,1.0,3810.4,-39999.9,666.7,2553.5,24.8,0,
2017-12-22 06:13:18,0,3,4,1.1,3808.8,-39999.3,733.4,2807.5,24.8,0,
2017-12-22 06:13:22,0,3,4,1.1,3807.3,-39999.6,733.4,2807.5,24.8,0,
2017-12-22 06:13:25,0,3,4,1.2,3805.8,-39999.7,800.0,3061.3,24.8,0,
2017-12-22 06:13:28,0,3,4,1.2,3804.4,-40000.1,800.0,3061.3,24.7,0,
2017-12-22 06:13:31,0,3,4,1.3,3803.0,-39999.7,866.7,3314.9,24.8,0,
2017-12-22 06:13:34,0,3,4,1.3,3801.5,-39999.4,866.7,3314.9,24.8,0,
2017-12-22 06:13:37,0,3,4,1.4,3800.1,-40000.5,933.4,3568.3,24.8,0,
2017-12-22 06:13:40,0,3,4,1.5,3798.8,-39999.7,1000.0,3821.6,24.8,0,
2017-12-22 06:13:44,0,3,4,1.5,3797.3,-39999.5,1000.0,3821.6,24.8,0,
2017-12-22 06:13:47,0,3,4,1.6,3796.0,-39999.3,1066.7,4074.7,24.8,0,
2017-12-22 06:13:50,0,3,4,1.6,3794.5,-39999.3,1066.7,4074.7,24.8,0,
2017-12-22 06:13:53,0,3,4,1.7,3793.2,-40000.0,1133.4,4327.6,24.8,0,
2017-12-22 06:13:56,0,3,4,1.7,3791.7,-39999.3,1133.4,4327.6,24.7,0,
2017-12-22 06:14:00,0,3,4,1.8,3790.4,-39999.4,1200.0,4580.3,24.7,0,
2017-12-22 06:14:03,0,3,4,1.8,3788.9,-40000.0,1200.0,4580.3,24.8,0,
2017-12-22 06:14:06,0,3,4,1.9,3787.7,-39999.7,1266.7,4832.8,24.7,0,
2017-12-22 06:14:09,0,3,4,1.9,3786.2,-40000.0,1266.7,4832.8,24.8,0,
2017-12-22 06:14:12,0,3,4,2.0,3785.0,-39999.7,1333.4,5085.2,24.8,0,
2017-12-22 06:14:15,0,3,4,2.0,3783.6,-39999.3,1333.4,5085.2,24.7,0,
2017-12-22 06:14:18,0,3,4,2.1,3782.3,-40000.1,1400.0,5337.4,24.8,0,
2017-12-22 06:14:22,0,3,4,2.1,3780.9,-40000.0,1400.0,5337.4,24.7,0,
2017-12-22 06:14:25,0,3,4,2.2,3779.5,-39999.8,1466.7,5589.5,24.7,0,
2017-12-22 06:14:28,0,3,4,2.2,3778.3,-39999.8,1466.7,5589.5,24.8,0,
2017-12-22 06:14:31,0,3,4,2.3,3776.7,-40000.0,1533.4,5841.3,24.8,0,
2017-12-22 06:14:34,0,3,4,2.3,3775.4,-40000.8,1533.4,5841.3,24.8,0,
2017-12-22 06:14:37,0,3,4,2.4,3774.2,-39999.8,1600.0,6093.0,24.8,0,
2017-12-22 06:14:40,0,3,4,2.5,3772.8,-40000.0,1666.7,6344.5,24.8,0,
2017-12-22 06:14:44,0,3,4,2.5,3771.5,-40000.1,1666.7,6344.5,24.8,0,
2017-12-22 06:14:47,0,3,4,2.6,3770.2,-40000.0,1733.4,6595.9,24.8,0,
2017-12-22 06:14:50,0,3,4,2.6,3768.8,-40000.2,1733.4,6595.9,24.8,0,
2017-12-22 06:14:53,0,3,4,2.7,3767.5,-39999.7,1800.0,6847.1,24.8,0,
2017-12-22 06:14:56,0,3,4,2.7,3766.3,-40000.0,1800.0,6847.1,24.8,0,
2017-12-22 06:14:59,0,3,4,2.8,3764.9,-39999.4,1866.7,7098.1,24.8,0,
2017-12-22 06:15:02,0,3,4,2.8,3763.5,-39999.8,1866.7,7098.1,24.8,0,
2017-12-22 06:15:06,0,3,4,2.9,3762.3,-39999.8,1933.4,7349.0,24.8,0,
2017-12-22 06:15:09,0,3,4,2.9,3761.0,-39999.3,1933.4,7349.0,24.8,0,
2017-12-22 06:15:12,0,3,4,3.0,3759.7,-39999.9,2000.0,7599.6,24.8,0,
2017-12-22 06:15:15,0,3,4,3.0,3758.4,-39999.7,2000.0,7599.6,24.8,0,
2017-12-22 06:15:18,0,3,4,3.1,3757.1,-39999.8,2066.7,7850.2,24.8,0,
2017-12-22 06:15:21,0,3,4,3.1,3755.9,-39999.7,2066.7,7850.2,24.8,0,
2017-12-22 06:15:24,0,3,4,3.2,3754.5,-39999.0,2133.4,8100.5,24.8,0,
2017-12-22 06:15:28,0,3,4,3.2,3753.3,-39999.5,2133.4,8100.5,24.8,0,
2017-12-22 06:15:31,0,3,4,3.3,3752.0,-39999.5,2200.0,8350.7,24.8,0,
2017-12-22 06:15:34,0,3,4,3.3,3750.6,-39999.5,2200.0,8350.7,24.7,0,
2017-12-22 06:15:37,0,3,4,3.4,3749.5,-39999.7,2266.7,8600.7,24.8,0,
2017-12-22 06:15:40,0,3,4,3.4,3748.3,-39999.2,2266.7,8600.7,24.8,0,
2017-12-22 06:15:43,0,3,4,3.5,3746.9,-39999.4,2333.4,8850.6,24.8,0,
2017-12-22 06:15:46,0,3,4,3.6,3745.8,-39999.2,2400.0,9100.3,24.8,0,
2017-12-22 06:15:49,0,3,4,3.6,3744.5,-40000.2,2400.0,9100.3,24.8,0,
2017-12-22 06:15:53,0,3,4,3.7,3743.5,-39999.5,2466.7,9349.9,24.8,0,
2017-12-22 06:15:56,0,3,4,3.7,3742.3,-39999.2,2466.7,9349.9,24.8,0,
2017-12-22 06:15:59,0,3,4,3.8,3741.0,-39999.2,2533.4,9599.3,24.8,0,
2017-12-22 06:16:02,0,3,4,3.8,3739.9,-39998.9,2533.4,9599.3,24.8,0,
2017-12-22 06:16:05,0,3,4,3.9,3738.7,-39999.5,2600.0,9848.5,24.8,0,
2017-12-22 06:16:08,0,3,4,3.9,3737.5,-39999.0,2600.0,9848.5,24.8,0,
2017-12-22 06:16:11,0,3,4,4.0,3736.4,-39999.6,2666.7,10097.6,24.8,0,
2017-12-22 06:16:15,0,3,4,4.0,3735.2,-39999.9,2666.7,10097.6,24.8,0,
2017-12-22 06:16:18,0,3,4,4.1,3734.0,-40001.0,2733.4,10346.6,24.8,0,
2017-12-22 06:16:21,0,3,4,4.1,3732.8,-40001.0,2733.4,10346.6,24.7,0,
2017-12-22 06:16:24,0,3,4,4.2,3731.8,-40000.7,2800.0,10595.4,24.8,0,
2017-12-22 06:16:27,0,3,4,4.2,3730.5,-40001.1,2800.0,10595.4,24.8,0,
2017-12-22 06:16:30,0,3,4,4.3,3729.6,-40000.9,2866.7,10844.1,24.8,0,
2017-12-22 06:16:33,0,3,4,4.3,3728.4,-40000.5,2866.7,10844.1,24.8,0,
2017-12-22 06:16:37,0,3,4,4.4,3727.4,-40000.3,2933.4,11092.7,24.8,0,
2017-12-22 06:16:40,0,3,4,4.4,3726.2,-40000.3,2933.4,11092.7,24.8,0,
2017-12-22 06:16:43,0,3,4,4.5,3725.2,-40000.8,3000.0,11341.1,24.8,0,
2017-12-22 06:16:46,0,3,4,4.5,3724.2,-40000.8,3000.0,11341.1,24.8,0,
2017-12-22 06:16:49,0,3,4,4.6,3722.9,-40000.8,3066.7,11589.4,24.8,0,
2017-12-22 06:16:52,0,3,4,4.6,3722.0,-40000.9,3066.7,11589.4,24.8,0,
2017-12-22 06:16:55,0,3,4,4.7,3721.0,-40000.0,3133.4,11837.5,24.8,0,
2017-12-22 06:16:58,0,3,4,4.8,3720.0,-40000.0,3200.0,12085.5,24.8,0,
2017-12-22 06:17:02,0,3,4,4.8,3718.8,-39999.6,3200.0,12085.5,24.8,0,
2017-12-22 06:17:05,0,3,4,4.9,3717.8,-39999.7,3266.7,12333.3,24.8,0,
2017-12-22 06:17:08,0,3,4,4.9,3716.8,-39999.3,3266.7,12333.3,24.8,0,
2017-12-22 06:17:11,0,3,4,5.0,3715.7,-39999.2,3333.4,12581.1,24.7,0,
2017-12-22 06:17:14,0,3,4,5.0,3714.9,-39999.7,3333.4,12581.1,24.7,0,
2017-12-22 06:17:17,0,3,4,5.1,3713.9,-39998.9,3400.0,12828.7,24.8,0,
2017-12-22 06:17:20,0,3,4,5.1,3712.9,-39999.2,3400.0,12828.7,24.7,0,
2017-12-22 06:17:24,0,3,4,5.2,3711.9,-39999.5,3466.7,13076.2,24.7,0,
2017-12-22 06:17:27,0,3,4,5.2,3711.0,-39998.7,3466.7,13076.2,24.7,0,
2017-12-22 06:17:30,0,3,4,5.3,3710.0,-39999.3,3533.4,13323.5,24.7,0,
2017-12-22 06:17:33,0,3,4,5.3,3709.0,-39999.5,3533.4,13323.5,24.7,0,
2017-12-22 06:17:36,0,3,4,5.4,3707.9,-39999.6,3600.0,13570.7,24.7,0,
2017-12-22 06:17:39,0,3,4,5.4,3707.1,-39999.4,3600.0,13570.7,24.7,0,
2017-12-22 06:17:42,0,3,4,5.5,3706.2,-39999.2,3666.7,13817.8,24.7,0,
2017-12-22 06:17:46,0,3,4,5.5,3705.2,-39999.7,3666.7,13817.8,24.7,0,
2017-12-22 06:17:49,0,3,4,5.6,3704.2,-39999.3,3733.3,14064.8,24.7,0,
2017-12-22 06:17:52,0,3,4,5.6,3703.4,-39999.2,3733.3,14064.8,24.7,0,
2017-12-22 06:17:55,0,3,4,5.7,3702.5,-39999.0,3800.0,14311.7,24.7,0,
2017-12-22 06:17:58,0,3,4,5.7,3701.5,-39998.8,3800.0,14311.7,24.7,0,
2017-12-22 06:18:01,0,3,4,5.8,3700.8,-39999.2,3866.7,14558.5,24.7,0,
2017-12-22 06:18:04,0,3,4,5.9,3699.7,-39998.8,3933.3,14805.1,24.7,0,
2017-12-22 06:18:07,0,3,4,5.9,3698.9,-39999.3,3933.3,14805.1,24.6,0,
2017-12-22 06:18:11,0,3,4,6.0,3698.1,-39999.0,4000.0,15051.6,24.7,0,
2017-12-22 06:18:14,0,3,4,6.0,3697.1,-39999.3,4000.0,15051.6,24.7,0,
2017-12-22 06:18:17,0,3,4,6.1,3696.2,-39999.7,4066.7,15298.1,24.7,0,
2017-12-22 06:18:20,0,3,4,6.1,3695.3,-39999.5,4066.7,15298.1,24.6,0,
2017-12-22 06:18:23,0,3,4,6.2,3694.6,-39999.5,4133.3,15544.4,24.7,0,
2017-12-22 06:18:26,0,3,4,6.2,3693.7,-39999.7,4133.3,15544.4,24.6,0,
2017-12-22 06:18:29,0,3,4,6.3,3692.9,-39999.8,4200.0,15790.5,24.7,0,
2017-12-22 06:18:33,0,3,4,6.3,3691.9,-39998.9,4200.0,15790.5,24.7,0,
2017-12-22 06:18:36,0,3,4,6.4,3691.1,-39998.7,4266.7,16036.6,24.7,0,
2017-12-22 06:18:39,0,3,4,6.4,3690.3,-39999.1,4266.7,16036.6,24.6,0,
2017-12-22 06:18:42,0,3,4,6.5,3689.5,-39999.4,4333.3,16282.6,24.7,0,
2017-12-22 06:18:45,0,3,4,6.5,3688.6,-39999.1,4333.3,16282.6,24.7,0,
2017-12-22 06:18:48,0,3,4,6.6,3687.9,-39999.0,4400.0,16528.5,24.6,0,
2017-12-22 06:18:51,0,3,4,6.6,3687.0,-39999.2,4400.0,16528.5,24.6,0,
2017-12-22 06:18:54,0,3,4,6.7,3686.2,-39999.0,4466.6,16774.2,24.6,0,
2017-12-22 06:18:58,0,3,4,6.7,3685.5,-39999.2,4466.6,16774.2,24.6,0,
2017-12-22 06:19:01,0,3,4,6.8,3684.6,-39999.0,4533.3,17019.9,24.6,0,
2017-12-22 06:19:04,0,3,4,6.8,3683.7,-39998.6,4533.3,17019.9,24.6,0,
2017-12-22 06:19:07,0,3,4,6.9,3682.9,-39999.2,4600.0,17265.5,24.6,0,
2017-12-22 06:19:10,0,3,4,7.0,3682.2,-39999.0,4666.6,17510.9,24.6,0,
2017-12-22 06:19:13,0,3,4,7.0,3681.4,-39998.5,4666.6,17510.9,24.6,0,
2017-12-22 06:19:17,0,3,4,7.1,3680.7,-39998.8,4733.3,17756.3,24.6,0,
2017-12-22 06:19:20,0,3,4,7.1,3679.7,-39999.0,4733.3,17756.3,24.6,0,
2017-12-22 06:19:23,0,3,4,7.2,3679.0,-39998.7,4800.0,18001.6,24.6,0,
2017-12-22 06:19:26,0,3,4,7.2,3678.3,-39999.2,4800.0,18001.6,24.6,0,
2017-12-22 06:19:29,0,3,4,7.3,3677.6,-39999.0,4866.6,18246.7,24.6,0,
2017-12-22 06:19:32,0,3,4,7.3,3676.8,-39999.0,4866.6,18246.7,24.7,0,
2017-12-22 06:19:35,0,3,4,7.4,3676.0,-39998.6,4933.3,18491.8,24.7,0,
2017-12-22 06:19:38,0,3,4,7.4,3675.3,-39998.9,4933.3,18491.8,24.6,0,
2017-12-22 06:19:41,0,3,4,7.5,3674.5,-39998.7,5000.0,18736.8,24.6,0,
2017-12-22 06:19:45,0,3,4,7.5,3673.8,-39998.3,5000.0,18736.8,24.7,0,
2017-12-22 06:19:48,0,3,4,7.6,3673.0,-39998.0,5066.6,18981.6,24.7,0,
2017-12-22 06:19:51,0,3,4,7.6,3672.2,-39998.1,5066.6,18981.6,24.7,0,
2017-12-22 06:19:54,0,3,4,7.7,3671.5,-39998.3,5133.3,19226.4,24.7,0,
2017-12-22 06:19:57,0,3,4,7.7,3670.7,-39997.9,5133.3,19226.4,24.7,0,
2017-12-22 06:20:00,0,3,4,7.8,3670.0,-39998.0,5199.9,19471.1,24.7,0,
2017-12-22 06:20:03,0,3,4,7.8,3669.3,-39997.9,5199.9,19471.1,24.7,0,
2017-12-22 06:20:07,0,3,4,7.9,3668.6,-39998.2,5266.6,19715.7,24.7,0,
2017-12-22 06:20:10,0,3,4,7.9,3667.9,-39998.2,5266.6,19715.7,24.7,0,
2017-12-22 06:20:13,0,3,4,8.0,3667.2,-39998.0,5333.3,19960.2,24.7,0,
2017-12-22 06:20:16,0,3,4,8.1,3666.4,-39998.3,5399.9,20204.6,24.7,0,
2017-12-22 06:20:19,0,3,4,8.1,3665.7,-39998.7,5399.9,20204.6,24.7,0,
2017-12-22 06:20:23,0,3,4,8.2,3664.9,-39998.2,5466.6,20448.9,24.8,0,
2017-12-22 06:20:26,0,3,4,8.2,3664.2,-39998.1,5466.6,20448.9,24.7,0,
2017-12-22 06:20:29,0,3,4,8.3,3663.5,-39998.7,5533.2,20693.1,24.7,0,
2017-12-22 06:20:32,0,3,4,8.3,3662.8,-39998.5,5533.2,20693.1,24.7,0,
2017-12-22 06:20:35,0,3,4,8.4,3662.1,-39998.7,5599.9,20937.2,24.7,0,
2017-12-22 06:20:38,0,3,4,8.4,3661.3,-39998.0,5599.9,20937.2,24.7,0,
2017-12-22 06:20:41,0,3,4,8.5,3660.7,-39998.3,5666.6,21181.3,24.7,0,
2017-12-22 06:20:45,0,3,4,8.5,3660.0,-39998.0,5666.6,21181.3,24.7,0,
2017-12-22 06:20:48,0,3,4,8.6,3659.3,-39998.1,5733.2,21425.2,24.7,0,
2017-12-22 06:20:51,0,3,4,8.6,3658.7,-39998.2,5733.2,21425.2,24.7,0,
2017-12-22 06:20:54,0,3,4,8.7,3657.8,-39998.5,5799.9,21669.1,24.6,0,
2017-12-22 06:20:57,0,3,4,8.7,3657.3,-39997.8,5799.9,21669.1,24.7,0,
2017-12-22 06:21:00,0,3,4,8.8,3656.5,-39998.0,5866.5,21912.9,24.7,0,
2017-12-22 06:21:03,0,3,4,8.8,3656.0,-39997.7,5866.5,21912.9,24.7,0,
2017-12-22 06:21:06,0,3,4,8.9,3655.2,-39997.6,5933.2,22156.5,24.7,0,
2017-12-22 06:21:10,0,3,4,8.9,3654.6,-39997.3,5933.2,22156.5,24.7,0,
2017-12-22 06:21:13,0,3,4,9.0,3653.9,-39997.5,5999.9,22400.1,24.7,0,
2017-12-22 06:21:16,0,3,4,9.0,3653.2,-39997.3,5999.9,22400.1,24.7,0,
2017-12-22 06:21:19,0,3,4,9.1,3652.6,-40000.7,6066.5,22643.7,24.7,0,
2017-12-22 06:21:22,0,3,4,9.1,3651.9,-40000.4,6066.5,22643.7,24.7,0,
2017-12-22 06:21:25,0,3,4,9.2,3651.2,-40001.0,6133.2,22887.1,24.7,0,
2017-12-22 06:21:28,0,3,4,9.3,3650.6,-40000.7,6199.9,23130.5,24.7,0,
2017-12-22 06:21:32,0,3,4,9.3,3649.8,-40001.2,6199.9,23130.5,24.7,0,
2017-12-22 06:21:35,0,3,4,9.4,3649.2,-40001.3,6266.5,23373.8,24.7,0,
2017-12-22 06:21:38,0,3,4,9.4,3648.6,-40001.3,6266.5,23373.8,24.7,0,
2017-12-22 06:21:41,0,3,4,9.5,3648.0,-40000.9,6333.2,23617.0,24.7,0,
2017-12-22 06:21:44,0,3,4,9.5,3647.2,-40000.7,6333.2,23617.0,24.7,0,
2017-12-22 06:21:47,0,3,4,9.6,3646.7,-40001.0,6399.9,23860.2,24.7,0,
2017-12-22 06:21:51,0,3,4,9.6,3646.0,-40000.2,6399.9,23860.2,24.7,0,
2017-12-22 06:21:54,0,3,4,9.7,3645.3,-40000.8,6466.5,24103.2,24.6,0,
2017-12-22 06:21:57,0,3,4,9.7,3644.8,-40000.6,6466.5,24103.2,24.7,0,
2017-12-22 06:22:00,0,3,4,9.8,3644.2,-40000.7,6533.2,24346.2,24.7,0,
2017-12-22 06:22:03,0,3,4,9.8,3643.5,-40000.3,6533.2,24346.2,24.7,0,
2017-12-22 06:22:06,0,3,4,9.9,3642.8,-40000.5,6599.9,24589.1,24.7,0,
2017-12-22 06:22:09,0,3,4,9.9,3642.3,-39999.7,6599.9,24589.1,24.7,0,
2017-12-22 06:22:13,0,3,4,10.0,3641.7,-39999.8,6666.5,24831.9,24.7,0,
2017-12-22 06:22:16,0,3,4,10.0,3641.0,-39999.3,6666.5,24831.9,24.7,0,
2017-12-22 06:22:19,0,3,4,10.1,3640.2,-40000.3,6733.2,25074.6,24.7,0,
2017-12-22 06:22:22,0,3,4,10.1,3639.6,-40001.1,6733.2,25074.6,24.7,0,
2017-12-22 06:22:25,0,3,4,10.2,3639.1,-40000.8,6799.9,25317.3,24.7,0,
2017-12-22 06:22:28,0,3,4,10.2,3638.4,-40000.7,6799.9,25317.3,24.7,0,
2017-12-22 06:22:31,0,3,4,10.3,3637.9,-40001.2,6866.5,25559.8,24.7,0,
2017-12-22 06:22:34,0,3,4,10.4,3637.1,-40000.3,6933.2,25802.3,24.7,0,
2017-12-22 06:22:38,0,3,4,10.4,3636.7,-40000.1,6933.2,25802.3,24.7,0,
2017-12-22 06:22:41,0,3,4,10.5,3636.0,-39999.5,6999.9,26044.7,24.8,0,
2017-12-22 06:22:44,0,3,4,10.5,3635.4,-40000.3,6999.9,26044.7,24.8,0,
2017-12-22 06:22:47,0,3,4,10.6,3634.8,-40000.2,7066.5,26287.0,24.7,0,
2017-12-22 06:22:50,0,3,4,10.6,3634.4,-39999.9,7066.5,26287.0,24.7,0,
2017-12-22 06:22:53,0,3,4,10.7,3633.7,-40000.2,7133.2,26529.3,24.8,0,
2017-12-22 06:22:56,0,3,4,10.7,3633.2,-40000.0,7133.2,26529.3,24.7,0,
2017-12-22 06:23:00,0,3,4,10.8,3632.5,-40000.3,7199.9,26771.5,24.8,0,
2017-12-22 06:23:03,0,3,4,10.8,3631.8,-40000.0,7199.9,26771.5,24.8,0,
2017-12-22 06:23:06,0,3,4,10.9,3631.4,-39999.7,7266.5,27013.6,24.8,0,
2017-12-22 06:23:09,0,3,4,10.9,3630.8,-40000.2,7266.5,27013.6,24.8,0,
2017-12-22 06:23:12,0,3,4,11.0,3630.1,-40000.0,7333.2,27255.6,24.8,0,
2017-12-22 06:23:15,0,3,4,11.0,3629.6,-39999.8,7333.2,27255.6,24.8,0,
2017-12-22 06:23:18,0,3,4,11.1,3629.0,-39999.9,7399.9,27497.6,24.8,0,
2017-12-22 06:23:21,0,3,4,11.1,3628.4,-39999.7,7399.9,27497.6,24.8,0,
2017-12-22 06:23:25,0,3,4,11.2,3627.8,-40000.8,7466.5,27739.5,24.8,0,
2017-12-22 06:23:28,0,3,4,11.2,3627.4,-40000.1,7466.5,27739.5,24.7,0,
2017-12-22 06:23:31,0,3,4,11.3,3626.7,-39999.9,7533.2,27981.3,24.8,0,
2017-12-22 06:23:34,0,3,4,11.3,3626.1,-40000.3,7533.2,27981.3,24.8,0,
2017-12-22 06:23:37,0,3,4,11.4,3625.7,-39999.8,7599.9,28223.0,24.7,0,
2017-12-22 06:23:40,0,3,4,11.4,3625.0,-39999.6,7599.9,28223.0,24.8,0,
2017-12-22 06:23:43,0,3,4,11.5,3624.5,-40000.0,7666.5,28464.7,24.8,0,
2017-12-22 06:23:46,0,3,4,11.6,3624.0,-40000.3,7733.2,28706.3,24.7,0,
2017-12-22 06:23:49,0,3,4,11.6,3623.3,-40000.4,7733.2,28706.3,24.7,0,
2017-12-22 06:23:53,0,3,4,11.7,3622.8,-40000.3,7799.9,28947.8,24.8,0,
2017-12-22 06:23:56,0,3,4,11.7,3622.3,-40000.0,7799.9,28947.8,24.8,0,
2017-12-22 06:23:59,0,3,4,11.8,3621.8,-40000.3,7866.5,29189.3,24.8,0,
2017-12-22 06:24:02,0,3,4,11.8,3621.2,-40000.3,7866.5,29189.3,24.8,0,
2017-12-22 06:24:05,0,3,4,11.9,3620.6,-40000.2,7933.2,29430.7,24.8,0,
2017-12-22 06:24:08,0,3,4,11.9,3620.0,-40000.5,7933.2,29430.7,24.7,0,
2017-12-22 06:24:11,0,3,4,12.0,3619.5,-40000.0,7999.9,29672.0,24.8,0,
2017-12-22 06:24:15,0,3,4,12.0,3619.0,-40000.7,7999.9,29672.0,24.7,0,
2017-12-22 06:24:18,0,3,4,12.1,3618.4,-40000.2,8066.6,29913.3,24.8,0,
2017-12-22 06:24:21,0,3,4,12.1,3617.9,-40000.0,8066.6,29913.3,24.8,0,
2017-12-22 06:24:24,0,3,4,12.2,3617.3,-39999.8,8133.2,30154.5,24.8,0,
2017-12-22 06:24:27,0,3,4,12.2,3616.8,-40000.4,8133.2,30154.5,24.7,0,
2017-12-22 06:24:30,0,3,4,12.3,3616.2,-40000.2,8199.9,30395.6,24.7,0,
2017-12-22 06:24:33,0,3,4,12.3,3615.8,-39999.9,8199.9,30395.6,24.7,0,
2017-12-22 06:24:37,0,3,4,12.4,3615.2,-40000.0,8266.6,30636.6,24.8,0,
2017-12-22 06:24:40,0,3,4,12.4,3614.7,-40000.5,8266.6,30636.6,24.7,0,
2017-12-22 06:24:43,0,3,4,12.5,3614.0,-40000.2,8333.2,30877.6,24.8,0,
2017-12-22 06:24:46,0,3,4,12.5,3613.5,-40000.5,8333.2,30877.6,24.8,0,
2017-12-22 06:24:49,0,3,4,12.6,3613.0,-40000.4,8399.9,31118.5,24.7,0,
2017-12-22 06:24:52,0,3,4,12.7,3612.5,-40000.3,8466.6,31359.3,24.7,0,
2017-12-22 06:24:56,0,3,4,12.7,3612.0,-40000.6,8466.6,31359.3,24.7,0,
2017-12-22 06:24:59,0,3,4,12.8,3611.5,-40000.3,8533.2,31600.1,24.7,0,
2017-12-22 06:25:02,0,3,4,12.8,3611.0,-40000.7,8533.2,31600.1,24.7,0,
2017-12-22 06:25:05,0,3,4,12.9,3610.4,-40000.2,8599.9,31840.8,24.8,0,
2017-12-22 06:25:08,0,3,4,12.9,3609.8,-40000.5,8599.9,31840.8,24.8,0,
2017-12-22 06:25:11,0,3,4,13.0,3609.2,-40001.0,8666.6,32081.4,24.8,0,
2017-12-22 06:25:14,0,3,4,13.0,3608.9,-40000.5,8666.6,32081.4,24.7,0,
2017-12-22 06:25:18,0,3,4,13.1,3608.3,-40000.8,8733.2,32322.0,24.7,0,
2017-12-22 06:25:21,0,3,4,13.1,3607.8,-40000.0,8733.2,32322.0,24.8,0,
2017-12-22 06:25:24,0,3,4,13.2,3607.2,-40000.3,8799.9,32562.5,24.7,0,
2017-12-22 06:25:27,0,3,4,13.2,3606.7,-40000.3,8799.9,32562.5,24.8,0,
2017-12-22 06:25:30,0,3,4,13.3,3606.3,-40000.3,8866.6,32802.9,24.7,0,
2017-12-22 06:25:34,0,3,4,13.3,3605.6,-40000.2,8866.6,32802.9,24.8,0,
2017-12-22 06:25:37,0,3,4,13.4,3605.2,-40000.1,8933.2,33043.3,24.8,0,
2017-12-22 06:25:40,0,3,4,13.4,3604.6,-40000.0,8933.2,33043.3,24.8,0,
2017-12-22 06:25:43,0,3,4,13.5,3604.2,-39999.7,8999.9,33283.6,24.8,0,
2017-12-22 06:25:46,0,3,4,13.5,3603.6,-40000.0,8999.9,33283.6,24.8,0,
2017-12-22 06:25:49,0,3,4,13.6,3603.1,-40000.0,9066.6,33523.8,24.8,0,
2017-12-22 06:25:52,0,3,4,13.7,3602.6,-39999.8,9133.2,33764.0,24.7,0,
2017-12-22 06:25:56,0,3,4,13.7,3602.2,-40000.0,9133.2,33764.0,24.8,0,
2017-12-22 06:25:59,0,3,4,13.8,3601.6,-40000.3,9199.9,34004.1,24.8,0,
2017-12-22 06:26:02,0,3,4,13.8,3601.1,-40000.5,9199.9,34004.1,24.8,0,
2017-12-22 06:26:05,0,3,4,13.9,3600.5,-40000.8,9266.6,34244.2,24.8,0,
2017-12-22 06:26:08,0,3,4,13.9,3600.1,-40000.2,9266.6,34244.2,24.8,0,
2017-12-22 06:26:11,0,3,4,14.0,3599.5,-40000.2,9333.2,34484.2,24.8,0,
2017-12-22 06:26:14,0,3,4,14.0,3599.1,-40000.0,9333.2,34484.2,24.8,0,
2017-12-22 06:26:18,0,3,4,14.1,3598.6,-39999.7,9399.9,34724.1,24.8,0,
2017-12-22 06:26:21,0,3,4,14.1,3598.1,-39999.9,9399.9,34724.1,24.8,0,
2017-12-22 06:26:24,0,3,4,14.2,3597.6,-40000.1,9466.6,34964.0,24.8,0,
2017-12-22 06:26:27,0,3,4,14.2,3597.0,-39999.8,9466.6,34964.0,24.8,0,
2017-12-22 06:26:30,0,3,4,14.3,3596.6,-40000.0,9533.2,35203.8,24.8,0,
2017-12-22 06:26:33,0,3,4,14.3,3596.1,-40000.2,9533.2,35203.8,24.8,0,
2017-12-22 06:26:36,0,3,4,14.4,3595.5,-40000.7,9599.9,35443.5,24.8,0,
2017-12-22 06:26:40,0,3,4,14.4,3595.1,-39999.3,9599.9,35443.5,24.8,0,
2017-12-22 06:26:43,0,3,4,14.5,3594.6,-39999.7,9666.6,35683.1,24.8,0,
2017-12-22 06:26:46,0,3,4,14.5,3594.0,-40000.0,9666.6,35683.1,24.8,0,
2017-12-22 06:26:49,0,3,4,14.6,3593.5,-39999.5,9733.2,35922.7,24.8,0,
2017-12-22 06:26:52,0,3,4,14.6,3593.1,-40000.4,9733.2,35922.7,24.8,0,
2017-12-22 06:26:55,0,3,4,14.7,3592.6,-39999.6,9799.9,36162.3,24.8,0,
2017-12-22 06:26:58,0,3,4,14.8,3592.2,-39999.9,9866.6,36401.8,24.9,0,
2017-12-22 06:27:01,0,3,4,14.8,3591.7,-39999.7,9866.6,36401.8,24.8,0,
2017-12-22 06:27:04,0,3,4,14.9,3591.1,-39999.4,9933.2,36641.2,24.9,0,
2017-12-22 06:27:08,0,3,4,14.9,3590.6,-40000.1,9933.2,36641.2,24.9,0,
2017-12-22 06:27:11,0,3,4,15.0,3590.2,-39999.4,9999.9,36880.5,24.9,0,
2017-12-22 06:27:14,0,3,4,15.0,3589.6,-40000.0,9999.9,36880.5,24.9,0,
2017-12-22 06:27:17,0,3,4,15.1,3589.1,-39999.3,10066.6,37119.8,24.9,0,
2017-12-22 06:27:20,0,3,4,15.1,3588.7,-39999.4,10066.6,37119.8,24.9,0,
2017-12-22 06:27:23,0,3,4,15.2,3588.3,-39999.7,10133.2,37359.0,24.9,0,
2017-12-22 06:27:26,0,3,4,15.2,3587.6,-40000.0,10133.2,37359.0,24.9,0,
2017-12-22 06:27:30,0,3,4,15.3,3587.3,-39999.5,10199.9,37598.2,24.9,0,
2017-12-22 06:27:33,0,3,4,15.3,3586.7,-39999.2,10199.9,37598.2,24.9,0,
2017-12-22 06:27:36,0,3,4,15.4,3586.3,-39999.6,10266.6,37837.2,24.8,0,
2017-12-22 06:27:39,0,3,4,15.4,3585.7,-39999.7,10266.6,37837.2,24.9,0,
2017-12-22 06:27:42,0,3,4,15.5,3585.2,-39999.3,10333.2,38076.3,24.8,0,
2017-12-22 06:27:45,0,3,4,15.5,3584.9,-39999.6,10333.2,38076.3,24.8,0,
2017-12-22 06:27:48,0,3,4,15.6,3584.4,-39999.7,10399.9,38315.3,24.8,0,
2017-12-22 06:27:51,0,3,4,15.6,3583.9,-39999.7,10399.9,38315.3,24.8,0,
2017-12-22 06:27:54,0,3,4,15.7,3583.4,-39999.6,10466.5,38554.2,24.8,0,
2017-12-22 06:27:58,0,3,4,15.7,3582.9,-39999.2,10466.5,38554.2,24.9,0,
2017-12-22 06:28:01,0,3,4,15.8,3582.3,-39999.3,10533.2,38793.0,24.8,0,
2017-12-22 06:28:04,0,3,4,15.8,3581.9,-39999.6,10533.2,38793.0,24.8,0,
2017-12-22 06:28:07,0,3,4,15.9,3581.5,-39999.7,10599.9,39031.8,24.8,0,
2017-12-22 06:28:10,0,3,4,16.0,3581.0,-40000.0,10666.5,39270.5,24.8,0,
2017-12-22 06:28:13,0,3,4,16.0,3580.4,-39999.5,10666.5,39270.5,24.8,0,
2017-12-22 06:28:17,0,3,4,16.1,3580.0,-39999.7,10733.2,39509.2,24.8,0,
2017-12-22 06:28:20,0,3,4,16.1,3579.4,-39999.8,10733.2,39509.2,24.8,0,
2017-12-22 06:28:23,0,3,4,16.2,3578.9,-39999.2,10799.9,39747.8,24.8,0,
2017-12-22 06:28:26,0,3,4,16.2,3578.4,-39999.6,10799.9,39747.8,24.9,0,
2017-12-22 06:28:29,0,3,4,16.3,3578.1,-39999.3,10866.5,39986.3,24.9,0,
2017-12-22 06:28:32,0,3,4,16.3,3577.5,-39999.7,10866.5,39986.3,24.9,0,
2017-12-22 06:28:35,0,3,4,16.4,3577.2,-39999.0,10933.2,40224.8,24.9,0,
2017-12-22 06:28:38,0,3,4,16.4,3576.6,-39999.3,10933.2,40224.8,24.9,0,
2017-12-22 06:28:42,0,3,4,16.5,3576.1,-39999.5,10999.9,40463.2,24.9,0,
2017-12-22 06:28:45,0,3,4,16.5,3575.6,-40000.0,10999.9,40463.2,24.9,0,
2017-12-22 06:28:48,0,3,4,16.6,3575.2,-39999.8,11066.5,40701.6,24.9,0,
2017-12-22 06:28:51,0,3,4,16.6,3574.6,-39999.3,11066.5,40701.6,24.9,0,
2017-12-22 06:28:54,0,3,4,16.7,3574.1,-39999.5,11133.2,40939.9,24.9,0,
2017-12-22 06:28:57,0,3,4,16.7,3573.7,-39999.3,11133.2,40939.9,24.9,0,
2017-12-22 06:29:00,0,3,4,16.8,3573.3,-39999.6,11199.9,41178.1,24.9,0,
2017-12-22 06:29:04,0,3,4,16.8,3572.8,-39999.5,11199.9,41178.1,24.9,0,
2017-12-22 06:29:07,0,3,4,16.9,3572.3,-40000.0,11266.5,41416.3,24.9,0,
2017-12-22 06:29:10,0,3,4,16.9,3571.7,-39999.7,11266.5,41416.3,24.9,0,
2017-12-22 06:29:13,0,3,4,17.0,3571.3,-39999.3,11333.2,41654.4,24.9,0,
2017-12-22 06:29:16,0,3,4,17.1,3570.7,-39999.8,11399.9,41892.5,24.9,0,
2017-12-22 06:29:20,0,3,4,17.1,3570.3,-39999.7,11399.9,41892.5,24.9,0,
2017-12-22 06:29:23,0,3,4,17.2,3569.9,-39999.5,11466.5,42130.5,24.9,0,
2017-12-22 06:29:26,0,3,4,17.2,3569.3,-39999.3,11466.5,42130.5,24.9,0,
2017-12-22 06:29:29,0,3,4,17.3,3569.0,-39999.4,11533.2,42368.4,24.9,0,
2017-12-22 06:29:32,0,3,4,17.3,3568.5,-39999.5,11533.2,42368.4,24.9,0,
2017-12-22 06:29:35,0,3,4,17.4,3567.9,-39999.0,11599.9,42606.3,24.9,0,
2017-12-22 06:29:38,0,3,4,17.4,3567.5,-39999.3,11599.9,42606.3,24.9,0,
2017-12-22 06:29:41,0,3,4,17.5,3567.0,-39999.0,11666.5,42844.1,24.8,0,
2017-12-22 06:29:44,0,3,4,17.5,3566.6,-39999.2,11666.5,42844.1,24.9,0,
2017-12-22 06:29:47,0,3,4,17.6,3566.1,-39999.5,11733.2,43081.8,24.9,0,
2017-12-22 06:29:51,0,3,4,17.6,3565.5,-39999.6,11733.2,43081.8,24.9,0,
2017-12-22 06:29:54,0,3,4,17.7,3565.2,-39999.4,11799.9,43319.5,25.0,0,
2017-12-22 06:29:57,0,3,4,17.7,3564.7,-39999.7,11799.9,43319.5,24.9,0,
2017-12-22 06:30:00,0,3,4,17.8,3564.2,-39999.7,11866.5,43557.1,24.9,0,
2017-12-22 06:30:03,0,3,4,17.8,3563.7,-39999.5,11866.5,43557.1,24.9,0,
2017-12-22 06:30:06,0,3,4,17.9,3563.2,-39999.7,11933.2,43794.7,24.9,0,
2017-12-22 06:30:09,0,3,4,17.9,3562.8,-39999.2,11933.2,43794.7,24.9,0,
2017-12-22 06:30:12,0,3,4,18.0,3562.3,-39999.4,11999.9,44032.2,24.9,0,
2017-12-22 06:30:16,0,3,4,18.0,3561.9,-39999.7,11999.9,44032.2,25.0,0,
2017-12-22 06:30:19,0,3,4,18.1,3561.2,-39999.8,12066.5,44269.6,24.9,0,
2017-12-22 06:30:22,0,3,4,18.1,3560.8,-39999.2,12066.5,44269.6,24.9,0,
2017-12-22 06:30:25,0,3,4,18.2,3560.3,-39999.5,12133.2,44507.0,25.0,0,
2017-12-22 06:30:28,0,3,4,18.2,3559.8,-39999.5,12133.2,44507.0,25.0,0,
2017-12-22 06:30:31,0,3,4,18.3,3559.3,-40000.1,12199.8,44744.3,25.0,0,
2017-12-22 06:30:34,0,3,4,18.4,3558.8,-39999.6,12266.5,44981.6,25.0,0,
2017-12-22 06:30:38,0,3,4,18.4,3558.4,-39999.0,12266.5,44981.6,25.0,0,
2017-12-22 06:30:41,0,3,4,18.5,3558.0,-39999.5,12333.2,45218.7,25.0,0,
2017-12-22 06:30:44,0,3,4,18.5,3557.3,-40000.0,12333.2,45218.7,25.0,0,
2017-12-22 06:30:47,0,3,4,18.6,3557.0,-39999.5,12399.8,45455.9,25.0,0,
2017-12-22 06:30:50,0,3,4,18.6,3556.5,-39999.4,12399.8,45455.9,25.0,0,
2017-12-22 06:30:53,0,3,4,18.7,3555.9,-39999.5,12466.5,45693.0,25.0,0,
2017-12-22 06:30:56,0,3,4,18.7,3555.4,-39999.2,12466.5,45693.0,25.0,0,
2017-12-22 06:31:00,0,3,4,18.8,3555.1,-39999.2,12533.2,45930.0,25.0,0,
2017-12-22 06:31:03,0,3,4,18.8,3554.6,-39999.5,12533.2,45930.0,25.0,0,
2017-12-22 06:31:06,0,3,4,18.9,3554.0,-39999.2,12599.8,46166.9,25.0,0,
2017-12-22 06:31:09,0,3,4,18.9,3553.7,-39999.6,12599.8,46166.9,25.0,0,
2017-12-22 06:31:12,0,3,4,19.0,3553.2,-39999.2,12666.5,46403.8,25.0,0,
2017-12-22 06:31:15,0,3,4,19.0,3552.6,-39999.4,12666.5,46403.8,25.0,0,
2017-12-22 06:31:18,0,3,4,19.1,3552.2,-40000.3,12733.2,46640.6,24.9,0,
2017-12-22 06:31:21,0,3,4,19.1,3551.8,-39999.6,12733.2,46640.6,24.9,0,
2017-12-22 06:31:25,0,3,4,19.2,3551.1,-39999.5,12799.8,46877.4,24.9,0,
2017-12-22 06:31:28,0,3,4,19.2,3550.6,-39999.8,12799.8,46877.4,24.9,0,
2017-12-22 06:31:31,0,3,4,19.3,3550.3,-39999.4,12866.5,47114.1,24.9,0,
2017-12-22 06:31:34,0,3,4,19.4,3549.7,-40000.0,12933.2,47350.8,24.9,0,
2017-12-22 06:31:37,0,3,4,19.4,3549.3,-39999.8,12933.2,47350.8,24.9,0,
2017-12-22 06:31:41,0,3,4,19.5,3548.7,-39999.5,12999.8,47587.3,24.9,0,
2017-12-22 06:31:44,0,3,4,19.5,3548.2,-39999.7,12999.8,47587.3,24.9,0,
2017-12-22 06:31:47,0,3,4,19.6,3547.7,-39999.8,13066.5,47823.8,24.9,0,
2017-12-22 06:31:50,0,3,4,19.6,3547.3,-39999.4,13066.5,47823.8,25.0,0,
2017-12-22 06:31:53,0,3,4,19.7,3546.8,-39999.3,13133.2,48060.3,25.0,0,
2017-12-22 06:31:56,0,3,4,19.7,3546.3,-39999.4,13133.2,48060.3,25.0,0,
2017-12-22 06:31:59,0,3,4,19.8,3545.9,-39999.0,13199.8,48296.7,25.0,0,
2017-12-22 06:32:03,0,3,4,19.8,3545.3,-39999.2,13199.8,48296.7,25.0,0,
2017-12-22 06:32:06,0,3,4,19.9,3544.9,-39999.6,13266.5,48533.0,25.0,0,
2017-12-22 06:32:09,0,3,4,19.9,3544.4,-39998.7,13266.5,48533.0,25.0,0,
2017-12-22 06:32:12,0,3,4,20.0,3544.0,-39999.3,13333.2,48769.3,25.0,0,
2017-12-22 06:32:15,0,3,4,20.0,3543.4,-39998.7,13333.2,48769.3,25.0,0,
2017-12-22 06:32:18,0,3,4,20.1,3542.9,-39999.2,13399.8,49005.5,25.0,0,
2017-12-22 06:32:21,0,3,4,20.1,3542.4,-39999.2,13399.8,49005.5,25.0,0,
2017-12-22 06:32:24,0,3,4,20.2,3541.9,-39998.7,13466.5,49241.6,25.0,0,
2017-12-22 06:32:28,0,3,4,20.2,3541.4,-39999.3,13466.5,49241.6,25.0,0,
2017-12-22 06:32:31,0,3,4,20.3,3540.8,-39999.0,13533.1,49477.7,25.0,0,
2017-12-22 06:32:34,0,3,4,20.3,3540.4,-39999.0,13533.1,49477.7,25.0,0,
2017-12-22 06:32:37,0,3,4,20.4,3540.1,-39998.8,13599.8,49713.7,25.0,0,
2017-12-22 06:32:40,0,3,4,20.4,3539.4,-39999.1,13599.8,49713.7,25.0,0,
2017-12-22 06:32:43,0,3,4,20.5,3539.0,-39999.6,13666.5,49949.6,25.0,0,
2017-12-22 06:32:46,0,3,4,20.6,3538.5,-39999.2,13733.1,50185.5,25.0,0,
2017-12-22 06:32:50,0,3,4,20.6,3538.0,-39998.7,13733.1,50185.5,25.0,0,
2017-12-22 06:32:53,0,3,4,20.7,3537.5,-39998.3,13799.8,50421.4,25.0,0,
2017-12-22 06:32:56,0,3,4,20.7,3536.9,-39998.7,13799.8,50421.4,25.0,0,
2017-12-22 06:32:59,0,3,4,20.8,3536.5,-39999.2,13866.5,50657.1,25.0,0,
2017-12-22 06:33:02,0,3,4,20.8,3536.0,-39998.9,13866.5,50657.1,25.0,0,
2017-12-22 06:33:05,0,3,4,20.9,3535.5,-39998.4,13933.1,50892.8,25.0,0,
2017-12-22 06:33:08,0,3,4,20.9,3535.1,-39999.2,13933.1,50892.8,25.0,0,
2017-12-22 06:33:11,0,3,4,21.0,3534.6,-39999.0,13999.8,51128.5,25.0,0,
2017-12-22 06:33:15,0,3,4,21.0,3534.1,-39999.3,13999.8,51128.5,25.0,0,
2017-12-22 06:33:18,0,3,4,21.1,3533.4,-39999.0,14066.5,51364.0,25.0,0,
2017-12-22 06:33:21,0,3,4,21.1,3533.1,-39998.7,14066.5,51364.0,24.9,0,
2017-12-22 06:33:24,0,3,4,21.2,3532.6,-39998.8,14133.1,51599.5,24.9,0,
2017-12-22 06:33:27,0,3,4,21.2,3532.1,-39999.0,14133.1,51599.5,24.9,0,
2017-12-22 06:33:30,0,3,4,21.3,3531.5,-39999.1,14199.8,51835.0,24.9,0,
2017-12-22 06:33:34,0,3,4,21.3,3531.0,-39999.1,14199.8,51835.0,24.9,0,
2017-12-22 06:33:37,0,3,4,21.4,3530.6,-39999.2,14266.4,52070.4,24.9,0,
2017-12-22 06:33:40,0,3,4,21.4,3530.1,-39999.2,14266.4,52070.4,24.9,0,
2017-12-22 06:33:43,0,3,4,21.5,3529.5,-39998.7,14333.1,52305.7,25.0,0,
2017-12-22 06:33:46,0,3,4,21.5,3529.0,-39998.8,14333.1,52305.7,24.9,0,
2017-12-22 06:33:49,0,3,4,21.6,3528.5,-39998.8,14399.8,52540.9,24.9,0,
2017-12-22 06:33:52,0,3,4,21.7,3528.0,-39999.0,14466.4,52776.1,25.0,0,
2017-12-22 06:33:55,0,3,4,21.7,3527.4,-39999.0,14466.4,52776.1,25.0,0,
2017-12-22 06:33:59,0,3,4,21.8,3527.0,-39999.1,14533.1,53011.3,25.0,0,
2017-12-22 06:34:02,0,3,4,21.8,3526.5,-39998.9,14533.1,53011.3,25.0,0,
2017-12-22 06:34:05,0,3,4,21.9,3525.9,-39999.3,14599.8,53246.3,25.0,0,
2017-12-22 06:34:08,0,3,4,21.9,3525.5,-39999.2,14599.8,53246.3,25.0,0,
2017-12-22 06:34:11,0,3,4,22.0,3524.9,-39999.0,14666.4,53481.3,25.0,0,
2017-12-22 06:34:14,0,3,4,22.0,3524.3,-39998.7,14666.4,53481.3,25.0,0,
2017-12-22 06:34:17,0,3,4,22.1,3523.8,-39999.7,14733.1,53716.2,25.0,0,
2017-12-22 06:34:21,0,3,4,22.1,3523.4,-39999.4,14733.1,53716.2,25.0,0,
2017-12-22 06:34:24,0,3,4,22.2,3522.8,-39999.3,14799.8,53951.1,25.0,0,
2017-12-22 06:34:27,0,3,4,22.2,3522.3,-39998.3,14799.8,53951.1,25.0,0,
2017-12-22 06:34:30,0,3,4,22.3,3521.8,-39999.2,14866.4,54185.9,25.0,0,
2017-12-22 06:34:33,0,3,4,22.3,3521.3,-39998.7,14866.4,54185.9,25.0,0,
2017-12-22 06:34:36,0,3,4,22.4,3520.8,-39998.5,14933.1,54420.6,25.0,0,
2017-12-22 06:34:39,0,3,4,22.4,3520.2,-39999.6,14933.1,54420.6,25.0,0,
2017-12-22 06:34:43,0,3,4,22.5,3519.7,-39998.8,14999.7,54655.3,25.0,0,
2017-12-22 06:34:46,0,3,4,22.5,3519.3,-39999.0,14999.7,54655.3,25.0,0,
2017-12-22 06:34:49,0,3,4,22.6,3518.7,-39999.1,15066.4,54889.8,25.0,0,
2017-12-22 06:34:52,0,3,4,22.6,3518.3,-39998.9,15066.4,54889.8,25.0,0,
2017-12-22 06:34:55,0,3,4,22.7,3517.8,-39998.8,15133.1,55124.4,25.0,0,
2017-12-22 06:34:58,0,3,4,22.8,3517.2,-39998.7,15199.7,55358.8,25.0,0,
2017-12-22 06:35:01,0,3,4,22.8,3516.6,-39998.7,15199.7,55358.8,25.0,0,
2017-12-22 06:35:04,0,3,4,22.9,3516.1,-39998.7,15266.4,55593.2,25.0,0,
2017-12-22 06:35:08,0,3,4,22.9,3515.7,-39998.3,15266.4,55593.2,25.0,0,
2017-12-22 06:35:11,0,3,4,23.0,3515.0,-39998.8,15333.1,55827.6,25.0,0,
2017-12-22 06:35:14,0,3,4,23.0,3514.5,-39998.2,15333.1,55827.6,25.0,0,
2017-12-22 06:35:17,0,3,4,23.1,3514.0,-39999.2,15399.7,56061.8,25.0,0,
2017-12-22 06:35:20,0,3,4,23.1,3513.6,-39998.7,15399.7,56061.8,25.0,0,
2017-12-22 06:35:23,0,3,4,23.2,3512.9,-39998.3,15466.4,56296.0,25.0,0,
2017-12-22 06:35:26,0,3,4,23.2,3512.4,-39998.8,15466.4,56296.0,25.0,0,
2017-12-22 06:35:30,0,3,4,23.3,3512.1,-39998.6,15533.0,56530.1,25.0,0,
2017-12-22 06:35:33,0,3,4,23.3,3511.4,-39999.3,15533.0,56530.1,25.0,0,
2017-12-22 06:35:36,0,3,4,23.4,3510.8,-39999.7,15599.7,56764.2,25.0,0,
2017-12-22 06:35:39,0,3,4,23.4,3510.4,-39999.5,15599.7,56764.2,25.0,0,
2017-12-22 06:35:42,0,3,4,23.5,3509.9,-39999.3,15666.4,56998.2,25.0,0,
2017-12-22 06:35:45,0,3,4,23.5,3509.3,-39999.2,15666.4,56998.2,25.0,0,
2017-12-22 06:35:48,0,3,4,23.6,3508.7,-39999.2,15733.0,57232.1,25.0,0,
2017-12-22 06:35:52,0,3,4,23.6,3508.2,-39998.7,15733.0,57232.1,25.0,0,
2017-12-22 06:35:55,0,3,4,23.7,3507.7,-39998.6,15799.7,57466.0,25.0,0,
2017-12-22 06:35:58,0,3,4,23.7,3507.2,-39999.2,15799.7,57466.0,25.0,0,
2017-12-22 06:36:01,0,3,4,23.8,3506.6,-39999.0,15866.4,57699.8,25.0,0,
2017-12-22 06:36:04,0,3,4,23.9,3506.1,-39999.3,15933.0,57933.5,25.0,0,
2017-12-22 06:36:07,0,3,4,23.9,3505.6,-39998.3,15933.0,57933.5,25.0,0,
2017-12-22 06:36:10,0,3,4,24.0,3505.1,-39998.8,15999.7,58167.2,25.0,0,
2017-12-22 06:36:14,0,3,4,24.0,3504.6,-39999.2,15999.7,58167.2,25.0,0,
2017-12-22 06:36:17,0,3,4,24.1,3504.0,-39998.8,16066.3,58400.8,25.0,0,
2017-12-22 06:36:20,0,3,4,24.1,3503.5,-39999.1,16066.3,58400.8,25.1,0,
2017-12-22 06:36:23,0,3,4,24.2,3503.0,-39998.8,16133.0,58634.3,25.1,0,
2017-12-22 06:36:26,0,3,4,24.2,3502.5,-39998.5,16133.0,58634.3,25.1,0,
2017-12-22 06:36:29,0,3,4,24.3,3501.8,-39998.4,16199.7,58867.8,25.1,0,
2017-12-22 06:36:32,0,3,4,24.3,3501.3,-39998.3,16199.7,58867.8,25.1,0,
2017-12-22 06:36:36,0,3,4,24.4,3500.7,-39999.2,16266.3,59101.1,25.1,0,
2017-12-22 06:36:39,0,3,4,24.4,3500.1,-39998.5,16266.3,59101.1,25.1,0,
2017-12-22 06:36:42,0,3,4,24.5,3499.7,-39998.2,16333.0,59334.4,25.1,0,
2017-12-22 06:36:45,0,3,4,24.5,3499.2,-39998.3,16333.0,59334.4,25.0,0,
2017-12-22 06:36:48,0,3,4,24.6,3498.6,-39998.5,16399.7,59567.7,25.1,0,
2017-12-22 06:36:51,0,3,4,24.6,3498.0,-39998.7,16399.7,59567.7,25.0,0,
2017-12-22 06:36:54,0,3,4,24.7,3497.4,-39998.3,16466.3,59800.9,25.0,0,
2017-12-22 06:36:57,0,3,4,24.7,3497.0,-39998.7,16466.3,59800.9,25.0,0,
2017-12-22 06:37:01,0,3,4,24.8,3496.3,-39998.7,16533.0,60034.0,25.0,0,
2017-12-22 06:37:04,0,3,4,24.8,3495.8,-39998.2,16533.0,60034.0,25.0,0,
2017-12-22 06:37:07,0,3,4,24.9,3495.2,-39998.7,16599.6,60267.0,25.0,0,
2017-12-22 06:37:10,0,3,4,24.9,3494.6,-39999.2,16599.6,60267.0,25.0,0,
2017-12-22 06:37:13,0,3,4,25.0,3494.1,-39999.2,16666.3,60499.9,25.0,0,
2017-12-22 06:37:16,0,3,4,25.1,3493.7,-39998.8,16733.0,60732.8,25.1,0,
2017-12-22 06:37:19,0,3,4,25.1,3493.1,-39998.8,16733.0,60732.8,25.1,0,
2017-12-22 06:37:23,0,3,4,25.2,3492.5,-39998.5,16799.6,60965.7,25.0,0,
2017-12-22 06:37:26,0,3,4,25.2,3492.0,-39998.3,16799.6,60965.7,25.0,0,
2017-12-22 06:37:29,0,3,4,25.3,3491.3,-39998.5,16866.3,61198.4,25.1,0,
2017-12-22 06:37:32,0,3,4,25.3,3490.7,-39998.0,16866.3,61198.4,25.0,0,
2017-12-22 06:37:35,0,3,4,25.4,3490.2,-39997.8,16933.0,61431.1,25.1,0,
2017-12-22 06:37:38,0,3,4,25.4,3489.6,-39998.2,16933.0,61431.1,25.0,0,
2017-12-22 06:37:41,0,3,4,25.5,3489.1,-39998.2,16999.6,61663.7,25.0,0,
2017-12-22 06:37:44,0,3,4,25.5,3488.4,-39997.8,16999.6,61663.7,25.0,0,
2017-12-22 06:37:48,0,3,4,25.6,3487.9,-39997.2,17066.3,61896.2,25.0,0,
2017-12-22 06:37:51,0,3,4,25.6,3487.3,-40000.9,17066.3,61896.2,25.0,0,
2017-12-22 06:37:54,0,3,4,25.7,3486.8,-40000.8,17132.9,62128.7,25.0,0,
2017-12-22 06:37:57,0,3,4,25.7,3486.1,-40000.8,17132.9,62128.7,25.0,0,
2017-12-22 06:38:00,0,3,4,25.8,3485.5,-40000.1,17199.6,62361.1,25.0,0,
2017-12-22 06:38:03,0,3,4,25.8,3485.0,-40000.2,17199.6,62361.1,25.0,0,
2017-12-22 06:38:06,0,3,4,25.9,3484.5,-40000.5,17266.3,62593.4,25.0,0,
2017-12-22 06:38:10,0,3,4,25.9,3483.8,-40000.7,17266.3,62593.4,25.0,0,
2017-12-22 06:38:13,0,3,4,26.0,3483.1,-40000.4,17332.9,62825.6,25.0,0,
2017-12-22 06:38:16,0,3,4,26.0,3482.6,-40000.5,17332.9,62825.6,25.0,0,
2017-12-22 06:38:19,0,3,4,26.1,3482.0,-40001.2,17399.6,63057.8,25.0,0,
2017-12-22 06:38:22,0,3,4,26.2,3481.4,-40000.8,17466.3,63289.9,25.0,0,
2017-12-22 06:38:25,0,3,4,26.2,3480.8,-40000.8,17466.3,63289.9,25.0,0,
2017-12-22 06:38:29,0,3,4,26.3,3480.0,-40001.0,17533.0,63522.0,25.0,0,
2017-12-22 06:38:32,0,3,4,26.3,3479.6,-40001.0,17533.0,63522.0,25.0,0,
2017-12-22 06:38:35,0,3,4,26.4,3479.0,-39999.2,17599.6,63753.9,25.0,0,
2017-12-22 06:38:38,0,3,4,26.4,3478.3,-40000.1,17599.6,63753.9,25.0,0,
2017-12-22 06:38:41,0,3,4,26.5,3477.7,-40001.1,17666.3,63985.8,25.0,0,
2017-12-22 06:38:44,0,3,4,26.5,3476.9,-40001.3,17666.3,63985.8,25.0,0,
2017-12-22 06:38:47,0,3,4,26.6,3476.3,-40001.5,17733.0,64217.5,25.0,0,
2017-12-22 06:38:50,0,3,4,26.6,3475.8,-40000.8,17733.0,64217.5,25.0,0,
2017-12-22 06:38:54,0,3,4,26.7,3475.0,-40001.3,17799.6,64449.3,25.0,0,
2017-12-22 06:38:57,0,3,4,26.7,3474.4,-40000.8,17799.6,64449.3,25.0,0,
2017-12-22 06:39:00,0,3,4,26.8,3473.8,-40001.6,17866.3,64680.9,25.0,0,
2017-12-22 06:39:03,0,3,4,26.8,3473.1,-40000.8,17866.3,64680.9,25.0,0,
2017-12-22 06:39:06,0,3,4,26.9,3472.5,-40001.2,17933.0,64912.4,25.0,0,
2017-12-22 06:39:09,0,3,4,26.9,3471.8,-40001.0,17933.0,64912.4,25.0,0,
2017-12-22 06:39:12,0,3,4,27.0,3471.2,-40001.0,17999.6,65143.9,25.0,0,
2017-12-22 06:39:16,0,3,4,27.0,3470.4,-40000.7,17999.6,65143.9,25.0,0,
2017-12-22 06:39:19,0,3,4,27.1,3469.7,-40000.7,18066.3,65375.2,25.0,0,
2017-12-22 06:39:22,0,3,4,27.1,3469.2,-40000.3,18066.3,65375.2,25.0,0,
2017-12-22 06:39:25,0,3,4,27.2,3468.4,-40001.2,18133.0,65606.5,25.0,0,
2017-12-22 06:39:28,0,3,4,27.3,3467.8,-40000.8,18199.7,65837.7,25.0,0,
2017-12-22 06:39:31,0,3,4,27.3,3467.0,-40001.3,18199.7,65837.7,25.0,0,
2017-12-22 06:39:35,0,3,4,27.4,3466.4,-40000.9,18266.3,66068.8,25.0,0,
2017-12-22 06:39:38,0,3,4,27.4,3465.7,-40001.0,18266.3,66068.8,25.0,0,
2017-12-22 06:39:41,0,3,4,27.5,3464.9,-40000.8,18333.0,66299.8,25.0,0,
2017-12-22 06:39:44,0,3,4,27.5,3464.2,-40000.3,18333.0,66299.8,25.0,0,
2017-12-22 06:39:47,0,3,4,27.6,3463.6,-40001.3,18399.7,66530.7,25.0,0,
2017-12-22 06:39:50,0,3,4,27.6,3462.8,-40000.9,18399.7,66530.7,25.0,0,
2017-12-22 06:39:54,0,3,4,27.7,3462.2,-40000.3,18466.3,66761.6,25.0,0,
2017-12-22 06:39:57,0,3,4,27.7,3461.3,-40000.4,18466.3,66761.6,25.0,0,
2017-12-22 06:40:00,0,3,4,27.8,3460.7,-40000.8,18533.0,66992.3,25.0,0,
2017-12-22 06:40:03,0,3,4,27.8,3459.9,-40001.6,18533.0,66992.3,25.0,0,
2017-12-22 06:40:06,0,3,4,27.9,3459.2,-40000.8,18599.7,67223.0,25.0,0,
2017-12-22 06:40:09,0,3,4,27.9,3458.4,-40000.6,18599.7,67223.0,25.0,0,
2017-12-22 06:40:12,0,3,4,28.0,3457.7,-40000.8,18666.3,67453.5,25.0,0,
2017-12-22 06:40:16,0,3,4,28.0,3457.0,-40000.5,18666.3,67453.5,25.0,0,
2017-12-22 06:40:19,0,3,4,28.1,3456.3,-40000.7,18733.0,67684.0,25.0,0,
2017-12-22 06:40:22,0,3,4,28.1,3455.6,-40000.1,18733.0,67684.0,25.0,0,
2017-12-22 06:40:25,0,3,4,28.2,3454.7,-40001.2,18799.7,67914.4,25.0,0,
2017-12-22 06:40:28,0,3,4,28.2,3454.1,-40000.2,18799.7,67914.4,25.0,0,
2017-12-22 06:40:31,0,3,4,28.3,3453.3,-40000.5,18866.3,68144.6,25.0,0,
2017-12-22 06:40:34,0,3,4,28.4,3452.6,-40000.8,18933.0,68374.8,25.0,0,
2017-12-22 06:40:37,0,3,4,28.4,3451.8,-40000.5,18933.0,68374.8,25.1,0,
2017-12-22 06:40:41,0,3,4,28.5,3450.9,-40000.5,18999.7,68604.9,25.0,0,
2017-12-22 06:40:44,0,3,4,28.5,3450.2,-39999.9,18999.7,68604.9,25.1,0,
2017-12-22 06:40:47,0,3,4,28.6,3449.3,-40000.0,19066.3,68834.9,25.0,0,
2017-12-22 06:40:50,0,3,4,28.6,3448.6,-40000.2,19066.3,68834.9,25.0,0,
2017-12-22 06:40:53,0,3,4,28.7,3447.8,-40000.0,19133.0,69064.7,25.0,0,
2017-12-22 06:40:56,0,3,4,28.7,3447.0,-39999.3,19133.0,69064.7,25.0,0,
2017-12-22 06:40:59,0,3,4,28.8,3446.3,-39999.3,19199.7,69294.5,25.1,0,
2017-12-22 06:41:03,0,3,4,28.8,3445.4,-39999.7,19199.7,69294.5,25.1,0,
2017-12-22 06:41:06,0,3,4,28.9,3444.7,-39999.6,19266.3,69524.1,25.0,0,
2017-12-22 06:41:09,0,3,4,28.9,3443.7,-40000.3,19266.3,69524.1,25.1,0,
2017-12-22 06:41:12,0,3,4,29.0,3442.9,-40000.0,19333.0,69753.7,25.1,0,
2017-12-22 06:41:15,0,3,4,29.0,3442.2,-40000.0,19333.0,69753.7,25.1,0,
2017-12-22 06:41:18,0,3,4,29.1,3441.3,-39999.5,19399.7,69983.1,25.1,0,
2017-12-22 06:41:21,0,3,4,29.1,3440.5,-39999.1,19399.7,69983.1,25.1,0,
2017-12-22 06:41:25,0,3,4,29.2,3439.7,-39999.2,19466.3,70212.5,25.1,0,
2017-12-22 06:41:28,0,3,4,29.2,3438.8,-39998.8,19466.3,70212.5,25.1,0,
2017-12-22 06:41:31,0,3,4,29.3,3437.9,-39998.7,19533.0,70441.7,25.1,0,
2017-12-22 06:41:34,0,3,4,29.3,3437.1,-39999.2,19533.0,70441.7,25.1,0,
2017-12-22 06:41:37,0,3,4,29.4,3436.2,-39999.3,19599.7,70670.8,25.1,0,
2017-12-22 06:41:40,0,3,4,29.5,3435.4,-39999.0,19666.3,70899.9,25.1,0,
2017-12-22 06:41:43,0,3,4,29.5,3434.6,-39999.6,19666.3,70899.9,25.1,0,
2017-12-22 06:41:47,0,3,4,29.6,3433.5,-39998.9,19733.0,71128.8,25.1,0,
2017-12-22 06:41:50,0,3,4,29.6,3432.7,-39999.2,19733.0,71128.8,25.1,0,
2017-12-22 06:41:53,0,3,4,29.7,3431.8,-39998.9,19799.7,71357.6,25.0,0,
2017-12-22 06:41:56,0,3,4,29.7,3430.9,-39998.5,19799.7,71357.6,25.0,0,
2017-12-22 06:41:59,0,3,4,29.8,3430.1,-39998.8,19866.3,71586.2,25.0,0,
2017-12-22 06:42:02,0,3,4,29.8,3429.1,-39999.0,19866.3,71586.2,25.0,0,
2017-12-22 06:42:05,0,3,4,29.9,3428.3,-39999.0,19933.0,71814.8,25.1,0,
2017-12-22 06:42:09,0,3,4,29.9,3427.4,-39998.7,19933.0,71814.8,25.0,0,
2017-12-22 06:42:12,0,3,4,30.0,3426.3,-39999.2,19999.7,72043.2,25.1,0,
2017-12-22 06:42:15,0,3,4,30.0,3425.5,-39999.3,19999.7,72043.2,25.1,0,
2017-12-22 06:42:18,0,3,4,30.1,3424.5,-39998.7,20066.3,72271.6,25.1,0,
2017-12-22 06:42:21,0,3,4,30.1,3423.5,-39999.2,20066.3,72271.6,25.1,0,
2017-12-22 06:42:24,0,3,4,30.2,3422.6,-39999.2,20133.0,72499.7,25.1,0,
2017-12-22 06:42:28,0,3,4,30.2,3421.6,-39998.8,20133.0,72499.7,25.1,0,
2017-12-22 06:42:31,0,3,4,30.3,3420.5,-39999.7,20199.6,72727.8,25.1,0,
2017-12-22 06:42:34,0,3,4,30.3,3419.6,-39998.7,20199.6,72727.8,25.1,0,
2017-12-22 06:42:37,0,3,4,30.4,3418.6,-39999.2,20266.3,72955.8,25.1,0,
2017-12-22 06:42:40,0,3,4,30.4,3417.6,-39999.2,20266.3,72955.8,25.1,0,
2017-12-22 06:42:43,0,3,4,30.5,3416.6,-39999.1,20333.0,73183.6,25.1,0,
2017-12-22 06:42:46,0,3,4,30.6,3415.5,-39999.4,20399.6,73411.3,25.1,0,
2017-12-22 06:42:49,0,3,4,30.6,3414.4,-39998.8,20399.6,73411.3,25.1,0,
2017-12-22 06:42:53,0,3,4,30.7,3413.5,-39998.9,20466.3,73638.9,25.1,0,
2017-12-22 06:42:56,0,3,4,30.7,3412.2,-39998.3,20466.3,73638.9,25.1,0,
2017-12-22 06:42:59,0,3,4,30.8,3411.2,-39998.7,20533.0,73866.3,25.1,0,
2017-12-22 06:43:02,0,3,4,30.8,3410.0,-39999.0,20533.0,73866.3,25.1,0,
2017-12-22 06:43:05,0,3,4,30.9,3408.8,-39998.9,20599.6,74093.5,25.1,0,
2017-12-22 06:43:08,0,3,4,30.9,3407.8,-39998.5,20599.6,74093.5,25.1,0,
2017-12-22 06:43:11,0,3,4,31.0,3406.6,-39998.3,20666.3,74320.7,25.1,0,
2017-12-22 06:43:15,0,3,4,31.0,3405.5,-39998.8,20666.3,74320.7,25.1,0,
2017-12-22 06:43:18,0,3,4,31.1,3404.4,-39998.0,20732.9,74547.7,25.1,0,
2017-12-22 06:43:21,0,3,4,31.1,3403.1,-39998.4,20732.9,74547.7,25.1,0,
2017-12-22 06:43:24,0,3,4,31.2,3401.9,-39998.3,20799.6,74774.5,25.1,0,
2017-12-22 06:43:27,0,3,4,31.2,3400.6,-39998.0,20799.6,74774.5,25.1,0,
2017-12-22 06:43:30,0,3,4,31.3,3399.4,-40001.3,20866.3,75001.1,25.1,0,
2017-12-22 06:43:33,0,3,4,31.3,3398.0,-40001.4,20866.3,75001.1,25.1,0,
2017-12-22 06:43:37,0,3,4,31.4,3396.7,-40001.0,20932.9,75227.7,25.1,0,
2017-12-22 06:43:40,0,3,4,31.4,3395.4,-40001.0,20932.9,75227.7,25.1,0,
2017-12-22 06:43:43,0,3,4,31.5,3394.1,-40001.2,20999.6,75454.0,25.1,0,
2017-12-22 06:43:46,0,3,4,31.5,3392.7,-40001.0,20999.6,75454.0,25.1,0,
2017-12-22 06:43:49,0,3,4,31.6,3391.2,-40000.3,21066.3,75680.2,25.1,0,
2017-12-22 06:43:52,0,3,4,31.7,3389.8,-40000.3,21133.0,75906.2,25.1,0,
2017-12-22 06:43:55,0,3,4,31.7,3388.3,-40001.5,21133.0,75906.2,25.1,0,
2017-12-22 06:43:59,0,3,4,31.8,3386.9,-40000.7,21199.6,76132.0,25.2,0,
2017-12-22 06:44:02,0,3,4,31.8,3385.2,-40000.9,21199.6,76132.0,25.2,0,
2017-12-22 06:44:05,0,3,4,31.9,3383.7,-40000.4,21266.3,76357.6,25.2,0,
2017-12-22 06:44:08,0,3,4,31.9,3382.0,-40000.4,21266.3,76357.6,25.2,0,
2017-12-22 06:44:11,0,3,4,32.0,3380.3,-40000.8,21333.0,76583.0,25.2,0,
2017-12-22 06:44:14,0,3,4,32.0,3378.7,-40000.3,21333.0,76583.0,25.2,0,
2017-12-22 06:44:18,0,3,4,32.1,3376.9,-40001.3,21399.6,76808.2,25.2,0,
2017-12-22 06:44:21,0,3,4,32.1,3375.1,-40000.3,21399.6,76808.2,25.2,0,
2017-12-22 06:44:24,0,3,4,32.2,3373.4,-40000.2,21466.3,77033.1,25.2,0,
2017-12-22 06:44:27,0,3,4,32.2,3371.4,-40000.2,21466.3,77033.1,25.2,0,
2017-12-22 06:44:30,0,3,4,32.3,3369.4,-40001.6,21533.0,77257.8,25.2,0,
2017-12-22 06:44:33,0,3,4,32.3,3367.5,-39999.7,21533.0,77257.8,25.2,0,
2017-12-22 06:44:36,0,3,4,32.4,3365.4,-40000.0,21599.6,77482.3,25.3,0,
2017-12-22 06:44:39,0,3,4,32.4,3363.4,-39999.3,21599.6,77482.3,25.3,0,
2017-12-22 06:44:43,0,3,4,32.5,3361.2,-39999.0,21666.3,77706.5,25.3,0,
2017-12-22 06:44:46,0,3,4,32.5,3359.0,-39998.7,21666.3,77706.5,25.3,0,
2017-12-22 06:44:49,0,3,4,32.6,3356.5,-39998.8,21733.0,77930.4,25.3,0,
2017-12-22 06:44:52,0,3,4,32.6,3354.2,-39998.8,21733.0,77930.4,25.3,0,
2017-12-22 06:44:55,0,3,4,32.7,3351.8,-39999.2,21799.6,78154.0,25.3,0,
2017-12-22 06:44:58,0,3,4,32.8,3349.1,-39999.2,21866.3,78377.2,25.2,0,
2017-12-22 06:45:02,0,3,4,32.8,3346.6,-39998.5,21866.3,78377.2,25.2,0,
2017-12-22 06:45:05,0,3,4,32.9,3343.7,-39999.5,21932.9,78600.1,25.2,0,
2017-12-22 06:45:08,0,3,4,32.9,3340.8,-39999.0,21932.9,78600.1,25.2,0,
2017-12-22 06:45:11,0,3,4,33.0,3337.7,-39999.0,21999.6,78822.7,25.2,0,
2017-12-22 06:45:14,0,3,4,33.0,3334.7,-39999.2,21999.6,78822.7,25.2,0,
2017-12-22 06:45:17,0,3,4,33.1,3331.5,-39999.0,22066.3,79044.9,25.1,0,
2017-12-22 06:45:20,0,3,4,33.1,3328.3,-39998.8,22066.3,79044.9,25.2,0,
2017-12-22 06:45:23,0,3,4,33.2,3325.0,-39998.2,22132.9,79266.6,25.2,0,
2017-12-22 06:45:27,0,3,4,33.2,3321.5,-39998.4,22132.9,79266.6,25.2,0,
2017-12-22 06:45:30,0,3,4,33.3,3317.8,-39998.7,22199.6,79487.9,25.2,0,
2017-12-22 06:45:33,0,3,4,33.3,3313.9,-39998.5,22199.6,79487.9,25.2,0,
2017-12-22 06:45:36,0,3,4,33.4,3310.1,-39998.6,22266.3,79708.7,25.3,0,
2017-12-22 06:45:39,0,3,4,33.4,3305.9,-39997.8,22266.3,79708.7,25.3,0,
2017-12-22 06:45:42,0,3,4,33.5,3301.6,-39998.2,22332.9,79928.9,25.3,0,
2017-12-22 06:45:44,0,3,4,33.5,3300.0,-39998.2,22332.9,79928.9,25.3,3,下限电压到
2017-12-22 06:45:45,0,3,4,33.5,3372.8,18.4,22332.9,79928.9,25.3,3,下限电压到
2017-12-22 06:45:49,0,3,4,33.6,3384.4,18.2,22333.0,79929.0,25.3,3,下限电压到
2017-12-22 06:45:52,0,3,4,33.6,3390.9,20.3,22333.0,79929.0,25.3,3,下限电压到
2017-12-22 06:45:55,0,3,4,33.7,3395.6,20.8,22333.0,79929.1,25.3,3,下限电压到
2017-12-22 06:45:58,0,3,4,33.7,3398.9,18.9,22333.0,79929.1,25.3,3,下限电压到
2017-12-22 06:46:01,0,3,4,33.8,3402.2,18.9,22333.0,79929.2,25.3,3,下限电压到
2017-12-22 06:46:04,0,3,4,33.8,3404.8,20.9,22333.0,79929.2,25.3,3,下限电压到
2017-12-22 06:46:07,0,3,4,33.9,3406.6,22.2,22333.1,79929.4,25.3,3,下限电压到
2017-12-22 06:46:10,0,3,4,34.0,3408.3,22.6,22333.1,79929.5,25.3,3,下限电压到
2017-12-22 06:46:14,0,3,4,34.0,3410.2,22.7,22333.1,79929.5,25.3,3,下限电压到
2017-12-22 06:46:17,0,3,4,34.1,3411.7,24.3,22333.1,79929.7,25.3,3,下限电压到
2017-12-22 06:46:20,0,3,4,34.1,3412.7,24.3,22333.1,79929.7,25.3,3,下限电压到
2017-12-22 06:46:23,0,3,4,34.2,3414.1,22.9,22333.2,79929.8,25.3,3,下限电压到
2017-12-22 06:46:26,0,3,4,34.2,3414.8,23.0,22333.2,79929.8,25.3,3,下限电压到
2017-12-22 06:46:29,0,3,4,34.3,3416.0,24.7,22333.2,79929.9,25.3,3,下限电压到
2017-12-22 06:46:32,0,3,4,34.3,3417.0,24.5,22333.2,79929.9,25.3,3,下限电压到
2017-12-22 06:46:35,0,3,4,34.4,3417.8,22.6,22333.2,79930.0,25.3,3,下限电压到
2017-12-22 06:46:38,0,3,4,34.4,3418.4,22.8,22333.2,79930.0,25.3,3,下限电压到
2017-12-22 06:46:42,0,3,4,34.5,3419.3,22.8,22333.3,79930.2,25.3,3,下限电压到
2017-12-22 06:46:45,0,3,4,34.5,3419.8,24.5,22333.3,79930.2,25.3,3,下限电压到
2017-12-22 06:46:50,0,4,6,0.0,3420.7,0,0.0,0.0,25.3,0,
