2017-12-22 05:33:19,0,0,3,0.0,3409.7,0,0.0,0.0,24.8,0,
2017-12-22 05:33:47,0,0,3,0.4,3411.0,25.6,0.0,0.0,24.6,0,
2017-12-22 05:33:50,0,0,3,0.4,3411.0,24.9,0.0,0.0,24.6,0,
2017-12-22 05:33:53,0,0,3,0.5,3411.2,24.8,0.0,0.0,24.6,0,
2017-12-22 05:33:56,0,0,3,0.5,3411.2,25.0,0.0,0.0,24.7,0,
2017-12-22 05:33:59,0,0,3,0.6,3411.4,25.3,0.0,0.0,24.7,0,
2017-12-22 05:34:02,0,0,3,0.6,3411.6,25.5,0.0,0.0,24.7,0,
2017-12-22 05:34:05,0,0,3,0.7,3411.5,24.9,0.0,0.0,24.7,0,
2017-12-22 05:34:08,0,0,3,0.7,3411.6,25.1,0.0,0.0,24.7,0,
2017-12-22 05:34:12,0,0,3,0.8,3411.8,24.8,0.0,0.0,24.7,0,
2017-12-22 05:34:15,0,0,3,0.8,3412.0,25.0,0.0,0.0,24.7,0,
2017-12-22 05:34:18,0,0,3,0.9,3412.1,24.7,0.0,0.0,24.7,0,
2017-12-22 05:34:21,0,0,3,0.9,3412.0,24.7,0.0,0.0,24.7,0,
2017-12-22 05:34:24,0,0,3,1.0,3412.1,25.0,0.0,0.0,24.7,0,
2017-12-22 05:34:25,0,0,3,1.0,3412.3,24.8,0.0,0.0,24.7,1,时间到
2017-12-22 05:34:29,0,1,2,0.0,3412.2,0,0.0,0.0,24.7,0,
2017-12-22 05:34:51,0,1,2,0.4,3490.4,40002.0,266.7,926.7,24.8,0,
2017-12-22 05:34:54,0,1,2,0.4,3494.8,40002.1,266.7,926.7,24.8,0,
2017-12-22 05:34:58,0,1,2,0.5,3499.2,40002.6,333.4,1160.0,24.8,0,
2017-12-22 05:35:01,0,1,2,0.5,3503.3,39999.7,333.4,1160.0,24.8,0,
2017-12-22 05:35:04,0,1,2,0.6,3507.0,40000.6,400.0,1393.7,24.8,0,
2017-12-22 05:35:07,0,1,2,0.6,3510.7,40000.5,400.0,1393.7,24.8,0,
2017-12-22 05:35:11,0,1,2,0.7,3514.1,40000.5,466.7,1627.9,24.8,0,
2017-12-22 05:35:14,0,1,2,0.7,3517.5,40000.8,466.7,1627.9,24.8,0,
2017-12-22 05:35:17,0,1,2,0.8,3520.1,40001.0,533.4,1862.5,24.8,0,
2017-12-22 05:35:20,0,1,2,0.8,3523.0,40001.0,533.4,1862.5,24.8,0,
2017-12-22 05:35:23,0,1,2,0.9,3525.8,40001.2,600.0,2097.5,24.8,0,
2017-12-22 05:35:27,0,1,2,0.9,3528.6,40001.4,600.0,2097.5,24.8,0,
2017-12-22 05:35:30,0,1,2,1.0,3530.9,40001.5,666.7,2332.8,24.8,0,
2017-12-22 05:35:33,0,1,2,1.0,3533.1,40001.7,666.7,2332.8,24.8,0,
2017-12-22 05:35:36,0,1,2,1.1,3534.9,40001.8,733.4,2568.4,24.9,0,
2017-12-22 05:35:39,0,1,2,1.1,3536.8,40001.9,733.4,2568.4,24.9,0,
2017-12-22 05:35:42,0,1,2,1.2,3538.7,40002.1,800.0,2804.2,24.9,0,
2017-12-22 05:35:45,0,1,2,1.2,3540.1,40002.3,800.0,2804.2,25.0,0,
2017-12-22 05:35:48,0,1,2,1.3,3541.9,40002.1,866.7,3040.2,25.0,0,
2017-12-22 05:35:51,0,1,2,1.4,3543.2,40002.0,933.4,3276.5,25.0,0,
2017-12-22 05:35:54,0,1,2,1.4,3544.6,40002.0,933.4,3276.5,24.9,0,
2017-12-22 05:35:58,0,1,2,1.5,3546.0,40002.0,1000.1,3512.9,24.9,0,
2017-12-22 05:36:01,0,1,2,1.5,3547.2,40002.3,1000.1,3512.9,24.9,0,
2017-12-22 05:36:04,0,1,2,1.6,3548.6,40002.3,1066.7,3749.5,24.9,0,
2017-12-22 05:36:07,0,1,2,1.6,3549.7,40002.3,1066.7,3749.5,24.9,0,
2017-12-22 05:36:10,0,1,2,1.7,3550.6,40002.7,1133.4,3986.2,24.9,0,
2017-12-22 05:36:13,0,1,2,1.7,3551.5,40002.5,1133.4,3986.2,24.9,0,
2017-12-22 05:36:17,0,1,2,1.8,3552.5,40002.5,1200.1,4223.1,24.9,0,
2017-12-22 05:36:20,0,1,2,1.8,3553.6,40003.0,1200.1,4223.1,24.9,0,
2017-12-22 05:36:23,0,1,2,1.9,3554.5,40003.0,1266.8,4460.0,24.9,0,
2017-12-22 05:36:26,0,1,2,1.9,3555.5,40002.4,1266.8,4460.0,25.0,0,
2017-12-22 05:36:29,0,1,2,2.0,3556.4,40002.5,1333.4,4697.1,24.9,0,
2017-12-22 05:36:32,0,1,2,2.0,3557.3,40000.1,1333.4,4697.1,24.9,0,
2017-12-22 05:36:35,0,1,2,2.1,3558.0,39999.7,1400.1,4934.3,24.9,0,
2017-12-22 05:36:39,0,1,2,2.1,3558.9,39999.7,1400.1,4934.3,24.9,0,
2017-12-22 05:36:42,0,1,2,2.2,3559.7,39999.7,1466.8,5171.6,24.9,0,
2017-12-22 05:36:45,0,1,2,2.2,3560.6,39999.7,1466.8,5171.6,24.9,0,
2017-12-22 05:36:48,0,1,2,2.3,3561.5,39999.3,1533.4,5408.9,24.9,0,
2017-12-22 05:36:52,0,1,2,2.4,3562.4,39999.7,1600.1,5646.4,24.9,0,
2017-12-22 05:36:55,0,1,2,2.4,3563.1,39999.7,1600.1,5646.4,24.9,0,
2017-12-22 05:36:58,0,1,2,2.5,3564.1,39999.7,1666.8,5884.0,24.9,0,
2017-12-22 05:37:01,0,1,2,2.5,3564.8,39999.5,1666.8,5884.0,24.9,0,
2017-12-22 05:37:04,0,1,2,2.6,3565.6,39999.5,1733.4,6121.7,24.8,0,
2017-12-22 05:37:07,0,1,2,2.6,3566.5,39999.9,1733.4,6121.7,24.8,0,
2017-12-22 05:37:10,0,1,2,2.7,3567.3,39999.7,1800.1,6359.5,24.8,0,
2017-12-22 05:37:13,0,1,2,2.7,3568.0,39999.4,1800.1,6359.5,24.8,0,
2017-12-22 05:37:17,0,1,2,2.8,3568.6,39999.5,1866.8,6597.4,24.8,0,
2017-12-22 05:37:20,0,1,2,2.8,3569.7,40000.0,1866.8,6597.4,24.8,0,
2017-12-22 05:37:23,0,1,2,2.9,3570.4,39999.5,1933.4,6835.4,24.8,0,
2017-12-22 05:37:26,0,1,2,2.9,3571.2,39999.7,1933.4,6835.4,24.8,0,
2017-12-22 05:37:29,0,1,2,3.0,3572.0,39999.7,2000.1,7073.5,24.8,0,
2017-12-22 05:37:32,0,1,2,3.0,3572.8,39999.5,2000.1,7073.5,24.7,0,
2017-12-22 05:37:35,0,1,2,3.1,3573.6,39999.5,2066.8,7311.7,24.8,0,
2017-12-22 05:37:38,0,1,2,3.1,3574.4,40000.0,2066.8,7311.7,24.7,0,
2017-12-22 05:37:41,0,1,2,3.2,3575.1,40000.0,2133.4,7550.0,24.7,0,
2017-12-22 05:37:44,0,1,2,3.2,3576.0,39999.7,2133.4,7550.0,24.7,0,
2017-12-22 05:37:47,0,1,2,3.3,3576.7,39999.3,2200.1,7788.4,24.7,0,
2017-12-22 05:37:51,0,1,2,3.3,3577.5,39999.7,2200.1,7788.4,24.7,0,
2017-12-22 05:37:54,0,1,2,3.4,3578.4,39999.7,2266.8,8026.9,24.7,0,
2017-12-22 05:37:57,0,1,2,3.4,3579.2,39999.7,2266.8,8026.9,24.7,0,
2017-12-22 05:38:00,0,1,2,3.5,3579.9,39999.4,2333.4,8265.5,24.6,0,
2017-12-22 05:38:03,0,1,2,3.5,3580.8,39999.5,2333.4,8265.5,24.6,0,
2017-12-22 05:38:06,0,1,2,3.6,3581.5,39999.8,2400.1,8504.3,24.6,0,
2017-12-22 05:38:09,0,1,2,3.6,3582.3,39999.9,2400.1,8504.3,24.6,0,
2017-12-22 05:38:12,0,1,2,3.7,3583.0,39999.7,2466.8,8743.1,24.6,0,
2017-12-22 05:38:15,0,1,2,3.7,3583.8,39999.8,2466.8,8743.1,24.6,0,
2017-12-22 05:38:18,0,1,2,3.8,3584.8,39999.7,2533.4,8982.0,24.6,0,
2017-12-22 05:38:21,0,1,2,3.9,3585.5,39999.7,2600.1,9221.1,24.6,0,
2017-12-22 05:38:24,0,1,2,3.9,3586.4,39999.7,2600.1,9221.1,24.6,0,
2017-12-22 05:38:27,0,1,2,4.0,3587.1,39998.9,2666.8,9460.2,24.6,0,
2017-12-22 05:38:30,0,1,2,4.0,3587.9,39999.5,2666.8,9460.2,24.6,0,
2017-12-22 05:38:33,0,1,2,4.1,3588.7,39999.7,2733.4,9699.4,24.6,0,
2017-12-22 05:38:36,0,1,2,4.1,3589.4,39999.7,2733.4,9699.4,24.6,0,
2017-12-22 05:38:40,0,1,2,4.2,3590.5,39999.8,2800.1,9938.8,24.6,0,
2017-12-22 05:38:43,0,1,2,4.2,3591.3,39999.7,2800.1,9938.8,24.6,0,
2017-12-22 05:38:46,0,1,2,4.3,3592.1,39999.7,2866.7,10178.2,24.7,0,
2017-12-22 05:38:49,0,1,2,4.3,3592.8,39999.7,2866.7,10178.2,24.7,0,
2017-12-22 05:38:52,0,1,2,4.4,3593.8,40000.0,2933.4,10417.8,24.7,0,
2017-12-22 05:38:55,0,1,2,4.4,3594.5,39999.8,2933.4,10417.8,24.7,0,
2017-12-22 05:38:58,0,1,2,4.5,3595.4,40000.0,3000.1,10657.5,24.6,0,
2017-12-22 05:39:01,0,1,2,4.5,3596.1,39999.8,3000.1,10657.5,24.6,0,
2017-12-22 05:39:04,0,1,2,4.6,3597.1,39999.7,3066.7,10897.2,24.6,0,
2017-12-22 05:39:08,0,1,2,4.6,3597.9,39999.7,3066.7,10897.2,24.6,0,
2017-12-22 05:39:11,0,1,2,4.7,3598.8,39999.7,3133.4,11137.1,24.6,0,
2017-12-22 05:39:14,0,1,2,4.7,3599.5,39999.2,3133.4,11137.1,24.7,0,
2017-12-22 05:39:17,0,1,2,4.8,3600.3,40000.0,3200.1,11377.1,24.7,0,
2017-12-22 05:39:20,0,1,2,4.8,3601.1,39999.7,3200.1,11377.1,24.7,0,
2017-12-22 05:39:23,0,1,2,4.9,3602.1,39999.7,3266.7,11617.2,24.6,0,
2017-12-22 05:39:27,0,1,2,4.9,3603.0,39999.7,3266.7,11617.2,24.7,0,
2017-12-22 05:39:30,0,1,2,5.0,3603.6,39999.7,3333.4,11857.4,24.7,0,
2017-12-22 05:39:33,0,1,2,5.0,3604.6,39999.3,3333.4,11857.4,24.7,0,
2017-12-22 05:39:36,0,1,2,5.1,3605.4,39999.7,3400.1,12097.7,24.7,0,
2017-12-22 05:39:39,0,1,2,5.1,3606.3,39999.8,3400.1,12097.7,24.7,0,
2017-12-22 05:39:42,0,1,2,5.2,3606.8,39999.7,3466.7,12338.1,24.7,0,
2017-12-22 05:39:45,0,1,2,5.2,3607.8,39999.6,3466.7,12338.1,24.7,0,
2017-12-22 05:39:48,0,1,2,5.3,3608.5,39999.5,3533.4,12578.7,24.7,0,
2017-12-22 05:39:51,0,1,2,5.3,3609.5,39999.7,3533.4,12578.7,24.7,0,
2017-12-22 05:39:54,0,1,2,5.4,3610.2,39999.7,3600.1,12819.3,24.7,0,
2017-12-22 05:39:58,0,1,2,5.5,3611.0,39999.2,3666.7,13060.0,24.7,0,
2017-12-22 05:40:01,0,1,2,5.5,3611.8,39999.3,3666.7,13060.0,24.7,0,
2017-12-22 05:40:04,0,1,2,5.6,3612.6,39999.9,3733.4,13300.9,24.7,0,
2017-12-22 05:40:07,0,1,2,5.6,3613.4,39999.5,3733.4,13300.9,24.7,0,
2017-12-22 05:40:10,0,1,2,5.7,3614.3,39999.5,3800.1,13541.8,24.7,0,
2017-12-22 05:40:13,0,1,2,5.7,3615.1,39999.6,3800.1,13541.8,24.7,0,
2017-12-22 05:40:16,0,1,2,5.8,3615.8,39999.5,3866.7,13782.8,24.7,0,
2017-12-22 05:40:19,0,1,2,5.8,3616.6,39999.9,3866.7,13782.8,24.7,0,
2017-12-22 05:40:22,0,1,2,5.9,3617.3,39999.3,3933.4,14024.0,24.8,0,
2017-12-22 05:40:25,0,1,2,5.9,3618.1,39999.7,3933.4,14024.0,24.7,0,
2017-12-22 05:40:28,0,1,2,6.0,3618.8,39999.9,4000.1,14265.2,24.8,0,
2017-12-22 05:40:32,0,1,2,6.0,3619.8,39999.7,4000.1,14265.2,24.8,0,
2017-12-22 05:40:35,0,1,2,6.1,3620.6,40000.0,4066.7,14506.6,24.8,0,
2017-12-22 05:40:38,0,1,2,6.1,3621.3,39999.5,4066.7,14506.6,24.8,0,
2017-12-22 05:40:41,0,1,2,6.2,3621.9,39999.7,4133.4,14748.0,24.8,0,
2017-12-22 05:40:44,0,1,2,6.2,3622.9,39999.7,4133.4,14748.0,24.8,0,
2017-12-22 05:40:47,0,1,2,6.3,3623.6,39999.7,4200.1,14989.5,24.7,0,
2017-12-22 05:40:51,0,1,2,6.3,3624.3,39999.5,4200.1,14989.5,24.7,0,
2017-12-22 05:40:54,0,1,2,6.4,3625.1,39999.7,4266.7,15231.1,24.8,0,
2017-12-22 05:40:57,0,1,2,6.4,3625.9,39999.4,4266.7,15231.1,24.8,0,
2017-12-22 05:41:00,0,1,2,6.5,3626.7,39999.7,4333.4,15472.9,24.7,0,
2017-12-22 05:41:03,0,1,2,6.5,3627.3,39999.6,4333.4,15472.9,24.7,0,
2017-12-22 05:41:06,0,1,2,6.6,3628.0,39999.7,4400.1,15714.7,24.8,0,
2017-12-22 05:41:09,0,1,2,6.7,3628.8,39999.5,4466.7,15956.6,24.7,0,
2017-12-22 05:41:13,0,1,2,6.7,3629.6,39999.3,4466.7,15956.6,24.8,0,
2017-12-22 05:41:16,0,1,2,6.8,3630.3,39999.5,4533.4,16198.6,24.8,0,
2017-12-22 05:41:19,0,1,2,6.8,3630.9,39999.6,4533.4,16198.6,24.8,0,
2017-12-22 05:41:22,0,1,2,6.9,3631.7,39999.5,4600.0,16440.7,24.8,0,
2017-12-22 05:41:25,0,1,2,6.9,3632.4,39999.7,4600.0,16440.7,24.8,0,
2017-12-22 05:41:28,0,1,2,7.0,3633.2,39999.6,4666.7,16682.9,24.8,0,
2017-12-22 05:41:31,0,1,2,7.0,3633.9,39999.5,4666.7,16682.9,24.7,0,
2017-12-22 05:41:34,0,1,2,7.1,3634.4,39999.7,4733.4,16925.2,24.7,0,
2017-12-22 05:41:38,0,1,2,7.1,3635.3,39999.7,4733.4,16925.2,24.7,0,
2017-12-22 05:41:41,0,1,2,7.2,3635.9,39999.7,4800.0,17167.6,24.8,0,
2017-12-22 05:41:44,0,1,2,7.2,3636.6,39998.9,4800.0,17167.6,24.8,0,
2017-12-22 05:41:47,0,1,2,7.3,3637.4,39999.6,4866.7,17410.0,24.8,0,
2017-12-22 05:41:50,0,1,2,7.3,3638.2,39999.5,4866.7,17410.0,24.8,0,
2017-12-22 05:41:53,0,1,2,7.4,3638.9,39999.6,4933.4,17652.6,24.8,0,
2017-12-22 05:41:57,0,1,2,7.4,3639.5,39999.6,4933.4,17652.6,24.8,0,
2017-12-22 05:42:00,0,1,2,7.5,3640.2,39999.7,5000.0,17895.2,24.7,0,
2017-12-22 05:42:03,0,1,2,7.5,3640.8,39999.8,5000.0,17895.2,24.7,0,
2017-12-22 05:42:06,0,1,2,7.6,3641.5,39999.7,5066.7,18138.0,24.7,0,
2017-12-22 05:42:09,0,1,2,7.7,3642.2,39999.5,5133.4,18380.8,24.8,0,
2017-12-22 05:42:13,0,1,2,7.7,3642.9,39999.3,5133.4,18380.8,24.8,0,
2017-12-22 05:42:16,0,1,2,7.8,3643.7,39999.6,5200.0,18623.7,24.8,0,
2017-12-22 05:42:19,0,1,2,7.8,3644.2,39999.7,5200.0,18623.7,24.8,0,
2017-12-22 05:42:22,0,1,2,7.9,3644.9,39999.2,5266.7,18866.7,24.8,0,
2017-12-22 05:42:25,0,1,2,7.9,3645.5,39999.6,5266.7,18866.7,24.8,0,
2017-12-22 05:42:28,0,1,2,8.0,3646.4,39999.8,5333.4,19109.8,24.8,0,
2017-12-22 05:42:31,0,1,2,8.0,3647.1,39999.4,5333.4,19109.8,24.8,0,
2017-12-22 05:42:34,0,1,2,8.1,3647.6,39999.7,5400.0,19352.9,24.8,0,
2017-12-22 05:42:37,0,1,2,8.1,3648.3,39999.4,5400.0,19352.9,24.8,0,
2017-12-22 05:42:41,0,1,2,8.2,3648.8,39999.7,5466.7,19596.2,24.8,0,
2017-12-22 05:42:44,0,1,2,8.2,3649.6,39999.6,5466.7,19596.2,24.8,0,
2017-12-22 05:42:47,0,1,2,8.3,3650.2,39999.7,5533.4,19839.5,24.8,0,
2017-12-22 05:42:50,0,1,2,8.3,3650.8,39999.6,5533.4,19839.5,24.8,0,
2017-12-22 05:42:53,0,1,2,8.4,3651.5,39999.4,5600.0,20082.9,24.8,0,
2017-12-22 05:42:56,0,1,2,8.4,3652.2,39999.5,5600.0,20082.9,24.8,0,
2017-12-22 05:43:00,0,1,2,8.5,3652.9,39999.7,5666.7,20326.4,24.8,0,
2017-12-22 05:43:03,0,1,2,8.5,3653.5,39999.7,5666.7,20326.4,24.8,0,
2017-12-22 05:43:06,0,1,2,8.6,3654.0,39999.6,5733.4,20569.9,24.8,0,
2017-12-22 05:43:09,0,1,2,8.6,3654.8,39999.5,5733.4,20569.9,24.8,0,
2017-12-22 05:43:12,0,1,2,8.7,3655.4,39999.7,5800.0,20813.6,24.8,0,
2017-12-22 05:43:16,0,1,2,8.8,3656.1,39999.7,5866.7,21057.3,24.7,0,
2017-12-22 05:43:19,0,1,2,8.8,3656.7,39999.7,5866.7,21057.3,24.8,0,
2017-12-22 05:43:22,0,1,2,8.9,3657.4,39999.7,5933.4,21301.1,24.7,0,
2017-12-22 05:43:25,0,1,2,8.9,3658.1,39999.7,5933.4,21301.1,24.7,0,
2017-12-22 05:43:28,0,1,2,9.0,3658.6,39999.6,6000.0,21545.0,24.7,0,
2017-12-22 05:43:31,0,1,2,9.0,3659.2,39999.7,6000.0,21545.0,24.7,0,
2017-12-22 05:43:34,0,1,2,9.1,3659.8,39999.7,6066.7,21789.0,24.6,0,
2017-12-22 05:43:37,0,1,2,9.1,3660.4,39999.7,6066.7,21789.0,24.6,0,
2017-12-22 05:43:40,0,1,2,9.2,3660.8,39999.9,6133.3,22033.0,24.6,0,
2017-12-22 05:43:43,0,1,2,9.2,3661.5,39999.5,6133.3,22033.0,24.7,0,
2017-12-22 05:43:46,0,1,2,9.3,3662.1,39999.9,6200.0,22277.2,24.7,0,
2017-12-22 05:43:49,0,1,2,9.3,3662.6,39999.2,6200.0,22277.2,24.7,0,
2017-12-22 05:43:53,0,1,2,9.4,3663.3,40000.0,6266.7,22521.4,24.7,0,
2017-12-22 05:43:56,0,1,2,9.4,3663.8,39999.7,6266.7,22521.4,24.7,0,
2017-12-22 05:43:59,0,1,2,9.5,3664.4,39999.8,6333.3,22765.6,24.7,0,
2017-12-22 05:44:02,0,1,2,9.5,3665.0,39999.7,6333.3,22765.6,24.7,0,
2017-12-22 05:44:05,0,1,2,9.6,3665.4,39999.3,6400.0,23010.0,24.7,0,
2017-12-22 05:44:08,0,1,2,9.6,3666.0,39999.7,6400.0,23010.0,24.6,0,
2017-12-22 05:44:11,0,1,2,9.7,3666.6,39999.7,6466.7,23254.4,24.6,0,
2017-12-22 05:44:14,0,1,2,9.7,3667.1,39999.8,6466.7,23254.4,24.6,0,
2017-12-22 05:44:17,0,1,2,9.8,3667.6,39999.5,6533.3,23498.9,24.6,0,
2017-12-22 05:44:20,0,1,2,9.8,3668.2,39999.4,6533.3,23498.9,24.6,0,
2017-12-22 05:44:24,0,1,2,9.9,3668.7,39999.7,6600.0,23743.4,24.6,0,
2017-12-22 05:44:27,0,1,2,9.9,3669.4,39999.3,6600.0,23743.4,24.6,0,
2017-12-22 05:44:30,0,1,2,10.0,3670.0,39999.1,6666.7,23988.1,24.6,0,
2017-12-22 05:44:33,0,1,2,10.0,3670.4,39999.7,6666.7,23988.1,24.6,0,
2017-12-22 05:44:36,0,1,2,10.1,3671.0,40000.0,6733.3,24232.8,24.6,0,
2017-12-22 05:44:40,0,1,2,10.2,3671.4,39999.7,6800.0,24477.5,24.6,0,
2017-12-22 05:44:43,0,1,2,10.2,3672.1,39999.7,6800.0,24477.5,24.6,0,
2017-12-22 05:44:46,0,1,2,10.3,3672.6,39999.8,6866.7,24722.3,24.6,0,
2017-12-22 05:44:49,0,1,2,10.3,3673.1,39999.8,6866.7,24722.3,24.7,0,
2017-12-22 05:44:52,0,1,2,10.4,3673.7,39999.5,6933.3,24967.2,24.7,0,
2017-12-22 05:44:55,0,1,2,10.4,3674.1,39999.6,6933.3,24967.2,24.7,0,
2017-12-22 05:44:58,0,1,2,10.5,3674.6,39999.7,7000.0,25212.2,24.7,0,
2017-12-22 05:45:02,0,1,2,10.5,3675.1,39999.6,7000.0,25212.2,24.7,0,
2017-12-22 05:45:05,0,1,2,10.6,3675.6,39999.6,7066.7,25457.2,24.6,0,
2017-12-22 05:45:08,0,1,2,10.6,3676.0,39999.5,7066.7,25457.2,24.7,0,
2017-12-22 05:45:11,0,1,2,10.7,3676.6,39999.7,7133.3,25702.3,24.7,0,
2017-12-22 05:45:15,0,1,2,10.7,3677.2,39999.7,7133.3,25702.3,24.7,0,
2017-12-22 05:45:18,0,1,2,10.8,3677.6,39999.7,7200.0,25947.4,24.6,0,
2017-12-22 05:45:21,0,1,2,10.8,3678.0,39999.7,7200.0,25947.4,24.6,0,
2017-12-22 05:45:24,0,1,2,10.9,3678.6,39999.5,7266.7,26192.6,24.6,0,
2017-12-22 05:45:27,0,1,2,10.9,3678.8,39999.6,7266.7,26192.6,24.6,0,
2017-12-22 05:45:30,0,1,2,11.0,3679.4,39999.8,7333.3,26437.9,24.6,0,
2017-12-22 05:45:33,0,1,2,11.0,3679.8,39999.9,7333.3,26437.9,24.6,0,
2017-12-22 05:45:36,0,1,2,11.1,3680.2,39999.7,7400.0,26683.2,24.6,0,
2017-12-22 05:45:39,0,1,2,11.1,3680.7,39999.7,7400.0,26683.2,24.6,0,
2017-12-22 05:45:42,0,1,2,11.2,3681.1,39999.7,7466.7,26928.6,24.6,0,
2017-12-22 05:45:45,0,1,2,11.3,3681.6,39999.7,7533.3,27174.0,24.6,0,
2017-12-22 05:45:49,0,1,2,11.3,3681.9,39999.8,7533.3,27174.0,24.6,0,
2017-12-22 05:45:52,0,1,2,11.4,3682.5,39999.7,7600.0,27419.5,24.7,0,
2017-12-22 05:45:55,0,1,2,11.4,3682.8,39999.7,7600.0,27419.5,24.7,0,
2017-12-22 05:45:58,0,1,2,11.5,3683.2,40000.0,7666.7,27665.0,24.7,0,
2017-12-22 05:46:01,0,1,2,11.5,3683.8,39999.7,7666.7,27665.0,24.7,0,
2017-12-22 05:46:04,0,1,2,11.6,3684.2,39999.8,7733.3,27910.6,24.7,0,
2017-12-22 05:46:07,0,1,2,11.6,3684.4,39999.5,7733.3,27910.6,24.6,0,
2017-12-22 05:46:10,0,1,2,11.7,3685.0,39999.7,7800.0,28156.3,24.7,0,
2017-12-22 05:46:13,0,1,2,11.7,3685.4,39999.5,7800.0,28156.3,24.7,0,
2017-12-22 05:46:16,0,1,2,11.8,3685.8,39999.7,7866.6,28402.0,24.6,0,
2017-12-22 05:46:19,0,1,2,11.8,3686.2,39999.7,7866.6,28402.0,24.7,0,
2017-12-22 05:46:22,0,1,2,11.9,3686.5,39999.5,7933.3,28647.8,24.6,0,
2017-12-22 05:46:25,0,1,2,11.9,3686.9,39999.7,7933.3,28647.8,24.6,0,
2017-12-22 05:46:28,0,1,2,12.0,3687.3,39999.6,8000.0,28893.6,24.6,0,
2017-12-22 05:46:32,0,1,2,12.0,3687.7,39999.0,8000.0,28893.6,24.6,0,
2017-12-22 05:46:35,0,1,2,12.1,3688.2,39999.5,8066.6,29139.4,24.6,0,
2017-12-22 05:46:38,0,1,2,12.1,3688.4,39999.2,8066.6,29139.4,24.6,0,
2017-12-22 05:46:41,0,1,2,12.2,3689.0,39999.7,8133.3,29385.3,24.6,0,
2017-12-22 05:46:44,0,1,2,12.2,3689.2,39999.7,8133.3,29385.3,24.6,0,
2017-12-22 05:46:47,0,1,2,12.3,3689.7,39999.9,8200.0,29631.3,24.6,0,
2017-12-22 05:46:50,0,1,2,12.3,3690.1,39999.7,8200.0,29631.3,24.6,0,
2017-12-22 05:46:53,0,1,2,12.4,3690.5,39999.5,8266.6,29877.3,24.6,0,
2017-12-22 05:46:56,0,1,2,12.4,3690.8,39999.6,8266.6,29877.3,24.6,0,
2017-12-22 05:46:59,0,1,2,12.5,3691.3,39999.9,8333.3,30123.4,24.6,0,
2017-12-22 05:47:03,0,1,2,12.5,3691.7,39999.6,8333.3,30123.4,24.6,0,
2017-12-22 05:47:06,0,1,2,12.6,3691.9,39999.5,8400.0,30369.5,24.6,0,
2017-12-22 05:47:09,0,1,2,12.6,3692.3,39999.8,8400.0,30369.5,24.6,0,
2017-12-22 05:47:12,0,1,2,12.7,3692.8,39999.7,8466.6,30615.6,24.6,0,
2017-12-22 05:47:15,0,1,2,12.7,3693.0,39999.6,8466.6,30615.6,24.6,0,
2017-12-22 05:47:18,0,1,2,12.8,3693.4,39999.5,8533.3,30861.8,24.6,0,
2017-12-22 05:47:21,0,1,2,12.8,3693.7,39999.3,8533.3,30861.8,24.6,0,
2017-12-22 05:47:24,0,1,2,12.9,3694.3,39999.5,8600.0,31108.1,24.6,0,
2017-12-22 05:47:27,0,1,2,13.0,3694.6,40000.0,8666.6,31354.4,24.7,0,
2017-12-22 05:47:30,0,1,2,13.0,3695.0,39999.7,8666.6,31354.4,24.7,0,
2017-12-22 05:47:33,0,1,2,13.1,3695.2,39999.2,8733.3,31600.7,24.7,0,
2017-12-22 05:47:36,0,1,2,13.1,3695.6,39999.8,8733.3,31600.7,24.7,0,
2017-12-22 05:47:39,0,1,2,13.2,3696.0,39999.5,8800.0,31847.1,24.7,0,
2017-12-22 05:47:43,0,1,2,13.2,3696.3,39999.2,8800.0,31847.1,24.7,0,
2017-12-22 05:47:46,0,1,2,13.3,3696.8,40000.0,8866.6,32093.6,24.6,0,
2017-12-22 05:47:49,0,1,2,13.3,3697.0,39999.6,8866.6,32093.6,24.6,0,
2017-12-22 05:47:52,0,1,2,13.4,3697.4,39999.2,8933.3,32340.1,24.6,0,
2017-12-22 05:47:55,0,1,2,13.4,3697.9,39999.7,8933.3,32340.1,24.7,0,
2017-12-22 05:47:58,0,1,2,13.5,3698.1,39999.9,9000.0,32586.6,24.7,0,
2017-12-22 05:48:01,0,1,2,13.5,3698.4,39999.9,9000.0,32586.6,24.7,0,
2017-12-22 05:48:04,0,1,2,13.6,3698.9,39999.8,9066.6,32833.2,24.7,0,
2017-12-22 05:48:07,0,1,2,13.6,3699.1,39999.8,9066.6,32833.2,24.7,0,
2017-12-22 05:48:10,0,1,2,13.7,3699.5,40000.0,9133.3,33079.8,24.7,0,
2017-12-22 05:48:13,0,1,2,13.7,3700.0,40000.0,9133.3,33079.8,24.7,0,
2017-12-22 05:48:16,0,1,2,13.8,3700.2,39999.5,9200.0,33326.5,24.7,0,
2017-12-22 05:48:19,0,1,2,13.8,3700.5,39999.7,9200.0,33326.5,24.7,0,
2017-12-22 05:48:22,0,1,2,13.9,3700.9,39999.7,9266.6,33573.2,24.7,0,
2017-12-22 05:48:26,0,1,2,13.9,3701.3,39999.7,9266.6,33573.2,24.7,0,
2017-12-22 05:48:29,0,1,2,14.0,3701.5,39999.0,9333.3,33819.9,24.7,0,
2017-12-22 05:48:32,0,1,2,14.0,3702.0,39999.8,9333.3,33819.9,24.7,0,
2017-12-22 05:48:35,0,1,2,14.1,3702.4,39999.5,9400.0,34066.7,24.7,0,
2017-12-22 05:48:38,0,1,2,14.1,3702.6,39999.6,9400.0,34066.7,24.7,0,
2017-12-22 05:48:41,0,1,2,14.2,3703.1,39999.7,9466.6,34313.6,24.7,0,
2017-12-22 05:48:44,0,1,2,14.2,3703.4,39999.5,9466.6,34313.6,24.7,0,
2017-12-22 05:48:47,0,1,2,14.3,3703.7,39999.4,9533.3,34560.5,24.7,0,
2017-12-22 05:48:50,0,1,2,14.3,3704.0,39999.7,9533.3,34560.5,24.7,0,
2017-12-22 05:48:53,0,1,2,14.4,3704.4,39999.8,9600.0,34807.4,24.7,0,
2017-12-22 05:48:57,0,1,2,14.4,3704.8,39999.8,9600.0,34807.4,24.7,0,
2017-12-22 05:49:00,0,1,2,14.5,3705.1,39999.8,9666.6,35054.4,24.7,0,
2017-12-22 05:49:03,0,1,2,14.5,3705.4,39999.8,9666.6,35054.4,24.7,0,
2017-12-22 05:49:06,0,1,2,14.6,3705.8,39999.7,9733.3,35301.4,24.7,0,
2017-12-22 05:49:09,0,1,2,14.7,3706.2,39999.6,9800.0,35548.5,24.7,0,
2017-12-22 05:49:12,0,1,2,14.7,3706.6,39999.8,9800.0,35548.5,24.7,0,
2017-12-22 05:49:15,0,1,2,14.8,3706.8,39999.2,9866.6,35795.6,24.7,0,
2017-12-22 05:49:19,0,1,2,14.8,3707.3,39999.7,9866.6,35795.6,24.7,0,
2017-12-22 05:49:22,0,1,2,14.9,3707.6,39999.6,9933.3,36042.8,24.7,0,
2017-12-22 05:49:25,0,1,2,14.9,3707.8,40000.0,9933.3,36042.8,24.7,0,
2017-12-22 05:49:28,0,1,2,15.0,3708.2,39999.7,9999.9,36290.0,24.7,0,
2017-12-22 05:49:31,0,1,2,15.0,3708.5,39999.0,9999.9,36290.0,24.6,0,
2017-12-22 05:49:34,0,1,2,15.1,3708.8,39999.6,10066.6,36537.2,24.6,0,
2017-12-22 05:49:37,0,1,2,15.1,3709.3,39999.6,10066.6,36537.2,24.6,0,
2017-12-22 05:49:40,0,1,2,15.2,3709.6,39999.8,10133.3,36784.5,24.6,0,
2017-12-22 05:49:43,0,1,2,15.2,3709.9,39999.6,10133.3,36784.5,24.6,0,
2017-12-22 05:49:47,0,1,2,15.3,3710.3,39999.7,10199.9,37031.9,24.6,0,
2017-12-22 05:49:50,0,1,2,15.3,3710.8,39999.7,10199.9,37031.9,24.6,0,
2017-12-22 05:49:53,0,1,2,15.4,3710.9,39999.5,10266.6,37279.3,24.6,0,
2017-12-22 05:49:56,0,1,2,15.4,3711.3,39999.3,10266.6,37279.3,24.6,0,
2017-12-22 05:49:59,0,1,2,15.5,3711.8,39999.4,10333.3,37526.7,24.6,0,
2017-12-22 05:50:02,0,1,2,15.5,3712.1,39999.4,10333.3,37526.7,24.6,0,
2017-12-22 05:50:05,0,1,2,15.6,3712.5,39999.4,10399.9,37774.2,24.6,0,
2017-12-22 05:50:08,0,1,2,15.6,3712.9,39999.7,10399.9,37774.2,24.6,0,
2017-12-22 05:50:11,0,1,2,15.7,3713.1,39999.3,10466.6,38021.7,24.6,0,
2017-12-22 05:50:14,0,1,2,15.7,3713.4,39999.3,10466.6,38021.7,24.6,0,
2017-12-22 05:50:17,0,1,2,15.8,3713.9,39999.7,10533.3,38269.2,24.6,0,
2017-12-22 05:50:21,0,1,2,15.8,3714.1,39999.7,10533.3,38269.2,24.6,0,
2017-12-22 05:50:24,0,1,2,15.9,3714.6,39999.7,10599.9,38516.9,24.6,0,
2017-12-22 05:50:27,0,1,2,15.9,3714.9,39999.3,10599.9,38516.9,24.6,0,
2017-12-22 05:50:30,0,1,2,16.0,3715.2,39999.0,10666.6,38764.5,24.6,0,
2017-12-22 05:50:33,0,1,2,16.0,3715.7,39999.7,10666.6,38764.5,24.7,0,
2017-12-22 05:50:37,0,1,2,16.1,3716.1,40000.0,10733.3,39012.2,24.6,0,
2017-12-22 05:50:40,0,1,2,16.2,3716.4,39999.9,10799.9,39260.0,24.6,0,
2017-12-22 05:50:43,0,1,2,16.2,3716.6,39999.2,10799.9,39260.0,24.6,0,
2017-12-22 05:50:46,0,1,2,16.3,3716.9,39999.7,10866.6,39507.8,24.6,0,
2017-12-22 05:50:49,0,1,2,16.3,3717.5,39999.7,10866.6,39507.8,24.7,0,
2017-12-22 05:50:52,0,1,2,16.4,3717.6,39999.8,10933.3,39755.6,24.7,0,
2017-12-22 05:50:55,0,1,2,16.4,3718.1,39999.5,10933.3,39755.6,24.7,0,
2017-12-22 05:50:58,0,1,2,16.5,3718.4,39999.9,10999.9,40003.5,24.7,0,
2017-12-22 05:51:01,0,1,2,16.5,3718.7,39999.8,10999.9,40003.5,24.7,0,
2017-12-22 05:51:04,0,1,2,16.6,3719.2,39999.7,11066.6,40251.4,24.7,0,
2017-12-22 05:51:07,0,1,2,16.6,3719.6,39999.7,11066.6,40251.4,24.7,0,
2017-12-22 05:51:10,0,1,2,16.7,3719.7,39999.5,11133.3,40499.4,24.7,0,
2017-12-22 05:51:13,0,1,2,16.7,3720.2,39999.4,11133.3,40499.4,24.6,0,
2017-12-22 05:51:16,0,1,2,16.8,3720.5,39999.1,11199.9,40747.5,24.6,0,
2017-12-22 05:51:19,0,1,2,16.8,3720.9,39999.8,11199.9,40747.5,24.6,0,
2017-12-22 05:51:22,0,1,2,16.9,3721.4,39999.6,11266.6,40995.5,24.6,0,
2017-12-22 05:51:25,0,1,2,16.9,3721.7,39999.7,11266.6,40995.5,24.7,0,
2017-12-22 05:51:28,0,1,2,17.0,3722.1,39999.7,11333.3,41243.6,24.7,0,
2017-12-22 05:51:31,0,1,2,17.0,3722.3,39999.1,11333.3,41243.6,24.6,0,
2017-12-22 05:51:34,0,1,2,17.1,3722.6,39998.8,11399.9,41491.8,24.7,0,
2017-12-22 05:51:37,0,1,2,17.1,3723.0,39999.5,11399.9,41491.8,24.7,0,
2017-12-22 05:51:41,0,1,2,17.2,3723.5,39999.2,11466.6,41740.0,24.7,0,
2017-12-22 05:51:44,0,1,2,17.2,3724.0,39999.5,11466.6,41740.0,24.7,0,
2017-12-22 05:51:47,0,1,2,17.3,3724.2,39999.0,11533.3,41988.3,24.6,0,
2017-12-22 05:51:50,0,1,2,17.3,3724.7,39999.8,11533.3,41988.3,24.6,0,
2017-12-22 05:51:53,0,1,2,17.4,3725.0,39999.2,11599.9,42236.6,24.6,0,
2017-12-22 05:51:56,0,1,2,17.4,3725.3,39999.6,11599.9,42236.6,24.6,0,
2017-12-22 05:51:59,0,1,2,17.5,3725.7,39999.6,11666.6,42485.0,24.7,0,
2017-12-22 05:52:03,0,1,2,17.5,3726.0,39999.7,11666.6,42485.0,24.7,0,
2017-12-22 05:52:06,0,1,2,17.6,3726.5,39999.6,11733.2,42733.4,24.7,0,
2017-12-22 05:52:09,0,1,2,17.6,3726.8,39999.5,11733.2,42733.4,24.8,0,
2017-12-22 05:52:12,0,1,2,17.7,3727.3,39999.3,11799.9,42981.8,24.7,0,
2017-12-22 05:52:15,0,1,2,17.7,3727.6,39999.1,11799.9,42981.8,24.7,0,
2017-12-22 05:52:18,0,1,2,17.8,3727.9,39999.3,11866.6,43230.3,24.8,0,
2017-12-22 05:52:21,0,1,2,17.8,3728.5,39999.5,11866.6,43230.3,24.8,0,
2017-12-22 05:52:25,0,1,2,17.9,3728.8,39999.7,11933.2,43478.9,24.8,0,
2017-12-22 05:52:28,0,1,2,18.0,3729.2,39999.9,11999.9,43727.5,24.7,0,
2017-12-22 05:52:31,0,1,2,18.0,3729.7,39999.3,11999.9,43727.5,24.7,0,
2017-12-22 05:52:34,0,1,2,18.1,3730.0,39999.7,12066.6,43976.2,24.7,0,
2017-12-22 05:52:37,0,1,2,18.1,3730.3,39999.5,12066.6,43976.2,24.8,0,
2017-12-22 05:52:40,0,1,2,18.2,3730.7,39999.7,12133.2,44224.9,24.7,0,
2017-12-22 05:52:43,0,1,2,18.2,3731.1,39999.5,12133.2,44224.9,24.7,0,
2017-12-22 05:52:46,0,1,2,18.3,3731.4,39999.7,12199.9,44473.6,24.7,0,
2017-12-22 05:52:50,0,1,2,18.3,3731.9,39999.5,12199.9,44473.6,24.7,0,
2017-12-22 05:52:53,0,1,2,18.4,3732.3,39999.5,12266.6,44722.4,24.8,0,
2017-12-22 05:52:56,0,1,2,18.4,3732.6,39999.7,12266.6,44722.4,24.8,0,
2017-12-22 05:52:59,0,1,2,18.5,3733.0,39999.5,12333.2,44971.3,24.8,0,
2017-12-22 05:53:02,0,1,2,18.5,3733.6,40000.2,12333.2,44971.3,24.8,0,
2017-12-22 05:53:05,0,1,2,18.6,3733.9,39999.7,12399.9,45220.2,24.7,0,
2017-12-22 05:53:09,0,1,2,18.6,3734.4,39998.9,12399.9,45220.2,24.8,0,
2017-12-22 05:53:12,0,1,2,18.7,3734.7,39999.3,12466.6,45469.1,24.8,0,
2017-12-22 05:53:15,0,1,2,18.7,3735.1,39999.7,12466.6,45469.1,24.8,0,
2017-12-22 05:53:18,0,1,2,18.8,3735.6,39999.7,12533.2,45718.1,24.8,0,
2017-12-22 05:53:21,0,1,2,18.9,3736.0,39999.8,12599.9,45967.2,24.8,0,
2017-12-22 05:53:25,0,1,2,18.9,3736.5,39999.7,12599.9,45967.2,24.8,0,
2017-12-22 05:53:28,0,1,2,19.0,3736.9,39999.6,12666.6,46216.3,24.7,0,
2017-12-22 05:53:31,0,1,2,19.0,3737.2,39998.8,12666.6,46216.3,24.8,0,
2017-12-22 05:53:34,0,1,2,19.1,3737.6,39999.7,12733.2,46465.4,24.8,0,
2017-12-22 05:53:37,0,1,2,19.1,3738.2,39999.7,12733.2,46465.4,24.7,0,
2017-12-22 05:53:41,0,1,2,19.2,3738.5,39999.4,12799.9,46714.7,24.7,0,
2017-12-22 05:53:44,0,1,2,19.2,3739.0,39999.5,12799.9,46714.7,24.7,0,
2017-12-22 05:53:47,0,1,2,19.3,3739.3,39999.8,12866.6,46963.9,24.8,0,
2017-12-22 05:53:50,0,1,2,19.3,3739.9,39999.7,12866.6,46963.9,24.8,0,
2017-12-22 05:53:53,0,1,2,19.4,3740.1,39999.6,12933.2,47213.3,24.7,0,
2017-12-22 05:53:56,0,1,2,19.4,3740.7,39999.4,12933.2,47213.3,24.8,0,
2017-12-22 05:53:59,0,1,2,19.5,3741.1,39999.5,12999.9,47462.6,24.8,0,
2017-12-22 05:54:03,0,1,2,19.5,3741.3,39999.7,12999.9,47462.6,24.8,0,
2017-12-22 05:54:06,0,1,2,19.6,3742.0,39999.7,13066.5,47712.1,24.8,0,
2017-12-22 05:54:09,0,1,2,19.6,3742.2,39999.6,13066.5,47712.1,24.8,0,
2017-12-22 05:54:12,0,1,2,19.7,3742.6,39999.5,13133.2,47961.6,24.8,0,
2017-12-22 05:54:15,0,1,2,19.7,3743.2,39999.5,13133.2,47961.6,24.8,0,
2017-12-22 05:54:18,0,1,2,19.8,3743.5,39999.5,13199.9,48211.1,24.8,0,
2017-12-22 05:54:21,0,1,2,19.8,3743.9,39999.7,13199.9,48211.1,24.8,0,
2017-12-22 05:54:24,0,1,2,19.9,3744.4,39999.2,13266.5,48460.7,24.8,0,
2017-12-22 05:54:28,0,1,2,20.0,3745.0,39999.7,13333.2,48710.3,24.8,0,
2017-12-22 05:54:31,0,1,2,20.0,3745.3,39999.5,13333.2,48710.3,24.8,0,
2017-12-22 05:54:34,0,1,2,20.1,3745.9,39999.2,13399.9,48960.1,24.8,0,
2017-12-22 05:54:37,0,1,2,20.1,3746.2,39999.6,13399.9,48960.1,24.7,0,
2017-12-22 05:54:40,0,1,2,20.2,3746.7,39998.7,13466.5,49209.8,24.7,0,
2017-12-22 05:54:43,0,1,2,20.2,3747.1,39999.3,13466.5,49209.8,24.7,0,
2017-12-22 05:54:46,0,1,2,20.3,3747.6,39999.5,13533.2,49459.6,24.7,0,
2017-12-22 05:54:49,0,1,2,20.3,3747.9,39999.8,13533.2,49459.6,24.7,0,
2017-12-22 05:54:52,0,1,2,20.4,3748.4,39999.2,13599.9,49709.5,24.6,0,
2017-12-22 05:54:55,0,1,2,20.4,3749.0,39999.5,13599.9,49709.5,24.6,0,
2017-12-22 05:54:58,0,1,2,20.5,3749.2,39999.5,13666.5,49959.4,24.6,0,
2017-12-22 05:55:01,0,1,2,20.5,3749.7,39999.3,13666.5,49959.4,24.6,0,
2017-12-22 05:55:04,0,1,2,20.6,3750.3,39999.5,13733.2,50209.4,24.6,0,
2017-12-22 05:55:07,0,1,2,20.6,3750.6,39999.5,13733.2,50209.4,24.6,0,
2017-12-22 05:55:11,0,1,2,20.7,3751.0,39999.7,13799.9,50459.5,24.6,0,
2017-12-22 05:55:14,0,1,2,20.7,3751.4,39999.3,13799.9,50459.5,24.6,0,
2017-12-22 05:55:17,0,1,2,20.8,3751.9,39999.2,13866.5,50709.6,24.7,0,
2017-12-22 05:55:20,0,1,2,20.8,3752.6,39999.3,13866.5,50709.6,24.7,0,
2017-12-22 05:55:23,0,1,2,20.9,3752.9,39999.5,13933.2,50959.8,24.7,0,
2017-12-22 05:55:26,0,1,2,20.9,3753.4,39999.6,13933.2,50959.8,24.7,0,
2017-12-22 05:55:29,0,1,2,21.0,3753.8,39999.7,13999.9,51210.0,24.7,0,
2017-12-22 05:55:33,0,1,2,21.0,3754.4,39999.5,13999.9,51210.0,24.7,0,
2017-12-22 05:55:36,0,1,2,21.1,3754.8,39999.5,14066.5,51460.3,24.8,0,
2017-12-22 05:55:39,0,1,2,21.1,3755.5,39999.6,14066.5,51460.3,24.8,0,
2017-12-22 05:55:42,0,1,2,21.2,3755.7,39999.6,14133.2,51710.6,24.8,0,
2017-12-22 05:55:46,0,1,2,21.3,3756.2,39999.4,14199.8,51961.1,24.8,0,
2017-12-22 05:55:49,0,1,2,21.3,3756.9,39999.4,14199.8,51961.1,24.8,0,
2017-12-22 05:55:52,0,1,2,21.4,3757.2,39999.5,14266.5,52211.5,24.8,0,
2017-12-22 05:55:55,0,1,2,21.4,3757.8,39999.4,14266.5,52211.5,24.8,0,
2017-12-22 05:55:58,0,1,2,21.5,3758.3,39999.3,14333.2,52462.1,24.8,0,
2017-12-22 05:56:01,0,1,2,21.5,3758.6,39999.4,14333.2,52462.1,24.8,0,
2017-12-22 05:56:04,0,1,2,21.6,3759.1,39999.5,14399.8,52712.7,24.8,0,
2017-12-22 05:56:07,0,1,2,21.6,3759.6,39999.7,14399.8,52712.7,24.8,0,
2017-12-22 05:56:10,0,1,2,21.7,3759.9,39999.7,14466.5,52963.3,24.8,0,
2017-12-22 05:56:13,0,1,2,21.7,3760.5,39999.7,14466.5,52963.3,24.8,0,
2017-12-22 05:56:16,0,1,2,21.8,3761.0,39999.4,14533.2,53214.1,24.8,0,
2017-12-22 05:56:19,0,1,2,21.8,3761.6,39999.5,14533.2,53214.1,24.8,0,
2017-12-22 05:56:23,0,1,2,21.9,3762.0,39999.2,14599.8,53464.8,24.8,0,
2017-12-22 05:56:26,0,1,2,21.9,3762.6,39999.8,14599.8,53464.8,24.8,0,
2017-12-22 05:56:29,0,1,2,22.0,3763.1,39999.7,14666.5,53715.7,24.8,0,
2017-12-22 05:56:32,0,1,2,22.0,3763.4,39999.5,14666.5,53715.7,24.8,0,
2017-12-22 05:56:35,0,1,2,22.1,3764.1,39999.5,14733.2,53966.6,24.8,0,
2017-12-22 05:56:38,0,1,2,22.1,3764.5,39999.7,14733.2,53966.6,24.8,0,
2017-12-22 05:56:42,0,1,2,22.2,3765.0,39998.8,14799.8,54217.6,24.8,0,
2017-12-22 05:56:45,0,1,2,22.2,3765.5,39999.3,14799.8,54217.6,24.8,0,
2017-12-22 05:56:48,0,1,2,22.3,3766.3,39999.5,14866.5,54468.6,24.8,0,
2017-12-22 05:56:51,0,1,2,22.3,3766.6,39999.5,14866.5,54468.6,24.8,0,
2017-12-22 05:56:55,0,1,2,22.4,3767.2,39999.2,14933.2,54719.7,24.8,0,
2017-12-22 05:56:58,0,1,2,22.5,3767.7,39999.0,14999.8,54970.9,24.8,0,
2017-12-22 05:57:01,0,1,2,22.5,3768.1,39999.8,14999.8,54970.9,24.8,0,
2017-12-22 05:57:04,0,1,2,22.6,3768.8,39999.2,15066.5,55222.1,24.8,0,
2017-12-22 05:57:07,0,1,2,22.6,3769.3,39999.4,15066.5,55222.1,24.8,0,
2017-12-22 05:57:10,0,1,2,22.7,3769.8,39999.3,15133.2,55473.4,24.8,0,
2017-12-22 05:57:13,0,1,2,22.7,3770.4,39999.6,15133.2,55473.4,24.7,0,
2017-12-22 05:57:16,0,1,2,22.8,3770.8,39999.0,15199.8,55724.8,24.8,0,
2017-12-22 05:57:20,0,1,2,22.8,3771.5,39999.3,15199.8,55724.8,24.8,0,
2017-12-22 05:57:23,0,1,2,22.9,3771.9,39999.5,15266.5,55976.3,24.7,0,
2017-12-22 05:57:26,0,1,2,22.9,3772.5,39999.0,15266.5,55976.3,24.8,0,
2017-12-22 05:57:29,0,1,2,23.0,3773.0,39998.7,15333.2,56227.8,24.8,0,
2017-12-22 05:57:32,0,1,2,23.0,3773.7,39999.1,15333.2,56227.8,24.8,0,
2017-12-22 05:57:36,0,1,2,23.1,3774.0,39999.3,15399.8,56479.4,24.8,0,
2017-12-22 05:57:39,0,1,2,23.1,3774.7,39999.3,15399.8,56479.4,24.8,0,
2017-12-22 05:57:42,0,1,2,23.2,3775.4,39999.2,15466.5,56731.0,24.8,0,
2017-12-22 05:57:45,0,1,2,23.2,3775.9,39999.5,15466.5,56731.0,24.8,0,
2017-12-22 05:57:48,0,1,2,23.3,3776.3,39999.2,15533.1,56982.7,24.8,0,
2017-12-22 05:57:51,0,1,2,23.4,3777.0,39999.5,15599.8,57234.5,24.8,0,
2017-12-22 05:57:55,0,1,2,23.4,3777.4,39999.0,15599.8,57234.5,24.8,0,
2017-12-22 05:57:58,0,1,2,23.5,3778.1,39999.5,15666.5,57486.4,24.8,0,
2017-12-22 05:58:01,0,1,2,23.5,3778.6,39999.3,15666.5,57486.4,24.8,0,
2017-12-22 05:58:04,0,1,2,23.6,3779.2,39999.3,15733.1,57738.3,24.8,0,
2017-12-22 05:58:07,0,1,2,23.6,3779.5,39999.8,15733.1,57738.3,24.8,0,
2017-12-22 05:58:10,0,1,2,23.7,3780.2,39999.5,15799.8,57990.3,24.8,0,
2017-12-22 05:58:14,0,1,2,23.7,3780.8,39999.8,15799.8,57990.3,24.8,0,
2017-12-22 05:58:17,0,1,2,23.8,3781.6,39999.4,15866.5,58242.4,24.8,0,
2017-12-22 05:58:20,0,1,2,23.8,3782.2,39999.3,15866.5,58242.4,24.8,0,
2017-12-22 05:58:23,0,1,2,23.9,3782.5,39999.2,15933.1,58494.5,24.8,0,
2017-12-22 05:58:26,0,1,2,23.9,3783.3,39999.3,15933.1,58494.5,24.9,0,
2017-12-22 05:58:29,0,1,2,24.0,3783.9,39999.2,15999.8,58746.8,24.9,0,
2017-12-22 05:58:33,0,1,2,24.0,3784.5,39999.2,15999.8,58746.8,24.8,0,
2017-12-22 05:58:36,0,1,2,24.1,3784.8,39999.2,16066.5,58999.1,24.9,0,
2017-12-22 05:58:39,0,1,2,24.1,3785.5,39999.5,16066.5,58999.1,24.8,0,
2017-12-22 05:58:42,0,1,2,24.2,3786.3,39999.7,16133.1,59251.4,24.9,0,
2017-12-22 05:58:45,0,1,2,24.3,3786.7,39999.7,16199.8,59503.9,24.9,0,
2017-12-22 05:58:49,0,1,2,24.3,3787.4,39999.5,16199.8,59503.9,24.9,0,
2017-12-22 05:58:52,0,1,2,24.4,3788.1,39998.7,16266.5,59756.4,24.9,0,
2017-12-22 05:58:55,0,1,2,24.4,3788.6,39999.5,16266.5,59756.4,24.8,0,
2017-12-22 05:58:58,0,1,2,24.5,3789.2,40000.0,16333.1,60009.0,24.8,0,
2017-12-22 05:59:01,0,1,2,24.5,3789.8,39999.7,16333.1,60009.0,24.8,0,
2017-12-22 05:59:05,0,1,2,24.6,3790.5,39999.3,16399.8,60261.7,24.8,0,
2017-12-22 05:59:08,0,1,2,24.6,3791.0,39999.5,16399.8,60261.7,24.8,0,
2017-12-22 05:59:11,0,1,2,24.7,3791.8,39999.5,16466.4,60514.4,24.8,0,
2017-12-22 05:59:14,0,1,2,24.7,3792.2,39999.4,16466.4,60514.4,24.8,0,
2017-12-22 05:59:17,0,1,2,24.8,3792.9,39999.0,16533.1,60767.2,24.8,0,
2017-12-22 05:59:20,0,1,2,24.8,3793.6,39999.7,16533.1,60767.2,24.8,0,
2017-12-22 05:59:23,0,1,2,24.9,3794.2,39999.8,16599.8,61020.1,24.8,0,
2017-12-22 05:59:27,0,1,2,24.9,3794.8,39999.5,16599.8,61020.1,24.8,0,
2017-12-22 05:59:30,0,1,2,25.0,3795.4,39999.5,16666.4,61273.1,24.8,0,
2017-12-22 05:59:33,0,1,2,25.0,3796.0,39999.7,16666.4,61273.1,24.8,0,
2017-12-22 05:59:36,0,1,2,25.1,3796.5,39999.3,16733.1,61526.2,24.8,0,
2017-12-22 05:59:39,0,1,2,25.1,3797.3,39999.3,16733.1,61526.2,24.8,0,
2017-12-22 05:59:42,0,1,2,25.2,3797.8,39999.5,16799.8,61779.3,24.8,0,
2017-12-22 05:59:45,0,1,2,25.2,3798.5,39999.3,16799.8,61779.3,24.8,0,
2017-12-22 05:59:48,0,1,2,25.3,3799.0,39999.4,16866.4,62032.5,24.8,0,
2017-12-22 05:59:51,0,1,2,25.3,3799.7,39999.6,16866.4,62032.5,24.8,0,
2017-12-22 05:59:54,0,1,2,25.4,3800.3,39999.3,16933.1,62285.8,24.8,0,
2017-12-22 05:59:57,0,1,2,25.4,3800.9,39999.3,16933.1,62285.8,24.8,0,
2017-12-22 06:00:00,0,1,2,25.5,3801.5,39999.8,16999.8,62539.2,24.8,0,
2017-12-22 06:00:04,0,1,2,25.6,3802.2,39999.4,17066.4,62792.7,24.8,0,
2017-12-22 06:00:07,0,1,2,25.6,3802.8,39999.5,17066.4,62792.7,24.8,0,
2017-12-22 06:00:10,0,1,2,25.7,3803.6,39999.5,17133.1,63046.3,24.8,0,
2017-12-22 06:00:13,0,1,2,25.7,3804.2,39999.0,17133.1,63046.3,24.8,0,
2017-12-22 06:00:17,0,1,2,25.8,3805.0,39999.3,17199.8,63299.9,24.8,0,
2017-12-22 06:00:20,0,1,2,25.8,3805.6,39999.0,17199.8,63299.9,24.8,0,
2017-12-22 06:00:23,0,1,2,25.9,3806.2,39999.6,17266.4,63553.6,24.8,0,
2017-12-22 06:00:26,0,1,2,25.9,3806.9,39999.5,17266.4,63553.6,24.8,0,
2017-12-22 06:00:29,0,1,2,26.0,3807.6,39999.7,17333.1,63807.5,24.8,0,
2017-12-22 06:00:32,0,1,2,26.0,3808.4,39999.5,17333.1,63807.5,24.8,0,
2017-12-22 06:00:36,0,1,2,26.1,3809.1,39999.2,17399.8,64061.4,24.8,0,
2017-12-22 06:00:39,0,1,2,26.1,3809.7,39999.3,17399.8,64061.4,24.8,0,
2017-12-22 06:00:42,0,1,2,26.2,3810.1,39999.5,17466.4,64315.3,24.8,0,
2017-12-22 06:00:45,0,1,2,26.2,3811.0,39999.4,17466.4,64315.3,24.8,0,
2017-12-22 06:00:48,0,1,2,26.3,3811.6,39998.7,17533.1,64569.4,24.8,0,
2017-12-22 06:00:51,0,1,2,26.3,3812.3,39999.3,17533.1,64569.4,24.8,0,
2017-12-22 06:00:54,0,1,2,26.4,3813.1,39999.3,17599.7,64823.5,24.8,0,
2017-12-22 06:00:57,0,1,2,26.5,3813.8,39999.0,17666.4,65077.8,24.8,0,
2017-12-22 06:01:01,0,1,2,26.5,3814.7,39999.5,17666.4,65077.8,24.8,0,
2017-12-22 06:01:04,0,1,2,26.6,3815.3,39999.3,17733.1,65332.1,24.8,0,
2017-12-22 06:01:07,0,1,2,26.6,3816.0,39999.3,17733.1,65332.1,24.8,0,
2017-12-22 06:01:10,0,1,2,26.7,3816.8,39999.4,17799.7,65586.5,24.8,0,
2017-12-22 06:01:14,0,1,2,26.7,3817.3,39999.3,17799.7,65586.5,24.8,0,
2017-12-22 06:01:17,0,1,2,26.8,3818.1,39999.3,17866.4,65841.1,24.8,0,
2017-12-22 06:01:20,0,1,2,26.8,3819.0,39999.2,17866.4,65841.1,24.8,0,
2017-12-22 06:01:23,0,1,2,26.9,3819.5,39999.2,17933.1,66095.7,24.8,0,
2017-12-22 06:01:26,0,1,2,26.9,3820.3,39999.2,17933.1,66095.7,24.8,0,
2017-12-22 06:01:29,0,1,2,27.0,3821.1,39999.0,17999.7,66350.4,24.8,0,
2017-12-22 06:01:32,0,1,2,27.0,3821.7,39999.4,17999.7,66350.4,24.8,0,
2017-12-22 06:01:36,0,1,2,27.1,3822.5,39999.3,18066.4,66605.2,24.8,0,
2017-12-22 06:01:39,0,1,2,27.1,3823.2,39998.8,18066.4,66605.2,24.8,0,
2017-12-22 06:01:42,0,1,2,27.2,3823.9,39999.2,18133.1,66860.1,24.8,0,
2017-12-22 06:01:45,0,1,2,27.2,3824.6,39999.5,18133.1,66860.1,24.9,0,
2017-12-22 06:01:48,0,1,2,27.3,3825.4,39999.5,18199.7,67115.0,24.9,0,
2017-12-22 06:01:51,0,1,2,27.3,3826.2,39999.7,18199.7,67115.0,24.9,0,
2017-12-22 06:01:55,0,1,2,27.4,3826.8,39999.0,18266.4,67370.1,24.9,0,
2017-12-22 06:01:58,0,1,2,27.5,3827.7,39999.4,18333.1,67625.3,24.9,0,
2017-12-22 06:02:01,0,1,2,27.5,3828.4,39999.1,18333.1,67625.3,24.9,0,
2017-12-22 06:02:04,0,1,2,27.6,3829.1,39999.1,18399.7,67880.5,24.9,0,
2017-12-22 06:02:07,0,1,2,27.6,3829.9,39999.2,18399.7,67880.5,24.9,0,
2017-12-22 06:02:10,0,1,2,27.7,3830.6,39999.1,18466.4,68135.9,24.9,0,
2017-12-22 06:02:14,0,1,2,27.7,3831.3,39999.2,18466.4,68135.9,24.9,0,
2017-12-22 06:02:17,0,1,2,27.8,3832.1,39999.5,18533.0,68391.3,24.9,0,
2017-12-22 06:02:20,0,1,2,27.8,3832.9,39999.3,18533.0,68391.3,24.9,0,
2017-12-22 06:02:23,0,1,2,27.9,3833.7,39999.5,18599.7,68646.9,24.9,0,
2017-12-22 06:02:26,0,1,2,27.9,3834.5,39999.4,18599.7,68646.9,24.9,0,
2017-12-22 06:02:29,0,1,2,28.0,3835.3,39999.7,18666.4,68902.5,24.9,0,
2017-12-22 06:02:32,0,1,2,28.0,3836.0,39999.5,18666.4,68902.5,24.9,0,
2017-12-22 06:02:35,0,1,2,28.1,3836.8,39999.7,18733.0,69158.3,25.0,0,
2017-12-22 06:02:38,0,1,2,28.1,3837.3,39999.5,18733.0,69158.3,25.0,0,
2017-12-22 06:02:41,0,1,2,28.2,3838.2,39999.5,18799.7,69414.1,25.0,0,
2017-12-22 06:02:44,0,1,2,28.2,3838.9,39999.7,18799.7,69414.1,25.0,0,
2017-12-22 06:02:47,0,1,2,28.3,3839.7,39999.6,18866.4,69670.0,25.0,0,
2017-12-22 06:02:51,0,1,2,28.3,3840.6,39999.4,18866.4,69670.0,25.0,0,
2017-12-22 06:02:54,0,1,2,28.4,3841.4,39999.9,18933.0,69926.1,25.0,0,
2017-12-22 06:02:57,0,1,2,28.4,3841.9,39999.5,18933.0,69926.1,25.0,0,
2017-12-22 06:03:00,0,1,2,28.5,3842.9,39999.7,18999.7,70182.2,25.0,0,
2017-12-22 06:03:03,0,1,2,28.5,3843.6,39999.7,18999.7,70182.2,25.0,0,
2017-12-22 06:03:06,0,1,2,28.6,3844.4,39999.7,19066.4,70438.5,25.0,0,
2017-12-22 06:03:09,0,1,2,28.6,3845.3,39999.6,19066.4,70438.5,24.9,0,
2017-12-22 06:03:12,0,1,2,28.7,3846.0,39999.7,19133.0,70694.8,24.9,0,
2017-12-22 06:03:16,0,1,2,28.8,3846.8,39999.5,19199.7,70951.3,24.9,0,
2017-12-22 06:03:19,0,1,2,28.8,3847.7,39999.6,19199.7,70951.3,24.8,0,
2017-12-22 06:03:22,0,1,2,28.9,3848.6,39999.5,19266.4,71207.8,24.8,0,
2017-12-22 06:03:25,0,1,2,28.9,3849.4,39999.4,19266.4,71207.8,24.8,0,
2017-12-22 06:03:28,0,1,2,29.0,3850.2,39999.3,19333.0,71464.5,24.8,0,
2017-12-22 06:03:31,0,1,2,29.0,3850.9,39999.6,19333.0,71464.5,24.8,0,
2017-12-22 06:03:34,0,1,2,29.1,3851.6,39999.7,19399.7,71721.3,24.8,0,
2017-12-22 06:03:38,0,1,2,29.1,3852.4,39999.7,19399.7,71721.3,24.8,0,
2017-12-22 06:03:41,0,1,2,29.2,3853.4,39999.8,19466.4,71978.1,24.8,0,
2017-12-22 06:03:44,0,1,2,29.2,3854.1,39999.6,19466.4,71978.1,24.9,0,
2017-12-22 06:03:47,0,1,2,29.3,3854.9,39999.0,19533.0,72235.1,24.8,0,
2017-12-22 06:03:50,0,1,2,29.3,3855.8,39999.5,19533.0,72235.1,24.9,0,
2017-12-22 06:03:53,0,1,2,29.4,3856.4,39999.3,19599.7,72492.2,24.9,0,
2017-12-22 06:03:56,0,1,2,29.4,3857.4,39999.7,19599.7,72492.2,24.9,0,
2017-12-22 06:03:59,0,1,2,29.5,3858.2,39999.7,19666.4,72749.3,24.9,0,
2017-12-22 06:04:02,0,1,2,29.5,3859.1,39999.5,19666.4,72749.3,24.9,0,
2017-12-22 06:04:05,0,1,2,29.6,3859.9,39999.7,19733.0,73006.6,24.9,0,
2017-12-22 06:04:08,0,1,2,29.6,3860.8,39999.7,19733.0,73006.6,24.9,0,
2017-12-22 06:04:12,0,1,2,29.7,3861.7,39999.4,19799.7,73264.0,24.9,0,
2017-12-22 06:04:15,0,1,2,29.7,3862.4,39999.7,19799.7,73264.0,24.9,0,
2017-12-22 06:04:18,0,1,2,29.8,3863.3,39999.7,19866.4,73521.5,24.9,0,
2017-12-22 06:04:21,0,1,2,29.8,3864.2,39999.7,19866.4,73521.5,25.0,0,
2017-12-22 06:04:24,0,1,2,29.9,3865.1,39999.7,19933.0,73779.1,25.0,0,
2017-12-22 06:04:27,0,1,2,30.0,3866.0,39999.7,19999.7,74036.8,25.0,0,
2017-12-22 06:04:30,0,1,2,30.0,3866.8,39999.7,19999.7,74036.8,25.0,0,
2017-12-22 06:04:34,0,1,2,30.1,3867.7,39999.5,20066.3,74294.7,25.0,0,
2017-12-22 06:04:37,0,1,2,30.1,3868.5,39999.5,20066.3,74294.7,25.0,0,
2017-12-22 06:04:40,0,1,2,30.2,3869.2,39999.5,20133.0,74552.6,25.0,0,
2017-12-22 06:04:43,0,1,2,30.2,3870.2,39999.3,20133.0,74552.6,25.0,0,
2017-12-22 06:04:46,0,1,2,30.3,3870.9,39999.7,20199.7,74810.7,25.0,0,
2017-12-22 06:04:49,0,1,2,30.3,3871.7,39999.7,20199.7,74810.7,25.0,0,
2017-12-22 06:04:52,0,1,2,30.4,3872.7,39999.2,20266.3,75068.8,25.0,0,
2017-12-22 06:04:55,0,1,2,30.4,3873.6,39999.7,20266.3,75068.8,25.0,0,
2017-12-22 06:04:58,0,1,2,30.5,3874.4,39999.5,20333.0,75327.1,25.0,0,
2017-12-22 06:05:01,0,1,2,30.5,3875.5,39999.3,20333.0,75327.1,25.0,0,
2017-12-22 06:05:05,0,1,2,30.6,3876.3,39999.6,20399.7,75585.5,25.0,0,
2017-12-22 06:05:08,0,1,2,30.6,3877.2,39999.5,20399.7,75585.5,24.9,0,
2017-12-22 06:05:11,0,1,2,30.7,3878.2,39999.7,20466.3,75844.0,24.9,0,
2017-12-22 06:05:14,0,1,2,30.7,3879.1,39999.5,20466.3,75844.0,25.0,0,
2017-12-22 06:05:17,0,1,2,30.8,3879.8,39999.6,20533.0,76102.6,24.9,0,
2017-12-22 06:05:20,0,1,2,30.8,3880.8,39999.4,20533.0,76102.6,24.9,0,
2017-12-22 06:05:24,0,1,2,30.9,3881.7,39999.7,20599.7,76361.3,25.0,0,
2017-12-22 06:05:27,0,1,2,30.9,3882.6,39999.7,20599.7,76361.3,25.0,0,
2017-12-22 06:05:30,0,1,2,31.0,3883.6,39999.7,20666.3,76620.2,25.0,0,
2017-12-22 06:05:33,0,1,2,31.0,3884.3,39999.7,20666.3,76620.2,25.0,0,
2017-12-22 06:05:36,0,1,2,31.1,3885.3,39999.7,20733.0,76879.1,25.0,0,
2017-12-22 06:05:39,0,1,2,31.1,3886.2,39999.8,20733.0,76879.1,25.0,0,
2017-12-22 06:05:42,0,1,2,31.2,3887.2,39999.7,20799.7,77138.2,25.0,0,
2017-12-22 06:05:45,0,1,2,31.2,3888.0,39999.6,20799.7,77138.2,25.0,0,
2017-12-22 06:05:48,0,1,2,31.3,3889.0,39999.3,20866.3,77397.4,24.9,0,
2017-12-22 06:05:51,0,1,2,31.4,3889.7,39999.0,20933.0,77656.7,25.0,0,
2017-12-22 06:05:54,0,1,2,31.4,3890.6,39998.9,20933.0,77656.7,24.9,0,
2017-12-22 06:05:57,0,1,2,31.5,3891.6,39999.8,20999.7,77916.2,24.9,0,
2017-12-22 06:06:01,0,1,2,31.5,3892.5,39999.9,20999.7,77916.2,25.0,0,
2017-12-22 06:06:04,0,1,2,31.6,3893.3,39999.8,21066.3,78175.7,24.9,0,
2017-12-22 06:06:07,0,1,2,31.6,3894.5,39999.7,21066.3,78175.7,25.0,0,
2017-12-22 06:06:10,0,1,2,31.7,3895.2,40000.3,21133.0,78435.4,25.0,0,
2017-12-22 06:06:13,0,1,2,31.7,3896.1,40000.3,21133.0,78435.4,25.0,0,
2017-12-22 06:06:16,0,1,2,31.8,3897.1,40000.0,21199.7,78695.2,25.0,0,
2017-12-22 06:06:19,0,1,2,31.8,3897.9,39999.6,21199.7,78695.2,25.0,0,
2017-12-22 06:06:22,0,1,2,31.9,3899.0,40000.0,21266.3,78955.1,25.0,0,
2017-12-22 06:06:25,0,1,2,31.9,3899.9,40000.0,21266.3,78955.1,25.0,0,
2017-12-22 06:06:29,0,1,2,32.0,3900.1,39027.2,21331.9,79210.7,25.0,0,
2017-12-22 06:06:32,0,1,2,32.0,3900.2,37948.6,21331.9,79210.7,25.0,0,
2017-12-22 06:06:35,0,1,2,32.1,3900.1,37009.6,21394.2,79453.8,25.0,0,
2017-12-22 06:06:38,0,1,2,32.1,3900.0,36200.4,21394.2,79453.8,25.0,0,
2017-12-22 06:06:41,0,1,2,32.2,3900.1,35376.3,21453.7,79686.1,25.0,0,
2017-12-22 06:06:44,0,1,2,32.2,3900.0,34763.6,21453.7,79686.1,25.0,0,
2017-12-22 06:06:47,0,1,2,32.3,3900.0,34002.9,21511.1,79909.8,25.0,0,
2017-12-22 06:06:50,0,1,2,32.3,3900.0,33395.3,21511.1,79909.8,25.0,0,
2017-12-22 06:06:53,0,1,2,32.4,3899.9,32815.5,21566.4,80125.3,25.0,0,
2017-12-22 06:06:56,0,1,2,32.4,3900.0,32245.7,21566.4,80125.3,25.0,0,
2017-12-22 06:07:00,0,1,2,32.5,3900.0,31687.2,21619.8,80333.8,25.0,0,
2017-12-22 06:07:03,0,1,2,32.5,3900.1,31213.0,21619.8,80333.8,25.0,0,
2017-12-22 06:07:06,0,1,2,32.6,3900.1,30592.2,21671.5,80535.2,25.0,0,
2017-12-22 06:07:09,0,1,2,32.6,3899.9,30063.3,21671.5,80535.2,25.0,0,
2017-12-22 06:07:12,0,1,2,32.7,3899.9,29540.2,21721.6,80730.6,25.0,0,
2017-12-22 06:07:16,0,1,2,32.8,3899.9,28899.3,21770.0,80919.3,25.0,0,
2017-12-22 06:07:19,0,1,2,32.8,3900.0,28523.2,21770.0,80919.3,25.0,0,
2017-12-22 06:07:22,0,1,2,32.9,3900.0,27960.6,21816.8,81101.9,25.0,0,
2017-12-22 06:07:25,0,1,2,32.9,3900.1,27488.5,21816.8,81101.9,25.0,0,
2017-12-22 06:07:28,0,1,2,33.0,3899.9,27063.6,21862.1,81278.7,25.0,0,
2017-12-22 06:07:32,0,1,2,33.0,3900.0,26593.7,21862.1,81278.7,25.0,0,
2017-12-22 06:07:35,0,1,2,33.1,3899.9,26131.7,21906.0,81449.9,25.0,0,
2017-12-22 06:07:38,0,1,2,33.1,3900.0,25806.7,21906.0,81449.9,25.0,0,
2017-12-22 06:07:41,0,1,2,33.2,3899.9,25170.9,21948.3,81614.9,25.0,0,
2017-12-22 06:07:44,0,1,2,33.2,3899.9,24870.4,21948.3,81614.9,25.0,0,
2017-12-22 06:07:48,0,1,2,33.3,3900.0,24376.7,21989.5,81775.6,25.0,0,
2017-12-22 06:07:51,0,1,2,33.3,3900.0,24062.9,21989.5,81775.6,25.0,0,
2017-12-22 06:07:54,0,1,2,33.4,3899.9,23585.7,22029.3,81930.9,25.0,0,
2017-12-22 06:07:57,0,1,2,33.4,3900.1,23188.6,22029.3,81930.9,24.9,0,
2017-12-22 06:08:00,0,1,2,33.5,3900.0,22900.2,22067.9,82081.1,24.9,0,
2017-12-22 06:08:03,0,1,2,33.5,3899.9,22547.2,22067.9,82081.1,24.9,0,
2017-12-22 06:08:06,0,1,2,33.6,3899.9,22156.5,22105.3,82227.0,24.9,0,
2017-12-22 06:08:09,0,1,2,33.7,3900.1,21727.1,22141.5,82368.3,24.9,0,
2017-12-22 06:08:12,0,1,2,33.7,3900.0,21394.5,22141.5,82368.3,24.9,0,
2017-12-22 06:08:16,0,1,2,33.8,3899.8,21036.2,22176.6,82505.0,24.9,0,
2017-12-22 06:08:19,0,1,2,33.8,3899.9,20762.0,22176.6,82505.0,24.9,0,
2017-12-22 06:08:22,0,1,2,33.9,3900.1,20351.5,22210.5,82637.3,24.9,0,
2017-12-22 06:08:25,0,1,2,33.9,3900.1,20097.9,22210.5,82637.3,24.9,0,
2017-12-22 06:08:28,0,1,2,34.0,3899.8,19749.7,22243.5,82766.0,24.8,0,
2017-12-22 06:08:31,0,1,2,34.0,3899.9,19416.9,22243.5,82766.0,24.8,0,
2017-12-22 06:08:34,0,1,2,34.1,3900.1,19079.1,22275.5,82890.9,24.9,0,
2017-12-22 06:08:38,0,1,2,34.1,3899.9,18833.1,22275.5,82890.9,24.9,0,
2017-12-22 06:08:41,0,1,2,34.2,3899.9,18552.9,22306.5,83011.8,24.9,0,
2017-12-22 06:08:44,0,1,2,34.2,3900.0,18231.0,22306.5,83011.8,24.9,0,
2017-12-22 06:08:47,0,1,2,34.3,3900.1,17960.2,22336.5,83128.8,24.9,0,
2017-12-22 06:08:50,0,1,2,34.3,3899.9,17691.8,22336.5,83128.8,24.9,0,
2017-12-22 06:08:53,0,1,2,34.4,3899.8,17300.1,22365.7,83242.6,24.9,0,
2017-12-22 06:08:56,0,1,2,34.4,3900.0,17041.8,22365.7,83242.6,25.0,0,
2017-12-22 06:09:00,0,1,2,34.5,3900.0,16829.7,22394.0,83353.1,25.0,0,
2017-12-22 06:09:03,0,1,2,34.5,3899.9,16537.8,22394.0,83353.1,25.0,0,
2017-12-22 06:09:06,0,1,2,34.6,3900.0,16258.9,22421.5,83460.4,25.0,0,
2017-12-22 06:09:09,0,1,2,34.6,3899.9,15974.5,22421.5,83460.4,25.0,0,
2017-12-22 06:09:12,0,1,2,34.7,3899.9,15769.1,22448.1,83563.9,25.0,0,
2017-12-22 06:09:16,0,1,2,34.8,3900.0,15426.8,22473.9,83664.7,24.9,0,
2017-12-22 06:09:19,0,1,2,34.8,3899.9,15229.1,22473.9,83664.7,24.9,0,
2017-12-22 06:09:22,0,1,2,34.9,3900.0,15001.2,22499.1,83762.7,24.9,0,
2017-12-22 06:09:25,0,1,2,34.9,3899.9,14741.8,22499.1,83762.7,24.9,0,
2017-12-22 06:09:28,0,1,2,35.0,3899.9,14494.9,22523.4,83857.8,24.9,0,
2017-12-22 06:09:31,0,1,2,35.0,3899.9,14341.1,22523.4,83857.8,24.9,0,
2017-12-22 06:09:34,0,1,2,35.1,3899.9,14126.9,22547.1,83950.1,24.9,0,
2017-12-22 06:09:38,0,1,2,35.1,3900.1,13847.9,22547.1,83950.1,24.9,0,
2017-12-22 06:09:41,0,1,2,35.2,3900.0,13614.9,22569.9,84039.2,24.9,0,
2017-12-22 06:09:44,0,1,2,35.2,3900.1,13471.8,22569.9,84039.2,24.8,0,
2017-12-22 06:09:47,0,1,2,35.3,3900.0,13204.9,22592.2,84125.9,24.9,0,
2017-12-22 06:09:50,0,1,2,35.3,3900.1,13016.1,22592.2,84125.9,24.8,0,
2017-12-22 06:09:53,0,1,2,35.4,3900.0,12815.4,22613.7,84209.9,24.9,0,
2017-12-22 06:09:57,0,1,2,35.4,3899.9,12623.8,22613.7,84209.9,24.9,0,
2017-12-22 06:10:00,0,1,2,35.5,3900.0,12380.3,22634.6,84291.4,24.9,0,
2017-12-22 06:10:03,0,1,2,35.5,3900.0,12190.0,22634.6,84291.4,24.9,0,
2017-12-22 06:10:06,0,1,2,35.6,3900.0,12039.6,22654.9,84370.4,24.8,0,
2017-12-22 06:10:09,0,1,2,35.6,3900.0,11836.8,22654.9,84370.4,24.9,0,
2017-12-22 06:10:13,0,1,2,35.7,3899.9,11653.6,22674.6,84447.3,24.8,0,
2017-12-22 06:10:15,0,1,2,35.8,3899.8,11509.1,22693.8,84522.1,24.8,0,
2017-12-22 06:10:18,0,1,2,35.8,3900.0,11315.4,22693.8,84522.1,24.8,0,
2017-12-22 06:10:22,0,1,2,35.9,3900.0,11168.1,22712.4,84594.7,24.8,0,
2017-12-22 06:10:25,0,1,2,35.9,3899.8,10974.6,22712.4,84594.7,24.8,0,
2017-12-22 06:10:28,0,1,2,36.0,3900.1,10811.4,22730.4,84665.0,24.8,0,
2017-12-22 06:10:31,0,1,2,36.0,3900.0,10623.9,22730.4,84665.0,24.8,0,
2017-12-22 06:10:34,0,1,2,36.1,3899.9,10522.2,22748.0,84733.5,24.8,0,
2017-12-22 06:10:37,0,1,2,36.1,3900.1,10335.9,22748.0,84733.5,24.8,0,
2017-12-22 06:10:40,0,1,2,36.2,3899.9,10182.7,22765.0,84800.0,24.8,0,
2017-12-22 06:10:43,0,1,2,36.2,3899.9,10056.9,22765.0,84800.0,24.8,0,
2017-12-22 06:10:44,0,1,2,36.2,3899.9,9984.8,22765.0,84800.0,24.8,5,终止电流到
2017-12-22 06:10:46,0,1,2,36.3,3891.9,6.4,22765.0,84800.1,24.8,5,终止电流到
2017-12-22 06:10:50,0,1,2,36.3,3890.7,6.5,22765.0,84800.1,24.8,5,终止电流到
2017-12-22 06:10:53,0,1,2,36.4,3889.9,6.3,22765.1,84800.1,24.8,5,终止电流到
2017-12-22 06:10:56,0,1,2,36.4,3889.2,5.7,22765.1,84800.1,24.8,5,终止电流到
2017-12-22 06:10:59,0,1,2,36.5,3888.7,6.1,22765.1,84800.2,24.8,5,终止电流到
2017-12-22 06:11:02,0,1,2,36.5,3888.3,5.7,22765.1,84800.2,24.8,5,终止电流到
2017-12-22 06:11:07,0,2,3,0.0,3887.5,0,0.0,0.0,24.8,0,
2017-12-22 06:11:30,0,2,3,0.4,3885.8,25.4,0.0,0.0,24.8,0,
2017-12-22 06:11:33,0,2,3,0.4,3885.7,25.1,0.0,0.0,24.7,0,
2017-12-22 06:11:36,0,2,3,0.5,3885.3,24.9,0.0,0.0,24.7,0,
2017-12-22 06:11:39,0,2,3,0.5,3885.4,25.1,0.0,0.0,24.8,0,
2017-12-22 06:11:42,0,2,3,0.6,3885.2,25.3,0.0,0.0,24.8,0,
2017-12-22 06:11:45,0,2,3,0.6,3885.0,25.4,0.0,0.0,24.8,0,
2017-12-22 06:11:49,0,2,3,0.7,3885.0,25.3,0.0,0.0,24.8,0,
2017-12-22 06:11:52,0,2,3,0.7,3884.8,24.9,0.0,0.0,24.8,0,
2017-12-22 06:11:55,0,2,3,0.8,3884.8,25.1,0.0,0.0,24.8,0,
2017-12-22 06:11:58,0,2,3,0.8,3884.6,24.8,0.0,0.0,24.8,0,
2017-12-22 06:12:01,0,2,3,0.9,3884.6,25.1,0.0,0.0,24.8,0,
2017-12-22 06:12:04,0,2,3,0.9,3884.4,25.0,0.0,0.0,24.8,0,
2017-12-22 06:12:07,0,2,3,1.0,3884.4,25.1,0.0,0.0,24.7,0,
2017-12-22 06:12:08,0,2,3,1.0,3884.4,24.8,0.0,0.0,24.8,1,时间到
2017-12-22 06:12:12,0,3,4,0.0,3884.2,0,0.0,0.0,24.8,0,
2017-12-22 06:12:34,0,3,4,0.4,3835.5,-40001.2,266.7,1025.2,24.7,0,
2017-12-22 06:12:38,0,3,4,0.4,3833.0,-40001.0,266.7,1025.2,24.8,0,
2017-12-22 06:12:41,0,3,4,0.5,3830.7,-40002.0,333.3,1280.6,24.8,0,
2017-12-22 06:12:44,0,3,4,0.5,3828.6,-40001.5,333.3,1280.6,24.7,0,
2017-12-22 06:12:47,0,3,4,0.6,3826.5,-40001.9,400.0,1535.8,24.7,0,
2017-12-22 06:12:50,0,3,4,0.6,3824.7,-40002.0,400.0,1535.8,24.7,0,
2017-12-22 06:12:53,0,3,4,0.7,3822.7,-40001.8,466.7,1790.7,24.8,0,
2017-12-22 06:12:56,0,3,4,0.7,3821.1,-40002.2,466.7,1790.7,24.8,0,
2017-12-22 06:13:00,0,3,4,0.8,3819.5,-40002.2,533.4,2045.4,24.8,0,
2017-12-22 06:13:03,0,3,4,0.8,3817.9,-40002.2,533.4,2045.4,24.8,0,
2017-12-22 06:13:06,0,3,4,0.9,3816.1,-40002.5,600.0,2299.9,24.8,0,
2017-12-22 06:13:09,0,3,4,0.9,3814.7,-40002.1,600.0,2299.9,24.8,0,
2017-12-22 06:13:12,0,3,4,1.0,3813.2,-40002.3,666.7,2554.2,24.8,0,
2017-12-22 06:13:15,0,3,4,1.0,3811.6,-40002.0,666.7,2554.2,24.8,0,
2017-12-22 06:13:18,0,3,4,1.1,3810.3,-40002.5,733.4,2808.3,24.8,0,
2017-12-22 06:13:22,0,3,4,1.1,3808.9,-40002.0,733.4,2808.3,24.8,0,
2017-12-22 06:13:25,0,3,4,1.2,3807.4,-40001.8,800.1,3062.3,24.8,0,
2017-12-22 06:13:28,0,3,4,1.2,3806.1,-40002.1,800.1,3062.3,24.7,0,
2017-12-22 06:13:31,0,3,4,1.3,3804.7,-40002.1,866.7,3316.0,24.8,0,
2017-12-22 06:13:34,0,3,4,1.3,3803.3,-40002.5,866.7,3316.0,24.8,0,
2017-12-22 06:13:37,0,3,4,1.4,3801.9,-40002.5,933.4,3569.6,24.8,0,
2017-12-22 06:13:40,0,3,4,1.5,3800.6,-40002.3,1000.1,3823.0,24.8,0,
2017-12-22 06:13:44,0,3,4,1.5,3799.3,-40002.2,1000.1,3823.0,24.8,0,
2017-12-22 06:13:47,0,3,4,1.6,3798.1,-40002.3,1066.8,4076.3,24.8,0,
2017-12-22 06:13:50,0,3,4,1.6,3796.7,-40002.5,1066.8,4076.3,24.8,0,
2017-12-22 06:13:53,0,3,4,1.7,3795.3,-40002.3,1133.4,4329.3,24.8,0,
2017-12-22 06:13:56,0,3,4,1.7,3794.0,-40002.2,1133.4,4329.3,24.7,0,
2017-12-22 06:14:00,0,3,4,1.8,3792.7,-40002.0,1200.1,4582.3,24.7,0,
2017-12-22 06:14:03,0,3,4,1.8,3791.4,-40002.4,1200.1,4582.3,24.8,0,
2017-12-22 06:14:06,0,3,4,1.9,3790.0,-40002.8,1266.8,4835.0,24.8,0,
2017-12-22 06:14:09,0,3,4,1.9,3788.8,-40002.3,1266.8,4835.0,24.8,0,
2017-12-22 06:14:12,0,3,4,2.0,3787.5,-40002.5,1333.5,5087.6,24.8,0,
2017-12-22 06:14:15,0,3,4,2.0,3786.1,-40002.3,1333.5,5087.6,24.7,0,
2017-12-22 06:14:18,0,3,4,2.1,3784.9,-40002.6,1400.1,5340.0,24.8,0,
2017-12-22 06:14:22,0,3,4,2.1,3783.7,-40002.6,1400.1,5340.0,24.7,0,
2017-12-22 06:14:25,0,3,4,2.2,3782.4,-39999.0,1466.8,5592.2,24.7,0,
2017-12-22 06:14:28,0,3,4,2.2,3781.1,-39999.0,1466.8,5592.2,24.8,0,
2017-12-22 06:14:31,0,3,4,2.3,3779.9,-39999.8,1533.5,5844.3,24.8,0,
2017-12-22 06:14:34,0,3,4,2.3,3778.5,-39999.3,1533.5,5844.3,24.8,0,
2017-12-22 06:14:37,0,3,4,2.4,3777.4,-39999.2,1600.1,6096.2,24.8,0,
2017-12-22 06:14:40,0,3,4,2.5,3776.0,-39999.2,1666.8,6347.9,24.8,0,
2017-12-22 06:14:44,0,3,4,2.5,3774.6,-39999.5,1666.8,6347.9,24.8,0,
2017-12-22 06:14:47,0,3,4,2.6,3773.5,-39999.6,1733.5,6599.4,24.8,0,
2017-12-22 06:14:50,0,3,4,2.6,3772.4,-39999.1,1733.5,6599.4,24.8,0,
2017-12-22 06:14:53,0,3,4,2.7,3771.0,-39999.8,1800.1,6850.9,24.8,0,
2017-12-22 06:14:56,0,3,4,2.7,3769.7,-39999.5,1800.1,6850.9,24.8,0,
2017-12-22 06:14:59,0,3,4,2.8,3768.5,-39999.4,1866.8,7102.1,24.8,0,
2017-12-22 06:15:02,0,3,4,2.8,3767.3,-39999.3,1866.8,7102.1,24.8,0,
2017-12-22 06:15:06,0,3,4,2.9,3766.0,-39999.1,1933.5,7353.2,24.8,0,
2017-12-22 06:15:09,0,3,4,2.9,3764.8,-39999.3,1933.5,7353.2,24.8,0,
2017-12-22 06:15:12,0,3,4,3.0,3763.5,-39999.1,2000.1,7604.1,24.8,0,
2017-12-22 06:15:15,0,3,4,3.0,3762.3,-39999.3,2000.1,7604.1,24.8,0,
2017-12-22 06:15:18,0,3,4,3.1,3761.0,-39998.7,2066.8,7854.9,24.8,0,
2017-12-22 06:15:21,0,3,4,3.1,3759.8,-39999.0,2066.8,7854.9,24.8,0,
2017-12-22 06:15:24,0,3,4,3.2,3758.7,-39999.3,2133.4,8105.5,24.8,0,
2017-12-22 06:15:28,0,3,4,3.2,3757.5,-39999.0,2133.4,8105.5,24.8,0,
2017-12-22 06:15:31,0,3,4,3.3,3756.2,-39999.2,2200.1,8356.0,24.8,0,
2017-12-22 06:15:34,0,3,4,3.3,3754.9,-39998.8,2200.1,8356.0,24.7,0,
2017-12-22 06:15:37,0,3,4,3.4,3753.8,-39999.0,2266.8,8606.3,24.8,0,
2017-12-22 06:15:40,0,3,4,3.4,3752.6,-39998.7,2266.8,8606.3,24.8,0,
2017-12-22 06:15:43,0,3,4,3.5,3751.4,-39998.7,2333.4,8856.4,24.8,0,
2017-12-22 06:15:46,0,3,4,3.6,3750.2,-39999.0,2400.1,9106.4,24.8,0,
2017-12-22 06:15:49,0,3,4,3.6,3748.9,-39999.2,2400.1,9106.4,24.8,0,
2017-12-22 06:15:53,0,3,4,3.7,3747.8,-39999.0,2466.8,9356.3,24.8,0,
2017-12-22 06:15:56,0,3,4,3.7,3746.6,-39999.1,2466.8,9356.3,24.8,0,
2017-12-22 06:15:59,0,3,4,3.8,3745.4,-39999.2,2533.4,9606.0,24.8,0,
2017-12-22 06:16:02,0,3,4,3.8,3744.4,-39999.0,2533.4,9606.0,24.8,0,
2017-12-22 06:16:05,0,3,4,3.9,3743.2,-39999.1,2600.1,9855.5,24.8,0,
2017-12-22 06:16:08,0,3,4,3.9,3742.0,-39999.2,2600.1,9855.5,24.8,0,
2017-12-22 06:16:11,0,3,4,4.0,3740.9,-39999.3,2666.8,10104.9,24.8,0,
2017-12-22 06:16:15,0,3,4,4.0,3739.7,-39999.4,2666.8,10104.9,24.8,0,
2017-12-22 06:16:18,0,3,4,4.1,3738.6,-39999.2,2733.4,10354.2,24.8,0,
2017-12-22 06:16:21,0,3,4,4.1,3737.4,-39999.3,2733.4,10354.2,24.7,0,
2017-12-22 06:16:24,0,3,4,4.2,3736.2,-39999.3,2800.1,10603.3,24.8,0,
2017-12-22 06:16:27,0,3,4,4.2,3735.1,-39999.0,2800.1,10603.3,24.8,0,
2017-12-22 06:16:30,0,3,4,4.3,3734.1,-39998.8,2866.7,10852.3,24.8,0,
2017-12-22 06:16:33,0,3,4,4.3,3733.0,-39999.0,2866.7,10852.3,24.8,0,
2017-12-22 06:16:37,0,3,4,4.4,3732.0,-39999.2,2933.4,11101.1,24.8,0,
2017-12-22 06:16:40,0,3,4,4.4,3730.9,-39999.5,2933.4,11101.1,24.8,0,
2017-12-22 06:16:43,0,3,4,4.5,3729.8,-39999.5,3000.1,11349.8,24.8,0,
2017-12-22 06:16:46,0,3,4,4.5,3728.7,-39999.5,3000.1,11349.8,24.8,0,
2017-12-22 06:16:49,0,3,4,4.6,3727.6,-39999.5,3066.7,11598.4,24.8,0,
2017-12-22 06:16:52,0,3,4,4.6,3726.6,-39999.0,3066.7,11598.4,24.8,0,
2017-12-22 06:16:55,0,3,4,4.7,3725.6,-39999.5,3133.4,11846.8,24.8,0,
2017-12-22 06:16:58,0,3,4,4.8,3724.4,-39999.0,3200.1,12095.1,24.8,0,
2017-12-22 06:17:02,0,3,4,4.8,3723.5,-39999.2,3200.1,12095.1,24.8,0,
2017-12-22 06:17:05,0,3,4,4.9,3722.4,-39999.2,3266.7,12343.2,24.8,0,
2017-12-22 06:17:08,0,3,4,4.9,3721.3,-39999.1,3266.7,12343.2,24.8,0,
2017-12-22 06:17:11,0,3,4,5.0,3720.3,-39999.2,3333.4,12591.3,24.7,0,
2017-12-22 06:17:14,0,3,4,5.0,3719.4,-39999.2,3333.4,12591.3,24.7,0,
2017-12-22 06:17:17,0,3,4,5.1,3718.4,-39999.4,3400.1,12839.2,24.8,0,
2017-12-22 06:17:20,0,3,4,5.1,3717.3,-39999.3,3400.1,12839.2,24.7,0,
2017-12-22 06:17:24,0,3,4,5.2,3716.4,-39998.8,3466.7,13086.9,24.7,0,
2017-12-22 06:17:27,0,3,4,5.2,3715.5,-39999.1,3466.7,13086.9,24.7,0,
2017-12-22 06:17:30,0,3,4,5.3,3714.4,-39999.1,3533.4,13334.6,24.7,0,
2017-12-22 06:17:33,0,3,4,5.3,3713.4,-39999.2,3533.4,13334.6,24.7,0,
2017-12-22 06:17:36,0,3,4,5.4,3712.6,-39999.4,3600.0,13582.1,24.7,0,
2017-12-22 06:17:39,0,3,4,5.4,3711.5,-39999.0,3600.0,13582.1,24.7,0,
2017-12-22 06:17:42,0,3,4,5.5,3710.6,-39999.3,3666.7,13829.5,24.7,0,
2017-12-22 06:17:46,0,3,4,5.5,3709.7,-39998.5,3666.7,13829.5,24.7,0,
2017-12-22 06:17:49,0,3,4,5.6,3708.7,-39999.5,3733.4,14076.8,24.7,0,
2017-12-22 06:17:52,0,3,4,5.6,3707.9,-39999.4,3733.4,14076.8,24.7,0,
2017-12-22 06:17:55,0,3,4,5.7,3707.0,-39999.0,3800.0,14324.0,24.7,0,
2017-12-22 06:17:58,0,3,4,5.7,3706.0,-39999.5,3800.0,14324.0,24.7,0,
2017-12-22 06:18:01,0,3,4,5.8,3705.1,-39999.2,3866.7,14571.0,24.7,0,
2017-12-22 06:18:04,0,3,4,5.9,3704.3,-39999.2,3933.4,14818.0,24.7,0,
2017-12-22 06:18:07,0,3,4,5.9,3703.3,-39998.7,3933.4,14818.0,24.6,0,
2017-12-22 06:18:11,0,3,4,6.0,3702.4,-39998.8,4000.0,15064.8,24.7,0,
2017-12-22 06:18:14,0,3,4,6.0,3701.5,-39999.2,4000.0,15064.8,24.7,0,
2017-12-22 06:18:17,0,3,4,6.1,3700.7,-39999.4,4066.7,15311.5,24.7,0,
2017-12-22 06:18:20,0,3,4,6.1,3699.8,-39999.5,4066.7,15311.5,24.6,0,
2017-12-22 06:18:23,0,3,4,6.2,3698.9,-39999.2,4133.4,15558.1,24.7,0,
2017-12-22 06:18:26,0,3,4,6.2,3698.0,-39999.5,4133.4,15558.1,24.6,0,
2017-12-22 06:18:29,0,3,4,6.3,3697.2,-39999.2,4200.0,15804.6,24.7,0,
2017-12-22 06:18:33,0,3,4,6.3,3696.3,-39999.1,4200.0,15804.6,24.7,0,
2017-12-22 06:18:36,0,3,4,6.4,3695.4,-39998.7,4266.7,16051.0,24.7,0,
2017-12-22 06:18:39,0,3,4,6.4,3694.7,-39999.3,4266.7,16051.0,24.6,0,
2017-12-22 06:18:42,0,3,4,6.5,3693.9,-39999.7,4333.4,16297.3,24.7,0,
2017-12-22 06:18:45,0,3,4,6.5,3692.9,-39999.7,4333.4,16297.3,24.7,0,
2017-12-22 06:18:48,0,3,4,6.6,3692.3,-39999.5,4400.0,16543.4,24.6,0,
2017-12-22 06:18:51,0,3,4,6.6,3691.4,-39999.6,4400.0,16543.4,24.6,0,
2017-12-22 06:18:54,0,3,4,6.7,3690.5,-39999.7,4466.7,16789.5,24.6,0,
2017-12-22 06:18:58,0,3,4,6.7,3689.8,-39999.5,4466.7,16789.5,24.6,0,
2017-12-22 06:19:01,0,3,4,6.8,3688.9,-39999.5,4533.4,17035.4,24.6,0,
2017-12-22 06:19:04,0,3,4,6.8,3688.1,-40000.0,4533.4,17035.4,24.6,0,
2017-12-22 06:19:07,0,3,4,6.9,3687.3,-39999.5,4600.0,17281.3,24.6,0,
2017-12-22 06:19:10,0,3,4,7.0,3686.5,-40000.0,4666.7,17527.1,24.6,0,
2017-12-22 06:19:13,0,3,4,7.0,3685.7,-39999.4,4666.7,17527.1,24.6,0,
2017-12-22 06:19:17,0,3,4,7.1,3685.0,-39999.4,4733.3,17772.7,24.6,0,
2017-12-22 06:19:20,0,3,4,7.1,3684.3,-39999.9,4733.3,17772.7,24.6,0,
2017-12-22 06:19:23,0,3,4,7.2,3683.4,-39999.7,4800.0,18018.3,24.6,0,
2017-12-22 06:19:26,0,3,4,7.2,3682.7,-39999.3,4800.0,18018.3,24.6,0,
2017-12-22 06:19:29,0,3,4,7.3,3681.9,-39999.7,4866.7,18263.8,24.6,0,
2017-12-22 06:19:32,0,3,4,7.3,3681.1,-39999.7,4866.7,18263.8,24.7,0,
2017-12-22 06:19:35,0,3,4,7.4,3680.3,-39999.5,4933.3,18509.1,24.7,0,
2017-12-22 06:19:38,0,3,4,7.4,3679.7,-39999.4,4933.3,18509.1,24.6,0,
2017-12-22 06:19:41,0,3,4,7.5,3678.9,-39999.7,5000.0,18754.4,24.6,0,
2017-12-22 06:19:45,0,3,4,7.5,3678.2,-39999.6,5000.0,18754.4,24.7,0,
2017-12-22 06:19:48,0,3,4,7.6,3677.4,-39999.7,5066.7,18999.6,24.7,0,
2017-12-22 06:19:51,0,3,4,7.6,3676.6,-40000.0,5066.7,18999.6,24.7,0,
2017-12-22 06:19:54,0,3,4,7.7,3675.9,-39999.7,5133.3,19244.7,24.7,0,
2017-12-22 06:19:57,0,3,4,7.7,3675.2,-39999.7,5133.3,19244.7,24.7,0,
2017-12-22 06:20:00,0,3,4,7.8,3674.3,-39999.6,5200.0,19489.6,24.7,0,
2017-12-22 06:20:03,0,3,4,7.8,3673.7,-39999.6,5200.0,19489.6,24.7,0,
2017-12-22 06:20:07,0,3,4,7.9,3672.9,-40000.0,5266.7,19734.5,24.7,0,
2017-12-22 06:20:10,0,3,4,7.9,3672.3,-39999.9,5266.7,19734.5,24.7,0,
2017-12-22 06:20:13,0,3,4,8.0,3671.5,-39999.9,5333.3,19979.3,24.7,0,
2017-12-22 06:20:16,0,3,4,8.1,3670.7,-39999.4,5400.0,20224.0,24.7,0,
2017-12-22 06:20:19,0,3,4,8.1,3670.0,-39999.5,5400.0,20224.0,24.7,0,
2017-12-22 06:20:23,0,3,4,8.2,3669.4,-39999.5,5466.7,20468.7,24.8,0,
2017-12-22 06:20:26,0,3,4,8.2,3668.7,-39999.5,5466.7,20468.7,24.7,0,
2017-12-22 06:20:29,0,3,4,8.3,3667.8,-39999.7,5533.3,20713.2,24.7,0,
2017-12-22 06:20:32,0,3,4,8.3,3667.1,-39999.4,5533.3,20713.2,24.7,0,
2017-12-22 06:20:35,0,3,4,8.4,3666.5,-39999.0,5600.0,20957.6,24.7,0,
2017-12-22 06:20:38,0,3,4,8.4,3665.8,-39999.5,5600.0,20957.6,24.7,0,
2017-12-22 06:20:41,0,3,4,8.5,3665.0,-39999.7,5666.7,21202.0,24.7,0,
2017-12-22 06:20:45,0,3,4,8.5,3664.4,-39999.4,5666.7,21202.0,24.7,0,
2017-12-22 06:20:48,0,3,4,8.6,3663.8,-39999.5,5733.3,21446.3,24.7,0,
2017-12-22 06:20:51,0,3,4,8.6,3663.1,-39999.5,5733.3,21446.3,24.7,0,
2017-12-22 06:20:54,0,3,4,8.7,3662.4,-39999.6,5800.0,21690.4,24.6,0,
2017-12-22 06:20:57,0,3,4,8.7,3661.8,-39999.6,5800.0,21690.4,24.7,0,
2017-12-22 06:21:00,0,3,4,8.8,3661.0,-39999.7,5866.7,21934.5,24.7,0,
2017-12-22 06:21:03,0,3,4,8.8,3660.4,-39999.5,5866.7,21934.5,24.7,0,
2017-12-22 06:21:06,0,3,4,8.9,3659.7,-39999.3,5933.3,22178.5,24.7,0,
2017-12-22 06:21:10,0,3,4,8.9,3659.0,-39999.1,5933.3,22178.5,24.7,0,
2017-12-22 06:21:13,0,3,4,9.0,3658.4,-39999.3,6000.0,22422.4,24.7,0,
2017-12-22 06:21:16,0,3,4,9.0,3657.7,-39999.6,6000.0,22422.4,24.7,0,
2017-12-22 06:21:19,0,3,4,9.1,3657.0,-39999.9,6066.6,22666.3,24.7,0,
2017-12-22 06:21:22,0,3,4,9.1,3656.4,-39999.4,6066.6,22666.3,24.7,0,
2017-12-22 06:21:25,0,3,4,9.2,3655.8,-39999.7,6133.3,22910.0,24.7,0,
2017-12-22 06:21:28,0,3,4,9.3,3655.0,-39999.5,6200.0,23153.7,24.7,0,
2017-12-22 06:21:32,0,3,4,9.3,3654.3,-39999.5,6200.0,23153.7,24.7,0,
2017-12-22 06:21:35,0,3,4,9.4,3653.5,-40000.2,6266.6,23397.3,24.7,0,
2017-12-22 06:21:38,0,3,4,9.4,3653.0,-39999.3,6266.6,23397.3,24.7,0,
2017-12-22 06:21:41,0,3,4,9.5,3652.4,-39999.6,6333.3,23640.7,24.7,0,
2017-12-22 06:21:44,0,3,4,9.5,3651.7,-39999.4,6333.3,23640.7,24.7,0,
2017-12-22 06:21:47,0,3,4,9.6,3651.0,-39999.7,6400.0,23884.2,24.7,0,
2017-12-22 06:21:51,0,3,4,9.6,3650.5,-39999.9,6400.0,23884.2,24.7,0,
2017-12-22 06:21:54,0,3,4,9.7,3649.9,-39999.5,6466.6,24127.5,24.6,0,
2017-12-22 06:21:57,0,3,4,9.7,3649.1,-39999.7,6466.6,24127.5,24.7,0,
2017-12-22 06:22:00,0,3,4,9.8,3648.6,-39999.6,6533.3,24370.8,24.7,0,
2017-12-22 06:22:03,0,3,4,9.8,3648.0,-39999.7,6533.3,24370.8,24.7,0,
2017-12-22 06:22:06,0,3,4,9.9,3647.3,-39999.9,6600.0,24613.9,24.7,0,
2017-12-22 06:22:09,0,3,4,9.9,3646.7,-39999.6,6600.0,24613.9,24.7,0,
2017-12-22 06:22:13,0,3,4,10.0,3646.0,-39999.6,6666.6,24857.0,24.7,0,
2017-12-22 06:22:16,0,3,4,10.0,3645.4,-39999.9,6666.6,24857.0,24.7,0,
2017-12-22 06:22:19,0,3,4,10.1,3644.8,-39999.6,6733.3,25100.0,24.7,0,
2017-12-22 06:22:22,0,3,4,10.1,3644.1,-40000.0,6733.3,25100.0,24.7,0,
2017-12-22 06:22:25,0,3,4,10.2,3643.5,-39999.7,6800.0,25343.0,24.7,0,
2017-12-22 06:22:28,0,3,4,10.2,3642.9,-39999.0,6800.0,25343.0,24.7,0,
2017-12-22 06:22:31,0,3,4,10.3,3642.4,-39999.3,6866.6,25585.8,24.7,0,
2017-12-22 06:22:34,0,3,4,10.4,3641.8,-39999.8,6933.3,25828.6,24.7,0,
2017-12-22 06:22:38,0,3,4,10.4,3641.3,-40000.0,6933.3,25828.6,24.7,0,
2017-12-22 06:22:41,0,3,4,10.5,3640.6,-39999.4,7000.0,26071.3,24.8,0,
2017-12-22 06:22:44,0,3,4,10.5,3640.0,-40000.0,7000.0,26071.3,24.8,0,
2017-12-22 06:22:47,0,3,4,10.6,3639.4,-39999.6,7066.6,26313.9,24.7,0,
2017-12-22 06:22:50,0,3,4,10.6,3638.9,-39999.9,7066.6,26313.9,24.7,0,
2017-12-22 06:22:53,0,3,4,10.7,3638.1,-39999.7,7133.3,26556.5,24.8,0,
2017-12-22 06:22:56,0,3,4,10.7,3637.6,-39999.7,7133.3,26556.5,24.7,0,
2017-12-22 06:23:00,0,3,4,10.8,3636.9,-39999.8,7200.0,26799.0,24.8,0,
2017-12-22 06:23:03,0,3,4,10.8,3636.4,-39999.6,7200.0,26799.0,24.8,0,
2017-12-22 06:23:06,0,3,4,10.9,3635.9,-40000.1,7266.6,27041.4,24.8,0,
2017-12-22 06:23:09,0,3,4,10.9,3635.4,-39999.8,7266.6,27041.4,24.8,0,
2017-12-22 06:23:12,0,3,4,11.0,3634.8,-40000.0,7333.3,27283.7,24.8,0,
2017-12-22 06:23:15,0,3,4,11.0,3634.1,-39999.2,7333.3,27283.7,24.8,0,
2017-12-22 06:23:18,0,3,4,11.1,3633.5,-39999.7,7399.9,27526.0,24.8,0,
2017-12-22 06:23:21,0,3,4,11.1,3633.1,-39999.7,7399.9,27526.0,24.8,0,
2017-12-22 06:23:25,0,3,4,11.2,3632.5,-39999.1,7466.6,27768.2,24.8,0,
2017-12-22 06:23:28,0,3,4,11.2,3631.9,-39999.2,7466.6,27768.2,24.7,0,
2017-12-22 06:23:31,0,3,4,11.3,3631.3,-39999.4,7533.3,28010.3,24.8,0,
2017-12-22 06:23:34,0,3,4,11.3,3630.8,-39999.5,7533.3,28010.3,24.8,0,
2017-12-22 06:23:37,0,3,4,11.4,3630.1,-39999.8,7599.9,28252.3,24.7,0,
2017-12-22 06:23:40,0,3,4,11.4,3629.7,-39999.9,7599.9,28252.3,24.8,0,
2017-12-22 06:23:43,0,3,4,11.5,3629.0,-39999.6,7666.6,28494.3,24.8,0,
2017-12-22 06:23:46,0,3,4,11.6,3628.6,-39999.5,7733.3,28736.2,24.7,0,
2017-12-22 06:23:49,0,3,4,11.6,3628.0,-39999.5,7733.3,28736.2,24.7,0,
2017-12-22 06:23:53,0,3,4,11.7,3627.4,-39999.7,7799.9,28978.0,24.8,0,
2017-12-22 06:23:56,0,3,4,11.7,3626.9,-39999.5,7799.9,28978.0,24.8,0,
2017-12-22 06:23:59,0,3,4,11.8,3626.2,-39999.7,7866.6,29219.8,24.8,0,
2017-12-22 06:24:02,0,3,4,11.8,3625.7,-39999.6,7866.6,29219.8,24.8,0,
2017-12-22 06:24:05,0,3,4,11.9,3625.1,-39999.7,7933.3,29461.5,24.8,0,
2017-12-22 06:24:08,0,3,4,11.9,3624.5,-40000.0,7933.3,29461.5,24.7,0,
2017-12-22 06:24:11,0,3,4,12.0,3624.0,-39999.9,7999.9,29703.1,24.8,0,
2017-12-22 06:24:15,0,3,4,12.0,3623.5,-39999.6,7999.9,29703.1,24.7,0,
2017-12-22 06:24:18,0,3,4,12.1,3623.0,-39999.0,8066.6,29944.6,24.8,0,
2017-12-22 06:24:21,0,3,4,12.1,3622.5,-39999.7,8066.6,29944.6,24.8,0,
2017-12-22 06:24:24,0,3,4,12.2,3621.9,-39999.1,8133.3,30186.1,24.8,0,
2017-12-22 06:24:27,0,3,4,12.2,3621.4,-39999.8,8133.3,30186.1,24.7,0,
2017-12-22 06:24:30,0,3,4,12.3,3620.9,-39999.4,8199.9,30427.5,24.7,0,
2017-12-22 06:24:33,0,3,4,12.3,3620.3,-39999.7,8199.9,30427.5,24.7,0,
2017-12-22 06:24:37,0,3,4,12.4,3619.8,-39999.7,8266.6,30668.8,24.8,0,
2017-12-22 06:24:40,0,3,4,12.4,3619.2,-39999.3,8266.6,30668.8,24.7,0,
2017-12-22 06:24:43,0,3,4,12.5,3618.7,-39999.7,8333.3,30910.1,24.8,0,
2017-12-22 06:24:46,0,3,4,12.5,3618.1,-39999.7,8333.3,30910.1,24.8,0,
2017-12-22 06:24:49,0,3,4,12.6,3617.5,-39999.9,8399.9,31151.3,24.7,0,
2017-12-22 06:24:52,0,3,4,12.7,3617.0,-39999.3,8466.6,31392.4,24.7,0,
2017-12-22 06:24:56,0,3,4,12.7,3616.4,-40000.3,8466.6,31392.4,24.7,0,
2017-12-22 06:24:59,0,3,4,12.8,3616.0,-39999.5,8533.3,31633.5,24.7,0,
2017-12-22 06:25:02,0,3,4,12.8,3615.5,-40000.1,8533.3,31633.5,24.7,0,
2017-12-22 06:25:05,0,3,4,12.9,3614.8,-39999.8,8599.9,31874.5,24.8,0,
2017-12-22 06:25:08,0,3,4,12.9,3614.3,-39999.7,8599.9,31874.5,24.8,0,
2017-12-22 06:25:11,0,3,4,13.0,3613.9,-39999.7,8666.6,32115.4,24.8,0,
2017-12-22 06:25:14,0,3,4,13.0,3613.4,-40000.0,8666.6,32115.4,24.7,0,
2017-12-22 06:25:18,0,3,4,13.1,3612.8,-39999.4,8733.3,32356.3,24.7,0,
2017-12-22 06:25:21,0,3,4,13.1,3612.2,-39999.3,8733.3,32356.3,24.8,0,
2017-12-22 06:25:24,0,3,4,13.2,3611.7,-40000.2,8799.9,32597.1,24.7,0,
2017-12-22 06:25:27,0,3,4,13.2,3611.1,-39999.7,8799.9,32597.1,24.8,0,
2017-12-22 06:25:30,0,3,4,13.3,3610.5,-40000.3,8866.6,32837.8,24.7,0,
2017-12-22 06:25:34,0,3,4,13.3,3610.0,-39999.9,8866.6,32837.8,24.8,0,
2017-12-22 06:25:37,0,3,4,13.4,3609.5,-39999.7,8933.3,33078.5,24.8,0,
2017-12-22 06:25:40,0,3,4,13.4,3609.1,-39999.7,8933.3,33078.5,24.8,0,
2017-12-22 06:25:43,0,3,4,13.5,3608.6,-39999.9,8999.9,33319.0,24.8,0,
2017-12-22 06:25:46,0,3,4,13.5,3608.0,-39999.7,8999.9,33319.0,24.8,0,
2017-12-22 06:25:49,0,3,4,13.6,3607.5,-39999.6,9066.6,33559.6,24.8,0,
2017-12-22 06:25:52,0,3,4,13.7,3607.1,-39999.3,9133.3,33800.0,24.7,0,
2017-12-22 06:25:56,0,3,4,13.7,3606.4,-39999.4,9133.3,33800.0,24.8,0,
2017-12-22 06:25:59,0,3,4,13.8,3606.0,-39999.2,9199.9,34040.4,24.8,0,
2017-12-22 06:26:02,0,3,4,13.8,3605.4,-39999.5,9199.9,34040.4,24.8,0,
2017-12-22 06:26:05,0,3,4,13.9,3605.0,-39999.7,9266.6,34280.8,24.8,0,
2017-12-22 06:26:08,0,3,4,13.9,3604.5,-39999.5,9266.6,34280.8,24.8,0,
2017-12-22 06:26:11,0,3,4,14.0,3604.0,-39999.7,9333.2,34521.0,24.8,0,
2017-12-22 06:26:14,0,3,4,14.0,3603.5,-39999.7,9333.2,34521.0,24.8,0,
2017-12-22 06:26:18,0,3,4,14.1,3602.9,-39999.5,9399.9,34761.2,24.8,0,
2017-12-22 06:26:21,0,3,4,14.1,3602.5,-39999.7,9399.9,34761.2,24.8,0,
2017-12-22 06:26:24,0,3,4,14.2,3601.9,-39999.7,9466.6,35001.4,24.8,0,
2017-12-22 06:26:27,0,3,4,14.2,3601.3,-39999.5,9466.6,35001.4,24.8,0,
2017-12-22 06:26:30,0,3,4,14.3,3600.9,-39999.5,9533.2,35241.5,24.8,0,
2017-12-22 06:26:33,0,3,4,14.3,3600.5,-39999.5,9533.2,35241.5,24.8,0,
2017-12-22 06:26:36,0,3,4,14.4,3600.0,-39999.9,9599.9,35481.5,24.8,0,
2017-12-22 06:26:40,0,3,4,14.4,3599.4,-40000.0,9599.9,35481.5,24.8,0,
2017-12-22 06:26:43,0,3,4,14.5,3598.8,-39999.7,9666.6,35721.4,24.8,0,
2017-12-22 06:26:46,0,3,4,14.5,3598.4,-39999.7,9666.6,35721.4,24.8,0,
2017-12-22 06:26:49,0,3,4,14.6,3597.8,-39999.8,9733.2,35961.3,24.8,0,
2017-12-22 06:26:52,0,3,4,14.6,3597.3,-39999.4,9733.2,35961.3,24.8,0,
2017-12-22 06:26:55,0,3,4,14.7,3596.8,-39999.9,9799.9,36201.1,24.8,0,
2017-12-22 06:26:58,0,3,4,14.8,3596.5,-39999.7,9866.6,36440.9,24.9,0,
2017-12-22 06:27:01,0,3,4,14.8,3596.0,-39999.1,9866.6,36440.9,24.9,0,
2017-12-22 06:27:04,0,3,4,14.9,3595.3,-40000.0,9933.2,36680.6,24.9,0,
2017-12-22 06:27:08,0,3,4,14.9,3594.9,-39999.8,9933.2,36680.6,24.9,0,
2017-12-22 06:27:11,0,3,4,15.0,3594.4,-39999.7,9999.9,36920.2,24.9,0,
2017-12-22 06:27:14,0,3,4,15.0,3594.0,-39999.7,9999.9,36920.2,24.9,0,
2017-12-22 06:27:17,0,3,4,15.1,3593.4,-39999.7,10066.6,37159.7,24.9,0,
2017-12-22 06:27:20,0,3,4,15.1,3593.0,-39999.3,10066.6,37159.7,24.9,0,
2017-12-22 06:27:23,0,3,4,15.2,3592.5,-40000.0,10133.2,37399.3,24.9,0,
2017-12-22 06:27:26,0,3,4,15.2,3591.9,-40000.0,10133.2,37399.3,24.9,0,
2017-12-22 06:27:30,0,3,4,15.3,3591.5,-39999.5,10199.9,37638.7,24.9,0,
2017-12-22 06:27:33,0,3,4,15.3,3591.0,-39999.7,10199.9,37638.7,24.9,0,
2017-12-22 06:27:36,0,3,4,15.4,3590.5,-39999.7,10266.6,37878.1,24.8,0,
2017-12-22 06:27:39,0,3,4,15.4,3590.0,-39999.7,10266.6,37878.1,24.9,0,
2017-12-22 06:27:42,0,3,4,15.5,3589.5,-39999.7,10333.2,38117.4,24.8,0,
2017-12-22 06:27:45,0,3,4,15.5,3589.0,-39999.6,10333.2,38117.4,24.8,0,
2017-12-22 06:27:48,0,3,4,15.6,3588.6,-39999.5,10399.9,38356.6,24.8,0,
2017-12-22 06:27:51,0,3,4,15.6,3588.0,-39999.3,10399.9,38356.6,24.8,0,
2017-12-22 06:27:54,0,3,4,15.7,3587.6,-39999.5,10466.6,38595.8,24.8,0,
2017-12-22 06:27:58,0,3,4,15.7,3587.1,-39999.6,10466.6,38595.8,24.9,0,
2017-12-22 06:28:01,0,3,4,15.8,3586.5,-39999.7,10533.2,38834.9,24.8,0,
2017-12-22 06:28:04,0,3,4,15.8,3586.0,-39999.9,10533.2,38834.9,24.8,0,
2017-12-22 06:28:07,0,3,4,15.9,3585.5,-39999.5,10599.9,39074.0,24.8,0,
2017-12-22 06:28:10,0,3,4,16.0,3585.1,-39999.6,10666.6,39313.0,24.8,0,
2017-12-22 06:28:13,0,3,4,16.0,3584.6,-39999.5,10666.6,39313.0,24.8,0,
2017-12-22 06:28:17,0,3,4,16.1,3584.1,-39999.4,10733.2,39551.9,24.8,0,
2017-12-22 06:28:20,0,3,4,16.1,3583.6,-39999.6,10733.2,39551.9,24.8,0,
2017-12-22 06:28:23,0,3,4,16.2,3583.1,-39999.6,10799.9,39790.8,24.8,0,
2017-12-22 06:28:26,0,3,4,16.2,3582.6,-39999.5,10799.9,39790.8,24.9,0,
2017-12-22 06:28:29,0,3,4,16.3,3582.2,-39999.5,10866.6,40029.6,24.9,0,
2017-12-22 06:28:32,0,3,4,16.3,3581.6,-39999.7,10866.6,40029.6,24.9,0,
2017-12-22 06:28:35,0,3,4,16.4,3581.1,-39999.7,10933.2,40268.4,24.9,0,
2017-12-22 06:28:38,0,3,4,16.4,3580.7,-39999.7,10933.2,40268.4,24.9,0,
2017-12-22 06:28:42,0,3,4,16.5,3580.1,-40000.0,10999.9,40507.1,24.9,0,
2017-12-22 06:28:45,0,3,4,16.5,3579.7,-39999.3,10999.9,40507.1,24.9,0,
2017-12-22 06:28:48,0,3,4,16.6,3579.3,-39999.5,11066.6,40745.7,24.9,0,
2017-12-22 06:28:51,0,3,4,16.6,3578.7,-39999.6,11066.6,40745.7,24.9,0,
2017-12-22 06:28:54,0,3,4,16.7,3578.2,-39999.3,11133.2,40984.2,24.9,0,
2017-12-22 06:28:57,0,3,4,16.7,3577.7,-39999.3,11133.2,40984.2,24.9,0,
2017-12-22 06:29:00,0,3,4,16.8,3577.3,-39999.1,11199.9,41222.7,24.9,0,
2017-12-22 06:29:04,0,3,4,16.8,3576.6,-39999.6,11199.9,41222.7,24.9,0,
2017-12-22 06:29:07,0,3,4,16.9,3576.2,-39999.2,11266.5,41461.2,24.9,0,
2017-12-22 06:29:10,0,3,4,16.9,3575.8,-39999.3,11266.5,41461.2,24.9,0,
2017-12-22 06:29:13,0,3,4,17.0,3575.3,-39999.3,11333.2,41699.5,24.9,0,
2017-12-22 06:29:16,0,3,4,17.1,3574.8,-39999.6,11399.9,41937.9,24.9,0,
2017-12-22 06:29:20,0,3,4,17.1,3574.3,-39999.5,11399.9,41937.9,24.9,0,
2017-12-22 06:29:23,0,3,4,17.2,3573.8,-39999.6,11466.5,42176.1,24.9,0,
2017-12-22 06:29:26,0,3,4,17.2,3573.2,-39999.3,11466.5,42176.1,24.9,0,
2017-12-22 06:29:29,0,3,4,17.3,3572.7,-39999.5,11533.2,42414.3,24.9,0,
2017-12-22 06:29:32,0,3,4,17.3,3572.4,-39999.3,11533.2,42414.3,24.9,0,
2017-12-22 06:29:35,0,3,4,17.4,3571.8,-39999.6,11599.9,42652.4,24.9,0,
2017-12-22 06:29:38,0,3,4,17.4,3571.3,-39999.6,11599.9,42652.4,24.9,0,
2017-12-22 06:29:41,0,3,4,17.5,3570.8,-39999.4,11666.5,42890.5,24.8,0,
2017-12-22 06:29:44,0,3,4,17.5,3570.4,-39999.5,11666.5,42890.5,24.9,0,
2017-12-22 06:29:47,0,3,4,17.6,3570.0,-39999.5,11733.2,43128.5,24.9,0,
2017-12-22 06:29:51,0,3,4,17.6,3569.5,-39999.3,11733.2,43128.5,24.9,0,
2017-12-22 06:29:54,0,3,4,17.7,3568.9,-39999.3,11799.9,43366.4,25.0,0,
2017-12-22 06:29:57,0,3,4,17.7,3568.3,-39999.7,11799.9,43366.4,24.9,0,
2017-12-22 06:30:00,0,3,4,17.8,3568.0,-39999.7,11866.5,43604.3,24.9,0,
2017-12-22 06:30:03,0,3,4,17.8,3567.5,-39999.7,11866.5,43604.3,24.9,0,
2017-12-22 06:30:06,0,3,4,17.9,3567.0,-40000.0,11933.2,43842.1,24.9,0,
2017-12-22 06:30:09,0,3,4,17.9,3566.4,-39999.8,11933.2,43842.1,24.9,0,
2017-12-22 06:30:12,0,3,4,18.0,3566.0,-39999.5,11999.9,44079.9,24.9,0,
2017-12-22 06:30:16,0,3,4,18.0,3565.4,-39999.9,11999.9,44079.9,25.0,0,
2017-12-22 06:30:19,0,3,4,18.1,3565.1,-39999.3,12066.5,44317.6,24.9,0,
2017-12-22 06:30:22,0,3,4,18.1,3564.5,-39999.7,12066.5,44317.6,24.9,0,
2017-12-22 06:30:25,0,3,4,18.2,3564.1,-39999.5,12133.2,44555.2,25.0,0,
2017-12-22 06:30:28,0,3,4,18.2,3563.6,-39999.8,12133.2,44555.2,25.0,0,
2017-12-22 06:30:31,0,3,4,18.3,3563.1,-39999.6,12199.9,44792.8,25.0,0,
2017-12-22 06:30:34,0,3,4,18.4,3562.7,-39999.3,12266.5,45030.3,25.0,0,
2017-12-22 06:30:38,0,3,4,18.4,3562.1,-39999.5,12266.5,45030.3,25.0,0,
2017-12-22 06:30:41,0,3,4,18.5,3561.7,-39999.5,12333.2,45267.7,25.0,0,
2017-12-22 06:30:44,0,3,4,18.5,3561.1,-39999.3,12333.2,45267.7,25.0,0,
2017-12-22 06:30:47,0,3,4,18.6,3560.6,-39999.3,12399.9,45505.1,25.0,0,
2017-12-22 06:30:50,0,3,4,18.6,3560.1,-39999.5,12399.9,45505.1,25.0,0,
2017-12-22 06:30:53,0,3,4,18.7,3559.6,-39999.3,12466.5,45742.4,25.0,0,
2017-12-22 06:30:56,0,3,4,18.7,3559.1,-39999.3,12466.5,45742.4,25.0,0,
2017-12-22 06:31:00,0,3,4,18.8,3558.7,-39999.5,12533.2,45979.7,25.0,0,
2017-12-22 06:31:03,0,3,4,18.8,3558.2,-39999.7,12533.2,45979.7,25.0,0,
2017-12-22 06:31:06,0,3,4,18.9,3557.8,-39999.4,12599.8,46216.8,25.0,0,
2017-12-22 06:31:09,0,3,4,18.9,3557.3,-39999.3,12599.8,46216.8,25.0,0,
2017-12-22 06:31:12,0,3,4,19.0,3556.8,-39999.0,12666.5,46454.0,25.0,0,
2017-12-22 06:31:15,0,3,4,19.0,3556.2,-39999.5,12666.5,46454.0,25.0,0,
2017-12-22 06:31:18,0,3,4,19.1,3555.7,-39999.5,12733.2,46691.1,24.9,0,
2017-12-22 06:31:21,0,3,4,19.1,3555.2,-39999.7,12733.2,46691.1,24.9,0,
2017-12-22 06:31:25,0,3,4,19.2,3554.7,-39999.7,12799.8,46928.1,24.9,0,
2017-12-22 06:31:28,0,3,4,19.2,3554.3,-39999.5,12799.8,46928.1,24.9,0,
2017-12-22 06:31:31,0,3,4,19.3,3553.8,-39999.3,12866.5,47165.0,24.9,0,
2017-12-22 06:31:34,0,3,4,19.4,3553.3,-39999.0,12933.2,47401.9,24.9,0,
2017-12-22 06:31:37,0,3,4,19.4,3552.8,-39999.3,12933.2,47401.9,24.9,0,
2017-12-22 06:31:41,0,3,4,19.5,3552.4,-39999.1,12999.8,47638.7,24.9,0,
2017-12-22 06:31:44,0,3,4,19.5,3551.9,-39999.0,12999.8,47638.7,24.9,0,
2017-12-22 06:31:47,0,3,4,19.6,3551.4,-39999.2,13066.5,47875.4,24.9,0,
2017-12-22 06:31:50,0,3,4,19.6,3551.0,-39999.0,13066.5,47875.4,25.0,0,
2017-12-22 06:31:53,0,3,4,19.7,3550.4,-39999.3,13133.2,48112.1,25.0,0,
2017-12-22 06:31:56,0,3,4,19.7,3550.0,-39999.0,13133.2,48112.1,25.0,0,
2017-12-22 06:31:59,0,3,4,19.8,3549.3,-39999.5,13199.8,48348.8,25.0,0,
2017-12-22 06:32:03,0,3,4,19.8,3549.0,-39999.6,13199.8,48348.8,25.0,0,
2017-12-22 06:32:06,0,3,4,19.9,3548.4,-39999.2,13266.5,48585.3,25.0,0,
2017-12-22 06:32:09,0,3,4,19.9,3548.0,-39999.2,13266.5,48585.3,25.0,0,
2017-12-22 06:32:12,0,3,4,20.0,3547.5,-39999.1,13333.2,48821.9,25.0,0,
2017-12-22 06:32:15,0,3,4,20.0,3546.9,-39999.2,13333.2,48821.9,25.0,0,
2017-12-22 06:32:18,0,3,4,20.1,3546.5,-39999.0,13399.8,49058.3,25.0,0,
2017-12-22 06:32:21,0,3,4,20.1,3546.1,-40000.3,13399.8,49058.3,25.0,0,
2017-12-22 06:32:24,0,3,4,20.2,3545.6,-40000.5,13466.5,49294.7,25.0,0,
2017-12-22 06:32:28,0,3,4,20.2,3545.0,-39998.2,13466.5,49294.7,25.0,0,
2017-12-22 06:32:31,0,3,4,20.3,3544.5,-40000.3,13533.1,49531.0,25.0,0,
2017-12-22 06:32:34,0,3,4,20.3,3543.9,-39998.7,13533.1,49531.0,25.0,0,
2017-12-22 06:32:37,0,3,4,20.4,3543.6,-39998.7,13599.8,49767.3,25.0,0,
2017-12-22 06:32:40,0,3,4,20.4,3543.0,-40000.2,13599.8,49767.3,25.0,0,
2017-12-22 06:32:43,0,3,4,20.5,3542.7,-40000.0,13666.5,50003.5,25.0,0,
2017-12-22 06:32:46,0,3,4,20.6,3542.1,-39999.5,13733.1,50239.6,25.0,0,
2017-12-22 06:32:50,0,3,4,20.6,3541.7,-39999.3,13733.1,50239.6,25.0,0,
2017-12-22 06:32:53,0,3,4,20.7,3541.1,-39998.8,13799.8,50475.7,25.0,0,
2017-12-22 06:32:56,0,3,4,20.7,3540.5,-39999.8,13799.8,50475.7,25.0,0,
2017-12-22 06:32:59,0,3,4,20.8,3540.1,-39999.2,13866.5,50711.7,25.0,0,
2017-12-22 06:33:02,0,3,4,20.8,3539.7,-39999.2,13866.5,50711.7,25.0,0,
2017-12-22 06:33:05,0,3,4,20.9,3539.1,-39998.5,13933.1,50947.6,25.0,0,
2017-12-22 06:33:08,0,3,4,20.9,3538.6,-39999.0,13933.1,50947.6,25.0,0,
2017-12-22 06:33:11,0,3,4,21.0,3538.0,-39998.7,13999.8,51183.5,25.0,0,
2017-12-22 06:33:15,0,3,4,21.0,3537.6,-39999.2,13999.8,51183.5,25.0,0,
2017-12-22 06:33:18,0,3,4,21.1,3537.0,-39999.2,14066.5,51419.3,25.0,0,
2017-12-22 06:33:21,0,3,4,21.1,3536.6,-39999.3,14066.5,51419.3,24.9,0,
2017-12-22 06:33:24,0,3,4,21.2,3536.0,-39999.0,14133.1,51655.0,24.9,0,
2017-12-22 06:33:27,0,3,4,21.2,3535.6,-39999.0,14133.1,51655.0,24.9,0,
2017-12-22 06:33:30,0,3,4,21.3,3535.1,-39998.8,14199.8,51890.7,24.9,0,
2017-12-22 06:33:34,0,3,4,21.3,3534.6,-39999.2,14199.8,51890.7,24.9,0,
2017-12-22 06:33:37,0,3,4,21.4,3534.0,-39999.5,14266.5,52126.4,24.9,0,
2017-12-22 06:33:40,0,3,4,21.4,3533.5,-39999.1,14266.5,52126.4,24.9,0,
2017-12-22 06:33:43,0,3,4,21.5,3533.1,-39999.0,14333.1,52361.9,25.0,0,
2017-12-22 06:33:46,0,3,4,21.5,3532.6,-39999.2,14333.1,52361.9,24.9,0,
2017-12-22 06:33:49,0,3,4,21.6,3532.1,-39999.4,14399.8,52597.4,24.9,0,
2017-12-22 06:33:52,0,3,4,21.7,3531.5,-39999.2,14466.4,52832.8,25.0,0,
2017-12-22 06:33:55,0,3,4,21.7,3531.1,-39999.0,14466.4,52832.8,25.0,0,
2017-12-22 06:33:59,0,3,4,21.8,3530.5,-39999.3,14533.1,53068.2,25.0,0,
2017-12-22 06:34:02,0,3,4,21.8,3530.1,-39999.3,14533.1,53068.2,25.0,0,
2017-12-22 06:34:05,0,3,4,21.9,3529.5,-39999.2,14599.8,53303.5,25.0,0,
2017-12-22 06:34:08,0,3,4,21.9,3528.9,-39999.2,14599.8,53303.5,25.0,0,
2017-12-22 06:34:11,0,3,4,22.0,3528.4,-39999.5,14666.4,53538.7,25.0,0,
2017-12-22 06:34:14,0,3,4,22.0,3528.0,-39999.2,14666.4,53538.7,25.0,0,
2017-12-22 06:34:17,0,3,4,22.1,3527.4,-39999.0,14733.1,53773.9,25.0,0,
2017-12-22 06:34:21,0,3,4,22.1,3527.1,-39999.5,14733.1,53773.9,25.0,0,
2017-12-22 06:34:24,0,3,4,22.2,3526.5,-39999.1,14799.8,54009.0,25.0,0,
2017-12-22 06:34:27,0,3,4,22.2,3525.8,-39999.5,14799.8,54009.0,25.0,0,
2017-12-22 06:34:30,0,3,4,22.3,3525.5,-39999.5,14866.4,54244.0,25.0,0,
2017-12-22 06:34:33,0,3,4,22.3,3525.0,-39999.5,14866.4,54244.0,25.0,0,
2017-12-22 06:34:36,0,3,4,22.4,3524.5,-39999.0,14933.1,54479.0,25.0,0,
2017-12-22 06:34:39,0,3,4,22.4,3523.9,-39998.7,14933.1,54479.0,25.0,0,
2017-12-22 06:34:43,0,3,4,22.5,3523.5,-39998.6,14999.8,54713.9,25.0,0,
2017-12-22 06:34:46,0,3,4,22.5,3522.9,-39998.7,14999.8,54713.9,25.0,0,
2017-12-22 06:34:49,0,3,4,22.6,3522.4,-39998.2,15066.4,54948.7,25.0,0,
2017-12-22 06:34:52,0,3,4,22.6,3521.8,-39999.2,15066.4,54948.7,25.0,0,
2017-12-22 06:34:55,0,3,4,22.7,3521.4,-39999.3,15133.1,55183.5,25.0,0,
2017-12-22 06:34:58,0,3,4,22.8,3520.8,-39999.8,15199.7,55418.2,25.0,0,
2017-12-22 06:35:01,0,3,4,22.8,3520.4,-39999.7,15199.7,55418.2,25.0,0,
2017-12-22 06:35:04,0,3,4,22.9,3519.7,-39999.3,15266.4,55652.9,25.0,0,
2017-12-22 06:35:08,0,3,4,22.9,3519.2,-39998.5,15266.4,55652.9,25.0,0,
2017-12-22 06:35:11,0,3,4,23.0,3518.7,-39998.6,15333.1,55887.5,25.0,0,
2017-12-22 06:35:14,0,3,4,23.0,3518.3,-39999.2,15333.1,55887.5,25.0,0,
2017-12-22 06:35:17,0,3,4,23.1,3517.8,-39998.7,15399.7,56122.0,25.0,0,
2017-12-22 06:35:20,0,3,4,23.1,3517.1,-39998.8,15399.7,56122.0,25.0,0,
2017-12-22 06:35:23,0,3,4,23.2,3516.6,-39998.7,15466.4,56356.4,25.0,0,
2017-12-22 06:35:26,0,3,4,23.2,3516.1,-39999.0,15466.4,56356.4,25.0,0,
2017-12-22 06:35:30,0,3,4,23.3,3515.5,-39998.8,15533.1,56590.8,25.0,0,
2017-12-22 06:35:33,0,3,4,23.3,3515.1,-39999.7,15533.1,56590.8,25.0,0,
2017-12-22 06:35:36,0,3,4,23.4,3514.6,-39999.0,15599.7,56825.1,25.0,0,
2017-12-22 06:35:39,0,3,4,23.4,3514.0,-39999.3,15599.7,56825.1,25.0,0,
2017-12-22 06:35:42,0,3,4,23.5,3513.5,-39998.8,15666.4,57059.3,25.0,0,
2017-12-22 06:35:45,0,3,4,23.5,3513.0,-39998.3,15666.4,57059.3,25.0,0,
2017-12-22 06:35:48,0,3,4,23.6,3512.5,-39998.7,15733.0,57293.5,25.0,0,
2017-12-22 06:35:52,0,3,4,23.6,3512.0,-39998.7,15733.0,57293.5,25.0,0,
2017-12-22 06:35:55,0,3,4,23.7,3511.4,-39998.7,15799.7,57527.6,25.0,0,
2017-12-22 06:35:58,0,3,4,23.7,3510.9,-39999.2,15799.7,57527.6,25.0,0,
2017-12-22 06:36:01,0,3,4,23.8,3510.2,-39999.4,15866.4,57761.6,25.0,0,
2017-12-22 06:36:04,0,3,4,23.9,3509.8,-39998.8,15933.0,57995.6,25.0,0,
2017-12-22 06:36:07,0,3,4,23.9,3509.2,-39998.6,15933.0,57995.6,25.0,0,
2017-12-22 06:36:10,0,3,4,24.0,3508.7,-39998.8,15999.7,58229.5,25.0,0,
2017-12-22 06:36:14,0,3,4,24.0,3508.2,-39998.5,15999.7,58229.5,25.0,0,
2017-12-22 06:36:17,0,3,4,24.1,3507.7,-39999.0,16066.4,58463.4,25.0,0,
2017-12-22 06:36:20,0,3,4,24.1,3507.1,-39998.2,16066.4,58463.4,25.1,0,
2017-12-22 06:36:23,0,3,4,24.2,3506.6,-39998.3,16133.0,58697.1,25.1,0,
2017-12-22 06:36:26,0,3,4,24.2,3506.1,-39999.2,16133.0,58697.1,25.1,0,
2017-12-22 06:36:29,0,3,4,24.3,3505.5,-39998.7,16199.7,58930.8,25.1,0,
2017-12-22 06:36:32,0,3,4,24.3,3504.9,-39999.0,16199.7,58930.8,25.1,0,
2017-12-22 06:36:36,0,3,4,24.4,3504.5,-39998.3,16266.3,59164.4,25.1,0,
2017-12-22 06:36:39,0,3,4,24.4,3504.0,-39998.8,16266.3,59164.4,25.1,0,
2017-12-22 06:36:42,0,3,4,24.5,3503.4,-39998.7,16333.0,59398.0,25.1,0,
2017-12-22 06:36:45,0,3,4,24.5,3502.9,-39999.2,16333.0,59398.0,25.1,0,
2017-12-22 06:36:48,0,3,4,24.6,3502.3,-39999.1,16399.7,59631.5,25.1,0,
2017-12-22 06:36:51,0,3,4,24.6,3501.6,-39999.0,16399.7,59631.5,25.0,0,
2017-12-22 06:36:54,0,3,4,24.7,3501.2,-39999.0,16466.3,59864.9,25.0,0,
2017-12-22 06:36:57,0,3,4,24.7,3500.7,-39998.5,16466.3,59864.9,25.0,0,
2017-12-22 06:37:01,0,3,4,24.8,3500.1,-39998.8,16533.0,60098.3,25.0,0,
2017-12-22 06:37:04,0,3,4,24.8,3499.6,-39998.8,16533.0,60098.3,25.0,0,
2017-12-22 06:37:07,0,3,4,24.9,3499.0,-39998.7,16599.7,60331.6,25.0,0,
2017-12-22 06:37:10,0,3,4,24.9,3498.5,-39999.1,16599.7,60331.6,25.0,0,
2017-12-22 06:37:13,0,3,4,25.0,3497.8,-39999.2,16666.3,60564.8,25.0,0,
2017-12-22 06:37:16,0,3,4,25.1,3497.3,-39999.2,16733.0,60797.9,25.1,0,
2017-12-22 06:37:19,0,3,4,25.1,3496.6,-39998.5,16733.0,60797.9,25.1,0,
2017-12-22 06:37:23,0,3,4,25.2,3496.2,-39998.7,16799.7,61031.0,25.0,0,
2017-12-22 06:37:26,0,3,4,25.2,3495.6,-39998.8,16799.7,61031.0,25.0,0,
2017-12-22 06:37:29,0,3,4,25.3,3494.9,-39998.2,16866.3,61264.0,25.1,0,
2017-12-22 06:37:32,0,3,4,25.3,3494.4,-39998.4,16866.3,61264.0,25.0,0,
2017-12-22 06:37:35,0,3,4,25.4,3493.8,-39998.2,16933.0,61496.9,25.1,0,
2017-12-22 06:37:38,0,3,4,25.4,3493.2,-39998.5,16933.0,61496.9,25.0,0,
2017-12-22 06:37:41,0,3,4,25.5,3492.7,-39998.3,16999.6,61729.7,25.0,0,
2017-12-22 06:37:44,0,3,4,25.5,3492.2,-39998.4,16999.6,61729.7,25.0,0,
2017-12-22 06:37:48,0,3,4,25.6,3491.7,-39998.2,17066.3,61962.5,25.0,0,
2017-12-22 06:37:51,0,3,4,25.6,3491.1,-39998.5,17066.3,61962.5,25.0,0,
2017-12-22 06:37:54,0,3,4,25.7,3490.5,-39998.5,17133.0,62195.2,25.0,0,
2017-12-22 06:37:57,0,3,4,25.7,3489.9,-39998.7,17133.0,62195.2,25.0,0,
2017-12-22 06:38:00,0,3,4,25.8,3489.2,-39998.3,17199.6,62427.8,25.0,0,
2017-12-22 06:38:03,0,3,4,25.8,3488.7,-39997.8,17199.6,62427.8,25.0,0,
2017-12-22 06:38:06,0,3,4,25.9,3488.1,-39997.8,17266.3,62660.4,25.0,0,
2017-12-22 06:38:10,0,3,4,25.9,3487.6,-39998.4,17266.3,62660.4,25.0,0,
2017-12-22 06:38:13,0,3,4,26.0,3486.9,-39998.2,17332.9,62892.8,25.0,0,
2017-12-22 06:38:16,0,3,4,26.0,3486.4,-39998.6,17332.9,62892.8,25.0,0,
2017-12-22 06:38:19,0,3,4,26.1,3485.7,-39998.7,17399.6,63125.2,25.0,0,
2017-12-22 06:38:22,0,3,4,26.2,3485.2,-39998.2,17466.3,63357.6,25.0,0,
2017-12-22 06:38:25,0,3,4,26.2,3484.6,-39998.5,17466.3,63357.6,25.0,0,
2017-12-22 06:38:29,0,3,4,26.3,3483.9,-39998.2,17532.9,63589.8,25.0,0,
2017-12-22 06:38:32,0,3,4,26.3,3483.4,-39997.8,17532.9,63589.8,25.0,0,
2017-12-22 06:38:35,0,3,4,26.4,3482.8,-39998.3,17599.6,63822.0,25.0,0,
2017-12-22 06:38:38,0,3,4,26.4,3482.1,-39998.2,17599.6,63822.0,25.0,0,
2017-12-22 06:38:41,0,3,4,26.5,3481.6,-39998.0,17666.2,64054.1,25.0,0,
2017-12-22 06:38:44,0,3,4,26.5,3480.9,-39998.2,17666.2,64054.1,25.0,0,
2017-12-22 06:38:47,0,3,4,26.6,3480.3,-39998.2,17732.9,64286.1,25.0,0,
2017-12-22 06:38:50,0,3,4,26.6,3479.6,-39998.0,17732.9,64286.1,25.0,0,
2017-12-22 06:38:54,0,3,4,26.7,3479.0,-39998.2,17799.6,64518.0,25.0,0,
2017-12-22 06:38:57,0,3,4,26.7,3478.4,-39998.4,17799.6,64518.0,25.0,0,
2017-12-22 06:39:00,0,3,4,26.8,3477.8,-39998.1,17866.2,64749.9,25.0,0,
2017-12-22 06:39:03,0,3,4,26.8,3477.2,-39997.8,17866.2,64749.9,25.0,0,
2017-12-22 06:39:06,0,3,4,26.9,3476.5,-39998.3,17932.9,64981.6,25.0,0,
2017-12-22 06:39:09,0,3,4,26.9,3475.7,-39998.0,17932.9,64981.6,25.0,0,
2017-12-22 06:39:12,0,3,4,27.0,3475.2,-39998.0,17999.5,65213.3,25.0,0,
2017-12-22 06:39:16,0,3,4,27.0,3474.5,-39997.9,17999.5,65213.3,25.0,0,
2017-12-22 06:39:19,0,3,4,27.1,3473.9,-39998.0,18066.2,65444.9,25.0,0,
2017-12-22 06:39:22,0,3,4,27.1,3473.2,-39998.0,18066.2,65444.9,25.0,0,
2017-12-22 06:39:25,0,3,4,27.2,3472.5,-39997.9,18132.9,65676.4,25.0,0,
2017-12-22 06:39:28,0,3,4,27.3,3471.9,-39997.9,18199.5,65907.9,25.0,0,
2017-12-22 06:39:31,0,3,4,27.3,3471.4,-39997.8,18199.5,65907.9,25.0,0,
2017-12-22 06:39:35,0,3,4,27.4,3470.6,-39998.0,18266.2,66139.2,25.0,0,
2017-12-22 06:39:38,0,3,4,27.4,3469.8,-39997.8,18266.2,66139.2,25.0,0,
2017-12-22 06:39:41,0,3,4,27.5,3469.2,-39997.6,18332.8,66370.5,25.0,0,
2017-12-22 06:39:44,0,3,4,27.5,3468.6,-39998.3,18332.8,66370.5,25.0,0,
2017-12-22 06:39:47,0,3,4,27.6,3467.8,-39998.0,18399.5,66601.7,25.0,0,
2017-12-22 06:39:50,0,3,4,27.6,3467.2,-39997.7,18399.5,66601.7,25.0,0,
2017-12-22 06:39:54,0,3,4,27.7,3466.4,-39997.5,18466.2,66832.8,25.0,0,
2017-12-22 06:39:57,0,3,4,27.7,3465.8,-39998.0,18466.2,66832.8,25.0,0,
2017-12-22 06:40:00,0,3,4,27.8,3465.1,-39997.8,18532.8,67063.8,25.0,0,
2017-12-22 06:40:03,0,3,4,27.8,3464.3,-39998.2,18532.8,67063.8,25.0,0,
2017-12-22 06:40:06,0,3,4,27.9,3463.6,-39997.8,18599.5,67294.7,25.0,0,
2017-12-22 06:40:09,0,3,4,27.9,3463.1,-40002.0,18599.5,67294.7,25.0,0,
2017-12-22 06:40:12,0,3,4,28.0,3462.3,-40002.0,18666.2,67525.6,25.0,0,
2017-12-22 06:40:16,0,3,4,28.0,3461.6,-40002.0,18666.2,67525.6,25.0,0,
2017-12-22 06:40:19,0,3,4,28.1,3460.9,-40001.0,18732.8,67756.4,25.0,0,
2017-12-22 06:40:22,0,3,4,28.1,3460.1,-40000.0,18732.8,67756.4,25.0,0,
2017-12-22 06:40:25,0,3,4,28.2,3459.5,-40000.3,18799.5,67987.0,25.0,0,
2017-12-22 06:40:28,0,3,4,28.2,3458.8,-40001.5,18799.5,67987.0,25.0,0,
2017-12-22 06:40:31,0,3,4,28.3,3458.0,-40001.3,18866.2,68217.6,25.0,0,
2017-12-22 06:40:34,0,3,4,28.4,3457.4,-40001.5,18932.8,68448.1,25.0,0,
2017-12-22 06:40:37,0,3,4,28.4,3456.6,-40001.5,18932.8,68448.1,25.1,0,
2017-12-22 06:40:41,0,3,4,28.5,3455.8,-40001.1,18999.5,68678.5,25.0,0,
2017-12-22 06:40:44,0,3,4,28.5,3455.1,-40001.2,18999.5,68678.5,25.1,0,
2017-12-22 06:40:47,0,3,4,28.6,3454.4,-40001.3,19066.2,68908.8,25.0,0,
2017-12-22 06:40:50,0,3,4,28.6,3453.6,-40001.4,19066.2,68908.8,25.0,0,
2017-12-22 06:40:53,0,3,4,28.7,3452.8,-40001.0,19132.9,69139.1,25.0,0,
2017-12-22 06:40:56,0,3,4,28.7,3452.2,-40001.3,19132.9,69139.1,25.0,0,
2017-12-22 06:40:59,0,3,4,28.8,3451.3,-40001.5,19199.5,69369.2,25.1,0,
2017-12-22 06:41:03,0,3,4,28.8,3450.6,-40001.0,19199.5,69369.2,25.1,0,
2017-12-22 06:41:06,0,3,4,28.9,3449.8,-40001.5,19266.2,69599.2,25.0,0,
2017-12-22 06:41:09,0,3,4,28.9,3449.0,-40001.5,19266.2,69599.2,25.1,0,
2017-12-22 06:41:12,0,3,4,29.0,3448.4,-40001.3,19332.9,69829.1,25.1,0,
2017-12-22 06:41:15,0,3,4,29.0,3447.6,-40001.3,19332.9,69829.1,25.1,0,
2017-12-22 06:41:18,0,3,4,29.1,3446.8,-40001.0,19399.5,70059.0,25.1,0,
2017-12-22 06:41:21,0,3,4,29.1,3446.1,-40001.4,19399.5,70059.0,25.1,0,
2017-12-22 06:41:25,0,3,4,29.2,3445.3,-40001.0,19466.2,70288.7,25.1,0,
2017-12-22 06:41:28,0,3,4,29.2,3444.5,-40001.0,19466.2,70288.7,25.1,0,
2017-12-22 06:41:31,0,3,4,29.3,3443.7,-40001.5,19532.9,70518.3,25.1,0,
2017-12-22 06:41:34,0,3,4,29.3,3443.0,-40001.0,19532.9,70518.3,25.1,0,
2017-12-22 06:41:37,0,3,4,29.4,3442.0,-40001.2,19599.5,70747.8,25.1,0,
2017-12-22 06:41:40,0,3,4,29.5,3441.4,-40001.2,19666.2,70977.3,25.1,0,
2017-12-22 06:41:43,0,3,4,29.5,3440.5,-40001.2,19666.2,70977.3,25.1,0,
2017-12-22 06:41:47,0,3,4,29.6,3439.7,-40000.6,19732.9,71206.6,25.1,0,
2017-12-22 06:41:50,0,3,4,29.6,3438.8,-40001.0,19732.9,71206.6,25.1,0,
2017-12-22 06:41:53,0,3,4,29.7,3438.2,-40001.0,19799.6,71435.9,25.0,0,
2017-12-22 06:41:56,0,3,4,29.7,3437.3,-40000.8,19799.6,71435.9,25.0,0,
2017-12-22 06:41:59,0,3,4,29.8,3436.5,-40001.0,19866.2,71665.0,25.0,0,
2017-12-22 06:42:02,0,3,4,29.8,3435.7,-40001.3,19866.2,71665.0,25.0,0,
2017-12-22 06:42:05,0,3,4,29.9,3434.8,-40000.8,19932.9,71894.0,25.1,0,
2017-12-22 06:42:09,0,3,4,29.9,3434.0,-40000.8,19932.9,71894.0,25.0,0,
2017-12-22 06:42:12,0,3,4,30.0,3433.2,-40001.3,19999.6,72122.9,25.1,0,
2017-12-22 06:42:15,0,3,4,30.0,3432.2,-40000.3,19999.6,72122.9,25.1,0,
2017-12-22 06:42:18,0,3,4,30.1,3431.4,-40000.5,20066.2,72351.7,25.1,0,
2017-12-22 06:42:21,0,3,4,30.1,3430.6,-39999.6,20066.2,72351.7,25.1,0,
2017-12-22 06:42:24,0,3,4,30.2,3429.7,-40000.5,20132.9,72580.4,25.1,0,
2017-12-22 06:42:28,0,3,4,30.2,3428.8,-40000.6,20132.9,72580.4,25.1,0,
2017-12-22 06:42:31,0,3,4,30.3,3427.9,-40000.8,20199.6,72809.0,25.1,0,
2017-12-22 06:42:34,0,3,4,30.3,3427.1,-40001.0,20199.6,72809.0,25.1,0,
2017-12-22 06:42:37,0,3,4,30.4,3426.3,-40001.2,20266.2,73037.4,25.1,0,
2017-12-22 06:42:40,0,3,4,30.4,3425.2,-40000.3,20266.2,73037.4,25.1,0,
2017-12-22 06:42:43,0,3,4,30.5,3424.3,-40000.9,20332.9,73265.8,25.1,0,
2017-12-22 06:42:46,0,3,4,30.6,3423.4,-40000.9,20399.6,73494.0,25.1,0,
2017-12-22 06:42:49,0,3,4,30.6,3422.6,-40000.2,20399.6,73494.0,25.1,0,
2017-12-22 06:42:53,0,3,4,30.7,3421.7,-40000.5,20466.3,73722.2,25.1,0,
2017-12-22 06:42:56,0,3,4,30.7,3420.8,-40000.3,20466.3,73722.2,25.1,0,
2017-12-22 06:42:59,0,3,4,30.8,3419.8,-40000.4,20532.9,73950.1,25.1,0,
2017-12-22 06:43:02,0,3,4,30.8,3418.9,-39999.9,20532.9,73950.1,25.1,0,
2017-12-22 06:43:05,0,3,4,30.9,3417.9,-40000.5,20599.6,74178.0,25.1,0,
2017-12-22 06:43:08,0,3,4,30.9,3417.1,-39999.7,20599.6,74178.0,25.1,0,
2017-12-22 06:43:11,0,3,4,31.0,3416.1,-40000.5,20666.3,74405.8,25.1,0,
2017-12-22 06:43:15,0,3,4,31.0,3415.1,-40000.4,20666.3,74405.8,25.1,0,
2017-12-22 06:43:18,0,3,4,31.1,3414.0,-39999.7,20732.9,74633.4,25.1,0,
2017-12-22 06:43:21,0,3,4,31.1,3413.0,-40000.3,20732.9,74633.4,25.1,0,
2017-12-22 06:43:24,0,3,4,31.2,3412.0,-40000.3,20799.6,74860.9,25.1,0,
2017-12-22 06:43:27,0,3,4,31.2,3410.9,-39999.7,20799.6,74860.9,25.1,0,
2017-12-22 06:43:30,0,3,4,31.3,3409.9,-39999.8,20866.3,75088.3,25.1,0,
2017-12-22 06:43:33,0,3,4,31.3,3408.9,-40000.0,20866.3,75088.3,25.1,0,
2017-12-22 06:43:37,0,3,4,31.4,3407.7,-40000.0,20932.9,75315.5,25.1,0,
2017-12-22 06:43:40,0,3,4,31.4,3406.7,-39999.2,20932.9,75315.5,25.1,0,
2017-12-22 06:43:43,0,3,4,31.5,3405.7,-40000.0,20999.6,75542.6,25.1,0,
2017-12-22 06:43:46,0,3,4,31.5,3404.4,-39999.7,20999.6,75542.6,25.1,0,
2017-12-22 06:43:49,0,3,4,31.6,3403.2,-40000.0,21066.3,75769.6,25.1,0,
2017-12-22 06:43:52,0,3,4,31.7,3402.1,-39999.7,21132.9,75996.4,25.1,0,
2017-12-22 06:43:55,0,3,4,31.7,3401.0,-40000.3,21132.9,75996.4,25.1,0,
2017-12-22 06:43:59,0,3,4,31.8,3399.8,-39999.7,21199.6,76223.0,25.2,0,
2017-12-22 06:44:02,0,3,4,31.8,3398.6,-39999.5,21199.6,76223.0,25.2,0,
2017-12-22 06:44:05,0,3,4,31.9,3397.2,-39999.9,21266.3,76449.5,25.2,0,
2017-12-22 06:44:08,0,3,4,31.9,3396.1,-39999.9,21266.3,76449.5,25.2,0,
2017-12-22 06:44:11,0,3,4,32.0,3394.7,-39999.7,21332.9,76675.9,25.2,0,
2017-12-22 06:44:14,0,3,4,32.0,3393.5,-39999.7,21332.9,76675.9,25.2,0,
2017-12-22 06:44:18,0,3,4,32.1,3392.1,-40000.1,21399.6,76902.0,25.2,0,
2017-12-22 06:44:21,0,3,4,32.1,3390.7,-39999.5,21399.6,76902.0,25.2,0,
2017-12-22 06:44:24,0,3,4,32.2,3389.3,-39999.4,21466.3,77128.0,25.2,0,
2017-12-22 06:44:27,0,3,4,32.2,3387.9,-39999.3,21466.3,77128.0,25.2,0,
2017-12-22 06:44:30,0,3,4,32.3,3386.3,-39999.7,21532.9,77353.9,25.2,0,
2017-12-22 06:44:33,0,3,4,32.3,3385.0,-39999.5,21532.9,77353.9,25.2,0,
2017-12-22 06:44:36,0,3,4,32.4,3383.3,-39999.5,21599.6,77579.5,25.3,0,
2017-12-22 06:44:39,0,3,4,32.4,3381.9,-39999.2,21599.6,77579.5,25.3,0,
2017-12-22 06:44:43,0,3,4,32.5,3380.2,-39999.3,21666.2,77804.9,25.3,0,
2017-12-22 06:44:46,0,3,4,32.5,3378.6,-39999.3,21666.2,77804.9,25.3,0,
2017-12-22 06:44:49,0,3,4,32.6,3376.9,-39999.0,21732.9,78030.1,25.3,0,
2017-12-22 06:44:52,0,3,4,32.6,3375.1,-39999.2,21732.9,78030.1,25.3,0,
2017-12-22 06:44:55,0,3,4,32.7,3373.3,-39999.5,21799.6,78255.1,25.3,0,
2017-12-22 06:44:58,0,3,4,32.8,3371.5,-39999.5,21866.2,78479.9,25.2,0,
2017-12-22 06:45:02,0,3,4,32.8,3369.7,-39999.1,21866.2,78479.9,25.2,0,
2017-12-22 06:45:05,0,3,4,32.9,3367.6,-39998.3,21932.9,78704.4,25.2,0,
2017-12-22 06:45:08,0,3,4,32.9,3365.5,-39998.6,21932.9,78704.4,25.2,0,
2017-12-22 06:45:11,0,3,4,33.0,3363.4,-39998.3,21999.6,78928.6,25.2,0,
2017-12-22 06:45:14,0,3,4,33.0,3361.2,-39998.5,21999.6,78928.6,25.2,0,
2017-12-22 06:45:17,0,3,4,33.1,3359.1,-39998.2,22066.2,79152.6,25.1,0,
2017-12-22 06:45:20,0,3,4,33.1,3356.7,-39998.5,22066.2,79152.6,25.2,0,
2017-12-22 06:45:23,0,3,4,33.2,3354.6,-39998.1,22132.9,79376.3,25.2,0,
2017-12-22 06:45:27,0,3,4,33.2,3352.2,-39998.5,22132.9,79376.3,25.2,0,
2017-12-22 06:45:30,0,3,4,33.3,3349.6,-39998.6,22199.5,79599.6,25.2,0,
2017-12-22 06:45:33,0,3,4,33.3,3347.2,-39997.9,22199.5,79599.6,25.2,0,
2017-12-22 06:45:36,0,3,4,33.4,3344.4,-39998.1,22266.2,79822.6,25.3,0,
2017-12-22 06:45:39,0,3,4,33.4,3341.8,-39998.4,22266.2,79822.6,25.3,0,
2017-12-22 06:45:42,0,3,4,33.5,3338.8,-39997.8,22332.9,80045.3,25.3,0,
2017-12-22 06:45:45,0,3,4,33.5,3335.7,-40000.6,22332.9,80045.3,25.3,0,
2017-12-22 06:45:49,0,3,4,33.6,3332.6,-40000.3,22399.5,80267.7,25.3,0,
2017-12-22 06:45:52,0,3,4,33.6,3329.5,-40000.1,22399.5,80267.7,25.3,0,
2017-12-22 06:45:55,0,3,4,33.7,3326.4,-39999.3,22466.2,80489.6,25.3,0,
2017-12-22 06:45:58,0,3,4,33.7,3323.1,-39999.3,22466.2,80489.6,25.3,0,
2017-12-22 06:46:01,0,3,4,33.8,3319.5,-39999.3,22532.9,80711.1,25.3,0,
2017-12-22 06:46:04,0,3,4,33.8,3315.9,-39998.5,22532.9,80711.1,25.3,0,
2017-12-22 06:46:07,0,3,4,33.9,3312.3,-40000.3,22599.5,80932.1,25.3,0,
2017-12-22 06:46:10,0,3,4,34.0,3308.7,-40000.2,22666.2,81152.7,25.3,0,
2017-12-22 06:46:14,0,3,4,34.0,3304.8,-39999.8,22666.2,81152.7,25.3,0,
2017-12-22 06:46:17,0,3,4,34.1,3301.0,-39999.6,22732.9,81372.8,25.3,0,
2017-12-22 06:46:17,0,3,4,34.1,3300.0,-39999.6,22732.9,81372.8,25.3,3,下限电压到
2017-12-22 06:46:20,0,3,4,34.1,3360.9,27.1,22732.9,81372.8,25.3,3,下限电压到
2017-12-22 06:46:23,0,3,4,34.2,3368.3,26.8,22732.9,81372.9,25.3,3,下限电压到
2017-12-22 06:46:26,0,3,4,34.2,3373.1,27.3,22732.9,81372.9,25.3,3,下限电压到
2017-12-22 06:46:29,0,3,4,34.3,3377.3,27.6,22732.9,81373.1,25.3,3,下限电压到
2017-12-22 06:46:32,0,3,4,34.3,3380.6,27.2,22732.9,81373.1,25.3,3,下限电压到
2017-12-22 06:46:35,0,3,4,34.4,3383.2,27.4,22733.0,81373.2,25.3,3,下限电压到
2017-12-22 06:46:38,0,3,4,34.4,3385.6,27.5,22733.0,81373.2,25.3,3,下限电压到
2017-12-22 06:46:42,0,3,4,34.5,3387.9,27.4,22733.0,81373.4,25.3,3,下限电压到
2017-12-22 06:46:45,0,3,4,34.5,3389.4,27.3,22733.0,81373.4,25.3,3,下限电压到
2017-12-22 06:46:50,0,4,6,0.0,3391.5,0,0.0,0.0,25.3,0,
