2017-12-22 05:33:19,0,0,3,0.0,3412.5,0,0.0,0.0,24.8,0,
2017-12-22 05:33:47,0,0,3,0.4,3413.6,24.7,0.0,0.0,24.6,0,
2017-12-22 05:33:50,0,0,3,0.4,3413.7,24.6,0.0,0.0,24.6,0,
2017-12-22 05:33:53,0,0,3,0.5,3413.9,24.7,0.0,0.0,24.6,0,
2017-12-22 05:33:56,0,0,3,0.5,3413.9,24.8,0.0,0.0,24.7,0,
2017-12-22 05:33:59,0,0,3,0.6,3414.1,25.0,0.0,0.0,24.7,0,
2017-12-22 05:34:02,0,0,3,0.6,3414.3,24.8,0.0,0.0,24.7,0,
2017-12-22 05:34:05,0,0,3,0.7,3414.2,24.5,0.0,0.0,24.7,0,
2017-12-22 05:34:08,0,0,3,0.7,3414.3,24.8,0.0,0.0,24.7,0,
2017-12-22 05:34:12,0,0,3,0.8,3414.4,24.5,0.0,0.0,24.7,0,
2017-12-22 05:34:15,0,0,3,0.8,3414.7,24.6,0.0,0.0,24.7,0,
2017-12-22 05:34:18,0,0,3,0.9,3414.8,24.5,0.0,0.0,24.7,0,
2017-12-22 05:34:21,0,0,3,0.9,3414.8,24.2,0.0,0.0,24.7,0,
2017-12-22 05:34:24,0,0,3,1.0,3414.8,25.0,0.0,0.0,24.7,0,
2017-12-22 05:34:25,0,0,3,1.0,3415.0,24.6,0.0,0.0,24.7,1,时间到
2017-12-22 05:34:29,0,1,2,0.0,3415.0,0,0.0,0.0,24.7,0,
2017-12-22 05:34:51,0,1,2,0.4,3492.5,40000.9,266.7,927.3,24.8,0,
2017-12-22 05:34:54,0,1,2,0.4,3496.9,40000.7,266.7,927.3,24.8,0,
2017-12-22 05:34:58,0,1,2,0.5,3501.0,40000.6,333.4,1160.7,24.8,0,
2017-12-22 05:35:01,0,1,2,0.5,3504.8,40001.3,333.4,1160.7,24.8,0,
2017-12-22 05:35:04,0,1,2,0.6,3508.6,40001.5,400.0,1394.6,24.8,0,
2017-12-22 05:35:07,0,1,2,0.6,3512.0,40001.8,400.0,1394.6,24.8,0,
2017-12-22 05:35:11,0,1,2,0.7,3515.4,40001.8,466.7,1628.9,24.8,0,
2017-12-22 05:35:14,0,1,2,0.7,3518.6,40002.0,466.7,1628.9,24.8,0,
2017-12-22 05:35:17,0,1,2,0.8,3521.3,40001.9,533.4,1863.6,24.8,0,
2017-12-22 05:35:20,0,1,2,0.8,3524.2,40002.0,533.4,1863.6,24.8,0,
2017-12-22 05:35:23,0,1,2,0.9,3526.9,40002.1,600.0,2098.6,24.8,0,
2017-12-22 05:35:27,0,1,2,0.9,3529.4,40002.3,600.0,2098.6,24.8,0,
2017-12-22 05:35:30,0,1,2,1.0,3531.8,40002.3,666.7,2333.9,24.8,0,
2017-12-22 05:35:33,0,1,2,1.0,3533.6,40002.4,666.7,2333.9,24.8,0,
2017-12-22 05:35:36,0,1,2,1.1,3535.6,40002.5,733.4,2569.6,24.9,0,
2017-12-22 05:35:39,0,1,2,1.1,3537.3,40002.3,733.4,2569.6,24.9,0,
2017-12-22 05:35:42,0,1,2,1.2,3539.1,40002.7,800.1,2805.5,24.9,0,
2017-12-22 05:35:45,0,1,2,1.2,3540.5,40002.8,800.1,2805.5,25.0,0,
2017-12-22 05:35:48,0,1,2,1.3,3542.1,39999.6,866.7,3041.6,25.0,0,
2017-12-22 05:35:51,0,1,2,1.4,3543.5,39999.5,933.4,3277.8,25.0,0,
2017-12-22 05:35:54,0,1,2,1.4,3544.9,39999.6,933.4,3277.8,24.9,0,
2017-12-22 05:35:58,0,1,2,1.5,3546.0,39999.6,1000.1,3514.2,24.9,0,
2017-12-22 05:36:01,0,1,2,1.5,3547.3,40000.0,1000.1,3514.2,24.9,0,
2017-12-22 05:36:04,0,1,2,1.6,3548.5,40000.5,1066.7,3750.7,24.9,0,
2017-12-22 05:36:07,0,1,2,1.6,3549.6,40000.2,1066.7,3750.7,24.9,0,
2017-12-22 05:36:10,0,1,2,1.7,3550.7,40000.3,1133.4,3987.4,24.9,0,
2017-12-22 05:36:13,0,1,2,1.7,3551.5,40000.5,1133.4,3987.4,24.9,0,
2017-12-22 05:36:17,0,1,2,1.8,3552.4,40000.7,1200.1,4224.2,24.9,0,
2017-12-22 05:36:20,0,1,2,1.8,3553.4,40000.0,1200.1,4224.2,24.9,0,
2017-12-22 05:36:23,0,1,2,1.9,3554.3,39999.7,1266.7,4461.2,24.9,0,
2017-12-22 05:36:26,0,1,2,1.9,3555.2,40000.6,1266.7,4461.2,25.0,0,
2017-12-22 05:36:29,0,1,2,2.0,3556.0,40000.7,1333.4,4698.2,24.9,0,
2017-12-22 05:36:32,0,1,2,2.0,3557.1,40000.4,1333.4,4698.2,24.9,0,
2017-12-22 05:36:35,0,1,2,2.1,3557.7,40000.3,1400.1,4935.4,24.9,0,
2017-12-22 05:36:39,0,1,2,2.1,3558.6,40000.8,1400.1,4935.4,24.9,0,
2017-12-22 05:36:42,0,1,2,2.2,3559.5,40000.5,1466.8,5172.6,24.9,0,
2017-12-22 05:36:45,0,1,2,2.2,3560.4,40000.5,1466.8,5172.6,24.9,0,
2017-12-22 05:36:48,0,1,2,2.3,3561.3,40000.8,1533.4,5410.0,24.9,0,
2017-12-22 05:36:52,0,1,2,2.4,3562.1,40000.1,1600.1,5647.5,24.9,0,
2017-12-22 05:36:55,0,1,2,2.4,3562.7,40000.8,1600.1,5647.5,24.9,0,
2017-12-22 05:36:58,0,1,2,2.5,3563.7,40000.9,1666.8,5885.0,24.9,0,
2017-12-22 05:37:01,0,1,2,2.5,3564.5,40000.6,1666.8,5885.0,24.9,0,
2017-12-22 05:37:04,0,1,2,2.6,3565.3,40001.0,1733.4,6122.7,24.8,0,
2017-12-22 05:37:07,0,1,2,2.6,3566.0,40000.5,1733.4,6122.7,24.8,0,
2017-12-22 05:37:10,0,1,2,2.7,3566.7,40000.8,1800.1,6360.5,24.8,0,
2017-12-22 05:37:13,0,1,2,2.7,3567.5,40001.0,1800.1,6360.5,24.8,0,
2017-12-22 05:37:17,0,1,2,2.8,3568.3,40000.7,1866.8,6598.4,24.8,0,
2017-12-22 05:37:20,0,1,2,2.8,3569.2,40001.0,1866.8,6598.4,24.8,0,
2017-12-22 05:37:23,0,1,2,2.9,3569.9,40000.8,1933.4,6836.4,24.8,0,
2017-12-22 05:37:26,0,1,2,2.9,3570.7,40000.8,1933.4,6836.4,24.8,0,
2017-12-22 05:37:29,0,1,2,3.0,3571.4,40000.5,2000.1,7074.4,24.8,0,
2017-12-22 05:37:32,0,1,2,3.0,3572.2,40000.8,2000.1,7074.4,24.7,0,
2017-12-22 05:37:35,0,1,2,3.1,3573.0,40000.8,2066.8,7312.6,24.8,0,
2017-12-22 05:37:38,0,1,2,3.1,3573.8,40000.7,2066.8,7312.6,24.7,0,
2017-12-22 05:37:41,0,1,2,3.2,3574.5,40000.3,2133.4,7550.9,24.7,0,
2017-12-22 05:37:44,0,1,2,3.2,3575.4,40001.0,2133.4,7550.9,24.7,0,
2017-12-22 05:37:47,0,1,2,3.3,3576.3,40001.3,2200.1,7789.3,24.7,0,
2017-12-22 05:37:51,0,1,2,3.3,3577.1,40001.5,2200.1,7789.3,24.7,0,
2017-12-22 05:37:54,0,1,2,3.4,3577.9,40001.3,2266.8,8027.8,24.7,0,
2017-12-22 05:37:57,0,1,2,3.4,3578.6,40001.2,2266.8,8027.8,24.7,0,
2017-12-22 05:38:00,0,1,2,3.5,3579.4,40001.0,2333.5,8266.4,24.6,0,
2017-12-22 05:38:03,0,1,2,3.5,3580.1,40001.5,2333.5,8266.4,24.6,0,
2017-12-22 05:38:06,0,1,2,3.6,3581.0,40001.2,2400.1,8505.1,24.6,0,
2017-12-22 05:38:09,0,1,2,3.6,3581.7,40001.2,2400.1,8505.1,24.6,0,
2017-12-22 05:38:12,0,1,2,3.7,3582.5,40000.9,2466.8,8743.9,24.6,0,
2017-12-22 05:38:15,0,1,2,3.7,3583.4,40001.3,2466.8,8743.9,24.6,0,
2017-12-22 05:38:18,0,1,2,3.8,3584.3,40001.0,2533.5,8982.8,24.6,0,
2017-12-22 05:38:21,0,1,2,3.9,3585.0,40000.6,2600.1,9221.9,24.6,0,
2017-12-22 05:38:24,0,1,2,3.9,3585.8,40000.7,2600.1,9221.9,24.6,0,
2017-12-22 05:38:27,0,1,2,4.0,3586.5,40000.8,2666.8,9461.0,24.6,0,
2017-12-22 05:38:30,0,1,2,4.0,3587.3,40001.0,2666.8,9461.0,24.6,0,
2017-12-22 05:38:33,0,1,2,4.1,3588.2,40000.8,2733.5,9700.2,24.6,0,
2017-12-22 05:38:36,0,1,2,4.1,3589.0,40001.0,2733.5,9700.2,24.6,0,
2017-12-22 05:38:40,0,1,2,4.2,3589.7,40000.9,2800.1,9939.5,24.6,0,
2017-12-22 05:38:43,0,1,2,4.2,3590.6,40000.8,2800.1,9939.5,24.6,0,
2017-12-22 05:38:46,0,1,2,4.3,3591.4,40000.9,2866.8,10178.9,24.7,0,
2017-12-22 05:38:49,0,1,2,4.3,3592.2,40001.0,2866.8,10178.9,24.7,0,
2017-12-22 05:38:52,0,1,2,4.4,3593.2,40001.2,2933.5,10418.5,24.7,0,
2017-12-22 05:38:55,0,1,2,4.4,3594.0,40001.0,2933.5,10418.5,24.7,0,
2017-12-22 05:38:58,0,1,2,4.5,3594.9,40000.9,3000.1,10658.1,24.6,0,
2017-12-22 05:39:01,0,1,2,4.5,3595.4,40001.3,3000.1,10658.1,24.6,0,
2017-12-22 05:39:04,0,1,2,4.6,3596.4,40001.3,3066.8,10897.9,24.6,0,
2017-12-22 05:39:08,0,1,2,4.6,3597.3,40001.0,3066.8,10897.9,24.6,0,
2017-12-22 05:39:11,0,1,2,4.7,3598.0,40000.8,3133.5,11137.7,24.6,0,
2017-12-22 05:39:14,0,1,2,4.7,3598.8,40001.0,3133.5,11137.7,24.7,0,
2017-12-22 05:39:17,0,1,2,4.8,3599.7,40001.0,3200.2,11377.7,24.7,0,
2017-12-22 05:39:20,0,1,2,4.8,3600.5,40001.2,3200.2,11377.7,24.7,0,
2017-12-22 05:39:23,0,1,2,4.9,3601.3,40000.8,3266.8,11617.8,24.6,0,
2017-12-22 05:39:27,0,1,2,4.9,3602.2,40001.0,3266.8,11617.8,24.7,0,
2017-12-22 05:39:30,0,1,2,5.0,3603.1,40001.0,3333.5,11857.9,24.7,0,
2017-12-22 05:39:33,0,1,2,5.0,3604.0,40000.8,3333.5,11857.9,24.7,0,
2017-12-22 05:39:36,0,1,2,5.1,3604.7,40001.2,3400.2,12098.2,24.7,0,
2017-12-22 05:39:39,0,1,2,5.1,3605.6,40001.0,3400.2,12098.2,24.7,0,
2017-12-22 05:39:42,0,1,2,5.2,3606.3,40001.2,3466.8,12338.6,24.7,0,
2017-12-22 05:39:45,0,1,2,5.2,3607.3,40000.8,3466.8,12338.6,24.7,0,
2017-12-22 05:39:48,0,1,2,5.3,3608.0,40001.0,3533.5,12579.1,24.7,0,
2017-12-22 05:39:51,0,1,2,5.3,3608.8,40001.0,3533.5,12579.1,24.7,0,
2017-12-22 05:39:54,0,1,2,5.4,3609.4,40000.8,3600.2,12819.7,24.7,0,
2017-12-22 05:39:58,0,1,2,5.5,3610.4,40000.8,3666.8,13060.4,24.7,0,
2017-12-22 05:40:01,0,1,2,5.5,3611.1,40001.0,3666.8,13060.4,24.7,0,
2017-12-22 05:40:04,0,1,2,5.6,3612.0,40001.0,3733.5,13301.2,24.7,0,
2017-12-22 05:40:07,0,1,2,5.6,3612.7,40000.7,3733.5,13301.2,24.7,0,
2017-12-22 05:40:10,0,1,2,5.7,3613.5,40000.8,3800.2,13542.1,24.7,0,
2017-12-22 05:40:13,0,1,2,5.7,3614.4,40000.8,3800.2,13542.1,24.7,0,
2017-12-22 05:40:16,0,1,2,5.8,3615.1,40000.5,3866.9,13783.1,24.7,0,
2017-12-22 05:40:19,0,1,2,5.8,3615.9,40001.0,3866.9,13783.1,24.7,0,
2017-12-22 05:40:22,0,1,2,5.9,3616.6,40001.0,3933.5,14024.2,24.8,0,
2017-12-22 05:40:25,0,1,2,5.9,3617.5,40000.8,3933.5,14024.2,24.7,0,
2017-12-22 05:40:28,0,1,2,6.0,3618.3,40000.8,4000.2,14265.4,24.8,0,
2017-12-22 05:40:32,0,1,2,6.0,3619.1,40000.9,4000.2,14265.4,24.8,0,
2017-12-22 05:40:35,0,1,2,6.1,3619.9,40001.0,4066.9,14506.8,24.8,0,
2017-12-22 05:40:38,0,1,2,6.1,3620.5,40000.7,4066.9,14506.8,24.8,0,
2017-12-22 05:40:41,0,1,2,6.2,3621.2,40001.2,4133.5,14748.2,24.8,0,
2017-12-22 05:40:44,0,1,2,6.2,3622.0,40000.4,4133.5,14748.2,24.8,0,
2017-12-22 05:40:47,0,1,2,6.3,3622.8,40000.0,4200.2,14989.7,24.7,0,
2017-12-22 05:40:51,0,1,2,6.3,3623.6,40000.3,4200.2,14989.7,24.7,0,
2017-12-22 05:40:54,0,1,2,6.4,3624.3,40000.8,4266.9,15231.3,24.8,0,
2017-12-22 05:40:57,0,1,2,6.4,3625.2,40000.7,4266.9,15231.3,24.8,0,
2017-12-22 05:41:00,0,1,2,6.5,3625.8,40000.9,4333.5,15473.0,24.7,0,
2017-12-22 05:41:03,0,1,2,6.5,3626.5,40000.5,4333.5,15473.0,24.7,0,
2017-12-22 05:41:06,0,1,2,6.6,3627.3,40000.5,4400.2,15714.7,24.8,0,
2017-12-22 05:41:09,0,1,2,6.7,3627.9,40000.9,4466.9,15956.6,24.7,0,
2017-12-22 05:41:13,0,1,2,6.7,3628.7,40000.8,4466.9,15956.6,24.8,0,
2017-12-22 05:41:16,0,1,2,6.8,3629.6,40000.8,4533.5,16198.6,24.8,0,
2017-12-22 05:41:19,0,1,2,6.8,3630.0,40000.5,4533.5,16198.6,24.8,0,
2017-12-22 05:41:22,0,1,2,6.9,3630.9,40000.8,4600.2,16440.6,24.8,0,
2017-12-22 05:41:25,0,1,2,6.9,3631.6,40001.0,4600.2,16440.6,24.8,0,
2017-12-22 05:41:28,0,1,2,7.0,3632.4,40000.6,4666.9,16682.8,24.8,0,
2017-12-22 05:41:31,0,1,2,7.0,3632.9,40000.8,4666.9,16682.8,24.7,0,
2017-12-22 05:41:34,0,1,2,7.1,3633.7,40000.7,4733.5,16925.0,24.7,0,
2017-12-22 05:41:38,0,1,2,7.1,3634.4,40000.6,4733.5,16925.0,24.7,0,
2017-12-22 05:41:41,0,1,2,7.2,3635.1,40000.6,4800.2,17167.4,24.8,0,
2017-12-22 05:41:44,0,1,2,7.2,3635.8,40000.7,4800.2,17167.4,24.8,0,
2017-12-22 05:41:47,0,1,2,7.3,3636.6,40000.7,4866.9,17409.8,24.8,0,
2017-12-22 05:41:50,0,1,2,7.3,3637.3,40000.9,4866.9,17409.8,24.8,0,
2017-12-22 05:41:53,0,1,2,7.4,3638.0,40000.4,4933.6,17652.3,24.8,0,
2017-12-22 05:41:57,0,1,2,7.4,3638.7,40000.6,4933.6,17652.3,24.8,0,
2017-12-22 05:42:00,0,1,2,7.5,3639.4,40000.7,5000.2,17894.9,24.7,0,
2017-12-22 05:42:03,0,1,2,7.5,3640.0,40000.8,5000.2,17894.9,24.7,0,
2017-12-22 05:42:06,0,1,2,7.6,3640.7,40000.3,5066.9,18137.6,24.7,0,
2017-12-22 05:42:09,0,1,2,7.7,3641.4,40000.8,5133.6,18380.4,24.8,0,
2017-12-22 05:42:13,0,1,2,7.7,3642.0,40000.8,5133.6,18380.4,24.8,0,
2017-12-22 05:42:16,0,1,2,7.8,3642.8,40000.5,5200.2,18623.2,24.8,0,
2017-12-22 05:42:19,0,1,2,7.8,3643.3,40000.6,5200.2,18623.2,24.8,0,
2017-12-22 05:42:22,0,1,2,7.9,3644.0,40000.8,5266.9,18866.2,24.8,0,
2017-12-22 05:42:25,0,1,2,7.9,3644.7,40000.9,5266.9,18866.2,24.8,0,
2017-12-22 05:42:28,0,1,2,8.0,3645.3,40000.5,5333.6,19109.2,24.8,0,
2017-12-22 05:42:31,0,1,2,8.0,3646.0,40000.7,5333.6,19109.2,24.8,0,
2017-12-22 05:42:34,0,1,2,8.1,3646.5,40000.5,5400.2,19352.3,24.8,0,
2017-12-22 05:42:37,0,1,2,8.1,3647.3,40000.7,5400.2,19352.3,24.8,0,
2017-12-22 05:42:41,0,1,2,8.2,3647.9,40000.8,5466.9,19595.5,24.8,0,
2017-12-22 05:42:44,0,1,2,8.2,3648.6,40000.5,5466.9,19595.5,24.8,0,
2017-12-22 05:42:47,0,1,2,8.3,3649.1,40000.5,5533.6,19838.8,24.8,0,
2017-12-22 05:42:50,0,1,2,8.3,3649.8,40000.6,5533.6,19838.8,24.8,0,
2017-12-22 05:42:53,0,1,2,8.4,3650.5,40000.3,5600.2,20082.1,24.8,0,
2017-12-22 05:42:56,0,1,2,8.4,3651.2,40000.5,5600.2,20082.1,24.8,0,
2017-12-22 05:43:00,0,1,2,8.5,3651.8,40000.8,5666.9,20325.5,24.8,0,
2017-12-22 05:43:03,0,1,2,8.5,3652.5,40000.7,5666.9,20325.5,24.8,0,
2017-12-22 05:43:06,0,1,2,8.6,3653.0,40000.3,5733.6,20569.1,24.8,0,
2017-12-22 05:43:09,0,1,2,8.6,3653.7,40000.3,5733.6,20569.1,24.8,0,
2017-12-22 05:43:12,0,1,2,8.7,3654.2,40000.3,5800.3,20812.7,24.8,0,
2017-12-22 05:43:16,0,1,2,8.8,3655.0,40000.6,5866.9,21056.3,24.7,0,
2017-12-22 05:43:19,0,1,2,8.8,3655.7,40000.3,5866.9,21056.3,24.8,0,
2017-12-22 05:43:22,0,1,2,8.9,3656.3,40000.5,5933.6,21300.1,24.7,0,
2017-12-22 05:43:25,0,1,2,8.9,3657.0,40000.5,5933.6,21300.1,24.7,0,
2017-12-22 05:43:28,0,1,2,9.0,3657.6,40000.4,6000.3,21543.9,24.7,0,
2017-12-22 05:43:31,0,1,2,9.0,3657.9,40000.5,6000.3,21543.9,24.7,0,
2017-12-22 05:43:34,0,1,2,9.1,3658.7,40001.2,6066.9,21787.8,24.6,0,
2017-12-22 05:43:37,0,1,2,9.1,3659.2,40000.6,6066.9,21787.8,24.6,0,
2017-12-22 05:43:40,0,1,2,9.2,3659.7,40000.8,6133.6,22031.8,24.6,0,
2017-12-22 05:43:43,0,1,2,9.2,3660.3,40000.6,6133.6,22031.8,24.7,0,
2017-12-22 05:43:46,0,1,2,9.3,3661.0,40000.8,6200.3,22275.9,24.7,0,
2017-12-22 05:43:49,0,1,2,9.3,3661.5,40000.7,6200.3,22275.9,24.7,0,
2017-12-22 05:43:53,0,1,2,9.4,3662.2,40000.3,6266.9,22520.0,24.7,0,
2017-12-22 05:43:56,0,1,2,9.4,3662.6,40000.7,6266.9,22520.0,24.7,0,
2017-12-22 05:43:59,0,1,2,9.5,3663.3,40000.1,6333.6,22764.2,24.7,0,
2017-12-22 05:44:02,0,1,2,9.5,3663.8,40000.5,6333.6,22764.2,24.7,0,
2017-12-22 05:44:05,0,1,2,9.6,3664.3,40000.1,6400.3,23008.5,24.7,0,
2017-12-22 05:44:08,0,1,2,9.6,3664.8,40000.5,6400.3,23008.5,24.6,0,
2017-12-22 05:44:11,0,1,2,9.7,3665.4,40000.0,6466.9,23252.8,24.6,0,
2017-12-22 05:44:14,0,1,2,9.7,3665.8,40000.5,6466.9,23252.8,24.6,0,
2017-12-22 05:44:17,0,1,2,9.8,3666.4,40000.3,6533.6,23497.2,24.6,0,
2017-12-22 05:44:20,0,1,2,9.8,3667.1,40000.4,6533.6,23497.2,24.6,0,
2017-12-22 05:44:24,0,1,2,9.9,3667.5,40000.1,6600.3,23741.7,24.6,0,
2017-12-22 05:44:27,0,1,2,9.9,3668.1,40000.1,6600.3,23741.7,24.6,0,
2017-12-22 05:44:30,0,1,2,10.0,3668.6,40000.6,6666.9,23986.3,24.6,0,
2017-12-22 05:44:33,0,1,2,10.0,3669.3,40000.3,6666.9,23986.3,24.6,0,
2017-12-22 05:44:36,0,1,2,10.1,3669.7,40000.5,6733.6,24230.9,24.6,0,
2017-12-22 05:44:40,0,1,2,10.2,3670.2,40000.7,6800.3,24475.6,24.6,0,
2017-12-22 05:44:43,0,1,2,10.2,3670.8,40000.3,6800.3,24475.6,24.6,0,
2017-12-22 05:44:46,0,1,2,10.3,3671.3,40000.4,6866.9,24720.3,24.6,0,
2017-12-22 05:44:49,0,1,2,10.3,3671.8,40000.6,6866.9,24720.3,24.7,0,
2017-12-22 05:44:52,0,1,2,10.4,3672.4,40000.3,6933.6,24965.2,24.7,0,
2017-12-22 05:44:55,0,1,2,10.4,3672.9,40000.3,6933.6,24965.2,24.7,0,
2017-12-22 05:44:58,0,1,2,10.5,3673.4,40000.4,7000.3,25210.0,24.7,0,
2017-12-22 05:45:02,0,1,2,10.5,3673.8,40000.3,7000.3,25210.0,24.7,0,
2017-12-22 05:45:05,0,1,2,10.6,3674.5,40000.6,7067.0,25455.0,24.6,0,
2017-12-22 05:45:08,0,1,2,10.6,3675.0,40000.3,7067.0,25455.0,24.7,0,
2017-12-22 05:45:11,0,1,2,10.7,3675.4,40000.5,7133.6,25700.0,24.7,0,
2017-12-22 05:45:15,0,1,2,10.7,3675.9,40000.7,7133.6,25700.0,24.7,0,
2017-12-22 05:45:18,0,1,2,10.8,3676.4,40000.6,7200.3,25945.1,24.6,0,
2017-12-22 05:45:21,0,1,2,10.8,3676.8,40000.3,7200.3,25945.1,24.6,0,
2017-12-22 05:45:24,0,1,2,10.9,3677.3,40000.3,7267.0,26190.2,24.6,0,
2017-12-22 05:45:27,0,1,2,10.9,3677.6,40000.3,7267.0,26190.2,24.6,0,
2017-12-22 05:45:30,0,1,2,11.0,3678.0,39999.8,7333.6,26435.4,24.6,0,
2017-12-22 05:45:33,0,1,2,11.0,3678.4,40000.3,7333.6,26435.4,24.6,0,
2017-12-22 05:45:36,0,1,2,11.1,3679.1,40000.2,7400.3,26680.6,24.6,0,
2017-12-22 05:45:39,0,1,2,11.1,3679.5,40000.5,7400.3,26680.6,24.6,0,
2017-12-22 05:45:42,0,1,2,11.2,3680.0,40000.0,7467.0,26925.9,24.6,0,
2017-12-22 05:45:45,0,1,2,11.3,3680.4,40000.3,7533.6,27171.3,24.6,0,
2017-12-22 05:45:49,0,1,2,11.3,3680.8,40000.5,7533.6,27171.3,24.6,0,
2017-12-22 05:45:52,0,1,2,11.4,3681.2,40000.3,7600.3,27416.7,24.7,0,
2017-12-22 05:45:55,0,1,2,11.4,3681.5,40000.8,7600.3,27416.7,24.7,0,
2017-12-22 05:45:58,0,1,2,11.5,3682.0,40000.0,7667.0,27662.2,24.7,0,
2017-12-22 05:46:01,0,1,2,11.5,3682.4,40000.3,7667.0,27662.2,24.7,0,
2017-12-22 05:46:04,0,1,2,11.6,3682.9,40000.4,7733.6,27907.7,24.7,0,
2017-12-22 05:46:07,0,1,2,11.6,3683.1,40000.3,7733.6,27907.7,24.6,0,
2017-12-22 05:46:10,0,1,2,11.7,3683.6,40000.5,7800.3,28153.3,24.7,0,
2017-12-22 05:46:13,0,1,2,11.7,3684.1,40000.4,7800.3,28153.3,24.7,0,
2017-12-22 05:46:16,0,1,2,11.8,3684.5,40000.5,7867.0,28398.9,24.6,0,
2017-12-22 05:46:19,0,1,2,11.8,3684.9,40000.1,7867.0,28398.9,24.7,0,
2017-12-22 05:46:22,0,1,2,11.9,3685.3,40000.4,7933.6,28644.5,24.6,0,
2017-12-22 05:46:25,0,1,2,11.9,3685.6,40000.3,7933.6,28644.5,24.6,0,
2017-12-22 05:46:28,0,1,2,12.0,3685.9,40000.1,8000.3,28890.3,24.6,0,
2017-12-22 05:46:32,0,1,2,12.0,3686.4,40000.6,8000.3,28890.3,24.6,0,
2017-12-22 05:46:35,0,1,2,12.1,3686.7,40000.2,8067.0,29136.0,24.6,0,
2017-12-22 05:46:38,0,1,2,12.1,3687.1,40000.4,8067.0,29136.0,24.6,0,
2017-12-22 05:46:41,0,1,2,12.2,3687.6,40000.3,8133.6,29381.9,24.6,0,
2017-12-22 05:46:44,0,1,2,12.2,3687.8,40000.3,8133.6,29381.9,24.6,0,
2017-12-22 05:46:47,0,1,2,12.3,3688.2,40000.5,8200.3,29627.8,24.6,0,
2017-12-22 05:46:50,0,1,2,12.3,3688.8,40000.3,8200.3,29627.8,24.6,0,
2017-12-22 05:46:53,0,1,2,12.4,3689.0,40000.5,8267.0,29873.7,24.6,0,
2017-12-22 05:46:56,0,1,2,12.4,3689.5,40000.4,8267.0,29873.7,24.6,0,
2017-12-22 05:46:59,0,1,2,12.5,3689.8,40000.3,8333.6,30119.6,24.6,0,
2017-12-22 05:47:03,0,1,2,12.5,3690.2,40000.1,8333.6,30119.6,24.6,0,
2017-12-22 05:47:06,0,1,2,12.6,3690.6,40000.5,8400.3,30365.7,24.6,0,
2017-12-22 05:47:09,0,1,2,12.6,3690.8,40000.0,8400.3,30365.7,24.6,0,
2017-12-22 05:47:12,0,1,2,12.7,3691.2,40000.1,8467.0,30611.7,24.6,0,
2017-12-22 05:47:15,0,1,2,12.7,3691.6,40000.3,8467.0,30611.7,24.6,0,
2017-12-22 05:47:18,0,1,2,12.8,3692.0,40000.3,8533.6,30857.8,24.6,0,
2017-12-22 05:47:21,0,1,2,12.8,3692.4,40000.3,8533.6,30857.8,24.6,0,
2017-12-22 05:47:24,0,1,2,12.9,3692.8,40000.1,8600.3,31104.0,24.6,0,
2017-12-22 05:47:27,0,1,2,13.0,3692.9,40000.3,8667.0,31350.2,24.7,0,
2017-12-22 05:47:30,0,1,2,13.0,3693.5,40000.3,8667.0,31350.2,24.7,0,
2017-12-22 05:47:33,0,1,2,13.1,3693.8,40000.3,8733.6,31596.5,24.7,0,
2017-12-22 05:47:36,0,1,2,13.1,3694.1,40000.0,8733.6,31596.5,24.7,0,
2017-12-22 05:47:39,0,1,2,13.2,3694.5,40000.6,8800.3,31842.8,24.7,0,
2017-12-22 05:47:43,0,1,2,13.2,3694.8,40000.4,8800.3,31842.8,24.7,0,
2017-12-22 05:47:46,0,1,2,13.3,3695.2,40000.3,8867.0,32089.1,24.6,0,
2017-12-22 05:47:49,0,1,2,13.3,3695.6,40000.6,8867.0,32089.1,24.6,0,
2017-12-22 05:47:52,0,1,2,13.4,3695.8,40000.5,8933.6,32335.5,24.6,0,
2017-12-22 05:47:55,0,1,2,13.4,3696.3,40000.8,8933.6,32335.5,24.7,0,
2017-12-22 05:47:58,0,1,2,13.5,3696.6,40000.0,9000.3,32581.9,24.7,0,
2017-12-22 05:48:01,0,1,2,13.5,3696.8,40000.1,9000.3,32581.9,24.7,0,
2017-12-22 05:48:04,0,1,2,13.6,3697.3,40000.3,9067.0,32828.4,24.7,0,
2017-12-22 05:48:07,0,1,2,13.6,3697.5,40000.5,9067.0,32828.4,24.7,0,
2017-12-22 05:48:10,0,1,2,13.7,3697.8,40000.3,9133.6,33075.0,24.7,0,
2017-12-22 05:48:13,0,1,2,13.7,3698.3,40000.3,9133.6,33075.0,24.7,0,
2017-12-22 05:48:16,0,1,2,13.8,3698.6,40000.2,9200.3,33321.5,24.7,0,
2017-12-22 05:48:19,0,1,2,13.8,3699.0,40000.5,9200.3,33321.5,24.7,0,
2017-12-22 05:48:22,0,1,2,13.9,3699.1,40000.5,9267.0,33568.1,24.7,0,
2017-12-22 05:48:26,0,1,2,13.9,3699.5,40000.5,9267.0,33568.1,24.7,0,
2017-12-22 05:48:29,0,1,2,14.0,3699.8,39999.5,9333.6,33814.8,24.7,0,
2017-12-22 05:48:32,0,1,2,14.0,3700.1,39999.8,9333.6,33814.8,24.7,0,
2017-12-22 05:48:35,0,1,2,14.1,3700.5,40000.3,9400.3,34061.5,24.7,0,
2017-12-22 05:48:38,0,1,2,14.1,3700.9,40000.0,9400.3,34061.5,24.7,0,
2017-12-22 05:48:41,0,1,2,14.2,3701.2,39999.7,9467.0,34308.2,24.7,0,
2017-12-22 05:48:44,0,1,2,14.2,3701.5,40000.3,9467.0,34308.2,24.7,0,
2017-12-22 05:48:47,0,1,2,14.3,3702.0,40000.3,9533.7,34555.0,24.7,0,
2017-12-22 05:48:50,0,1,2,14.3,3702.2,40000.6,9533.7,34555.0,24.7,0,
2017-12-22 05:48:53,0,1,2,14.4,3702.5,39999.8,9600.3,34801.8,24.7,0,
2017-12-22 05:48:57,0,1,2,14.4,3702.9,40000.3,9600.3,34801.8,24.7,0,
2017-12-22 05:49:00,0,1,2,14.5,3703.2,40000.5,9667.0,35048.7,24.7,0,
2017-12-22 05:49:03,0,1,2,14.5,3703.7,40000.3,9667.0,35048.7,24.7,0,
2017-12-22 05:49:06,0,1,2,14.6,3703.9,40000.2,9733.7,35295.6,24.7,0,
2017-12-22 05:49:09,0,1,2,14.7,3704.3,40000.3,9800.3,35542.6,24.7,0,
2017-12-22 05:49:12,0,1,2,14.7,3704.7,40000.1,9800.3,35542.6,24.7,0,
2017-12-22 05:49:15,0,1,2,14.8,3704.9,40000.3,9867.0,35789.6,24.7,0,
2017-12-22 05:49:19,0,1,2,14.8,3705.2,40000.1,9867.0,35789.6,24.7,0,
2017-12-22 05:49:22,0,1,2,14.9,3705.6,39999.8,9933.7,36036.6,24.7,0,
2017-12-22 05:49:25,0,1,2,14.9,3706.0,39999.7,9933.7,36036.6,24.7,0,
2017-12-22 05:49:28,0,1,2,15.0,3706.2,40000.0,10000.3,36283.7,24.7,0,
2017-12-22 05:49:31,0,1,2,15.0,3706.6,40000.5,10000.3,36283.7,24.6,0,
2017-12-22 05:49:34,0,1,2,15.1,3706.9,40000.2,10067.0,36530.8,24.6,0,
2017-12-22 05:49:37,0,1,2,15.1,3707.4,40000.4,10067.0,36530.8,24.6,0,
2017-12-22 05:49:40,0,1,2,15.2,3707.6,39999.7,10133.7,36778.0,24.6,0,
2017-12-22 05:49:43,0,1,2,15.2,3708.1,39999.5,10133.7,36778.0,24.6,0,
2017-12-22 05:49:47,0,1,2,15.3,3708.3,40000.3,10200.3,37025.2,24.6,0,
2017-12-22 05:49:50,0,1,2,15.3,3708.8,40000.0,10200.3,37025.2,24.6,0,
2017-12-22 05:49:53,0,1,2,15.4,3709.0,40000.3,10267.0,37272.4,24.6,0,
2017-12-22 05:49:56,0,1,2,15.4,3709.3,40000.5,10267.0,37272.4,24.6,0,
2017-12-22 05:49:59,0,1,2,15.5,3709.6,40000.5,10333.7,37519.8,24.6,0,
2017-12-22 05:50:02,0,1,2,15.5,3710.1,40000.5,10333.7,37519.8,24.6,0,
2017-12-22 05:50:05,0,1,2,15.6,3710.4,40000.0,10400.3,37767.1,24.6,0,
2017-12-22 05:50:08,0,1,2,15.6,3710.7,40000.1,10400.3,37767.1,24.6,0,
2017-12-22 05:50:11,0,1,2,15.7,3711.0,40000.0,10467.0,38014.5,24.6,0,
2017-12-22 05:50:14,0,1,2,15.7,3711.3,40000.3,10467.0,38014.5,24.6,0,
2017-12-22 05:50:17,0,1,2,15.8,3711.8,40000.3,10533.7,38261.9,24.6,0,
2017-12-22 05:50:21,0,1,2,15.8,3712.0,39999.9,10533.7,38261.9,24.6,0,
2017-12-22 05:50:24,0,1,2,15.9,3712.4,40000.3,10600.3,38509.4,24.6,0,
2017-12-22 05:50:27,0,1,2,15.9,3712.8,40000.0,10600.3,38509.4,24.6,0,
2017-12-22 05:50:30,0,1,2,16.0,3713.0,40000.5,10667.0,38756.9,24.6,0,
2017-12-22 05:50:33,0,1,2,16.0,3713.5,40000.3,10667.0,38756.9,24.7,0,
2017-12-22 05:50:37,0,1,2,16.1,3713.8,40000.5,10733.7,39004.5,24.6,0,
2017-12-22 05:50:40,0,1,2,16.2,3714.2,40000.3,10800.3,39252.1,24.6,0,
2017-12-22 05:50:43,0,1,2,16.2,3714.4,40000.5,10800.3,39252.1,24.6,0,
2017-12-22 05:50:46,0,1,2,16.3,3714.7,40000.3,10867.0,39499.8,24.6,0,
2017-12-22 05:50:49,0,1,2,16.3,3715.1,40000.4,10867.0,39499.8,24.7,0,
2017-12-22 05:50:52,0,1,2,16.4,3715.4,40000.3,10933.7,39747.5,24.7,0,
2017-12-22 05:50:55,0,1,2,16.4,3715.9,40000.3,10933.7,39747.5,24.7,0,
2017-12-22 05:50:58,0,1,2,16.5,3716.2,40000.3,11000.3,39995.2,24.7,0,
2017-12-22 05:51:01,0,1,2,16.5,3716.5,40000.0,11000.3,39995.2,24.7,0,
2017-12-22 05:51:04,0,1,2,16.6,3716.9,40000.3,11067.0,40243.0,24.7,0,
2017-12-22 05:51:07,0,1,2,16.6,3717.2,39999.9,11067.0,40243.0,24.7,0,
2017-12-22 05:51:10,0,1,2,16.7,3717.5,39999.7,11133.7,40490.8,24.7,0,
2017-12-22 05:51:13,0,1,2,16.7,3717.9,39999.7,11133.7,40490.8,24.6,0,
2017-12-22 05:51:16,0,1,2,16.8,3718.2,40000.0,11200.3,40738.7,24.6,0,
2017-12-22 05:51:19,0,1,2,16.8,3718.7,40000.3,11200.3,40738.7,24.6,0,
2017-12-22 05:51:22,0,1,2,16.9,3719.0,39999.9,11267.0,40986.7,24.6,0,
2017-12-22 05:51:25,0,1,2,16.9,3719.2,39999.9,11267.0,40986.7,24.7,0,
2017-12-22 05:51:28,0,1,2,17.0,3719.7,40000.3,11333.7,41234.6,24.7,0,
2017-12-22 05:51:31,0,1,2,17.0,3720.0,40000.3,11333.7,41234.6,24.6,0,
2017-12-22 05:51:34,0,1,2,17.1,3720.5,39999.9,11400.3,41482.6,24.7,0,
2017-12-22 05:51:37,0,1,2,17.1,3720.6,40000.0,11400.3,41482.6,24.7,0,
2017-12-22 05:51:41,0,1,2,17.2,3720.9,40000.5,11467.0,41730.7,24.7,0,
2017-12-22 05:51:44,0,1,2,17.2,3721.3,40000.8,11467.0,41730.7,24.7,0,
2017-12-22 05:51:47,0,1,2,17.3,3721.7,39999.5,11533.7,41978.8,24.6,0,
2017-12-22 05:51:50,0,1,2,17.3,3722.2,40000.0,11533.7,41978.8,24.6,0,
2017-12-22 05:51:53,0,1,2,17.4,3722.6,40000.0,11600.3,42226.9,24.6,0,
2017-12-22 05:51:56,0,1,2,17.4,3722.9,40000.1,11600.3,42226.9,24.6,0,
2017-12-22 05:51:59,0,1,2,17.5,3723.1,39999.8,11667.0,42475.1,24.7,0,
2017-12-22 05:52:03,0,1,2,17.5,3723.5,40000.0,11667.0,42475.1,24.7,0,
2017-12-22 05:52:06,0,1,2,17.6,3723.9,40000.0,11733.7,42723.4,24.7,0,
2017-12-22 05:52:09,0,1,2,17.6,3724.2,39999.8,11733.7,42723.4,24.8,0,
2017-12-22 05:52:12,0,1,2,17.7,3724.7,40000.1,11800.3,42971.7,24.7,0,
2017-12-22 05:52:15,0,1,2,17.7,3725.0,39999.8,11800.3,42971.7,24.7,0,
2017-12-22 05:52:18,0,1,2,17.8,3725.5,39999.9,11867.0,43220.0,24.8,0,
2017-12-22 05:52:21,0,1,2,17.8,3725.9,40000.0,11867.0,43220.0,24.8,0,
2017-12-22 05:52:25,0,1,2,17.9,3726.1,40000.0,11933.7,43468.4,24.8,0,
2017-12-22 05:52:28,0,1,2,18.0,3726.5,39999.7,12000.3,43716.8,24.7,0,
2017-12-22 05:52:31,0,1,2,18.0,3726.9,39999.7,12000.3,43716.8,24.7,0,
2017-12-22 05:52:34,0,1,2,18.1,3727.2,39999.8,12067.0,43965.3,24.7,0,
2017-12-22 05:52:37,0,1,2,18.1,3727.7,40000.0,12067.0,43965.3,24.8,0,
2017-12-22 05:52:40,0,1,2,18.2,3727.9,39999.7,12133.7,44213.9,24.7,0,
2017-12-22 05:52:43,0,1,2,18.2,3728.5,39999.7,12133.7,44213.9,24.7,0,
2017-12-22 05:52:46,0,1,2,18.3,3728.7,40000.0,12200.3,44462.4,24.7,0,
2017-12-22 05:52:50,0,1,2,18.3,3729.3,39999.8,12200.3,44462.4,24.7,0,
2017-12-22 05:52:53,0,1,2,18.4,3729.6,39999.7,12267.0,44711.1,24.8,0,
2017-12-22 05:52:56,0,1,2,18.4,3729.8,39999.6,12267.0,44711.1,24.8,0,
2017-12-22 05:52:59,0,1,2,18.5,3730.3,39999.7,12333.7,44959.7,24.8,0,
2017-12-22 05:53:02,0,1,2,18.5,3730.7,40000.0,12333.7,44959.7,24.8,0,
2017-12-22 05:53:05,0,1,2,18.6,3731.2,40000.0,12400.3,45208.4,24.7,0,
2017-12-22 05:53:09,0,1,2,18.6,3731.4,39999.9,12400.3,45208.4,24.8,0,
2017-12-22 05:53:12,0,1,2,18.7,3731.9,39999.8,12467.0,45457.2,24.8,0,
2017-12-22 05:53:15,0,1,2,18.7,3732.3,39999.8,12467.0,45457.2,24.8,0,
2017-12-22 05:53:18,0,1,2,18.8,3732.7,40000.1,12533.7,45706.0,24.8,0,
2017-12-22 05:53:21,0,1,2,18.9,3733.1,40000.3,12600.3,45954.9,24.8,0,
2017-12-22 05:53:25,0,1,2,18.9,3733.6,39999.7,12600.3,45954.9,24.8,0,
2017-12-22 05:53:28,0,1,2,19.0,3734.0,39999.7,12667.0,46203.8,24.7,0,
2017-12-22 05:53:31,0,1,2,19.0,3734.3,39999.5,12667.0,46203.8,24.8,0,
2017-12-22 05:53:34,0,1,2,19.1,3734.8,39999.7,12733.7,46452.8,24.8,0,
2017-12-22 05:53:37,0,1,2,19.1,3735.2,39999.8,12733.7,46452.8,24.7,0,
2017-12-22 05:53:41,0,1,2,19.2,3735.5,39999.8,12800.3,46701.8,24.7,0,
2017-12-22 05:53:44,0,1,2,19.2,3736.1,40000.0,12800.3,46701.8,24.7,0,
2017-12-22 05:53:47,0,1,2,19.3,3736.5,39999.5,12867.0,46950.9,24.8,0,
2017-12-22 05:53:50,0,1,2,19.3,3736.9,39999.7,12867.0,46950.9,24.8,0,
2017-12-22 05:53:53,0,1,2,19.4,3737.2,39999.9,12933.7,47200.0,24.7,0,
2017-12-22 05:53:56,0,1,2,19.4,3737.7,39999.8,12933.7,47200.0,24.8,0,
2017-12-22 05:53:59,0,1,2,19.5,3738.1,39999.6,13000.3,47449.2,24.8,0,
2017-12-22 05:54:03,0,1,2,19.5,3738.5,39999.7,13000.3,47449.2,24.8,0,
2017-12-22 05:54:06,0,1,2,19.6,3739.0,39999.8,13067.0,47698.4,24.8,0,
2017-12-22 05:54:09,0,1,2,19.6,3739.1,39999.7,13067.0,47698.4,24.8,0,
2017-12-22 05:54:12,0,1,2,19.7,3739.7,39999.5,13133.7,47947.7,24.8,0,
2017-12-22 05:54:15,0,1,2,19.7,3740.1,39999.9,13133.7,47947.7,24.8,0,
2017-12-22 05:54:18,0,1,2,19.8,3740.4,39999.5,13200.3,48197.1,24.8,0,
2017-12-22 05:54:21,0,1,2,19.8,3740.8,39999.7,13200.3,48197.1,24.8,0,
2017-12-22 05:54:24,0,1,2,19.9,3741.4,39999.7,13267.0,48446.5,24.8,0,
2017-12-22 05:54:28,0,1,2,20.0,3741.9,39999.6,13333.6,48695.9,24.8,0,
2017-12-22 05:54:31,0,1,2,20.0,3742.2,39999.7,13333.6,48695.9,24.8,0,
2017-12-22 05:54:34,0,1,2,20.1,3742.7,39999.5,13400.3,48945.4,24.8,0,
2017-12-22 05:54:37,0,1,2,20.1,3743.0,40000.0,13400.3,48945.4,24.7,0,
2017-12-22 05:54:40,0,1,2,20.2,3743.6,39999.8,13467.0,49195.0,24.7,0,
2017-12-22 05:54:43,0,1,2,20.2,3743.9,39999.8,13467.0,49195.0,24.7,0,
2017-12-22 05:54:46,0,1,2,20.3,3744.5,39999.7,13533.6,49444.6,24.7,0,
2017-12-22 05:54:49,0,1,2,20.3,3744.9,40000.1,13533.6,49444.6,24.7,0,
2017-12-22 05:54:52,0,1,2,20.4,3745.1,40000.0,13600.3,49694.3,24.6,0,
2017-12-22 05:54:55,0,1,2,20.4,3745.7,39999.8,13600.3,49694.3,24.6,0,
2017-12-22 05:54:58,0,1,2,20.5,3746.0,40000.0,13667.0,49944.0,24.6,0,
2017-12-22 05:55:01,0,1,2,20.5,3746.4,39999.7,13667.0,49944.0,24.6,0,
2017-12-22 05:55:04,0,1,2,20.6,3747.0,39999.8,13733.6,50193.8,24.6,0,
2017-12-22 05:55:07,0,1,2,20.6,3747.4,40000.0,13733.6,50193.8,24.6,0,
2017-12-22 05:55:11,0,1,2,20.7,3747.9,39999.5,13800.3,50443.6,24.6,0,
2017-12-22 05:55:14,0,1,2,20.7,3748.2,39999.7,13800.3,50443.6,24.6,0,
2017-12-22 05:55:17,0,1,2,20.8,3748.7,39999.5,13867.0,50693.5,24.7,0,
2017-12-22 05:55:20,0,1,2,20.8,3749.2,39999.6,13867.0,50693.5,24.7,0,
2017-12-22 05:55:23,0,1,2,20.9,3749.7,39999.6,13933.6,50943.4,24.7,0,
2017-12-22 05:55:26,0,1,2,20.9,3750.1,39999.7,13933.6,50943.4,24.7,0,
2017-12-22 05:55:29,0,1,2,21.0,3750.5,39999.7,14000.3,51193.5,24.7,0,
2017-12-22 05:55:33,0,1,2,21.0,3750.9,39999.5,14000.3,51193.5,24.7,0,
2017-12-22 05:55:36,0,1,2,21.1,3751.5,39999.8,14067.0,51443.5,24.8,0,
2017-12-22 05:55:39,0,1,2,21.1,3752.1,39999.3,14067.0,51443.5,24.8,0,
2017-12-22 05:55:42,0,1,2,21.2,3752.5,39999.5,14133.6,51693.7,24.8,0,
2017-12-22 05:55:46,0,1,2,21.3,3752.8,39999.0,14200.3,51943.8,24.8,0,
2017-12-22 05:55:49,0,1,2,21.3,3753.4,39999.5,14200.3,51943.8,24.8,0,
2017-12-22 05:55:52,0,1,2,21.4,3753.9,39999.6,14267.0,52194.1,24.8,0,
2017-12-22 05:55:55,0,1,2,21.4,3754.3,39999.5,14267.0,52194.1,24.8,0,
2017-12-22 05:55:58,0,1,2,21.5,3754.8,39999.4,14333.6,52444.4,24.8,0,
2017-12-22 05:56:01,0,1,2,21.5,3755.1,39999.5,14333.6,52444.4,24.8,0,
2017-12-22 05:56:04,0,1,2,21.6,3755.6,39999.7,14400.3,52694.8,24.8,0,
2017-12-22 05:56:07,0,1,2,21.6,3756.2,39999.7,14400.3,52694.8,24.8,0,
2017-12-22 05:56:10,0,1,2,21.7,3756.5,39999.8,14467.0,52945.2,24.8,0,
2017-12-22 05:56:13,0,1,2,21.7,3757.0,39999.7,14467.0,52945.2,24.8,0,
2017-12-22 05:56:16,0,1,2,21.8,3757.5,39999.5,14533.6,53195.7,24.8,0,
2017-12-22 05:56:19,0,1,2,21.8,3758.1,39999.7,14533.6,53195.7,24.8,0,
2017-12-22 05:56:23,0,1,2,21.9,3758.6,39999.8,14600.3,53446.3,24.8,0,
2017-12-22 05:56:26,0,1,2,21.9,3759.2,39999.8,14600.3,53446.3,24.8,0,
2017-12-22 05:56:29,0,1,2,22.0,3759.6,39999.7,14667.0,53696.9,24.8,0,
2017-12-22 05:56:32,0,1,2,22.0,3760.0,39999.9,14667.0,53696.9,24.8,0,
2017-12-22 05:56:35,0,1,2,22.1,3760.6,39999.8,14733.6,53947.6,24.8,0,
2017-12-22 05:56:38,0,1,2,22.1,3761.0,39999.8,14733.6,53947.6,24.8,0,
2017-12-22 05:56:42,0,1,2,22.2,3761.5,40000.0,14800.3,54198.3,24.8,0,
2017-12-22 05:56:45,0,1,2,22.2,3762.0,40000.1,14800.3,54198.3,24.8,0,
2017-12-22 05:56:48,0,1,2,22.3,3762.6,39999.5,14867.0,54449.1,24.8,0,
2017-12-22 05:56:51,0,1,2,22.3,3763.1,40000.0,14867.0,54449.1,24.8,0,
2017-12-22 05:56:55,0,1,2,22.4,3763.7,39999.8,14933.6,54700.0,24.8,0,
2017-12-22 05:56:58,0,1,2,22.5,3764.1,40000.0,15000.3,54951.0,24.8,0,
2017-12-22 05:57:01,0,1,2,22.5,3764.6,39999.9,15000.3,54951.0,24.8,0,
2017-12-22 05:57:04,0,1,2,22.6,3765.2,40000.0,15067.0,55202.0,24.8,0,
2017-12-22 05:57:07,0,1,2,22.6,3765.7,39999.8,15067.0,55202.0,24.8,0,
2017-12-22 05:57:10,0,1,2,22.7,3766.2,39999.7,15133.6,55453.0,24.8,0,
2017-12-22 05:57:13,0,1,2,22.7,3766.8,39999.8,15133.6,55453.0,24.7,0,
2017-12-22 05:57:16,0,1,2,22.8,3767.3,40000.0,15200.3,55704.2,24.8,0,
2017-12-22 05:57:20,0,1,2,22.8,3767.9,39999.6,15200.3,55704.2,24.8,0,
2017-12-22 05:57:23,0,1,2,22.9,3768.4,39999.7,15267.0,55955.4,24.7,0,
2017-12-22 05:57:26,0,1,2,22.9,3768.8,39999.7,15267.0,55955.4,24.8,0,
2017-12-22 05:57:29,0,1,2,23.0,3769.4,39999.5,15333.6,56206.7,24.8,0,
2017-12-22 05:57:32,0,1,2,23.0,3770.0,39999.5,15333.6,56206.7,24.8,0,
2017-12-22 05:57:36,0,1,2,23.1,3770.5,39999.2,15400.3,56458.0,24.8,0,
2017-12-22 05:57:39,0,1,2,23.1,3771.2,39999.5,15400.3,56458.0,24.8,0,
2017-12-22 05:57:42,0,1,2,23.2,3771.7,39999.5,15466.9,56709.4,24.8,0,
2017-12-22 05:57:45,0,1,2,23.2,3772.2,39999.2,15466.9,56709.4,24.8,0,
2017-12-22 05:57:48,0,1,2,23.3,3772.6,39999.0,15533.6,56960.9,24.8,0,
2017-12-22 05:57:51,0,1,2,23.4,3773.3,39999.5,15600.3,57212.4,24.8,0,
2017-12-22 05:57:55,0,1,2,23.4,3773.8,39999.5,15600.3,57212.4,24.8,0,
2017-12-22 05:57:58,0,1,2,23.5,3774.3,39999.7,15666.9,57464.0,24.8,0,
2017-12-22 05:58:01,0,1,2,23.5,3774.8,39999.7,15666.9,57464.0,24.8,0,
2017-12-22 05:58:04,0,1,2,23.6,3775.4,39999.1,15733.6,57715.7,24.8,0,
2017-12-22 05:58:07,0,1,2,23.6,3775.9,39999.7,15733.6,57715.7,24.8,0,
2017-12-22 05:58:10,0,1,2,23.7,3776.5,39999.2,15800.3,57967.5,24.8,0,
2017-12-22 05:58:14,0,1,2,23.7,3777.1,39999.6,15800.3,57967.5,24.8,0,
2017-12-22 05:58:17,0,1,2,23.8,3777.8,39999.3,15866.9,58219.3,24.8,0,
2017-12-22 05:58:20,0,1,2,23.8,3778.3,39999.3,15866.9,58219.3,24.8,0,
2017-12-22 05:58:23,0,1,2,23.9,3778.9,39999.2,15933.6,58471.2,24.8,0,
2017-12-22 05:58:26,0,1,2,23.9,3779.6,39999.4,15933.6,58471.2,24.9,0,
2017-12-22 05:58:29,0,1,2,24.0,3780.1,39999.3,16000.3,58723.2,24.9,0,
2017-12-22 05:58:33,0,1,2,24.0,3780.6,39998.7,16000.3,58723.2,24.8,0,
2017-12-22 05:58:36,0,1,2,24.1,3781.1,39999.4,16066.9,58975.2,24.9,0,
2017-12-22 05:58:39,0,1,2,24.1,3781.8,39999.3,16066.9,58975.2,24.8,0,
2017-12-22 05:58:42,0,1,2,24.2,3782.5,39999.2,16133.6,59227.3,24.9,0,
2017-12-22 05:58:45,0,1,2,24.3,3782.9,39999.5,16200.3,59479.5,24.9,0,
2017-12-22 05:58:49,0,1,2,24.3,3783.7,39999.3,16200.3,59479.5,24.9,0,
2017-12-22 05:58:52,0,1,2,24.4,3784.2,39998.7,16266.9,59731.8,24.9,0,
2017-12-22 05:58:55,0,1,2,24.4,3784.9,39999.3,16266.9,59731.8,24.8,0,
2017-12-22 05:58:58,0,1,2,24.5,3785.4,39999.5,16333.6,59984.1,24.8,0,
2017-12-22 05:59:01,0,1,2,24.5,3785.9,39998.7,16333.6,59984.1,24.8,0,
2017-12-22 05:59:05,0,1,2,24.6,3786.6,39999.5,16400.2,60236.5,24.8,0,
2017-12-22 05:59:08,0,1,2,24.6,3787.2,39999.0,16400.2,60236.5,24.8,0,
2017-12-22 05:59:11,0,1,2,24.7,3787.9,39999.2,16466.9,60489.0,24.8,0,
2017-12-22 05:59:14,0,1,2,24.7,3788.4,39999.3,16466.9,60489.0,24.8,0,
2017-12-22 05:59:17,0,1,2,24.8,3789.0,39999.5,16533.6,60741.6,24.8,0,
2017-12-22 05:59:20,0,1,2,24.8,3789.6,39999.4,16533.6,60741.6,24.8,0,
2017-12-22 05:59:23,0,1,2,24.9,3790.4,39999.5,16600.2,60994.2,24.8,0,
2017-12-22 05:59:27,0,1,2,24.9,3790.9,39999.5,16600.2,60994.2,24.8,0,
2017-12-22 05:59:30,0,1,2,25.0,3791.6,39999.5,16666.9,61247.0,24.8,0,
2017-12-22 05:59:33,0,1,2,25.0,3792.1,40000.0,16666.9,61247.0,24.8,0,
2017-12-22 05:59:36,0,1,2,25.1,3792.8,39999.6,16733.6,61499.8,24.8,0,
2017-12-22 05:59:39,0,1,2,25.1,3793.4,39999.3,16733.6,61499.8,24.8,0,
2017-12-22 05:59:42,0,1,2,25.2,3794.1,39999.6,16800.2,61752.7,24.8,0,
2017-12-22 05:59:45,0,1,2,25.2,3794.6,39999.0,16800.2,61752.7,24.8,0,
2017-12-22 05:59:48,0,1,2,25.3,3795.1,39999.2,16866.9,62005.6,24.8,0,
2017-12-22 05:59:51,0,1,2,25.3,3795.9,39999.3,16866.9,62005.6,24.8,0,
2017-12-22 05:59:54,0,1,2,25.4,3796.5,39999.4,16933.6,62258.7,24.8,0,
2017-12-22 05:59:57,0,1,2,25.4,3797.0,39998.7,16933.6,62258.7,24.8,0,
2017-12-22 06:00:00,0,1,2,25.5,3797.5,39999.3,17000.2,62511.8,24.8,0,
2017-12-22 06:00:04,0,1,2,25.6,3798.4,39999.2,17066.9,62765.0,24.8,0,
2017-12-22 06:00:07,0,1,2,25.6,3798.8,39998.9,17066.9,62765.0,24.8,0,
2017-12-22 06:00:10,0,1,2,25.7,3799.7,39999.4,17133.6,63018.3,24.8,0,
2017-12-22 06:00:13,0,1,2,25.7,3800.4,39999.1,17133.6,63018.3,24.8,0,
2017-12-22 06:00:17,0,1,2,25.8,3801.1,39999.5,17200.2,63271.7,24.8,0,
2017-12-22 06:00:20,0,1,2,25.8,3801.7,39999.3,17200.2,63271.7,24.8,0,
2017-12-22 06:00:23,0,1,2,25.9,3802.4,39999.1,17266.9,63525.1,24.8,0,
2017-12-22 06:00:26,0,1,2,25.9,3803.0,39998.9,17266.9,63525.1,24.8,0,
2017-12-22 06:00:29,0,1,2,26.0,3803.5,39999.0,17333.6,63778.7,24.8,0,
2017-12-22 06:00:32,0,1,2,26.0,3804.3,39999.2,17333.6,63778.7,24.8,0,
2017-12-22 06:00:36,0,1,2,26.1,3805.0,39999.0,17400.2,64032.3,24.8,0,
2017-12-22 06:00:39,0,1,2,26.1,3805.6,39999.0,17400.2,64032.3,24.8,0,
2017-12-22 06:00:42,0,1,2,26.2,3806.3,39999.3,17466.9,64286.0,24.8,0,
2017-12-22 06:00:45,0,1,2,26.2,3807.1,39999.0,17466.9,64286.0,24.8,0,
2017-12-22 06:00:48,0,1,2,26.3,3807.7,39999.0,17533.5,64539.8,24.8,0,
2017-12-22 06:00:51,0,1,2,26.3,3808.3,39999.0,17533.5,64539.8,24.8,0,
2017-12-22 06:00:54,0,1,2,26.4,3809.2,39999.0,17600.2,64793.7,24.8,0,
2017-12-22 06:00:57,0,1,2,26.5,3809.8,39999.3,17666.9,65047.7,24.8,0,
2017-12-22 06:01:01,0,1,2,26.5,3810.5,39999.0,17666.9,65047.7,24.8,0,
2017-12-22 06:01:04,0,1,2,26.6,3811.3,39998.8,17733.5,65301.7,24.8,0,
2017-12-22 06:01:07,0,1,2,26.6,3811.8,39998.9,17733.5,65301.7,24.8,0,
2017-12-22 06:01:10,0,1,2,26.7,3812.7,39998.8,17800.2,65555.9,24.8,0,
2017-12-22 06:01:14,0,1,2,26.7,3813.2,39998.8,17800.2,65555.9,24.8,0,
2017-12-22 06:01:17,0,1,2,26.8,3814.1,39998.3,17866.9,65810.1,24.8,0,
2017-12-22 06:01:20,0,1,2,26.8,3814.7,39998.8,17866.9,65810.1,24.8,0,
2017-12-22 06:01:23,0,1,2,26.9,3815.5,39998.2,17933.5,66064.4,24.8,0,
2017-12-22 06:01:26,0,1,2,26.9,3816.3,39998.9,17933.5,66064.4,24.8,0,
2017-12-22 06:01:29,0,1,2,27.0,3816.9,39999.0,18000.2,66318.9,24.8,0,
2017-12-22 06:01:32,0,1,2,27.0,3817.7,39998.8,18000.2,66318.9,24.8,0,
2017-12-22 06:01:36,0,1,2,27.1,3818.5,39998.7,18066.8,66573.4,24.8,0,
2017-12-22 06:01:39,0,1,2,27.1,3819.2,39998.5,18066.8,66573.4,24.8,0,
2017-12-22 06:01:42,0,1,2,27.2,3819.9,39998.6,18133.5,66828.0,24.8,0,
2017-12-22 06:01:45,0,1,2,27.2,3820.5,39998.5,18133.5,66828.0,24.9,0,
2017-12-22 06:01:48,0,1,2,27.3,3821.3,39998.7,18200.2,67082.7,24.9,0,
2017-12-22 06:01:51,0,1,2,27.3,3822.1,39999.0,18200.2,67082.7,24.9,0,
2017-12-22 06:01:55,0,1,2,27.4,3822.9,39999.0,18266.8,67337.5,24.9,0,
2017-12-22 06:01:58,0,1,2,27.5,3823.5,39998.7,18333.5,67592.4,24.9,0,
2017-12-22 06:02:01,0,1,2,27.5,3824.4,39998.9,18333.5,67592.4,24.9,0,
2017-12-22 06:02:04,0,1,2,27.6,3825.1,39998.8,18400.2,67847.3,24.9,0,
2017-12-22 06:02:07,0,1,2,27.6,3825.9,39998.7,18400.2,67847.3,24.9,0,
2017-12-22 06:02:10,0,1,2,27.7,3826.7,39998.5,18466.8,68102.4,24.9,0,
2017-12-22 06:02:14,0,1,2,27.7,3827.3,39998.4,18466.8,68102.4,24.9,0,
2017-12-22 06:02:17,0,1,2,27.8,3828.1,39999.0,18533.5,68357.6,24.9,0,
2017-12-22 06:02:20,0,1,2,27.8,3828.8,39998.0,18533.5,68357.6,24.9,0,
2017-12-22 06:02:23,0,1,2,27.9,3829.6,39999.2,18600.1,68612.8,24.9,0,
2017-12-22 06:02:26,0,1,2,27.9,3830.4,39999.0,18600.1,68612.8,24.9,0,
2017-12-22 06:02:29,0,1,2,28.0,3831.0,39998.7,18666.8,68868.2,24.9,0,
2017-12-22 06:02:32,0,1,2,28.0,3831.9,39998.5,18666.8,68868.2,24.9,0,
2017-12-22 06:02:35,0,1,2,28.1,3832.7,39998.6,18733.5,69123.6,25.0,0,
2017-12-22 06:02:38,0,1,2,28.1,3833.3,39998.7,18733.5,69123.6,25.0,0,
2017-12-22 06:02:41,0,1,2,28.2,3834.2,39998.5,18800.1,69379.2,25.0,0,
2017-12-22 06:02:44,0,1,2,28.2,3834.9,39998.5,18800.1,69379.2,25.0,0,
2017-12-22 06:02:47,0,1,2,28.3,3835.5,39998.5,18866.8,69634.9,25.0,0,
2017-12-22 06:02:51,0,1,2,28.3,3836.4,39998.5,18866.8,69634.9,25.0,0,
2017-12-22 06:02:54,0,1,2,28.4,3837.3,39998.7,18933.5,69890.6,25.0,0,
2017-12-22 06:02:57,0,1,2,28.4,3837.9,39998.8,18933.5,69890.6,25.0,0,
2017-12-22 06:03:00,0,1,2,28.5,3838.8,39998.7,19000.1,70146.5,25.0,0,
2017-12-22 06:03:03,0,1,2,28.5,3839.6,39998.4,19000.1,70146.5,25.0,0,
2017-12-22 06:03:06,0,1,2,28.6,3840.2,39998.4,19066.8,70402.4,25.0,0,
2017-12-22 06:03:09,0,1,2,28.6,3841.2,39998.5,19066.8,70402.4,24.9,0,
2017-12-22 06:03:12,0,1,2,28.7,3841.9,39998.6,19133.4,70658.5,24.9,0,
2017-12-22 06:03:16,0,1,2,28.8,3842.9,39998.9,19200.1,70914.7,24.9,0,
2017-12-22 06:03:19,0,1,2,28.8,3843.6,39998.5,19200.1,70914.7,24.8,0,
2017-12-22 06:03:22,0,1,2,28.9,3844.5,39998.7,19266.8,71170.9,24.8,0,
2017-12-22 06:03:25,0,1,2,28.9,3845.3,39998.5,19266.8,71170.9,24.8,0,
2017-12-22 06:03:28,0,1,2,29.0,3846.0,39998.0,19333.4,71427.3,24.8,0,
2017-12-22 06:03:31,0,1,2,29.0,3846.8,39998.7,19333.4,71427.3,24.8,0,
2017-12-22 06:03:34,0,1,2,29.1,3847.5,39998.1,19400.1,71683.8,24.8,0,
2017-12-22 06:03:38,0,1,2,29.1,3848.4,39998.3,19400.1,71683.8,24.8,0,
2017-12-22 06:03:41,0,1,2,29.2,3849.4,39998.3,19466.7,71940.3,24.8,0,
2017-12-22 06:03:44,0,1,2,29.2,3850.0,39998.3,19466.7,71940.3,24.9,0,
2017-12-22 06:03:47,0,1,2,29.3,3850.9,39998.3,19533.4,72197.0,24.8,0,
2017-12-22 06:03:50,0,1,2,29.3,3851.5,39998.5,19533.4,72197.0,24.9,0,
2017-12-22 06:03:53,0,1,2,29.4,3852.4,39998.2,19600.1,72453.8,24.9,0,
2017-12-22 06:03:56,0,1,2,29.4,3853.4,39997.6,19600.1,72453.8,24.9,0,
2017-12-22 06:03:59,0,1,2,29.5,3854.3,39998.3,19666.7,72710.7,24.9,0,
2017-12-22 06:04:02,0,1,2,29.5,3855.0,39998.0,19666.7,72710.7,24.9,0,
2017-12-22 06:04:05,0,1,2,29.6,3855.7,39998.5,19733.4,72967.7,24.9,0,
2017-12-22 06:04:08,0,1,2,29.6,3856.7,39998.4,19733.4,72967.7,24.9,0,
2017-12-22 06:04:12,0,1,2,29.7,3857.6,39998.3,19800.1,73224.8,24.9,0,
2017-12-22 06:04:15,0,1,2,29.7,3858.4,39998.2,19800.1,73224.8,24.9,0,
2017-12-22 06:04:18,0,1,2,29.8,3859.3,39998.2,19866.7,73482.0,24.9,0,
2017-12-22 06:04:21,0,1,2,29.8,3860.2,39998.2,19866.7,73482.0,25.0,0,
2017-12-22 06:04:24,0,1,2,29.9,3861.0,39997.8,19933.4,73739.3,25.0,0,
2017-12-22 06:04:27,0,1,2,30.0,3861.8,39997.5,20000.0,73996.8,25.0,0,
2017-12-22 06:04:30,0,1,2,30.0,3862.7,39998.0,20000.0,73996.8,25.0,0,
2017-12-22 06:04:34,0,1,2,30.1,3863.7,39998.5,20066.7,74254.3,25.0,0,
2017-12-22 06:04:37,0,1,2,30.1,3864.4,39998.0,20066.7,74254.3,25.0,0,
2017-12-22 06:04:40,0,1,2,30.2,3865.1,39998.1,20133.4,74512.0,25.0,0,
2017-12-22 06:04:43,0,1,2,30.2,3866.2,39998.3,20133.4,74512.0,25.0,0,
2017-12-22 06:04:46,0,1,2,30.3,3866.8,39998.2,20200.0,74769.7,25.0,0,
2017-12-22 06:04:49,0,1,2,30.3,3867.9,39998.5,20200.0,74769.7,25.0,0,
2017-12-22 06:04:52,0,1,2,30.4,3868.6,39998.2,20266.7,75027.6,25.0,0,
2017-12-22 06:04:55,0,1,2,30.4,3869.5,39997.5,20266.7,75027.6,25.0,0,
2017-12-22 06:04:58,0,1,2,30.5,3870.3,39998.3,20333.3,75285.6,25.0,0,
2017-12-22 06:05:01,0,1,2,30.5,3871.3,39998.0,20333.3,75285.6,25.0,0,
2017-12-22 06:05:05,0,1,2,30.6,3872.3,39998.3,20400.0,75543.7,25.0,0,
2017-12-22 06:05:08,0,1,2,30.6,3873.3,39998.3,20400.0,75543.7,24.9,0,
2017-12-22 06:05:11,0,1,2,30.7,3874.0,39998.1,20466.7,75801.9,24.9,0,
2017-12-22 06:05:14,0,1,2,30.7,3875.0,39997.7,20466.7,75801.9,25.0,0,
2017-12-22 06:05:17,0,1,2,30.8,3875.9,39997.8,20533.3,76060.2,24.9,0,
2017-12-22 06:05:20,0,1,2,30.8,3876.9,39997.8,20533.3,76060.2,24.9,0,
2017-12-22 06:05:24,0,1,2,30.9,3877.8,39998.1,20600.0,76318.7,25.0,0,
2017-12-22 06:05:27,0,1,2,30.9,3878.5,39997.5,20600.0,76318.7,25.0,0,
2017-12-22 06:05:30,0,1,2,31.0,3879.4,39998.3,20666.6,76577.3,25.0,0,
2017-12-22 06:05:33,0,1,2,31.0,3880.4,39997.9,20666.6,76577.3,25.0,0,
2017-12-22 06:05:36,0,1,2,31.1,3881.3,39998.2,20733.3,76835.9,25.0,0,
2017-12-22 06:05:39,0,1,2,31.1,3882.2,39997.8,20733.3,76835.9,25.0,0,
2017-12-22 06:05:42,0,1,2,31.2,3883.1,39998.2,20800.0,77094.7,25.0,0,
2017-12-22 06:05:45,0,1,2,31.2,3883.8,39998.0,20800.0,77094.7,25.0,0,
2017-12-22 06:05:48,0,1,2,31.3,3884.9,39998.0,20866.6,77353.6,24.9,0,
2017-12-22 06:05:51,0,1,2,31.4,3885.7,39997.8,20933.3,77612.7,25.0,0,
2017-12-22 06:05:54,0,1,2,31.4,3886.6,39997.8,20933.3,77612.7,24.9,0,
2017-12-22 06:05:57,0,1,2,31.5,3887.5,39998.0,20999.9,77871.8,24.9,0,
2017-12-22 06:06:01,0,1,2,31.5,3888.5,39997.7,20999.9,77871.8,25.0,0,
2017-12-22 06:06:04,0,1,2,31.6,3889.5,39997.7,21066.6,78131.1,24.9,0,
2017-12-22 06:06:07,0,1,2,31.6,3890.4,39997.9,21066.6,78131.1,25.0,0,
2017-12-22 06:06:10,0,1,2,31.7,3891.3,39997.7,21133.2,78390.4,25.0,0,
2017-12-22 06:06:13,0,1,2,31.7,3892.2,39998.0,21133.2,78390.4,25.0,0,
2017-12-22 06:06:16,0,1,2,31.8,3893.1,39997.6,21199.9,78649.9,25.0,0,
2017-12-22 06:06:19,0,1,2,31.8,3894.0,40000.8,21199.9,78649.9,25.0,0,
2017-12-22 06:06:22,0,1,2,31.9,3894.9,40000.8,21266.6,78909.6,25.0,0,
2017-12-22 06:06:25,0,1,2,31.9,3895.8,40001.8,21266.6,78909.6,25.0,0,
2017-12-22 06:06:29,0,1,2,32.0,3896.8,40000.6,21333.2,79169.4,25.0,0,
2017-12-22 06:06:32,0,1,2,32.0,3897.7,40000.8,21333.2,79169.4,25.0,0,
2017-12-22 06:06:35,0,1,2,32.1,3898.6,40000.6,21399.9,79429.3,25.0,0,
2017-12-22 06:06:38,0,1,2,32.1,3899.6,40000.6,21399.9,79429.3,25.0,0,
2017-12-22 06:06:41,0,1,2,32.2,3899.9,38965.9,21466.5,79688.8,25.0,0,
2017-12-22 06:06:44,0,1,2,32.2,3900.1,37984.1,21466.5,79688.8,25.0,0,
2017-12-22 06:06:47,0,1,2,32.3,3899.9,37039.3,21529.3,79933.8,25.0,0,
2017-12-22 06:06:50,0,1,2,32.3,3900.1,36232.0,21529.3,79933.8,25.0,0,
2017-12-22 06:06:53,0,1,2,32.4,3899.9,35403.1,21589.2,80167.4,25.0,0,
2017-12-22 06:06:56,0,1,2,32.4,3900.0,34633.4,21589.2,80167.4,25.0,0,
2017-12-22 06:07:00,0,1,2,32.5,3900.0,33923.7,21646.7,80391.8,25.0,0,
2017-12-22 06:07:03,0,1,2,32.5,3899.9,33332.4,21646.7,80391.8,25.0,0,
2017-12-22 06:07:06,0,1,2,32.6,3899.8,32527.1,21702.0,80607.5,25.0,0,
2017-12-22 06:07:09,0,1,2,32.6,3900.0,32117.3,21702.0,80607.5,25.0,0,
2017-12-22 06:07:12,0,1,2,32.7,3899.9,31323.4,21755.4,80815.7,25.0,0,
2017-12-22 06:07:16,0,1,2,32.8,3899.9,30759.0,21806.8,81016.2,25.0,0,
2017-12-22 06:07:19,0,1,2,32.8,3900.0,30146.6,21806.8,81016.2,25.0,0,
2017-12-22 06:07:22,0,1,2,32.9,3899.9,29636.1,21856.4,81209.7,25.0,0,
2017-12-22 06:07:25,0,1,2,32.9,3899.9,29176.0,21856.4,81209.7,25.0,0,
2017-12-22 06:07:28,0,1,2,33.0,3899.8,28596.8,21904.4,81396.9,25.0,0,
2017-12-22 06:07:32,0,1,2,33.0,3900.0,28107.8,21904.4,81396.9,25.0,0,
2017-12-22 06:07:35,0,1,2,33.1,3899.9,27606.4,21950.9,81578.2,25.0,0,
2017-12-22 06:07:38,0,1,2,33.1,3900.0,27140.8,21950.9,81578.2,25.0,0,
2017-12-22 06:07:41,0,1,2,33.2,3900.0,26584.2,21995.9,81753.6,25.0,0,
2017-12-22 06:07:44,0,1,2,33.2,3899.9,26055.2,21995.9,81753.6,25.0,0,
2017-12-22 06:07:48,0,1,2,33.3,3899.9,25600.2,22039.2,81922.6,25.0,0,
2017-12-22 06:07:51,0,1,2,33.3,3900.1,25217.9,22039.2,81922.6,25.0,0,
2017-12-22 06:07:54,0,1,2,33.4,3899.9,24727.2,22081.0,82085.7,25.0,0,
2017-12-22 06:07:57,0,1,2,33.4,3900.0,24343.4,22081.0,82085.7,24.9,0,
2017-12-22 06:08:00,0,1,2,33.5,3899.9,23917.7,22121.5,82243.5,24.9,0,
2017-12-22 06:08:03,0,1,2,33.5,3900.0,23501.2,22121.5,82243.5,24.9,0,
2017-12-22 06:08:06,0,1,2,33.6,3900.0,23098.4,22160.7,82396.3,24.9,0,
2017-12-22 06:08:09,0,1,2,33.7,3900.1,22696.1,22198.5,82543.8,24.9,0,
2017-12-22 06:08:12,0,1,2,33.7,3900.0,22346.1,22198.5,82543.8,24.9,0,
2017-12-22 06:08:16,0,1,2,33.8,3899.9,21900.7,22235.0,82686.1,24.9,0,
2017-12-22 06:08:19,0,1,2,33.8,3899.9,21626.5,22235.0,82686.1,24.9,0,
2017-12-22 06:08:22,0,1,2,33.9,3899.9,21301.4,22270.5,82824.6,24.9,0,
2017-12-22 06:08:25,0,1,2,33.9,3900.0,20981.9,22270.5,82824.6,24.9,0,
2017-12-22 06:08:28,0,1,2,34.0,3900.0,20459.7,22304.9,82958.6,24.8,0,
2017-12-22 06:08:31,0,1,2,34.0,3899.9,20151.5,22304.9,82958.6,24.8,0,
2017-12-22 06:08:34,0,1,2,34.1,3899.9,19798.8,22338.1,83088.3,24.9,0,
2017-12-22 06:08:38,0,1,2,34.1,3900.1,19452.3,22338.1,83088.3,24.9,0,
2017-12-22 06:08:41,0,1,2,34.2,3900.0,19218.2,22370.3,83213.7,24.9,0,
2017-12-22 06:08:44,0,1,2,34.2,3900.0,18834.2,22370.3,83213.7,24.9,0,
2017-12-22 06:08:47,0,1,2,34.3,3900.1,18494.6,22401.4,83335.2,24.9,0,
2017-12-22 06:08:50,0,1,2,34.3,3899.9,18135.5,22401.4,83335.2,24.9,0,
2017-12-22 06:08:53,0,1,2,34.4,3899.9,17944.5,22431.6,83452.8,24.9,0,
2017-12-22 06:08:56,0,1,2,34.4,3900.0,17629.0,22431.6,83452.8,25.0,0,
2017-12-22 06:09:00,0,1,2,34.5,3900.1,17319.9,22460.8,83566.6,25.0,0,
2017-12-22 06:09:03,0,1,2,34.5,3900.1,17027.1,22460.8,83566.6,25.0,0,
2017-12-22 06:09:06,0,1,2,34.6,3899.9,16719.2,22488.9,83676.4,25.0,0,
2017-12-22 06:09:09,0,1,2,34.6,3899.9,16385.6,22488.9,83676.4,25.0,0,
2017-12-22 06:09:12,0,1,2,34.7,3900.0,16149.3,22516.2,83782.9,25.0,0,
2017-12-22 06:09:16,0,1,2,34.8,3899.9,15897.2,22542.7,83886.2,24.9,0,
2017-12-22 06:09:19,0,1,2,34.8,3900.0,15581.1,22542.7,83886.2,24.9,0,
2017-12-22 06:09:22,0,1,2,34.9,3899.9,15310.3,22568.4,83986.2,24.9,0,
2017-12-22 06:09:25,0,1,2,34.9,3900.1,15126.0,22568.4,83986.2,24.9,0,
2017-12-22 06:09:28,0,1,2,35.0,3899.9,14853.4,22593.1,84082.8,24.9,0,
2017-12-22 06:09:31,0,1,2,35.0,3900.0,14593.1,22593.1,84082.8,24.9,0,
2017-12-22 06:09:34,0,1,2,35.1,3899.9,14374.3,22617.3,84177.0,24.9,0,
2017-12-22 06:09:38,0,1,2,35.1,3900.0,14088.3,22617.3,84177.0,24.9,0,
2017-12-22 06:09:41,0,1,2,35.2,3899.9,13877.6,22640.5,84267.7,24.9,0,
2017-12-22 06:09:44,0,1,2,35.2,3900.1,13736.9,22640.5,84267.7,24.8,0,
2017-12-22 06:09:47,0,1,2,35.3,3900.0,13435.9,22663.2,84356.1,24.9,0,
2017-12-22 06:09:50,0,1,2,35.3,3900.0,13261.2,22663.2,84356.1,24.8,0,
2017-12-22 06:09:53,0,1,2,35.4,3900.1,13029.5,22685.0,84441.2,24.9,0,
2017-12-22 06:09:57,0,1,2,35.4,3899.9,12802.4,22685.0,84441.2,24.9,0,
2017-12-22 06:10:00,0,1,2,35.5,3899.9,12578.1,22706.3,84524.0,24.9,0,
2017-12-22 06:10:03,0,1,2,35.5,3899.9,12357.6,22706.3,84524.0,24.9,0,
2017-12-22 06:10:06,0,1,2,35.6,3899.9,12172.5,22726.9,84604.3,24.8,0,
2017-12-22 06:10:09,0,1,2,35.6,3900.1,11958.5,22726.9,84604.3,24.9,0,
2017-12-22 06:10:13,0,1,2,35.7,3900.1,11839.0,22746.7,84681.9,24.8,0,
2017-12-22 06:10:15,0,1,2,35.8,3900.1,11574.5,22766.0,84757.1,24.8,0,
2017-12-22 06:10:18,0,1,2,35.8,3900.1,11428.4,22766.0,84757.1,24.8,0,
2017-12-22 06:10:22,0,1,2,35.9,3900.0,11229.4,22784.8,84830.3,24.8,0,
2017-12-22 06:10:25,0,1,2,35.9,3899.9,11088.1,22784.8,84830.3,24.8,0,
2017-12-22 06:10:28,0,1,2,36.0,3899.9,10901.0,22803.0,84901.5,24.8,0,
2017-12-22 06:10:31,0,1,2,36.0,3899.9,10703.6,22803.0,84901.5,24.8,0,
2017-12-22 06:10:34,0,1,2,36.1,3900.1,10541.6,22820.6,84970.0,24.8,0,
2017-12-22 06:10:37,0,1,2,36.1,3899.9,10363.6,22820.6,84970.0,24.8,0,
2017-12-22 06:10:40,0,1,2,36.2,3900.0,10227.6,22837.7,85036.6,24.8,0,
2017-12-22 06:10:43,0,1,2,36.2,3899.9,10054.2,22837.7,85036.6,24.8,0,
2017-12-22 06:10:45,0,1,2,36.2,3899.8,10000.0,22837.7,85036.6,24.8,5,终止电流到
2017-12-22 06:10:46,0,1,2,36.3,3892.6,5.9,22837.7,85036.7,24.8,5,终止电流到
2017-12-22 06:10:50,0,1,2,36.3,3891.3,6.0,22837.7,85036.7,24.8,5,终止电流到
2017-12-22 06:10:53,0,1,2,36.4,3890.4,5.5,22837.7,85036.7,24.8,5,终止电流到
2017-12-22 06:10:56,0,1,2,36.4,3889.8,6.0,22837.7,85036.7,24.8,5,终止电流到
2017-12-22 06:10:59,0,1,2,36.5,3889.2,5.9,22837.7,85036.7,24.8,5,终止电流到
2017-12-22 06:11:02,0,1,2,36.5,3888.7,5.7,22837.7,85036.7,24.8,5,终止电流到
2017-12-22 06:11:07,0,2,3,0.0,3888.0,0,0.0,0.0,24.8,0,
2017-12-22 06:11:30,0,2,3,0.4,3886.2,24.9,0.0,0.0,24.8,0,
2017-12-22 06:11:33,0,2,3,0.4,3886.2,25.2,0.0,0.0,24.7,0,
2017-12-22 06:11:36,0,2,3,0.5,3885.9,25.1,0.0,0.0,24.7,0,
2017-12-22 06:11:39,0,2,3,0.5,3885.8,25.5,0.0,0.0,24.8,0,
2017-12-22 06:11:42,0,2,3,0.6,3885.7,25.2,0.0,0.0,24.8,0,
2017-12-22 06:11:45,0,2,3,0.6,3885.7,25.3,0.0,0.0,24.8,0,
2017-12-22 06:11:49,0,2,3,0.7,3885.5,25.3,0.0,0.0,24.8,0,
2017-12-22 06:11:52,0,2,3,0.7,3885.4,25.0,0.0,0.0,24.8,0,
2017-12-22 06:11:55,0,2,3,0.8,3885.2,25.3,0.0,0.0,24.8,0,
2017-12-22 06:11:58,0,2,3,0.8,3885.2,24.9,0.0,0.0,24.8,0,
2017-12-22 06:12:01,0,2,3,0.9,3885.1,25.0,0.0,0.0,24.8,0,
2017-12-22 06:12:04,0,2,3,0.9,3884.9,25.0,0.0,0.0,24.8,0,
2017-12-22 06:12:07,0,2,3,1.0,3885.0,24.9,0.0,0.0,24.7,0,
2017-12-22 06:12:08,0,2,3,1.0,3885.0,25.2,0.0,0.0,24.8,1,时间到
2017-12-22 06:12:12,0,3,4,0.0,3884.9,0,0.0,0.0,24.8,0,
2017-12-22 06:12:34,0,3,4,0.4,3837.2,-40002.0,266.7,1025.7,24.7,0,
2017-12-22 06:12:38,0,3,4,0.4,3834.9,-40000.3,266.7,1025.7,24.8,0,
2017-12-22 06:12:41,0,3,4,0.5,3832.5,-40002.0,333.3,1281.3,24.8,0,
2017-12-22 06:12:44,0,3,4,0.5,3830.5,-40001.8,333.3,1281.3,24.7,0,
2017-12-22 06:12:47,0,3,4,0.6,3828.6,-40002.2,400.0,1536.6,24.7,0,
2017-12-22 06:12:50,0,3,4,0.6,3826.6,-40002.6,400.0,1536.6,24.7,0,
2017-12-22 06:12:53,0,3,4,0.7,3824.9,-40002.4,466.7,1791.6,24.8,0,
2017-12-22 06:12:56,0,3,4,0.7,3823.2,-40002.7,466.7,1791.6,24.8,0,
2017-12-22 06:13:00,0,3,4,0.8,3821.6,-40002.5,533.4,2046.5,24.8,0,
2017-12-22 06:13:03,0,3,4,0.8,3819.9,-40002.5,533.4,2046.5,24.8,0,
2017-12-22 06:13:06,0,3,4,0.9,3818.3,-40002.8,600.1,2301.1,24.8,0,
2017-12-22 06:13:09,0,3,4,0.9,3816.8,-39999.2,600.1,2301.1,24.8,0,
2017-12-22 06:13:12,0,3,4,1.0,3815.3,-40000.0,666.7,2555.5,24.8,0,
2017-12-22 06:13:15,0,3,4,1.0,3813.8,-39999.4,666.7,2555.5,24.8,0,
2017-12-22 06:13:18,0,3,4,1.1,3812.4,-39999.5,733.4,2809.7,24.8,0,
2017-12-22 06:13:22,0,3,4,1.1,3810.9,-39999.3,733.4,2809.7,24.8,0,
2017-12-22 06:13:25,0,3,4,1.2,3809.6,-39999.7,800.0,3063.8,24.8,0,
2017-12-22 06:13:28,0,3,4,1.2,3808.1,-39999.8,800.0,3063.8,24.7,0,
2017-12-22 06:13:31,0,3,4,1.3,3806.7,-39999.6,866.7,3317.6,24.8,0,
2017-12-22 06:13:34,0,3,4,1.3,3805.3,-39999.6,866.7,3317.6,24.8,0,
2017-12-22 06:13:37,0,3,4,1.4,3804.0,-39999.5,933.4,3571.3,24.8,0,
2017-12-22 06:13:40,0,3,4,1.5,3802.5,-39999.8,1000.0,3824.8,24.8,0,
2017-12-22 06:13:44,0,3,4,1.5,3801.3,-40000.0,1000.0,3824.8,24.8,0,
2017-12-22 06:13:47,0,3,4,1.6,3800.1,-39999.7,1066.7,4078.1,24.8,0,
2017-12-22 06:13:50,0,3,4,1.6,3798.6,-39999.6,1066.7,4078.1,24.8,0,
2017-12-22 06:13:53,0,3,4,1.7,3797.3,-39999.6,1133.4,4331.3,24.8,0,
2017-12-22 06:13:56,0,3,4,1.7,3795.7,-39999.2,1133.4,4331.3,24.7,0,
2017-12-22 06:14:00,0,3,4,1.8,3794.5,-39999.7,1200.0,4584.3,24.7,0,
2017-12-22 06:14:03,0,3,4,1.8,3793.3,-39999.3,1200.0,4584.3,24.8,0,
2017-12-22 06:14:06,0,3,4,1.9,3792.0,-40000.0,1266.7,4837.1,24.8,0,
2017-12-22 06:14:09,0,3,4,1.9,3790.7,-39999.5,1266.7,4837.1,24.8,0,
2017-12-22 06:14:12,0,3,4,2.0,3789.2,-39999.7,1333.4,5089.8,24.8,0,
2017-12-22 06:14:15,0,3,4,2.0,3788.0,-39999.8,1333.4,5089.8,24.7,0,
2017-12-22 06:14:18,0,3,4,2.1,3786.6,-39999.5,1400.0,5342.3,24.8,0,
2017-12-22 06:14:22,0,3,4,2.1,3785.3,-40000.1,1400.0,5342.3,24.7,0,
2017-12-22 06:14:25,0,3,4,2.2,3784.0,-39999.6,1466.7,5594.6,24.7,0,
2017-12-22 06:14:28,0,3,4,2.2,3782.7,-40000.1,1466.7,5594.6,24.8,0,
2017-12-22 06:14:31,0,3,4,2.3,3781.3,-39999.8,1533.4,5846.8,24.8,0,
2017-12-22 06:14:34,0,3,4,2.3,3780.0,-40000.0,1533.4,5846.8,24.8,0,
2017-12-22 06:14:37,0,3,4,2.4,3778.9,-40000.3,1600.0,6098.8,24.8,0,
2017-12-22 06:14:40,0,3,4,2.5,3777.4,-39999.2,1666.7,6350.6,24.8,0,
2017-12-22 06:14:44,0,3,4,2.5,3776.3,-39999.5,1666.7,6350.6,24.8,0,
2017-12-22 06:14:47,0,3,4,2.6,3774.9,-40000.5,1733.4,6602.3,24.8,0,
2017-12-22 06:14:50,0,3,4,2.6,3773.6,-40000.3,1733.4,6602.3,24.8,0,
2017-12-22 06:14:53,0,3,4,2.7,3772.3,-40000.5,1800.0,6853.8,24.8,0,
2017-12-22 06:14:56,0,3,4,2.7,3771.0,-40000.0,1800.0,6853.8,24.8,0,
2017-12-22 06:14:59,0,3,4,2.8,3769.8,-39999.9,1866.7,7105.1,24.8,0,
2017-12-22 06:15:02,0,3,4,2.8,3768.4,-40000.1,1866.7,7105.1,24.8,0,
2017-12-22 06:15:06,0,3,4,2.9,3767.2,-39999.3,1933.4,7356.3,24.8,0,
2017-12-22 06:15:09,0,3,4,2.9,3765.9,-40000.3,1933.4,7356.3,24.8,0,
2017-12-22 06:15:12,0,3,4,3.0,3764.6,-39999.6,2000.0,7607.3,24.8,0,
2017-12-22 06:15:15,0,3,4,3.0,3763.4,-39999.7,2000.0,7607.3,24.8,0,
2017-12-22 06:15:18,0,3,4,3.1,3762.1,-40000.0,2066.7,7858.2,24.8,0,
2017-12-22 06:15:21,0,3,4,3.1,3760.8,-39999.4,2066.7,7858.2,24.8,0,
2017-12-22 06:15:24,0,3,4,3.2,3759.5,-39999.5,2133.4,8108.9,24.8,0,
2017-12-22 06:15:28,0,3,4,3.2,3758.4,-39999.7,2133.4,8108.9,24.8,0,
2017-12-22 06:15:31,0,3,4,3.3,3757.0,-39999.8,2200.0,8359.4,24.8,0,
2017-12-22 06:15:34,0,3,4,3.3,3755.9,-39999.3,2200.0,8359.4,24.7,0,
2017-12-22 06:15:37,0,3,4,3.4,3754.6,-39999.7,2266.7,8609.8,24.8,0,
2017-12-22 06:15:40,0,3,4,3.4,3753.3,-39999.9,2266.7,8609.8,24.8,0,
2017-12-22 06:15:43,0,3,4,3.5,3752.1,-39999.5,2333.4,8860.0,24.8,0,
2017-12-22 06:15:46,0,3,4,3.6,3751.0,-39999.7,2400.0,9110.1,24.8,0,
2017-12-22 06:15:49,0,3,4,3.6,3749.8,-39999.6,2400.0,9110.1,24.8,0,
2017-12-22 06:15:53,0,3,4,3.7,3748.5,-39999.8,2466.7,9360.0,24.8,0,
2017-12-22 06:15:56,0,3,4,3.7,3747.3,-39999.5,2466.7,9360.0,24.8,0,
2017-12-22 06:15:59,0,3,4,3.8,3746.1,-39999.5,2533.4,9609.7,24.8,0,
2017-12-22 06:16:02,0,3,4,3.8,3745.0,-39999.4,2533.4,9609.7,24.8,0,
2017-12-22 06:16:05,0,3,4,3.9,3743.8,-39999.2,2600.0,9859.3,24.8,0,
2017-12-22 06:16:08,0,3,4,3.9,3742.5,-40000.2,2600.0,9859.3,24.8,0,
2017-12-22 06:16:11,0,3,4,4.0,3741.6,-39999.8,2666.7,10108.8,24.8,0,
2017-12-22 06:16:15,0,3,4,4.0,3740.2,-39999.2,2666.7,10108.8,24.8,0,
2017-12-22 06:16:18,0,3,4,4.1,3739.1,-40000.5,2733.4,10358.1,24.8,0,
2017-12-22 06:16:21,0,3,4,4.1,3738.1,-39999.8,2733.4,10358.1,24.7,0,
2017-12-22 06:16:24,0,3,4,4.2,3737.0,-40000.0,2800.0,10607.3,24.8,0,
2017-12-22 06:16:27,0,3,4,4.2,3735.8,-40000.0,2800.0,10607.3,24.8,0,
2017-12-22 06:16:30,0,3,4,4.3,3734.7,-39999.4,2866.7,10856.3,24.8,0,
2017-12-22 06:16:33,0,3,4,4.3,3733.7,-40000.0,2866.7,10856.3,24.8,0,
2017-12-22 06:16:37,0,3,4,4.4,3732.4,-39999.8,2933.4,11105.2,24.8,0,
2017-12-22 06:16:40,0,3,4,4.4,3731.3,-39999.8,2933.4,11105.2,24.8,0,
2017-12-22 06:16:43,0,3,4,4.5,3730.3,-40000.0,3000.0,11353.9,24.8,0,
2017-12-22 06:16:46,0,3,4,4.5,3729.3,-39999.7,3000.0,11353.9,24.8,0,
2017-12-22 06:16:49,0,3,4,4.6,3728.3,-40000.2,3066.7,11602.5,24.8,0,
2017-12-22 06:16:52,0,3,4,4.6,3727.1,-40000.0,3066.7,11602.5,24.8,0,
2017-12-22 06:16:55,0,3,4,4.7,3726.2,-40000.2,3133.3,11851.0,24.8,0,
2017-12-22 06:16:58,0,3,4,4.8,3725.1,-39999.7,3200.0,12099.3,24.8,0,
2017-12-22 06:17:02,0,3,4,4.8,3724.1,-40000.0,3200.0,12099.3,24.8,0,
2017-12-22 06:17:05,0,3,4,4.9,3723.0,-40000.2,3266.7,12347.5,24.8,0,
2017-12-22 06:17:08,0,3,4,4.9,3722.1,-39999.7,3266.7,12347.5,24.8,0,
2017-12-22 06:17:11,0,3,4,5.0,3721.0,-39999.8,3333.3,12595.6,24.7,0,
2017-12-22 06:17:14,0,3,4,5.0,3720.0,-39999.4,3333.3,12595.6,24.7,0,
2017-12-22 06:17:17,0,3,4,5.1,3718.9,-40000.3,3400.0,12843.6,24.8,0,
2017-12-22 06:17:20,0,3,4,5.1,3718.0,-40000.2,3400.0,12843.6,24.7,0,
2017-12-22 06:17:24,0,3,4,5.2,3717.1,-40000.0,3466.7,13091.4,24.7,0,
2017-12-22 06:17:27,0,3,4,5.2,3716.0,-39999.9,3466.7,13091.4,24.7,0,
2017-12-22 06:17:30,0,3,4,5.3,3714.9,-39999.7,3533.3,13339.1,24.7,0,
2017-12-22 06:17:33,0,3,4,5.3,3714.0,-39999.5,3533.3,13339.1,24.7,0,
2017-12-22 06:17:36,0,3,4,5.4,3713.1,-39999.7,3600.0,13586.6,24.7,0,
2017-12-22 06:17:39,0,3,4,5.4,3712.1,-40000.3,3600.0,13586.6,24.7,0,
2017-12-22 06:17:42,0,3,4,5.5,3711.2,-39999.7,3666.7,13834.1,24.7,0,
2017-12-22 06:17:46,0,3,4,5.5,3710.3,-39999.6,3666.7,13834.1,24.7,0,
2017-12-22 06:17:49,0,3,4,5.6,3709.3,-40000.0,3733.3,14081.4,24.7,0,
2017-12-22 06:17:52,0,3,4,5.6,3708.3,-40000.1,3733.3,14081.4,24.7,0,
2017-12-22 06:17:55,0,3,4,5.7,3707.4,-39999.9,3800.0,14328.7,24.7,0,
2017-12-22 06:17:58,0,3,4,5.7,3706.5,-39999.8,3800.0,14328.7,24.7,0,
2017-12-22 06:18:01,0,3,4,5.8,3705.6,-39999.8,3866.7,14575.8,24.7,0,
2017-12-22 06:18:04,0,3,4,5.9,3704.7,-40000.0,3933.3,14822.7,24.7,0,
2017-12-22 06:18:07,0,3,4,5.9,3703.9,-39999.7,3933.3,14822.7,24.6,0,
2017-12-22 06:18:11,0,3,4,6.0,3703.0,-39999.7,4000.0,15069.6,24.7,0,
2017-12-22 06:18:14,0,3,4,6.0,3702.2,-40000.0,4000.0,15069.6,24.7,0,
2017-12-22 06:18:17,0,3,4,6.1,3701.4,-39999.7,4066.7,15316.4,24.7,0,
2017-12-22 06:18:20,0,3,4,6.1,3700.4,-40000.0,4066.7,15316.4,24.6,0,
2017-12-22 06:18:23,0,3,4,6.2,3699.6,-39999.8,4133.3,15563.0,24.7,0,
2017-12-22 06:18:26,0,3,4,6.2,3698.7,-39999.9,4133.3,15563.0,24.6,0,
2017-12-22 06:18:29,0,3,4,6.3,3697.8,-39999.7,4200.0,15809.5,24.7,0,
2017-12-22 06:18:33,0,3,4,6.3,3697.0,-39999.8,4200.0,15809.5,24.7,0,
2017-12-22 06:18:36,0,3,4,6.4,3696.0,-39999.7,4266.7,16056.0,24.7,0,
2017-12-22 06:18:39,0,3,4,6.4,3695.4,-39999.6,4266.7,16056.0,24.6,0,
2017-12-22 06:18:42,0,3,4,6.5,3694.4,-40000.0,4333.3,16302.3,24.7,0,
2017-12-22 06:18:45,0,3,4,6.5,3693.7,-39999.8,4333.3,16302.3,24.7,0,
2017-12-22 06:18:48,0,3,4,6.6,3692.8,-39999.8,4400.0,16548.5,24.6,0,
2017-12-22 06:18:51,0,3,4,6.6,3691.9,-40000.3,4400.0,16548.5,24.6,0,
2017-12-22 06:18:54,0,3,4,6.7,3691.1,-39999.7,4466.7,16794.6,24.6,0,
2017-12-22 06:18:58,0,3,4,6.7,3690.3,-40000.0,4466.7,16794.6,24.6,0,
2017-12-22 06:19:01,0,3,4,6.8,3689.6,-39999.9,4533.3,17040.7,24.6,0,
2017-12-22 06:19:04,0,3,4,6.8,3688.8,-40000.2,4533.3,17040.7,24.6,0,
2017-12-22 06:19:07,0,3,4,6.9,3687.9,-40000.2,4600.0,17286.6,24.6,0,
2017-12-22 06:19:10,0,3,4,7.0,3687.2,-39999.6,4666.7,17532.4,24.6,0,
2017-12-22 06:19:13,0,3,4,7.0,3686.4,-40000.0,4666.7,17532.4,24.6,0,
2017-12-22 06:19:17,0,3,4,7.1,3685.7,-39999.7,4733.3,17778.1,24.6,0,
2017-12-22 06:19:20,0,3,4,7.1,3684.8,-39999.8,4733.3,17778.1,24.6,0,
2017-12-22 06:19:23,0,3,4,7.2,3684.0,-40000.0,4800.0,18023.7,24.6,0,
2017-12-22 06:19:26,0,3,4,7.2,3683.4,-39999.7,4800.0,18023.7,24.6,0,
2017-12-22 06:19:29,0,3,4,7.3,3682.6,-39999.8,4866.7,18269.2,24.6,0,
2017-12-22 06:19:32,0,3,4,7.3,3681.9,-39999.8,4866.7,18269.2,24.7,0,
2017-12-22 06:19:35,0,3,4,7.4,3681.1,-40000.0,4933.3,18514.6,24.7,0,
2017-12-22 06:19:38,0,3,4,7.4,3680.4,-40000.0,4933.3,18514.6,24.6,0,
2017-12-22 06:19:41,0,3,4,7.5,3679.6,-39999.8,5000.0,18759.9,24.6,0,
2017-12-22 06:19:45,0,3,4,7.5,3678.7,-40000.5,5000.0,18759.9,24.7,0,
2017-12-22 06:19:48,0,3,4,7.6,3678.1,-39999.8,5066.7,19005.2,24.7,0,
2017-12-22 06:19:51,0,3,4,7.6,3677.3,-39999.1,5066.7,19005.2,24.7,0,
2017-12-22 06:19:54,0,3,4,7.7,3676.5,-40000.0,5133.3,19250.3,24.7,0,
2017-12-22 06:19:57,0,3,4,7.7,3676.0,-39999.7,5133.3,19250.3,24.7,0,
2017-12-22 06:20:00,0,3,4,7.8,3675.1,-39999.3,5200.0,19495.3,24.7,0,
2017-12-22 06:20:03,0,3,4,7.8,3674.5,-39999.6,5200.0,19495.3,24.7,0,
2017-12-22 06:20:07,0,3,4,7.9,3673.7,-39999.6,5266.7,19740.3,24.7,0,
2017-12-22 06:20:10,0,3,4,7.9,3672.9,-40000.0,5266.7,19740.3,24.7,0,
2017-12-22 06:20:13,0,3,4,8.0,3672.3,-39999.7,5333.3,19985.1,24.7,0,
2017-12-22 06:20:16,0,3,4,8.1,3671.5,-39999.5,5400.0,20229.9,24.7,0,
2017-12-22 06:20:19,0,3,4,8.1,3670.7,-39999.2,5400.0,20229.9,24.7,0,
2017-12-22 06:20:23,0,3,4,8.2,3670.1,-39999.3,5466.7,20474.6,24.8,0,
2017-12-22 06:20:26,0,3,4,8.2,3669.2,-39999.5,5466.7,20474.6,24.7,0,
2017-12-22 06:20:29,0,3,4,8.3,3668.6,-39999.3,5533.3,20719.1,24.7,0,
2017-12-22 06:20:32,0,3,4,8.3,3668.0,-39999.5,5533.3,20719.1,24.7,0,
2017-12-22 06:20:35,0,3,4,8.4,3667.2,-39999.3,5600.0,20963.6,24.7,0,
2017-12-22 06:20:38,0,3,4,8.4,3666.6,-39999.3,5600.0,20963.6,24.7,0,
2017-12-22 06:20:41,0,3,4,8.5,3665.9,-39999.0,5666.7,21208.0,24.7,0,
2017-12-22 06:20:45,0,3,4,8.5,3665.2,-39999.2,5666.7,21208.0,24.7,0,
2017-12-22 06:20:48,0,3,4,8.6,3664.3,-39999.3,5733.3,21452.3,24.7,0,
2017-12-22 06:20:51,0,3,4,8.6,3663.7,-39999.1,5733.3,21452.3,24.7,0,
2017-12-22 06:20:54,0,3,4,8.7,3663.0,-39999.3,5800.0,21696.5,24.6,0,
2017-12-22 06:20:57,0,3,4,8.7,3662.2,-39999.7,5800.0,21696.5,24.7,0,
2017-12-22 06:21:00,0,3,4,8.8,3661.8,-39999.5,5866.6,21940.7,24.7,0,
2017-12-22 06:21:03,0,3,4,8.8,3661.1,-39999.6,5866.6,21940.7,24.7,0,
2017-12-22 06:21:06,0,3,4,8.9,3660.4,-39998.8,5933.3,22184.7,24.7,0,
2017-12-22 06:21:10,0,3,4,8.9,3659.7,-39999.3,5933.3,22184.7,24.7,0,
2017-12-22 06:21:13,0,3,4,9.0,3659.1,-39999.1,6000.0,22428.7,24.7,0,
2017-12-22 06:21:16,0,3,4,9.0,3658.3,-39999.0,6000.0,22428.7,24.7,0,
2017-12-22 06:21:19,0,3,4,9.1,3657.7,-39999.2,6066.6,22672.5,24.7,0,
2017-12-22 06:21:22,0,3,4,9.1,3657.1,-39999.5,6066.6,22672.5,24.7,0,
2017-12-22 06:21:25,0,3,4,9.2,3656.4,-39999.0,6133.3,22916.3,24.7,0,
2017-12-22 06:21:28,0,3,4,9.3,3655.7,-39999.2,6200.0,23160.0,24.7,0,
2017-12-22 06:21:32,0,3,4,9.3,3655.0,-40000.0,6200.0,23160.0,24.7,0,
2017-12-22 06:21:35,0,3,4,9.4,3654.3,-39999.5,6266.6,23403.6,24.7,0,
2017-12-22 06:21:38,0,3,4,9.4,3653.6,-39999.4,6266.6,23403.6,24.7,0,
2017-12-22 06:21:41,0,3,4,9.5,3653.0,-39999.5,6333.3,23647.2,24.7,0,
2017-12-22 06:21:44,0,3,4,9.5,3652.3,-39999.4,6333.3,23647.2,24.7,0,
2017-12-22 06:21:47,0,3,4,9.6,3651.7,-39999.2,6400.0,23890.6,24.7,0,
2017-12-22 06:21:51,0,3,4,9.6,3651.2,-39998.9,6400.0,23890.6,24.7,0,
2017-12-22 06:21:54,0,3,4,9.7,3650.5,-39999.5,6466.6,24134.0,24.6,0,
2017-12-22 06:21:57,0,3,4,9.7,3649.8,-39999.8,6466.6,24134.0,24.7,0,
2017-12-22 06:22:00,0,3,4,9.8,3649.1,-40000.1,6533.3,24377.3,24.7,0,
2017-12-22 06:22:03,0,3,4,9.8,3648.5,-39999.7,6533.3,24377.3,24.7,0,
2017-12-22 06:22:06,0,3,4,9.9,3648.0,-39999.2,6600.0,24620.5,24.7,0,
2017-12-22 06:22:09,0,3,4,9.9,3647.3,-39999.0,6600.0,24620.5,24.7,0,
2017-12-22 06:22:13,0,3,4,10.0,3646.7,-39999.3,6666.6,24863.7,24.7,0,
2017-12-22 06:22:16,0,3,4,10.0,3646.2,-39999.5,6666.6,24863.7,24.7,0,
2017-12-22 06:22:19,0,3,4,10.1,3645.5,-39999.8,6733.3,25106.7,24.7,0,
2017-12-22 06:22:22,0,3,4,10.1,3645.0,-39999.5,6733.3,25106.7,24.7,0,
2017-12-22 06:22:25,0,3,4,10.2,3644.3,-39999.1,6799.9,25349.7,24.7,0,
2017-12-22 06:22:28,0,3,4,10.2,3643.7,-39999.3,6799.9,25349.7,24.7,0,
2017-12-22 06:22:31,0,3,4,10.3,3643.2,-39999.2,6866.6,25592.6,24.7,0,
2017-12-22 06:22:34,0,3,4,10.4,3642.6,-39999.5,6933.3,25835.4,24.7,0,
2017-12-22 06:22:38,0,3,4,10.4,3642.0,-39999.3,6933.3,25835.4,24.7,0,
2017-12-22 06:22:41,0,3,4,10.5,3641.3,-39999.2,6999.9,26078.2,24.8,0,
2017-12-22 06:22:44,0,3,4,10.5,3640.8,-39998.8,6999.9,26078.2,24.8,0,
2017-12-22 06:22:47,0,3,4,10.6,3640.2,-39999.3,7066.6,26320.9,24.7,0,
2017-12-22 06:22:50,0,3,4,10.6,3639.6,-39999.3,7066.6,26320.9,24.7,0,
2017-12-22 06:22:53,0,3,4,10.7,3639.0,-39999.2,7133.3,26563.5,24.8,0,
2017-12-22 06:22:56,0,3,4,10.7,3638.5,-39999.7,7133.3,26563.5,24.7,0,
2017-12-22 06:23:00,0,3,4,10.8,3637.8,-39999.3,7199.9,26806.0,24.8,0,
2017-12-22 06:23:03,0,3,4,10.8,3637.2,-39999.2,7199.9,26806.0,24.8,0,
2017-12-22 06:23:06,0,3,4,10.9,3636.7,-39999.2,7266.6,27048.5,24.8,0,
2017-12-22 06:23:09,0,3,4,10.9,3636.1,-39999.1,7266.6,27048.5,24.8,0,
2017-12-22 06:23:12,0,3,4,11.0,3635.4,-39999.2,7333.3,27290.9,24.8,0,
2017-12-22 06:23:15,0,3,4,11.0,3634.9,-39999.0,7333.3,27290.9,24.8,0,
2017-12-22 06:23:18,0,3,4,11.1,3634.3,-39999.0,7399.9,27533.2,24.8,0,
2017-12-22 06:23:21,0,3,4,11.1,3633.8,-39999.3,7399.9,27533.2,24.8,0,
2017-12-22 06:23:25,0,3,4,11.2,3633.3,-39999.3,7466.6,27775.4,24.8,0,
2017-12-22 06:23:28,0,3,4,11.2,3632.7,-39999.3,7466.6,27775.4,24.7,0,
2017-12-22 06:23:31,0,3,4,11.3,3632.2,-39999.0,7533.3,28017.6,24.8,0,
2017-12-22 06:23:34,0,3,4,11.3,3631.6,-39999.2,7533.3,28017.6,24.8,0,
2017-12-22 06:23:37,0,3,4,11.4,3631.0,-39999.2,7599.9,28259.7,24.7,0,
2017-12-22 06:23:40,0,3,4,11.4,3630.5,-39999.0,7599.9,28259.7,24.8,0,
2017-12-22 06:23:43,0,3,4,11.5,3629.8,-39999.6,7666.6,28501.7,24.8,0,
2017-12-22 06:23:46,0,3,4,11.6,3629.2,-39999.2,7733.2,28743.6,24.7,0,
2017-12-22 06:23:49,0,3,4,11.6,3628.8,-39999.3,7733.2,28743.6,24.7,0,
2017-12-22 06:23:53,0,3,4,11.7,3628.1,-39999.3,7799.9,28985.5,24.8,0,
2017-12-22 06:23:56,0,3,4,11.7,3627.7,-39999.1,7799.9,28985.5,24.8,0,
2017-12-22 06:23:59,0,3,4,11.8,3626.9,-40000.3,7866.6,29227.3,24.8,0,
2017-12-22 06:24:02,0,3,4,11.8,3626.5,-39999.5,7866.6,29227.3,24.8,0,
2017-12-22 06:24:05,0,3,4,11.9,3626.0,-40000.0,7933.2,29469.0,24.8,0,
2017-12-22 06:24:08,0,3,4,11.9,3625.5,-39999.7,7933.2,29469.0,24.7,0,
2017-12-22 06:24:11,0,3,4,12.0,3624.8,-39999.8,7999.9,29710.7,24.8,0,
2017-12-22 06:24:15,0,3,4,12.0,3624.3,-40000.0,7999.9,29710.7,24.7,0,
2017-12-22 06:24:18,0,3,4,12.1,3623.7,-39999.7,8066.6,29952.3,24.8,0,
2017-12-22 06:24:21,0,3,4,12.1,3623.3,-39999.5,8066.6,29952.3,24.8,0,
2017-12-22 06:24:24,0,3,4,12.2,3622.7,-39999.7,8133.2,30193.8,24.8,0,
2017-12-22 06:24:27,0,3,4,12.2,3622.1,-39999.8,8133.2,30193.8,24.7,0,
2017-12-22 06:24:30,0,3,4,12.3,3621.6,-39999.0,8199.9,30435.3,24.7,0,
2017-12-22 06:24:33,0,3,4,12.3,3621.0,-39998.7,8199.9,30435.3,24.7,0,
2017-12-22 06:24:37,0,3,4,12.4,3620.4,-40000.0,8266.6,30676.7,24.8,0,
2017-12-22 06:24:40,0,3,4,12.4,3620.0,-39999.2,8266.6,30676.7,24.7,0,
2017-12-22 06:24:43,0,3,4,12.5,3619.4,-39999.3,8333.2,30918.0,24.8,0,
2017-12-22 06:24:46,0,3,4,12.5,3619.0,-39999.8,8333.2,30918.0,24.8,0,
2017-12-22 06:24:49,0,3,4,12.6,3618.4,-39999.2,8399.9,31159.2,24.7,0,
2017-12-22 06:24:52,0,3,4,12.7,3617.8,-39999.8,8466.6,31400.4,24.7,0,
2017-12-22 06:24:56,0,3,4,12.7,3617.3,-39999.6,8466.6,31400.4,24.7,0,
2017-12-22 06:24:59,0,3,4,12.8,3616.8,-39999.6,8533.2,31641.5,24.7,0,
2017-12-22 06:25:02,0,3,4,12.8,3616.2,-39999.3,8533.2,31641.5,24.7,0,
2017-12-22 06:25:05,0,3,4,12.9,3615.7,-39999.7,8599.9,31882.6,24.8,0,
2017-12-22 06:25:08,0,3,4,12.9,3615.1,-39999.7,8599.9,31882.6,24.8,0,
2017-12-22 06:25:11,0,3,4,13.0,3614.6,-39999.7,8666.6,32123.5,24.8,0,
2017-12-22 06:25:14,0,3,4,13.0,3614.1,-39999.5,8666.6,32123.5,24.7,0,
2017-12-22 06:25:18,0,3,4,13.1,3613.5,-39999.8,8733.2,32364.5,24.7,0,
2017-12-22 06:25:21,0,3,4,13.1,3613.0,-40000.0,8733.2,32364.5,24.8,0,
2017-12-22 06:25:24,0,3,4,13.2,3612.5,-39999.8,8799.9,32605.3,24.7,0,
2017-12-22 06:25:27,0,3,4,13.2,3612.1,-39999.8,8799.9,32605.3,24.8,0,
2017-12-22 06:25:30,0,3,4,13.3,3611.4,-40000.0,8866.6,32846.1,24.7,0,
2017-12-22 06:25:34,0,3,4,13.3,3611.1,-39999.7,8866.6,32846.1,24.8,0,
2017-12-22 06:25:37,0,3,4,13.4,3610.5,-39999.3,8933.2,33086.8,24.8,0,
2017-12-22 06:25:40,0,3,4,13.4,3610.0,-39999.2,8933.2,33086.8,24.8,0,
2017-12-22 06:25:43,0,3,4,13.5,3609.4,-39999.2,8999.9,33327.5,24.8,0,
2017-12-22 06:25:46,0,3,4,13.5,3609.1,-39999.6,8999.9,33327.5,24.8,0,
2017-12-22 06:25:49,0,3,4,13.6,3608.5,-39999.0,9066.6,33568.1,24.8,0,
2017-12-22 06:25:52,0,3,4,13.7,3607.9,-39999.8,9133.2,33808.6,24.7,0,
2017-12-22 06:25:56,0,3,4,13.7,3607.5,-39999.8,9133.2,33808.6,24.8,0,
2017-12-22 06:25:59,0,3,4,13.8,3607.0,-39999.5,9199.9,34049.1,24.8,0,
2017-12-22 06:26:02,0,3,4,13.8,3606.4,-39999.4,9199.9,34049.1,24.8,0,
2017-12-22 06:26:05,0,3,4,13.9,3605.8,-40000.0,9266.6,34289.5,24.8,0,
2017-12-22 06:26:08,0,3,4,13.9,3605.4,-39999.0,9266.6,34289.5,24.8,0,
2017-12-22 06:26:11,0,3,4,14.0,3604.9,-39999.7,9333.2,34529.8,24.8,0,
2017-12-22 06:26:14,0,3,4,14.0,3604.3,-39999.7,9333.2,34529.8,24.8,0,
2017-12-22 06:26:18,0,3,4,14.1,3604.0,-39999.7,9399.9,34770.1,24.8,0,
2017-12-22 06:26:21,0,3,4,14.1,3603.4,-39999.9,9399.9,34770.1,24.8,0,
2017-12-22 06:26:24,0,3,4,14.2,3602.8,-39999.9,9466.5,35010.3,24.8,0,
2017-12-22 06:26:27,0,3,4,14.2,3602.4,-39999.5,9466.5,35010.3,24.8,0,
2017-12-22 06:26:30,0,3,4,14.3,3601.8,-39999.1,9533.2,35250.4,24.8,0,
2017-12-22 06:26:33,0,3,4,14.3,3601.4,-39999.2,9533.2,35250.4,24.8,0,
2017-12-22 06:26:36,0,3,4,14.4,3600.9,-39999.0,9599.9,35490.5,24.8,0,
2017-12-22 06:26:40,0,3,4,14.4,3600.3,-39999.3,9599.9,35490.5,24.8,0,
2017-12-22 06:26:43,0,3,4,14.5,3599.9,-39999.5,9666.5,35730.5,24.8,0,
2017-12-22 06:26:46,0,3,4,14.5,3599.3,-39999.3,9666.5,35730.5,24.8,0,
2017-12-22 06:26:49,0,3,4,14.6,3598.8,-39999.5,9733.2,35970.4,24.8,0,
2017-12-22 06:26:52,0,3,4,14.6,3598.4,-39999.3,9733.2,35970.4,24.8,0,
2017-12-22 06:26:55,0,3,4,14.7,3597.9,-39999.6,9799.9,36210.3,24.8,0,
2017-12-22 06:26:58,0,3,4,14.8,3597.5,-39999.7,9866.5,36450.2,24.9,0,
2017-12-22 06:27:01,0,3,4,14.8,3596.9,-39999.3,9866.5,36450.2,24.9,0,
2017-12-22 06:27:04,0,3,4,14.9,3596.4,-39999.3,9933.2,36689.9,24.9,0,
2017-12-22 06:27:08,0,3,4,14.9,3595.8,-39999.8,9933.2,36689.9,24.9,0,
2017-12-22 06:27:11,0,3,4,15.0,3595.4,-39999.6,9999.9,36929.6,24.9,0,
2017-12-22 06:27:14,0,3,4,15.0,3594.8,-39999.7,9999.9,36929.6,24.9,0,
2017-12-22 06:27:17,0,3,4,15.1,3594.4,-39999.3,10066.5,37169.2,24.9,0,
2017-12-22 06:27:20,0,3,4,15.1,3593.9,-39999.2,10066.5,37169.2,24.9,0,
2017-12-22 06:27:23,0,3,4,15.2,3593.5,-39999.2,10133.2,37408.8,24.9,0,
2017-12-22 06:27:26,0,3,4,15.2,3593.0,-39999.3,10133.2,37408.8,24.9,0,
2017-12-22 06:27:30,0,3,4,15.3,3592.6,-39999.2,10199.9,37648.3,24.9,0,
2017-12-22 06:27:33,0,3,4,15.3,3591.9,-39999.2,10199.9,37648.3,24.9,0,
2017-12-22 06:27:36,0,3,4,15.4,3591.4,-39999.0,10266.5,37887.7,24.8,0,
2017-12-22 06:27:39,0,3,4,15.4,3591.0,-39999.1,10266.5,37887.7,24.9,0,
2017-12-22 06:27:42,0,3,4,15.5,3590.5,-39999.3,10333.2,38127.1,24.8,0,
2017-12-22 06:27:45,0,3,4,15.5,3590.0,-39999.0,10333.2,38127.1,24.8,0,
2017-12-22 06:27:48,0,3,4,15.6,3589.5,-39999.0,10399.9,38366.4,24.8,0,
2017-12-22 06:27:51,0,3,4,15.6,3589.1,-39999.4,10399.9,38366.4,24.8,0,
2017-12-22 06:27:54,0,3,4,15.7,3588.6,-39999.3,10466.5,38605.7,24.8,0,
2017-12-22 06:27:58,0,3,4,15.7,3588.1,-39999.3,10466.5,38605.7,24.9,0,
2017-12-22 06:28:01,0,3,4,15.8,3587.6,-39998.7,10533.2,38844.9,24.8,0,
2017-12-22 06:28:04,0,3,4,15.8,3587.1,-39999.0,10533.2,38844.9,24.8,0,
2017-12-22 06:28:07,0,3,4,15.9,3586.7,-39999.2,10599.8,39084.0,24.8,0,
2017-12-22 06:28:10,0,3,4,16.0,3586.2,-39999.3,10666.5,39323.1,24.8,0,
2017-12-22 06:28:13,0,3,4,16.0,3585.7,-39999.0,10666.5,39323.1,24.8,0,
2017-12-22 06:28:17,0,3,4,16.1,3585.2,-39999.1,10733.2,39562.1,24.8,0,
2017-12-22 06:28:20,0,3,4,16.1,3584.7,-39999.0,10733.2,39562.1,24.8,0,
2017-12-22 06:28:23,0,3,4,16.2,3584.2,-39999.0,10799.8,39801.0,24.8,0,
2017-12-22 06:28:26,0,3,4,16.2,3583.7,-39999.4,10799.8,39801.0,24.9,0,
2017-12-22 06:28:29,0,3,4,16.3,3583.4,-39998.9,10866.5,40039.9,24.9,0,
2017-12-22 06:28:32,0,3,4,16.3,3582.8,-39999.2,10866.5,40039.9,24.9,0,
2017-12-22 06:28:35,0,3,4,16.4,3582.4,-39999.0,10933.2,40278.8,24.9,0,
2017-12-22 06:28:38,0,3,4,16.4,3581.8,-39999.2,10933.2,40278.8,24.9,0,
2017-12-22 06:28:42,0,3,4,16.5,3581.4,-39999.3,10999.8,40517.5,24.9,0,
2017-12-22 06:28:45,0,3,4,16.5,3580.9,-39999.3,10999.8,40517.5,24.9,0,
2017-12-22 06:28:48,0,3,4,16.6,3580.4,-39998.8,11066.5,40756.2,24.9,0,
2017-12-22 06:28:51,0,3,4,16.6,3579.8,-39998.9,11066.5,40756.2,24.9,0,
2017-12-22 06:28:54,0,3,4,16.7,3579.5,-39999.0,11133.2,40994.9,24.9,0,
2017-12-22 06:28:57,0,3,4,16.7,3578.9,-39999.0,11133.2,40994.9,24.9,0,
2017-12-22 06:29:00,0,3,4,16.8,3578.5,-39999.3,11199.8,41233.4,24.9,0,
2017-12-22 06:29:04,0,3,4,16.8,3578.0,-39999.5,11199.8,41233.4,24.9,0,
2017-12-22 06:29:07,0,3,4,16.9,3577.6,-39999.6,11266.5,41472.0,24.9,0,
2017-12-22 06:29:10,0,3,4,16.9,3577.0,-39999.1,11266.5,41472.0,24.9,0,
2017-12-22 06:29:13,0,3,4,17.0,3576.5,-39999.6,11333.2,41710.4,24.9,0,
2017-12-22 06:29:16,0,3,4,17.1,3576.0,-39999.6,11399.8,41948.8,24.9,0,
2017-12-22 06:29:20,0,3,4,17.1,3575.5,-39999.0,11399.8,41948.8,24.9,0,
2017-12-22 06:29:23,0,3,4,17.2,3575.1,-39999.1,11466.5,42187.1,24.9,0,
2017-12-22 06:29:26,0,3,4,17.2,3574.6,-39999.6,11466.5,42187.1,24.9,0,
2017-12-22 06:29:29,0,3,4,17.3,3574.1,-39999.5,11533.1,42425.4,24.9,0,
2017-12-22 06:29:32,0,3,4,17.3,3573.7,-39999.3,11533.1,42425.4,24.9,0,
2017-12-22 06:29:35,0,3,4,17.4,3573.1,-39999.4,11599.8,42663.6,24.9,0,
2017-12-22 06:29:38,0,3,4,17.4,3572.8,-39999.5,11599.8,42663.6,24.9,0,
2017-12-22 06:29:41,0,3,4,17.5,3572.3,-39999.2,11666.5,42901.7,24.8,0,
2017-12-22 06:29:44,0,3,4,17.5,3571.8,-39999.5,11666.5,42901.7,24.9,0,
2017-12-22 06:29:47,0,3,4,17.6,3571.3,-39999.0,11733.1,43139.8,24.9,0,
2017-12-22 06:29:51,0,3,4,17.6,3570.9,-39999.2,11733.1,43139.8,24.9,0,
2017-12-22 06:29:54,0,3,4,17.7,3570.2,-39999.7,11799.8,43377.9,25.0,0,
2017-12-22 06:29:57,0,3,4,17.7,3569.8,-39999.4,11799.8,43377.9,24.9,0,
2017-12-22 06:30:00,0,3,4,17.8,3569.3,-39999.6,11866.5,43615.8,24.9,0,
2017-12-22 06:30:03,0,3,4,17.8,3568.9,-39999.5,11866.5,43615.8,24.9,0,
2017-12-22 06:30:06,0,3,4,17.9,3568.4,-40000.0,11933.1,43853.7,24.9,0,
2017-12-22 06:30:09,0,3,4,17.9,3567.9,-39999.7,11933.1,43853.7,24.9,0,
2017-12-22 06:30:12,0,3,4,18.0,3567.4,-39999.7,11999.8,44091.6,24.9,0,
2017-12-22 06:30:16,0,3,4,18.0,3566.9,-39999.5,11999.8,44091.6,25.0,0,
2017-12-22 06:30:19,0,3,4,18.1,3566.4,-39999.2,12066.5,44329.4,24.9,0,
2017-12-22 06:30:22,0,3,4,18.1,3565.9,-39999.5,12066.5,44329.4,24.9,0,
2017-12-22 06:30:25,0,3,4,18.2,3565.4,-39999.5,12133.1,44567.1,25.0,0,
2017-12-22 06:30:28,0,3,4,18.2,3564.9,-39999.7,12133.1,44567.1,25.0,0,
2017-12-22 06:30:31,0,3,4,18.3,3564.5,-39999.5,12199.8,44804.7,25.0,0,
2017-12-22 06:30:34,0,3,4,18.4,3564.0,-39999.3,12266.5,45042.3,25.0,0,
2017-12-22 06:30:38,0,3,4,18.4,3563.6,-39999.7,12266.5,45042.3,25.0,0,
2017-12-22 06:30:41,0,3,4,18.5,3563.0,-39999.3,12333.1,45279.8,25.0,0,
2017-12-22 06:30:44,0,3,4,18.5,3562.5,-39999.8,12333.1,45279.8,25.0,0,
2017-12-22 06:30:47,0,3,4,18.6,3562.1,-39999.3,12399.8,45517.3,25.0,0,
2017-12-22 06:30:50,0,3,4,18.6,3561.7,-39999.5,12399.8,45517.3,25.0,0,
2017-12-22 06:30:53,0,3,4,18.7,3561.1,-39999.4,12466.5,45754.7,25.0,0,
2017-12-22 06:30:56,0,3,4,18.7,3560.7,-39998.8,12466.5,45754.7,25.0,0,
2017-12-22 06:31:00,0,3,4,18.8,3560.1,-39999.6,12533.1,45992.1,25.0,0,
2017-12-22 06:31:03,0,3,4,18.8,3559.6,-39999.4,12533.1,45992.1,25.0,0,
2017-12-22 06:31:06,0,3,4,18.9,3559.2,-39999.3,12599.8,46229.4,25.0,0,
2017-12-22 06:31:09,0,3,4,18.9,3558.6,-39999.4,12599.8,46229.4,25.0,0,
2017-12-22 06:31:12,0,3,4,19.0,3558.2,-39999.0,12666.4,46466.6,25.0,0,
2017-12-22 06:31:15,0,3,4,19.0,3557.8,-39999.7,12666.4,46466.6,25.0,0,
2017-12-22 06:31:18,0,3,4,19.1,3557.4,-39999.4,12733.1,46703.8,24.9,0,
2017-12-22 06:31:21,0,3,4,19.1,3556.9,-39999.6,12733.1,46703.8,24.9,0,
2017-12-22 06:31:25,0,3,4,19.2,3556.3,-39999.7,12799.8,46940.9,24.9,0,
2017-12-22 06:31:28,0,3,4,19.2,3555.8,-39999.3,12799.8,46940.9,24.9,0,
2017-12-22 06:31:31,0,3,4,19.3,3555.3,-39999.6,12866.4,47177.9,24.9,0,
2017-12-22 06:31:34,0,3,4,19.4,3554.9,-39999.5,12933.1,47414.9,24.9,0,
2017-12-22 06:31:37,0,3,4,19.4,3554.3,-39999.4,12933.1,47414.9,24.9,0,
2017-12-22 06:31:41,0,3,4,19.5,3554.0,-39999.3,12999.8,47651.8,24.9,0,
2017-12-22 06:31:44,0,3,4,19.5,3553.4,-39999.4,12999.8,47651.8,24.9,0,
2017-12-22 06:31:47,0,3,4,19.6,3553.0,-39999.7,13066.4,47888.7,24.9,0,
2017-12-22 06:31:50,0,3,4,19.6,3552.4,-39999.3,13066.4,47888.7,25.0,0,
2017-12-22 06:31:53,0,3,4,19.7,3552.0,-39999.2,13133.1,48125.5,25.0,0,
2017-12-22 06:31:56,0,3,4,19.7,3551.6,-39999.3,13133.1,48125.5,25.0,0,
2017-12-22 06:31:59,0,3,4,19.8,3551.1,-39999.5,13199.8,48362.2,25.0,0,
2017-12-22 06:32:03,0,3,4,19.8,3550.6,-39999.7,13199.8,48362.2,25.0,0,
2017-12-22 06:32:06,0,3,4,19.9,3550.2,-39999.3,13266.4,48598.9,25.0,0,
2017-12-22 06:32:09,0,3,4,19.9,3549.7,-39999.7,13266.4,48598.9,25.0,0,
2017-12-22 06:32:12,0,3,4,20.0,3549.1,-39999.2,13333.1,48835.5,25.0,0,
2017-12-22 06:32:15,0,3,4,20.0,3548.7,-39998.9,13333.1,48835.5,25.0,0,
2017-12-22 06:32:18,0,3,4,20.1,3548.2,-39999.6,13399.8,49072.1,25.0,0,
2017-12-22 06:32:21,0,3,4,20.1,3547.7,-39999.2,13399.8,49072.1,25.0,0,
2017-12-22 06:32:24,0,3,4,20.2,3547.3,-39999.2,13466.4,49308.6,25.0,0,
2017-12-22 06:32:28,0,3,4,20.2,3546.7,-39998.8,13466.4,49308.6,25.0,0,
2017-12-22 06:32:31,0,3,4,20.3,3546.3,-40000.0,13533.1,49545.0,25.0,0,
2017-12-22 06:32:34,0,3,4,20.3,3545.7,-39999.0,13533.1,49545.0,25.0,0,
2017-12-22 06:32:37,0,3,4,20.4,3545.3,-39999.5,13599.8,49781.4,25.0,0,
2017-12-22 06:32:40,0,3,4,20.4,3544.6,-39999.4,13599.8,49781.4,25.0,0,
2017-12-22 06:32:43,0,3,4,20.5,3544.2,-39999.0,13666.4,50017.7,25.0,0,
2017-12-22 06:32:46,0,3,4,20.6,3543.7,-39999.7,13733.1,50253.9,25.0,0,
2017-12-22 06:32:50,0,3,4,20.6,3543.4,-39999.1,13733.1,50253.9,25.0,0,
2017-12-22 06:32:53,0,3,4,20.7,3542.7,-39999.2,13799.7,50490.1,25.0,0,
2017-12-22 06:32:56,0,3,4,20.7,3542.3,-39999.0,13799.7,50490.1,25.0,0,
2017-12-22 06:32:59,0,3,4,20.8,3541.7,-39999.3,13866.4,50726.2,25.0,0,
2017-12-22 06:33:02,0,3,4,20.8,3541.3,-39999.5,13866.4,50726.2,25.0,0,
2017-12-22 06:33:05,0,3,4,20.9,3540.8,-39999.4,13933.1,50962.3,25.0,0,
2017-12-22 06:33:08,0,3,4,20.9,3540.2,-39999.2,13933.1,50962.3,25.0,0,
2017-12-22 06:33:11,0,3,4,21.0,3539.8,-39999.5,13999.7,51198.3,25.0,0,
2017-12-22 06:33:15,0,3,4,21.0,3539.3,-39998.7,13999.7,51198.3,25.0,0,
2017-12-22 06:33:18,0,3,4,21.1,3538.7,-39999.5,14066.4,51434.2,25.0,0,
2017-12-22 06:33:21,0,3,4,21.1,3538.4,-39999.2,14066.4,51434.2,24.9,0,
2017-12-22 06:33:24,0,3,4,21.2,3537.8,-39999.2,14133.1,51670.0,24.9,0,
2017-12-22 06:33:27,0,3,4,21.2,3537.4,-39999.5,14133.1,51670.0,24.9,0,
2017-12-22 06:33:30,0,3,4,21.3,3536.7,-39999.2,14199.7,51905.8,24.9,0,
2017-12-22 06:33:34,0,3,4,21.3,3536.2,-39999.0,14199.7,51905.8,24.9,0,
2017-12-22 06:33:37,0,3,4,21.4,3535.8,-39999.3,14266.4,52141.6,24.9,0,
2017-12-22 06:33:40,0,3,4,21.4,3535.3,-39999.2,14266.4,52141.6,24.9,0,
2017-12-22 06:33:43,0,3,4,21.5,3534.9,-39999.7,14333.1,52377.3,25.0,0,
2017-12-22 06:33:46,0,3,4,21.5,3534.3,-39999.6,14333.1,52377.3,24.9,0,
2017-12-22 06:33:49,0,3,4,21.6,3533.7,-39999.7,14399.7,52612.9,24.9,0,
2017-12-22 06:33:52,0,3,4,21.7,3533.3,-39999.2,14466.4,52848.4,25.0,0,
2017-12-22 06:33:55,0,3,4,21.7,3532.9,-39999.2,14466.4,52848.4,25.0,0,
2017-12-22 06:33:59,0,3,4,21.8,3532.4,-39999.3,14533.1,53083.9,25.0,0,
2017-12-22 06:34:02,0,3,4,21.8,3531.8,-39999.2,14533.1,53083.9,25.0,0,
2017-12-22 06:34:05,0,3,4,21.9,3531.2,-39999.9,14599.7,53319.3,25.0,0,
2017-12-22 06:34:08,0,3,4,21.9,3530.9,-39999.3,14599.7,53319.3,25.0,0,
2017-12-22 06:34:11,0,3,4,22.0,3530.3,-40000.0,14666.4,53554.7,25.0,0,
2017-12-22 06:34:14,0,3,4,22.0,3529.8,-39999.8,14666.4,53554.7,25.0,0,
2017-12-22 06:34:17,0,3,4,22.1,3529.4,-39999.3,14733.0,53790.0,25.0,0,
2017-12-22 06:34:21,0,3,4,22.1,3528.9,-39999.7,14733.0,53790.0,25.0,0,
2017-12-22 06:34:24,0,3,4,22.2,3528.2,-39999.5,14799.7,54025.2,25.0,0,
2017-12-22 06:34:27,0,3,4,22.2,3527.8,-39999.1,14799.7,54025.2,25.0,0,
2017-12-22 06:34:30,0,3,4,22.3,3527.2,-39999.3,14866.4,54260.4,25.0,0,
2017-12-22 06:34:33,0,3,4,22.3,3526.8,-39999.0,14866.4,54260.4,25.0,0,
2017-12-22 06:34:36,0,3,4,22.4,3526.3,-39999.1,14933.0,54495.5,25.0,0,
2017-12-22 06:34:39,0,3,4,22.4,3525.9,-39999.1,14933.0,54495.5,25.0,0,
2017-12-22 06:34:43,0,3,4,22.5,3525.3,-39999.6,14999.7,54730.5,25.0,0,
2017-12-22 06:34:46,0,3,4,22.5,3524.9,-39999.0,14999.7,54730.5,25.0,0,
2017-12-22 06:34:49,0,3,4,22.6,3524.2,-39999.9,15066.4,54965.5,25.0,0,
2017-12-22 06:34:52,0,3,4,22.6,3523.8,-39999.9,15066.4,54965.5,25.0,0,
2017-12-22 06:34:55,0,3,4,22.7,3523.2,-39999.2,15133.0,55200.4,25.0,0,
2017-12-22 06:34:58,0,3,4,22.8,3522.8,-39999.5,15199.7,55435.2,25.0,0,
2017-12-22 06:35:01,0,3,4,22.8,3522.2,-39999.3,15199.7,55435.2,25.0,0,
2017-12-22 06:35:04,0,3,4,22.9,3521.8,-39998.1,15266.4,55670.0,25.0,0,
2017-12-22 06:35:08,0,3,4,22.9,3521.2,-40000.0,15266.4,55670.0,25.0,0,
2017-12-22 06:35:11,0,3,4,23.0,3520.8,-39998.9,15333.0,55904.7,25.0,0,
2017-12-22 06:35:14,0,3,4,23.0,3520.1,-39999.3,15333.0,55904.7,25.0,0,
2017-12-22 06:35:17,0,3,4,23.1,3519.7,-39999.2,15399.7,56139.4,25.0,0,
2017-12-22 06:35:20,0,3,4,23.1,3519.1,-39999.3,15399.7,56139.4,25.0,0,
2017-12-22 06:35:23,0,3,4,23.2,3518.6,-39999.3,15466.4,56373.9,25.0,0,
2017-12-22 06:35:26,0,3,4,23.2,3518.2,-39999.5,15466.4,56373.9,25.0,0,
2017-12-22 06:35:30,0,3,4,23.3,3517.7,-39999.7,15533.0,56608.5,25.0,0,
2017-12-22 06:35:33,0,3,4,23.3,3517.2,-39999.4,15533.0,56608.5,25.0,0,
2017-12-22 06:35:36,0,3,4,23.4,3516.5,-39999.2,15599.7,56842.9,25.0,0,
2017-12-22 06:35:39,0,3,4,23.4,3516.2,-39999.5,15599.7,56842.9,25.0,0,
2017-12-22 06:35:42,0,3,4,23.5,3515.6,-39999.2,15666.4,57077.3,25.0,0,
2017-12-22 06:35:45,0,3,4,23.5,3515.0,-39999.5,15666.4,57077.3,25.0,0,
2017-12-22 06:35:48,0,3,4,23.6,3514.5,-39999.3,15733.0,57311.6,25.0,0,
2017-12-22 06:35:52,0,3,4,23.6,3514.0,-39999.3,15733.0,57311.6,25.0,0,
2017-12-22 06:35:55,0,3,4,23.7,3513.4,-39999.7,15799.7,57545.8,25.0,0,
2017-12-22 06:35:58,0,3,4,23.7,3512.8,-39999.5,15799.7,57545.8,25.0,0,
2017-12-22 06:36:01,0,3,4,23.8,3512.4,-39999.5,15866.3,57780.0,25.0,0,
2017-12-22 06:36:04,0,3,4,23.9,3512.0,-39998.9,15933.0,58014.1,25.0,0,
2017-12-22 06:36:07,0,3,4,23.9,3511.3,-39999.5,15933.0,58014.1,25.0,0,
2017-12-22 06:36:10,0,3,4,24.0,3510.8,-39999.0,15999.7,58248.2,25.0,0,
2017-12-22 06:36:14,0,3,4,24.0,3510.3,-39999.2,15999.7,58248.2,25.0,0,
2017-12-22 06:36:17,0,3,4,24.1,3509.8,-39999.6,16066.3,58482.2,25.0,0,
2017-12-22 06:36:20,0,3,4,24.1,3509.2,-39999.2,16066.3,58482.2,25.1,0,
2017-12-22 06:36:23,0,3,4,24.2,3508.8,-39998.0,16133.0,58716.1,25.1,0,
2017-12-22 06:36:26,0,3,4,24.2,3508.2,-40000.3,16133.0,58716.1,25.1,0,
2017-12-22 06:36:29,0,3,4,24.3,3507.7,-39999.8,16199.7,58949.9,25.1,0,
2017-12-22 06:36:32,0,3,4,24.3,3507.2,-39999.8,16199.7,58949.9,25.1,0,
2017-12-22 06:36:36,0,3,4,24.4,3506.6,-39999.7,16266.3,59183.7,25.1,0,
2017-12-22 06:36:39,0,3,4,24.4,3506.0,-39999.7,16266.3,59183.7,25.1,0,
2017-12-22 06:36:42,0,3,4,24.5,3505.5,-39999.5,16333.0,59417.4,25.1,0,
2017-12-22 06:36:45,0,3,4,24.5,3504.9,-40000.1,16333.0,59417.4,25.1,0,
2017-12-22 06:36:48,0,3,4,24.6,3504.3,-39999.4,16399.7,59651.1,25.1,0,
2017-12-22 06:36:51,0,3,4,24.6,3503.9,-39999.3,16399.7,59651.1,25.0,0,
2017-12-22 06:36:54,0,3,4,24.7,3503.4,-39999.7,16466.3,59884.6,25.0,0,
2017-12-22 06:36:57,0,3,4,24.7,3502.8,-39999.2,16466.3,59884.6,25.0,0,
2017-12-22 06:37:01,0,3,4,24.8,3502.3,-39999.5,16533.0,60118.1,25.0,0,
2017-12-22 06:37:04,0,3,4,24.8,3501.8,-39999.0,16533.0,60118.1,25.0,0,
2017-12-22 06:37:07,0,3,4,24.9,3501.2,-39999.2,16599.7,60351.6,25.0,0,
2017-12-22 06:37:10,0,3,4,24.9,3500.6,-39999.3,16599.7,60351.6,25.0,0,
2017-12-22 06:37:13,0,3,4,25.0,3500.0,-39999.6,16666.3,60585.0,25.0,0,
2017-12-22 06:37:16,0,3,4,25.1,3499.6,-39999.8,16733.0,60818.3,25.1,0,
2017-12-22 06:37:19,0,3,4,25.1,3499.1,-39999.2,16733.0,60818.3,25.1,0,
2017-12-22 06:37:23,0,3,4,25.2,3498.4,-39999.2,16799.7,61051.5,25.0,0,
2017-12-22 06:37:26,0,3,4,25.2,3497.9,-39999.3,16799.7,61051.5,25.0,0,
2017-12-22 06:37:29,0,3,4,25.3,3497.4,-39999.0,16866.3,61284.6,25.1,0,
2017-12-22 06:37:32,0,3,4,25.3,3496.9,-39999.1,16866.3,61284.6,25.0,0,
2017-12-22 06:37:35,0,3,4,25.4,3496.3,-39999.2,16933.0,61517.7,25.1,0,
2017-12-22 06:37:38,0,3,4,25.4,3495.8,-39999.2,16933.0,61517.7,25.0,0,
2017-12-22 06:37:41,0,3,4,25.5,3495.2,-39999.2,16999.6,61750.7,25.0,0,
2017-12-22 06:37:44,0,3,4,25.5,3494.6,-39999.1,16999.6,61750.7,25.0,0,
2017-12-22 06:37:48,0,3,4,25.6,3494.0,-39998.6,17066.3,61983.6,25.0,0,
2017-12-22 06:37:51,0,3,4,25.6,3493.3,-39999.0,17066.3,61983.6,25.0,0,
2017-12-22 06:37:54,0,3,4,25.7,3492.9,-39999.3,17133.0,62216.5,25.0,0,
2017-12-22 06:37:57,0,3,4,25.7,3492.4,-39999.2,17133.0,62216.5,25.0,0,
2017-12-22 06:38:00,0,3,4,25.8,3491.7,-39998.8,17199.6,62449.3,25.0,0,
2017-12-22 06:38:03,0,3,4,25.8,3491.1,-39999.2,17199.6,62449.3,25.0,0,
2017-12-22 06:38:06,0,3,4,25.9,3490.6,-39998.7,17266.3,62682.0,25.0,0,
2017-12-22 06:38:10,0,3,4,25.9,3490.0,-39999.2,17266.3,62682.0,25.0,0,
2017-12-22 06:38:13,0,3,4,26.0,3489.5,-39998.9,17333.0,62914.7,25.0,0,
2017-12-22 06:38:16,0,3,4,26.0,3488.9,-39999.0,17333.0,62914.7,25.0,0,
2017-12-22 06:38:19,0,3,4,26.1,3488.3,-39999.2,17399.6,63147.2,25.0,0,
2017-12-22 06:38:22,0,3,4,26.2,3487.7,-39999.1,17466.3,63379.7,25.0,0,
2017-12-22 06:38:25,0,3,4,26.2,3487.1,-39999.2,17466.3,63379.7,25.0,0,
2017-12-22 06:38:29,0,3,4,26.3,3486.5,-39998.7,17533.0,63612.2,25.0,0,
2017-12-22 06:38:32,0,3,4,26.3,3485.9,-39999.1,17533.0,63612.2,25.0,0,
2017-12-22 06:38:35,0,3,4,26.4,3485.1,-39999.1,17599.6,63844.5,25.0,0,
2017-12-22 06:38:38,0,3,4,26.4,3484.7,-39998.8,17599.6,63844.5,25.0,0,
2017-12-22 06:38:41,0,3,4,26.5,3484.0,-39999.2,17666.3,64076.8,25.0,0,
2017-12-22 06:38:44,0,3,4,26.5,3483.6,-39999.0,17666.3,64076.8,25.0,0,
2017-12-22 06:38:47,0,3,4,26.6,3482.8,-39999.2,17732.9,64309.0,25.0,0,
2017-12-22 06:38:50,0,3,4,26.6,3482.3,-39999.3,17732.9,64309.0,25.0,0,
2017-12-22 06:38:54,0,3,4,26.7,3481.5,-39999.2,17799.6,64541.1,25.0,0,
2017-12-22 06:38:57,0,3,4,26.7,3481.1,-39999.7,17799.6,64541.1,25.0,0,
2017-12-22 06:39:00,0,3,4,26.8,3480.4,-39999.0,17866.3,64773.1,25.0,0,
2017-12-22 06:39:03,0,3,4,26.8,3479.8,-39998.9,17866.3,64773.1,25.0,0,
2017-12-22 06:39:06,0,3,4,26.9,3479.1,-39999.5,17932.9,65005.1,25.0,0,
2017-12-22 06:39:09,0,3,4,26.9,3478.4,-39999.1,17932.9,65005.1,25.0,0,
2017-12-22 06:39:12,0,3,4,27.0,3477.7,-39999.5,17999.6,65236.9,25.0,0,
2017-12-22 06:39:16,0,3,4,27.0,3477.2,-39999.2,17999.6,65236.9,25.0,0,
2017-12-22 06:39:19,0,3,4,27.1,3476.5,-39998.9,18066.3,65468.7,25.0,0,
2017-12-22 06:39:22,0,3,4,27.1,3476.0,-39999.1,18066.3,65468.7,25.0,0,
2017-12-22 06:39:25,0,3,4,27.2,3475.2,-39999.2,18132.9,65700.5,25.0,0,
2017-12-22 06:39:28,0,3,4,27.3,3474.7,-39999.2,18199.6,65932.1,25.0,0,
2017-12-22 06:39:31,0,3,4,27.3,3474.0,-39999.0,18199.6,65932.1,25.0,0,
2017-12-22 06:39:35,0,3,4,27.4,3473.3,-39999.3,18266.3,66163.6,25.0,0,
2017-12-22 06:39:38,0,3,4,27.4,3472.6,-39999.2,18266.3,66163.6,25.0,0,
2017-12-22 06:39:41,0,3,4,27.5,3472.0,-39999.2,18332.9,66395.1,25.0,0,
2017-12-22 06:39:44,0,3,4,27.5,3471.4,-39999.2,18332.9,66395.1,25.0,0,
2017-12-22 06:39:47,0,3,4,27.6,3470.6,-39999.3,18399.6,66626.5,25.0,0,
2017-12-22 06:39:50,0,3,4,27.6,3469.9,-39999.3,18399.6,66626.5,25.0,0,
2017-12-22 06:39:54,0,3,4,27.7,3469.3,-39999.4,18466.2,66857.8,25.0,0,
2017-12-22 06:39:57,0,3,4,27.7,3468.5,-39999.3,18466.2,66857.8,25.0,0,
2017-12-22 06:40:00,0,3,4,27.8,3467.8,-39999.0,18532.9,67089.0,25.0,0,
2017-12-22 06:40:03,0,3,4,27.8,3467.2,-39999.2,18532.9,67089.0,25.0,0,
2017-12-22 06:40:06,0,3,4,27.9,3466.4,-39999.2,18599.6,67320.1,25.0,0,
2017-12-22 06:40:09,0,3,4,27.9,3465.8,-39999.5,18599.6,67320.1,25.0,0,
2017-12-22 06:40:12,0,3,4,28.0,3465.2,-39999.2,18666.2,67551.1,25.0,0,
2017-12-22 06:40:16,0,3,4,28.0,3464.5,-39998.7,18666.2,67551.1,25.0,0,
2017-12-22 06:40:19,0,3,4,28.1,3463.8,-39998.7,18732.9,67782.1,25.0,0,
2017-12-22 06:40:22,0,3,4,28.1,3463.0,-39998.8,18732.9,67782.1,25.0,0,
2017-12-22 06:40:25,0,3,4,28.2,3462.3,-39999.5,18799.6,68012.9,25.0,0,
2017-12-22 06:40:28,0,3,4,28.2,3461.7,-39999.4,18799.6,68012.9,25.0,0,
2017-12-22 06:40:31,0,3,4,28.3,3461.0,-39999.0,18866.2,68243.7,25.0,0,
2017-12-22 06:40:34,0,3,4,28.4,3460.1,-39999.7,18932.9,68474.4,25.0,0,
2017-12-22 06:40:37,0,3,4,28.4,3459.5,-39998.9,18932.9,68474.4,25.1,0,
2017-12-22 06:40:41,0,3,4,28.5,3458.8,-39999.2,18999.6,68705.0,25.0,0,
2017-12-22 06:40:44,0,3,4,28.5,3458.1,-39999.0,18999.6,68705.0,25.1,0,
2017-12-22 06:40:47,0,3,4,28.6,3457.3,-39999.3,19066.2,68935.4,25.0,0,
2017-12-22 06:40:50,0,3,4,28.6,3456.6,-39999.0,19066.2,68935.4,25.0,0,
2017-12-22 06:40:53,0,3,4,28.7,3455.7,-39999.2,19132.9,69165.8,25.0,0,
2017-12-22 06:40:56,0,3,4,28.7,3455.0,-39999.0,19132.9,69165.8,25.0,0,
2017-12-22 06:40:59,0,3,4,28.8,3454.2,-39999.4,19199.6,69396.1,25.1,0,
2017-12-22 06:41:03,0,3,4,28.8,3453.5,-39999.3,19199.6,69396.1,25.1,0,
2017-12-22 06:41:06,0,3,4,28.9,3452.7,-39999.2,19266.2,69626.3,25.0,0,
2017-12-22 06:41:09,0,3,4,28.9,3452.0,-39999.2,19266.2,69626.3,25.1,0,
2017-12-22 06:41:12,0,3,4,29.0,3451.2,-39999.8,19332.9,69856.4,25.1,0,
2017-12-22 06:41:15,0,3,4,29.0,3450.5,-39999.5,19332.9,69856.4,25.1,0,
2017-12-22 06:41:18,0,3,4,29.1,3449.7,-39999.5,19399.5,70086.4,25.1,0,
2017-12-22 06:41:21,0,3,4,29.1,3448.9,-39999.0,19399.5,70086.4,25.1,0,
2017-12-22 06:41:25,0,3,4,29.2,3448.1,-39999.5,19466.2,70316.3,25.1,0,
2017-12-22 06:41:28,0,3,4,29.2,3447.3,-39999.0,19466.2,70316.3,25.1,0,
2017-12-22 06:41:31,0,3,4,29.3,3446.6,-39999.2,19532.9,70546.2,25.1,0,
2017-12-22 06:41:34,0,3,4,29.3,3445.7,-39998.8,19532.9,70546.2,25.1,0,
2017-12-22 06:41:37,0,3,4,29.4,3445.0,-39999.0,19599.5,70775.9,25.1,0,
2017-12-22 06:41:40,0,3,4,29.5,3444.1,-39999.2,19666.2,71005.5,25.1,0,
2017-12-22 06:41:43,0,3,4,29.5,3443.4,-39999.3,19666.2,71005.5,25.1,0,
2017-12-22 06:41:47,0,3,4,29.6,3442.6,-39999.2,19732.9,71235.0,25.1,0,
2017-12-22 06:41:50,0,3,4,29.6,3441.8,-39999.0,19732.9,71235.0,25.1,0,
2017-12-22 06:41:53,0,3,4,29.7,3441.0,-39999.2,19799.5,71464.4,25.0,0,
2017-12-22 06:41:56,0,3,4,29.7,3440.1,-39999.3,19799.5,71464.4,25.0,0,
2017-12-22 06:41:59,0,3,4,29.8,3439.4,-39999.2,19866.2,71693.7,25.0,0,
2017-12-22 06:42:02,0,3,4,29.8,3438.6,-39999.3,19866.2,71693.7,25.0,0,
2017-12-22 06:42:05,0,3,4,29.9,3437.7,-39999.1,19932.9,71922.8,25.1,0,
2017-12-22 06:42:09,0,3,4,29.9,3436.8,-39999.3,19932.9,71922.8,25.0,0,
2017-12-22 06:42:12,0,3,4,30.0,3436.1,-39998.9,19999.5,72151.9,25.1,0,
2017-12-22 06:42:15,0,3,4,30.0,3435.1,-39999.2,19999.5,72151.9,25.1,0,
2017-12-22 06:42:18,0,3,4,30.1,3434.5,-39998.7,20066.2,72380.9,25.1,0,
2017-12-22 06:42:21,0,3,4,30.1,3433.6,-39999.2,20066.2,72380.9,25.1,0,
2017-12-22 06:42:24,0,3,4,30.2,3432.6,-39999.6,20132.9,72609.8,25.1,0,
2017-12-22 06:42:28,0,3,4,30.2,3431.7,-39998.7,20132.9,72609.8,25.1,0,
2017-12-22 06:42:31,0,3,4,30.3,3430.9,-39999.5,20199.5,72838.6,25.1,0,
2017-12-22 06:42:34,0,3,4,30.3,3430.0,-39999.0,20199.5,72838.6,25.1,0,
2017-12-22 06:42:37,0,3,4,30.4,3429.1,-39999.8,20266.2,73067.2,25.1,0,
2017-12-22 06:42:40,0,3,4,30.4,3428.4,-39999.2,20266.2,73067.2,25.1,0,
2017-12-22 06:42:43,0,3,4,30.5,3427.5,-39999.5,20332.8,73295.8,25.1,0,
2017-12-22 06:42:46,0,3,4,30.6,3426.7,-39999.5,20399.5,73524.2,25.1,0,
2017-12-22 06:42:49,0,3,4,30.6,3425.7,-39999.3,20399.5,73524.2,25.1,0,
2017-12-22 06:42:53,0,3,4,30.7,3424.8,-39999.3,20466.2,73752.5,25.1,0,
2017-12-22 06:42:56,0,3,4,30.7,3423.9,-39999.7,20466.2,73752.5,25.1,0,
2017-12-22 06:42:59,0,3,4,30.8,3423.0,-39999.5,20532.8,73980.7,25.1,0,
2017-12-22 06:43:02,0,3,4,30.8,3422.2,-39999.3,20532.8,73980.7,25.1,0,
2017-12-22 06:43:05,0,3,4,30.9,3421.3,-39999.4,20599.5,74208.8,25.1,0,
2017-12-22 06:43:08,0,3,4,30.9,3420.3,-39998.8,20599.5,74208.8,25.1,0,
2017-12-22 06:43:11,0,3,4,31.0,3419.3,-39999.2,20666.2,74436.8,25.1,0,
2017-12-22 06:43:15,0,3,4,31.0,3418.5,-39999.0,20666.2,74436.8,25.1,0,
2017-12-22 06:43:18,0,3,4,31.1,3417.3,-39998.8,20732.8,74664.6,25.1,0,
2017-12-22 06:43:21,0,3,4,31.1,3416.3,-39999.0,20732.8,74664.6,25.1,0,
2017-12-22 06:43:24,0,3,4,31.2,3415.4,-39999.2,20799.5,74892.3,25.1,0,
2017-12-22 06:43:27,0,3,4,31.2,3414.5,-39998.7,20799.5,74892.3,25.1,0,
2017-12-22 06:43:30,0,3,4,31.3,3413.5,-39999.0,20866.2,75119.9,25.1,0,
2017-12-22 06:43:33,0,3,4,31.3,3412.4,-39998.6,20866.2,75119.9,25.1,0,
2017-12-22 06:43:37,0,3,4,31.4,3411.4,-39999.3,20932.8,75347.4,25.1,0,
2017-12-22 06:43:40,0,3,4,31.4,3410.4,-39999.0,20932.8,75347.4,25.1,0,
2017-12-22 06:43:43,0,3,4,31.5,3409.3,-39999.1,20999.5,75574.7,25.1,0,
2017-12-22 06:43:46,0,3,4,31.5,3408.2,-39998.8,20999.5,75574.7,25.1,0,
2017-12-22 06:43:49,0,3,4,31.6,3407.0,-39998.8,21066.1,75801.9,25.1,0,
2017-12-22 06:43:52,0,3,4,31.7,3406.0,-39999.1,21132.8,76029.0,25.1,0,
2017-12-22 06:43:55,0,3,4,31.7,3404.9,-39998.8,21132.8,76029.0,25.1,0,
2017-12-22 06:43:59,0,3,4,31.8,3403.7,-39999.0,21199.5,76255.9,25.2,0,
2017-12-22 06:44:02,0,3,4,31.8,3402.5,-39999.0,21199.5,76255.9,25.2,0,
2017-12-22 06:44:05,0,3,4,31.9,3401.3,-39998.9,21266.1,76482.6,25.2,0,
2017-12-22 06:44:08,0,3,4,31.9,3400.0,-39999.2,21266.1,76482.6,25.2,0,
2017-12-22 06:44:11,0,3,4,32.0,3398.8,-39998.7,21332.8,76709.2,25.2,0,
2017-12-22 06:44:14,0,3,4,32.0,3397.6,-39999.0,21332.8,76709.2,25.2,0,
2017-12-22 06:44:18,0,3,4,32.1,3396.4,-39998.5,21399.5,76935.7,25.2,0,
2017-12-22 06:44:21,0,3,4,32.1,3395.0,-39998.0,21399.5,76935.7,25.2,0,
2017-12-22 06:44:24,0,3,4,32.2,3393.5,-39999.3,21466.1,77161.9,25.2,0,
2017-12-22 06:44:27,0,3,4,32.2,3392.3,-39998.3,21466.1,77161.9,25.2,0,
2017-12-22 06:44:30,0,3,4,32.3,3390.9,-39999.0,21532.8,77388.1,25.2,0,
2017-12-22 06:44:33,0,3,4,32.3,3389.5,-39998.8,21532.8,77388.1,25.2,0,
2017-12-22 06:44:36,0,3,4,32.4,3388.0,-39998.8,21599.4,77614.0,25.3,0,
2017-12-22 06:44:39,0,3,4,32.4,3386.5,-39998.3,21599.4,77614.0,25.3,0,
2017-12-22 06:44:43,0,3,4,32.5,3385.1,-39998.5,21666.1,77839.7,25.3,0,
2017-12-22 06:44:46,0,3,4,32.5,3383.5,-39998.5,21666.1,77839.7,25.3,0,
2017-12-22 06:44:49,0,3,4,32.6,3381.8,-39998.8,21732.8,78065.2,25.3,0,
2017-12-22 06:44:52,0,3,4,32.6,3380.2,-39998.5,21732.8,78065.2,25.3,0,
2017-12-22 06:44:55,0,3,4,32.7,3378.5,-39998.7,21799.4,78290.5,25.3,0,
2017-12-22 06:44:58,0,3,4,32.8,3376.8,-39998.0,21866.1,78515.6,25.2,0,
2017-12-22 06:45:02,0,3,4,32.8,3375.0,-39998.3,21866.1,78515.6,25.2,0,
2017-12-22 06:45:05,0,3,4,32.9,3373.0,-39999.2,21932.8,78740.5,25.2,0,
2017-12-22 06:45:08,0,3,4,32.9,3371.2,-39999.0,21932.8,78740.5,25.2,0,
2017-12-22 06:45:11,0,3,4,33.0,3369.3,-39998.7,21999.4,78965.1,25.2,0,
2017-12-22 06:45:14,0,3,4,33.0,3367.2,-39998.7,21999.4,78965.1,25.2,0,
2017-12-22 06:45:17,0,3,4,33.1,3365.1,-39999.3,22066.1,79189.5,25.1,0,
2017-12-22 06:45:20,0,3,4,33.1,3363.2,-39999.0,22066.1,79189.5,25.2,0,
2017-12-22 06:45:23,0,3,4,33.2,3360.9,-39999.2,22132.7,79413.6,25.2,0,
2017-12-22 06:45:27,0,3,4,33.2,3358.6,-39998.8,22132.7,79413.6,25.2,0,
2017-12-22 06:45:30,0,3,4,33.3,3356.3,-39998.9,22199.4,79637.4,25.2,0,
2017-12-22 06:45:33,0,3,4,33.3,3353.9,-39998.8,22199.4,79637.4,25.2,0,
2017-12-22 06:45:36,0,3,4,33.4,3351.5,-39998.5,22266.1,79860.9,25.3,0,
2017-12-22 06:45:39,0,3,4,33.4,3348.8,-39998.8,22266.1,79860.9,25.3,0,
2017-12-22 06:45:42,0,3,4,33.5,3346.2,-39998.5,22332.7,80084.1,25.3,0,
2017-12-22 06:45:45,0,3,4,33.5,3343.3,-39999.3,22332.7,80084.1,25.3,0,
2017-12-22 06:45:49,0,3,4,33.6,3340.3,-40000.1,22399.4,80306.9,25.3,0,
2017-12-22 06:45:52,0,3,4,33.6,3337.6,-40000.0,22399.4,80306.9,25.3,0,
2017-12-22 06:45:55,0,3,4,33.7,3334.4,-40000.2,22466.1,80529.4,25.3,0,
2017-12-22 06:45:58,0,3,4,33.7,3331.1,-40000.2,22466.1,80529.4,25.3,0,
2017-12-22 06:46:01,0,3,4,33.8,3327.7,-40000.6,22532.7,80751.5,25.3,0,
2017-12-22 06:46:04,0,3,4,33.8,3324.2,-40001.1,22532.7,80751.5,25.3,0,
2017-12-22 06:46:07,0,3,4,33.9,3320.5,-40001.7,22599.4,80973.0,25.3,0,
2017-12-22 06:46:10,0,3,4,34.0,3317.0,-40001.8,22666.1,81194.2,25.3,0,
2017-12-22 06:46:14,0,3,4,34.0,3313.5,-40001.1,22666.1,81194.2,25.3,0,
2017-12-22 06:46:17,0,3,4,34.1,3309.6,-40000.3,22732.7,81414.8,25.3,0,
2017-12-22 06:46:20,0,3,4,34.1,3305.4,-40000.1,22732.7,81414.8,25.3,0,
2017-12-22 06:46:23,0,3,4,34.2,3301.3,-40000.7,22799.4,81635.0,25.3,0,
2017-12-22 06:46:24,0,3,4,34.2,3300.0,-40000.6,22799.4,81635.0,25.3,3,下限电压到
2017-12-22 06:46:26,0,3,4,34.2,3363.7,26.1,22799.4,81635.0,25.3,3,下限电压到
2017-12-22 06:46:29,0,3,4,34.3,3372.3,26.6,22799.5,81635.1,25.3,3,下限电压到
2017-12-22 06:46:32,0,3,4,34.3,3377.2,26.3,22799.5,81635.1,25.3,3,下限电压到
2017-12-22 06:46:35,0,3,4,34.4,3381.4,26.6,22799.5,81635.3,25.3,3,下限电压到
2017-12-22 06:46:38,0,3,4,34.4,3384.8,26.0,22799.5,81635.3,25.3,3,下限电压到
2017-12-22 06:46:42,0,3,4,34.5,3387.4,26.4,22799.5,81635.4,25.3,3,下限电压到
2017-12-22 06:46:45,0,3,4,34.5,3389.8,26.4,22799.5,81635.4,25.3,3,下限电压到
2017-12-22 06:46:50,0,4,6,0.0,3392.4,0,0.0,0.0,25.3,0,
