2017-12-22 05:33:19,0,0,3,0.0,3420.8,0,0.0,0.0,24.8,0,
2017-12-22 05:33:47,0,0,3,0.4,3422.0,24.3,0.0,0.0,24.6,0,
2017-12-22 05:33:50,0,0,3,0.4,3422.1,23.0,0.0,0.0,24.6,0,
2017-12-22 05:33:53,0,0,3,0.5,3422.2,23.0,0.0,0.0,24.6,0,
2017-12-22 05:33:56,0,0,3,0.5,3422.4,24.1,0.0,0.0,24.7,0,
2017-12-22 05:33:59,0,0,3,0.6,3422.5,24.5,0.0,0.0,24.7,0,
2017-12-22 05:34:02,0,0,3,0.6,3422.7,23.0,0.0,0.0,24.7,0,
2017-12-22 05:34:05,0,0,3,0.7,3422.7,24.0,0.0,0.0,24.7,0,
2017-12-22 05:34:08,0,0,3,0.7,3422.8,24.2,0.0,0.0,24.7,0,
2017-12-22 05:34:12,0,0,3,0.8,3422.9,23.9,0.0,0.0,24.7,0,
2017-12-22 05:34:15,0,0,3,0.8,3423.0,24.3,0.0,0.0,24.7,0,
2017-12-22 05:34:18,0,0,3,0.9,3423.0,23.0,0.0,0.0,24.7,0,
2017-12-22 05:34:21,0,0,3,0.9,3423.2,22.9,0.0,0.0,24.7,0,
2017-12-22 05:34:24,0,0,3,1.0,3423.1,23.1,0.0,0.0,24.7,0,
2017-12-22 05:34:25,0,0,3,1.0,3423.3,22.9,0.0,0.0,24.7,1,时间到
2017-12-22 05:34:29,0,1,2,0.0,3423.2,0,0.0,0.0,24.7,0,
2017-12-22 05:34:51,0,1,2,0.4,3500.1,40000.3,266.7,929.4,24.8,0,
2017-12-22 05:34:54,0,1,2,0.4,3504.1,40000.5,266.7,929.4,24.8,0,
2017-12-22 05:34:58,0,1,2,0.5,3508.2,40000.6,333.4,1163.2,24.8,0,
2017-12-22 05:35:01,0,1,2,0.5,3512.1,40001.1,333.4,1163.2,24.8,0,
2017-12-22 05:35:04,0,1,2,0.6,3515.8,40001.0,400.0,1397.6,24.8,0,
2017-12-22 05:35:07,0,1,2,0.6,3519.1,40001.3,400.0,1397.6,24.8,0,
2017-12-22 05:35:11,0,1,2,0.7,3522.2,40001.7,466.7,1632.3,24.8,0,
2017-12-22 05:35:14,0,1,2,0.7,3525.4,40001.7,466.7,1632.3,24.8,0,
2017-12-22 05:35:17,0,1,2,0.8,3528.0,40002.1,533.4,1867.5,24.8,0,
2017-12-22 05:35:20,0,1,2,0.8,3530.7,40002.0,533.4,1867.5,24.8,0,
2017-12-22 05:35:23,0,1,2,0.9,3532.9,40001.8,600.0,2102.9,24.8,0,
2017-12-22 05:35:27,0,1,2,0.9,3535.3,40002.1,600.0,2102.9,24.8,0,
2017-12-22 05:35:30,0,1,2,1.0,3537.5,40002.0,666.7,2338.6,24.8,0,
2017-12-22 05:35:33,0,1,2,1.0,3539.4,40002.1,666.7,2338.6,24.8,0,
2017-12-22 05:35:36,0,1,2,1.1,3541.0,40002.1,733.4,2574.6,24.9,0,
2017-12-22 05:35:39,0,1,2,1.1,3542.6,40002.2,733.4,2574.6,24.9,0,
2017-12-22 05:35:42,0,1,2,1.2,3544.0,40002.2,800.1,2810.9,24.9,0,
2017-12-22 05:35:45,0,1,2,1.2,3545.4,40001.8,800.1,2810.9,25.0,0,
2017-12-22 05:35:48,0,1,2,1.3,3546.8,40002.3,866.7,3047.3,25.0,0,
2017-12-22 05:35:51,0,1,2,1.4,3548.2,40002.1,933.4,3283.8,25.0,0,
2017-12-22 05:35:54,0,1,2,1.4,3549.4,40002.3,933.4,3283.8,24.9,0,
2017-12-22 05:35:58,0,1,2,1.5,3550.6,40002.5,1000.1,3520.5,24.9,0,
2017-12-22 05:36:01,0,1,2,1.5,3551.8,40002.3,1000.1,3520.5,24.9,0,
2017-12-22 05:36:04,0,1,2,1.6,3552.9,40002.5,1066.8,3757.4,24.9,0,
2017-12-22 05:36:07,0,1,2,1.6,3553.9,40002.5,1066.8,3757.4,24.9,0,
2017-12-22 05:36:10,0,1,2,1.7,3554.7,40002.3,1133.4,3994.4,24.9,0,
2017-12-22 05:36:13,0,1,2,1.7,3555.8,40002.3,1133.4,3994.4,24.9,0,
2017-12-22 05:36:17,0,1,2,1.8,3556.7,40002.3,1200.1,4231.5,24.9,0,
2017-12-22 05:36:20,0,1,2,1.8,3557.4,40002.2,1200.1,4231.5,24.9,0,
2017-12-22 05:36:23,0,1,2,1.9,3558.3,40002.1,1266.8,4468.8,24.9,0,
2017-12-22 05:36:26,0,1,2,1.9,3559.2,40002.2,1266.8,4468.8,25.0,0,
2017-12-22 05:36:29,0,1,2,2.0,3560.2,40002.5,1333.5,4706.1,24.9,0,
2017-12-22 05:36:32,0,1,2,2.0,3561.0,40002.0,1333.5,4706.1,24.9,0,
2017-12-22 05:36:35,0,1,2,2.1,3561.7,40002.2,1400.1,4943.5,24.9,0,
2017-12-22 05:36:39,0,1,2,2.1,3562.5,40002.3,1400.1,4943.5,24.9,0,
2017-12-22 05:36:42,0,1,2,2.2,3563.6,40002.3,1466.8,5181.1,24.9,0,
2017-12-22 05:36:45,0,1,2,2.2,3564.3,40002.2,1466.8,5181.1,24.9,0,
2017-12-22 05:36:48,0,1,2,2.3,3565.2,40002.3,1533.5,5418.7,24.9,0,
2017-12-22 05:36:52,0,1,2,2.4,3566.1,40002.2,1600.1,5656.5,24.9,0,
2017-12-22 05:36:55,0,1,2,2.4,3566.9,40002.7,1600.1,5656.5,24.9,0,
2017-12-22 05:36:58,0,1,2,2.5,3567.5,40002.6,1666.8,5894.4,24.9,0,
2017-12-22 05:37:01,0,1,2,2.5,3568.3,40001.4,1666.8,5894.4,24.9,0,
2017-12-22 05:37:04,0,1,2,2.6,3569.3,40002.3,1733.5,6132.3,24.8,0,
2017-12-22 05:37:07,0,1,2,2.6,3569.9,40002.3,1733.5,6132.3,24.8,0,
2017-12-22 05:37:10,0,1,2,2.7,3570.7,40002.3,1800.2,6370.4,24.8,0,
2017-12-22 05:37:13,0,1,2,2.7,3571.6,40002.2,1800.2,6370.4,24.8,0,
2017-12-22 05:37:17,0,1,2,2.8,3572.3,40001.6,1866.8,6608.5,24.8,0,
2017-12-22 05:37:20,0,1,2,2.8,3573.1,40001.9,1866.8,6608.5,24.8,0,
2017-12-22 05:37:23,0,1,2,2.9,3573.9,40002.0,1933.5,6846.8,24.8,0,
2017-12-22 05:37:26,0,1,2,2.9,3574.5,40002.5,1933.5,6846.8,24.8,0,
2017-12-22 05:37:29,0,1,2,3.0,3575.5,40002.1,2000.2,7085.2,24.8,0,
2017-12-22 05:37:32,0,1,2,3.0,3576.1,40002.0,2000.2,7085.2,24.7,0,
2017-12-22 05:37:35,0,1,2,3.1,3577.0,40002.3,2066.9,7323.7,24.8,0,
2017-12-22 05:37:38,0,1,2,3.1,3577.9,40002.3,2066.9,7323.7,24.7,0,
2017-12-22 05:37:41,0,1,2,3.2,3578.8,40002.3,2133.5,7562.3,24.7,0,
2017-12-22 05:37:44,0,1,2,3.2,3579.6,40002.0,2133.5,7562.3,24.7,0,
2017-12-22 05:37:47,0,1,2,3.3,3580.4,40001.8,2200.2,7800.9,24.7,0,
2017-12-22 05:37:51,0,1,2,3.3,3581.2,40001.7,2200.2,7800.9,24.7,0,
2017-12-22 05:37:54,0,1,2,3.4,3582.1,40002.0,2266.9,8039.7,24.7,0,
2017-12-22 05:37:57,0,1,2,3.4,3582.8,40002.0,2266.9,8039.7,24.7,0,
2017-12-22 05:38:00,0,1,2,3.5,3583.7,40002.0,2333.6,8278.6,24.6,0,
2017-12-22 05:38:03,0,1,2,3.5,3584.3,40001.9,2333.6,8278.6,24.6,0,
2017-12-22 05:38:06,0,1,2,3.6,3585.2,40002.0,2400.2,8517.6,24.6,0,
2017-12-22 05:38:09,0,1,2,3.6,3585.9,40002.0,2400.2,8517.6,24.6,0,
2017-12-22 05:38:12,0,1,2,3.7,3586.8,40001.6,2466.9,8756.7,24.6,0,
2017-12-22 05:38:15,0,1,2,3.7,3587.5,40001.9,2466.9,8756.7,24.6,0,
2017-12-22 05:38:18,0,1,2,3.8,3588.5,40001.8,2533.6,8995.9,24.6,0,
2017-12-22 05:38:21,0,1,2,3.9,3589.2,40002.0,2600.3,9235.2,24.6,0,
2017-12-22 05:38:24,0,1,2,3.9,3590.2,40001.8,2600.3,9235.2,24.6,0,
2017-12-22 05:38:27,0,1,2,4.0,3590.8,40002.0,2666.9,9474.6,24.6,0,
2017-12-22 05:38:30,0,1,2,4.0,3591.7,40001.9,2666.9,9474.6,24.6,0,
2017-12-22 05:38:33,0,1,2,4.1,3592.6,40001.9,2733.6,9714.2,24.6,0,
2017-12-22 05:38:36,0,1,2,4.1,3593.3,40002.3,2733.6,9714.2,24.6,0,
2017-12-22 05:38:40,0,1,2,4.2,3594.2,40002.0,2800.3,9953.8,24.6,0,
2017-12-22 05:38:43,0,1,2,4.2,3595.1,40002.1,2800.3,9953.8,24.6,0,
2017-12-22 05:38:46,0,1,2,4.3,3595.9,40001.8,2867.0,10193.5,24.7,0,
2017-12-22 05:38:49,0,1,2,4.3,3596.8,40001.7,2867.0,10193.5,24.7,0,
2017-12-22 05:38:52,0,1,2,4.4,3597.5,40002.0,2933.6,10433.4,24.7,0,
2017-12-22 05:38:55,0,1,2,4.4,3598.4,40001.8,2933.6,10433.4,24.7,0,
2017-12-22 05:38:58,0,1,2,4.5,3599.3,40001.8,3000.3,10673.3,24.6,0,
2017-12-22 05:39:01,0,1,2,4.5,3600.1,40002.1,3000.3,10673.3,24.6,0,
2017-12-22 05:39:04,0,1,2,4.6,3600.7,40002.0,3067.0,10913.4,24.6,0,
2017-12-22 05:39:08,0,1,2,4.6,3601.7,40001.8,3067.0,10913.4,24.6,0,
2017-12-22 05:39:11,0,1,2,4.7,3602.6,40002.0,3133.6,11153.5,24.6,0,
2017-12-22 05:39:14,0,1,2,4.7,3603.4,40001.8,3133.6,11153.5,24.7,0,
2017-12-22 05:39:17,0,1,2,4.8,3604.0,40001.8,3200.3,11393.8,24.7,0,
2017-12-22 05:39:20,0,1,2,4.8,3604.9,40001.9,3200.3,11393.8,24.7,0,
2017-12-22 05:39:23,0,1,2,4.9,3605.9,40002.1,3267.0,11634.2,24.6,0,
2017-12-22 05:39:27,0,1,2,4.9,3606.6,40001.8,3267.0,11634.2,24.7,0,
2017-12-22 05:39:30,0,1,2,5.0,3607.6,40001.6,3333.7,11874.7,24.7,0,
2017-12-22 05:39:33,0,1,2,5.0,3608.2,40001.8,3333.7,11874.7,24.7,0,
2017-12-22 05:39:36,0,1,2,5.1,3609.0,40002.2,3400.3,12115.3,24.7,0,
2017-12-22 05:39:39,0,1,2,5.1,3609.9,40002.0,3400.3,12115.3,24.7,0,
2017-12-22 05:39:42,0,1,2,5.2,3610.8,40001.6,3467.0,12356.0,24.7,0,
2017-12-22 05:39:45,0,1,2,5.2,3611.5,40001.7,3467.0,12356.0,24.7,0,
2017-12-22 05:39:48,0,1,2,5.3,3612.4,40001.8,3533.7,12596.7,24.7,0,
2017-12-22 05:39:51,0,1,2,5.3,3613.1,40001.7,3533.7,12596.7,24.7,0,
2017-12-22 05:39:54,0,1,2,5.4,3614.0,40002.0,3600.4,12837.6,24.7,0,
2017-12-22 05:39:58,0,1,2,5.5,3614.9,40001.8,3667.0,13078.7,24.7,0,
2017-12-22 05:40:01,0,1,2,5.5,3615.7,40001.3,3667.0,13078.7,24.7,0,
2017-12-22 05:40:04,0,1,2,5.6,3616.5,40001.9,3733.7,13319.8,24.7,0,
2017-12-22 05:40:07,0,1,2,5.6,3617.1,40001.9,3733.7,13319.8,24.7,0,
2017-12-22 05:40:10,0,1,2,5.7,3618.0,40002.0,3800.4,13561.0,24.7,0,
2017-12-22 05:40:13,0,1,2,5.7,3618.7,40002.0,3800.4,13561.0,24.7,0,
2017-12-22 05:40:16,0,1,2,5.8,3619.5,40002.0,3867.0,13802.3,24.7,0,
2017-12-22 05:40:19,0,1,2,5.8,3620.2,40002.0,3867.0,13802.3,24.7,0,
2017-12-22 05:40:22,0,1,2,5.9,3620.9,40002.1,3933.7,14043.7,24.8,0,
2017-12-22 05:40:25,0,1,2,5.9,3621.8,40002.0,3933.7,14043.7,24.7,0,
2017-12-22 05:40:28,0,1,2,6.0,3622.6,40001.8,4000.4,14285.2,24.8,0,
2017-12-22 05:40:32,0,1,2,6.0,3623.4,40001.7,4000.4,14285.2,24.8,0,
2017-12-22 05:40:35,0,1,2,6.1,3624.1,40001.8,4067.1,14526.8,24.8,0,
2017-12-22 05:40:38,0,1,2,6.1,3624.8,40002.1,4067.1,14526.8,24.8,0,
2017-12-22 05:40:41,0,1,2,6.2,3625.7,40002.0,4133.7,14768.5,24.8,0,
2017-12-22 05:40:44,0,1,2,6.2,3626.3,40002.0,4133.7,14768.5,24.8,0,
2017-12-22 05:40:47,0,1,2,6.3,3627.2,40002.0,4200.4,15010.3,24.7,0,
2017-12-22 05:40:51,0,1,2,6.3,3627.9,40002.0,4200.4,15010.3,24.7,0,
2017-12-22 05:40:54,0,1,2,6.4,3628.7,40002.0,4267.1,15252.2,24.8,0,
2017-12-22 05:40:57,0,1,2,6.4,3629.6,40001.9,4267.1,15252.2,24.8,0,
2017-12-22 05:41:00,0,1,2,6.5,3630.1,40001.5,4333.8,15494.2,24.7,0,
2017-12-22 05:41:03,0,1,2,6.5,3630.9,40001.7,4333.8,15494.2,24.7,0,
2017-12-22 05:41:06,0,1,2,6.6,3631.6,40001.7,4400.4,15736.3,24.8,0,
2017-12-22 05:41:09,0,1,2,6.7,3632.3,40002.0,4467.1,15978.5,24.7,0,
2017-12-22 05:41:13,0,1,2,6.7,3633.0,40001.9,4467.1,15978.5,24.8,0,
2017-12-22 05:41:16,0,1,2,6.8,3633.5,40002.0,4533.8,16220.8,24.8,0,
2017-12-22 05:41:19,0,1,2,6.8,3634.4,40002.0,4533.8,16220.8,24.8,0,
2017-12-22 05:41:22,0,1,2,6.9,3635.2,40002.1,4600.4,16463.1,24.8,0,
2017-12-22 05:41:25,0,1,2,6.9,3635.7,40002.2,4600.4,16463.1,24.8,0,
2017-12-22 05:41:28,0,1,2,7.0,3636.5,40001.8,4667.1,16705.6,24.8,0,
2017-12-22 05:41:31,0,1,2,7.0,3637.2,40001.8,4667.1,16705.6,24.7,0,
2017-12-22 05:41:34,0,1,2,7.1,3637.9,40002.2,4733.8,16948.1,24.7,0,
2017-12-22 05:41:38,0,1,2,7.1,3638.6,40002.2,4733.8,16948.1,24.7,0,
2017-12-22 05:41:41,0,1,2,7.2,3639.3,40002.2,4800.5,17190.7,24.8,0,
2017-12-22 05:41:44,0,1,2,7.2,3639.9,40002.1,4800.5,17190.7,24.8,0,
2017-12-22 05:41:47,0,1,2,7.3,3640.7,40001.9,4867.1,17433.4,24.8,0,
2017-12-22 05:41:50,0,1,2,7.3,3641.4,40002.2,4867.1,17433.4,24.8,0,
2017-12-22 05:41:53,0,1,2,7.4,3642.0,40002.1,4933.8,17676.2,24.8,0,
2017-12-22 05:41:57,0,1,2,7.4,3642.7,40002.0,4933.8,17676.2,24.8,0,
2017-12-22 05:42:00,0,1,2,7.5,3643.4,40001.8,5000.5,17919.1,24.7,0,
2017-12-22 05:42:03,0,1,2,7.5,3644.0,40001.9,5000.5,17919.1,24.7,0,
2017-12-22 05:42:06,0,1,2,7.6,3644.7,40001.9,5067.2,18162.1,24.7,0,
2017-12-22 05:42:09,0,1,2,7.7,3645.4,40001.8,5133.8,18405.1,24.8,0,
2017-12-22 05:42:13,0,1,2,7.7,3646.1,40001.8,5133.8,18405.1,24.8,0,
2017-12-22 05:42:16,0,1,2,7.8,3646.8,40001.9,5200.5,18648.3,24.8,0,
2017-12-22 05:42:19,0,1,2,7.8,3647.3,40002.0,5200.5,18648.3,24.8,0,
2017-12-22 05:42:22,0,1,2,7.9,3648.0,40001.8,5267.2,18891.5,24.8,0,
2017-12-22 05:42:25,0,1,2,7.9,3648.7,40002.0,5267.2,18891.5,24.8,0,
2017-12-22 05:42:28,0,1,2,8.0,3649.4,40002.0,5333.9,19134.8,24.8,0,
2017-12-22 05:42:31,0,1,2,8.0,3650.1,40002.1,5333.9,19134.8,24.8,0,
2017-12-22 05:42:34,0,1,2,8.1,3650.5,40001.6,5400.5,19378.2,24.8,0,
2017-12-22 05:42:37,0,1,2,8.1,3651.2,40002.0,5400.5,19378.2,24.8,0,
2017-12-22 05:42:41,0,1,2,8.2,3651.8,40001.9,5467.2,19621.7,24.8,0,
2017-12-22 05:42:44,0,1,2,8.2,3652.5,40001.4,5467.2,19621.7,24.8,0,
2017-12-22 05:42:47,0,1,2,8.3,3653.0,40001.8,5533.9,19865.2,24.8,0,
2017-12-22 05:42:50,0,1,2,8.3,3653.7,40001.8,5533.9,19865.2,24.8,0,
2017-12-22 05:42:53,0,1,2,8.4,3654.3,40001.8,5600.5,20108.8,24.8,0,
2017-12-22 05:42:56,0,1,2,8.4,3655.1,40001.8,5600.5,20108.8,24.8,0,
2017-12-22 05:43:00,0,1,2,8.5,3655.8,40001.8,5667.2,20352.5,24.8,0,
2017-12-22 05:43:03,0,1,2,8.5,3656.3,40001.8,5667.2,20352.5,24.8,0,
2017-12-22 05:43:06,0,1,2,8.6,3657.0,40001.7,5733.9,20596.3,24.8,0,
2017-12-22 05:43:09,0,1,2,8.6,3657.7,40002.0,5733.9,20596.3,24.8,0,
2017-12-22 05:43:12,0,1,2,8.7,3658.2,40001.9,5800.6,20840.2,24.8,0,
2017-12-22 05:43:16,0,1,2,8.8,3658.8,40001.6,5867.2,21084.1,24.7,0,
2017-12-22 05:43:19,0,1,2,8.8,3659.4,40002.0,5867.2,21084.1,24.8,0,
2017-12-22 05:43:22,0,1,2,8.9,3660.0,40002.0,5933.9,21328.1,24.7,0,
2017-12-22 05:43:25,0,1,2,8.9,3660.6,40001.8,5933.9,21328.1,24.7,0,
2017-12-22 05:43:28,0,1,2,9.0,3661.1,40002.2,6000.6,21572.2,24.7,0,
2017-12-22 05:43:31,0,1,2,9.0,3661.7,40001.8,6000.6,21572.2,24.7,0,
2017-12-22 05:43:34,0,1,2,9.1,3662.3,40001.7,6067.3,21816.4,24.6,0,
2017-12-22 05:43:37,0,1,2,9.1,3662.9,40002.0,6067.3,21816.4,24.6,0,
2017-12-22 05:43:40,0,1,2,9.2,3663.5,40001.7,6133.9,22060.6,24.6,0,
2017-12-22 05:43:43,0,1,2,9.2,3664.1,40001.7,6133.9,22060.6,24.7,0,
2017-12-22 05:43:46,0,1,2,9.3,3664.6,40001.8,6200.6,22304.9,24.7,0,
2017-12-22 05:43:49,0,1,2,9.3,3665.2,40001.7,6200.6,22304.9,24.7,0,
2017-12-22 05:43:53,0,1,2,9.4,3665.7,40002.1,6267.3,22549.3,24.7,0,
2017-12-22 05:43:56,0,1,2,9.4,3666.2,40002.0,6267.3,22549.3,24.7,0,
2017-12-22 05:43:59,0,1,2,9.5,3666.8,40001.3,6333.9,22793.8,24.7,0,
2017-12-22 05:44:02,0,1,2,9.5,3667.3,40001.9,6333.9,22793.8,24.7,0,
2017-12-22 05:44:05,0,1,2,9.6,3667.9,40001.8,6400.6,23038.3,24.7,0,
2017-12-22 05:44:08,0,1,2,9.6,3668.4,40001.8,6400.6,23038.3,24.6,0,
2017-12-22 05:44:11,0,1,2,9.7,3668.8,40001.8,6467.3,23282.9,24.6,0,
2017-12-22 05:44:14,0,1,2,9.7,3669.3,40002.0,6467.3,23282.9,24.6,0,
2017-12-22 05:44:17,0,1,2,9.8,3669.9,40001.7,6534.0,23527.6,24.6,0,
2017-12-22 05:44:20,0,1,2,9.8,3670.4,40002.0,6534.0,23527.6,24.6,0,
2017-12-22 05:44:24,0,1,2,9.9,3671.0,40002.0,6600.6,23772.3,24.6,0,
2017-12-22 05:44:27,0,1,2,9.9,3671.7,40001.8,6600.6,23772.3,24.6,0,
2017-12-22 05:44:30,0,1,2,10.0,3672.2,40002.2,6667.3,24017.1,24.6,0,
2017-12-22 05:44:33,0,1,2,10.0,3672.6,40001.9,6667.3,24017.1,24.6,0,
2017-12-22 05:44:36,0,1,2,10.1,3673.0,40002.1,6734.0,24262.0,24.6,0,
2017-12-22 05:44:40,0,1,2,10.2,3673.7,40002.1,6800.7,24506.9,24.6,0,
2017-12-22 05:44:43,0,1,2,10.2,3674.2,39999.7,6800.7,24506.9,24.6,0,
2017-12-22 05:44:46,0,1,2,10.3,3674.8,40000.0,6867.3,24751.9,24.6,0,
2017-12-22 05:44:49,0,1,2,10.3,3675.3,40000.0,6867.3,24751.9,24.7,0,
2017-12-22 05:44:52,0,1,2,10.4,3675.8,39999.8,6934.0,24996.9,24.7,0,
2017-12-22 05:44:55,0,1,2,10.4,3676.1,39999.7,6934.0,24996.9,24.7,0,
2017-12-22 05:44:58,0,1,2,10.5,3676.7,39999.8,7000.6,25242.0,24.7,0,
2017-12-22 05:45:02,0,1,2,10.5,3677.2,39999.5,7000.6,25242.0,24.7,0,
2017-12-22 05:45:05,0,1,2,10.6,3677.7,39999.5,7067.3,25487.2,24.6,0,
2017-12-22 05:45:08,0,1,2,10.6,3678.2,39999.3,7067.3,25487.2,24.7,0,
2017-12-22 05:45:11,0,1,2,10.7,3678.6,39999.7,7134.0,25732.4,24.7,0,
2017-12-22 05:45:15,0,1,2,10.7,3679.1,39999.2,7134.0,25732.4,24.7,0,
2017-12-22 05:45:18,0,1,2,10.8,3679.6,39999.2,7200.6,25977.7,24.6,0,
2017-12-22 05:45:21,0,1,2,10.8,3680.1,39999.3,7200.6,25977.7,24.6,0,
2017-12-22 05:45:24,0,1,2,10.9,3680.4,39999.0,7267.3,26223.0,24.6,0,
2017-12-22 05:45:27,0,1,2,10.9,3680.8,39999.1,7267.3,26223.0,24.6,0,
2017-12-22 05:45:30,0,1,2,11.0,3681.1,39999.2,7334.0,26468.4,24.6,0,
2017-12-22 05:45:33,0,1,2,11.0,3681.8,39999.2,7334.0,26468.4,24.6,0,
2017-12-22 05:45:36,0,1,2,11.1,3682.1,39999.0,7400.6,26713.8,24.6,0,
2017-12-22 05:45:39,0,1,2,11.1,3682.5,39999.2,7400.6,26713.8,24.6,0,
2017-12-22 05:45:42,0,1,2,11.2,3682.9,39998.8,7467.3,26959.3,24.6,0,
2017-12-22 05:45:45,0,1,2,11.3,3683.3,39999.2,7534.0,27204.8,24.6,0,
2017-12-22 05:45:49,0,1,2,11.3,3683.8,39999.1,7534.0,27204.8,24.6,0,
2017-12-22 05:45:52,0,1,2,11.4,3684.2,39999.0,7600.6,27450.4,24.7,0,
2017-12-22 05:45:55,0,1,2,11.4,3684.4,39999.0,7600.6,27450.4,24.7,0,
2017-12-22 05:45:58,0,1,2,11.5,3685.0,39998.6,7667.3,27696.1,24.7,0,
2017-12-22 05:46:01,0,1,2,11.5,3685.4,39998.5,7667.3,27696.1,24.7,0,
2017-12-22 05:46:04,0,1,2,11.6,3685.8,39998.5,7734.0,27941.8,24.7,0,
2017-12-22 05:46:07,0,1,2,11.6,3686.1,39998.8,7734.0,27941.8,24.6,0,
2017-12-22 05:46:10,0,1,2,11.7,3686.6,39998.8,7800.6,28187.5,24.7,0,
2017-12-22 05:46:13,0,1,2,11.7,3686.9,39998.7,7800.6,28187.5,24.7,0,
2017-12-22 05:46:16,0,1,2,11.8,3687.3,39998.7,7867.3,28433.3,24.6,0,
2017-12-22 05:46:19,0,1,2,11.8,3687.7,39998.8,7867.3,28433.3,24.7,0,
2017-12-22 05:46:22,0,1,2,11.9,3688.0,39998.7,7933.9,28679.2,24.6,0,
2017-12-22 05:46:25,0,1,2,11.9,3688.5,39998.8,7933.9,28679.2,24.6,0,
2017-12-22 05:46:28,0,1,2,12.0,3688.9,39998.5,8000.6,28925.1,24.6,0,
2017-12-22 05:46:32,0,1,2,12.0,3689.3,39998.7,8000.6,28925.1,24.6,0,
2017-12-22 05:46:35,0,1,2,12.1,3689.7,39998.7,8067.3,29171.0,24.6,0,
2017-12-22 05:46:38,0,1,2,12.1,3689.9,39998.1,8067.3,29171.0,24.6,0,
2017-12-22 05:46:41,0,1,2,12.2,3690.3,39998.6,8133.9,29417.0,24.6,0,
2017-12-22 05:46:44,0,1,2,12.2,3690.8,39998.5,8133.9,29417.0,24.6,0,
2017-12-22 05:46:47,0,1,2,12.3,3691.1,39998.5,8200.6,29663.0,24.6,0,
2017-12-22 05:46:50,0,1,2,12.3,3691.5,39998.5,8200.6,29663.0,24.6,0,
2017-12-22 05:46:53,0,1,2,12.4,3691.7,39998.8,8267.3,29909.1,24.6,0,
2017-12-22 05:46:56,0,1,2,12.4,3692.2,39998.7,8267.3,29909.1,24.6,0,
2017-12-22 05:46:59,0,1,2,12.5,3692.5,39998.8,8333.9,30155.3,24.6,0,
2017-12-22 05:47:03,0,1,2,12.5,3692.8,39998.7,8333.9,30155.3,24.6,0,
2017-12-22 05:47:06,0,1,2,12.6,3693.2,39998.2,8400.6,30401.5,24.6,0,
2017-12-22 05:47:09,0,1,2,12.6,3693.7,39999.0,8400.6,30401.5,24.6,0,
2017-12-22 05:47:12,0,1,2,12.7,3693.9,39998.4,8467.2,30647.7,24.6,0,
2017-12-22 05:47:15,0,1,2,12.7,3694.3,39998.8,8467.2,30647.7,24.6,0,
2017-12-22 05:47:18,0,1,2,12.8,3694.6,39998.7,8533.9,30894.0,24.6,0,
2017-12-22 05:47:21,0,1,2,12.8,3694.9,39998.3,8533.9,30894.0,24.6,0,
2017-12-22 05:47:24,0,1,2,12.9,3695.3,39998.7,8600.6,31140.3,24.6,0,
2017-12-22 05:47:27,0,1,2,13.0,3695.8,39998.7,8667.2,31386.6,24.7,0,
2017-12-22 05:47:30,0,1,2,13.0,3696.1,39998.5,8667.2,31386.6,24.7,0,
2017-12-22 05:47:33,0,1,2,13.1,3696.3,39998.7,8733.9,31633.0,24.7,0,
2017-12-22 05:47:36,0,1,2,13.1,3696.6,39998.7,8733.9,31633.0,24.7,0,
2017-12-22 05:47:39,0,1,2,13.2,3697.1,39998.8,8800.5,31879.5,24.7,0,
2017-12-22 05:47:43,0,1,2,13.2,3697.3,39998.7,8800.5,31879.5,24.7,0,
2017-12-22 05:47:46,0,1,2,13.3,3697.9,39998.5,8867.2,32126.0,24.6,0,
2017-12-22 05:47:49,0,1,2,13.3,3698.1,39998.5,8867.2,32126.0,24.6,0,
2017-12-22 05:47:52,0,1,2,13.4,3698.3,39998.5,8933.9,32372.5,24.6,0,
2017-12-22 05:47:55,0,1,2,13.4,3698.8,39998.3,8933.9,32372.5,24.7,0,
2017-12-22 05:47:58,0,1,2,13.5,3699.1,39998.5,9000.5,32619.1,24.7,0,
2017-12-22 05:48:01,0,1,2,13.5,3699.4,39998.8,9000.5,32619.1,24.7,0,
2017-12-22 05:48:04,0,1,2,13.6,3699.8,39999.1,9067.2,32865.8,24.7,0,
2017-12-22 05:48:07,0,1,2,13.6,3700.1,39998.8,9067.2,32865.8,24.7,0,
2017-12-22 05:48:10,0,1,2,13.7,3700.5,39998.8,9133.9,33112.4,24.7,0,
2017-12-22 05:48:13,0,1,2,13.7,3700.8,39998.7,9133.9,33112.4,24.7,0,
2017-12-22 05:48:16,0,1,2,13.8,3701.2,39998.7,9200.5,33359.1,24.7,0,
2017-12-22 05:48:19,0,1,2,13.8,3701.4,39998.7,9200.5,33359.1,24.7,0,
2017-12-22 05:48:22,0,1,2,13.9,3701.7,39998.5,9267.2,33605.9,24.7,0,
2017-12-22 05:48:26,0,1,2,13.9,3702.0,39998.6,9267.2,33605.9,24.7,0,
2017-12-22 05:48:29,0,1,2,14.0,3702.2,39997.7,9333.8,33852.7,24.7,0,
2017-12-22 05:48:32,0,1,2,14.0,3702.8,39998.7,9333.8,33852.7,24.7,0,
2017-12-22 05:48:35,0,1,2,14.1,3703.0,39998.8,9400.5,34099.5,24.7,0,
2017-12-22 05:48:38,0,1,2,14.1,3703.5,39998.8,9400.5,34099.5,24.7,0,
2017-12-22 05:48:41,0,1,2,14.2,3703.8,39998.7,9467.2,34346.4,24.7,0,
2017-12-22 05:48:44,0,1,2,14.2,3704.1,39998.1,9467.2,34346.4,24.7,0,
2017-12-22 05:48:47,0,1,2,14.3,3704.5,39998.9,9533.8,34593.4,24.7,0,
2017-12-22 05:48:50,0,1,2,14.3,3704.8,39998.7,9533.8,34593.4,24.7,0,
2017-12-22 05:48:53,0,1,2,14.4,3705.0,39998.7,9600.5,34840.3,24.7,0,
2017-12-22 05:48:57,0,1,2,14.4,3705.4,39998.5,9600.5,34840.3,24.7,0,
2017-12-22 05:49:00,0,1,2,14.5,3705.7,39998.3,9667.2,35087.3,24.7,0,
2017-12-22 05:49:03,0,1,2,14.5,3706.1,39998.5,9667.2,35087.3,24.7,0,
2017-12-22 05:49:06,0,1,2,14.6,3706.4,39998.5,9733.8,35334.4,24.7,0,
2017-12-22 05:49:09,0,1,2,14.7,3706.8,39998.5,9800.5,35581.5,24.7,0,
2017-12-22 05:49:12,0,1,2,14.7,3707.1,39998.7,9800.5,35581.5,24.7,0,
2017-12-22 05:49:15,0,1,2,14.8,3707.4,39998.2,9867.1,35828.6,24.7,0,
2017-12-22 05:49:19,0,1,2,14.8,3707.9,39998.8,9867.1,35828.6,24.7,0,
2017-12-22 05:49:22,0,1,2,14.9,3708.0,39998.7,9933.8,36075.8,24.7,0,
2017-12-22 05:49:25,0,1,2,14.9,3708.5,39998.5,9933.8,36075.8,24.7,0,
2017-12-22 05:49:28,0,1,2,15.0,3708.8,39998.6,10000.5,36323.1,24.7,0,
2017-12-22 05:49:31,0,1,2,15.0,3709.1,39998.6,10000.5,36323.1,24.6,0,
2017-12-22 05:49:34,0,1,2,15.1,3709.5,39998.7,10067.1,36570.3,24.6,0,
2017-12-22 05:49:37,0,1,2,15.1,3709.7,39998.6,10067.1,36570.3,24.6,0,
2017-12-22 05:49:40,0,1,2,15.2,3710.2,39998.7,10133.8,36817.7,24.6,0,
2017-12-22 05:49:43,0,1,2,15.2,3710.5,39998.3,10133.8,36817.7,24.6,0,
2017-12-22 05:49:47,0,1,2,15.3,3710.8,39998.0,10200.5,37065.0,24.6,0,
2017-12-22 05:49:50,0,1,2,15.3,3711.0,39998.7,10200.5,37065.0,24.6,0,
2017-12-22 05:49:53,0,1,2,15.4,3711.5,39998.6,10267.1,37312.4,24.6,0,
2017-12-22 05:49:56,0,1,2,15.4,3711.8,39998.5,10267.1,37312.4,24.6,0,
2017-12-22 05:49:59,0,1,2,15.5,3712.1,39998.5,10333.8,37559.9,24.6,0,
2017-12-22 05:50:02,0,1,2,15.5,3712.4,39998.5,10333.8,37559.9,24.6,0,
2017-12-22 05:50:05,0,1,2,15.6,3712.8,39998.6,10400.4,37807.4,24.6,0,
2017-12-22 05:50:08,0,1,2,15.6,3713.1,39998.2,10400.4,37807.4,24.6,0,
2017-12-22 05:50:11,0,1,2,15.7,3713.6,39998.8,10467.1,38054.9,24.6,0,
2017-12-22 05:50:14,0,1,2,15.7,3713.9,39998.5,10467.1,38054.9,24.6,0,
2017-12-22 05:50:17,0,1,2,15.8,3714.2,39998.8,10533.8,38302.5,24.6,0,
2017-12-22 05:50:21,0,1,2,15.8,3714.6,39998.6,10533.8,38302.5,24.6,0,
2017-12-22 05:50:24,0,1,2,15.9,3714.7,39998.8,10600.4,38550.1,24.6,0,
2017-12-22 05:50:27,0,1,2,15.9,3715.2,39998.5,10600.4,38550.1,24.6,0,
2017-12-22 05:50:30,0,1,2,16.0,3715.7,39998.7,10667.1,38797.8,24.6,0,
2017-12-22 05:50:33,0,1,2,16.0,3716.0,39998.7,10667.1,38797.8,24.7,0,
2017-12-22 05:50:37,0,1,2,16.1,3716.3,39998.6,10733.7,39045.5,24.6,0,
2017-12-22 05:50:40,0,1,2,16.2,3716.7,39998.6,10800.4,39293.2,24.6,0,
2017-12-22 05:50:43,0,1,2,16.2,3716.8,39998.7,10800.4,39293.2,24.6,0,
2017-12-22 05:50:46,0,1,2,16.3,3717.2,39998.4,10867.1,39541.0,24.6,0,
2017-12-22 05:50:49,0,1,2,16.3,3717.5,39998.4,10867.1,39541.0,24.7,0,
2017-12-22 05:50:52,0,1,2,16.4,3717.8,39998.5,10933.7,39788.9,24.7,0,
2017-12-22 05:50:55,0,1,2,16.4,3718.3,39998.6,10933.7,39788.9,24.7,0,
2017-12-22 05:50:58,0,1,2,16.5,3718.5,39998.7,11000.4,40036.7,24.7,0,
2017-12-22 05:51:01,0,1,2,16.5,3718.9,39998.7,11000.4,40036.7,24.7,0,
2017-12-22 05:51:04,0,1,2,16.6,3719.2,39998.6,11067.1,40284.7,24.7,0,
2017-12-22 05:51:07,0,1,2,16.6,3719.4,39998.3,11067.1,40284.7,24.7,0,
2017-12-22 05:51:10,0,1,2,16.7,3720.1,39998.5,11133.7,40532.6,24.7,0,
2017-12-22 05:51:13,0,1,2,16.7,3720.2,39998.5,11133.7,40532.6,24.6,0,
2017-12-22 05:51:16,0,1,2,16.8,3720.6,39999.1,11200.4,40780.7,24.6,0,
2017-12-22 05:51:19,0,1,2,16.8,3721.1,39998.7,11200.4,40780.7,24.6,0,
2017-12-22 05:51:22,0,1,2,16.9,3721.3,39998.6,11267.0,41028.7,24.6,0,
2017-12-22 05:51:25,0,1,2,16.9,3721.7,39998.6,11267.0,41028.7,24.7,0,
2017-12-22 05:51:28,0,1,2,17.0,3722.0,39998.5,11333.7,41276.8,24.7,0,
2017-12-22 05:51:31,0,1,2,17.0,3722.5,39998.7,11333.7,41276.8,24.6,0,
2017-12-22 05:51:34,0,1,2,17.1,3722.8,39998.5,11400.4,41525.0,24.7,0,
2017-12-22 05:51:37,0,1,2,17.1,3723.1,39998.8,11400.4,41525.0,24.7,0,
2017-12-22 05:51:41,0,1,2,17.2,3723.4,39998.7,11467.0,41773.2,24.7,0,
2017-12-22 05:51:44,0,1,2,17.2,3723.8,39998.3,11467.0,41773.2,24.7,0,
2017-12-22 05:51:47,0,1,2,17.3,3724.0,39998.8,11533.7,42021.4,24.6,0,
2017-12-22 05:51:50,0,1,2,17.3,3724.5,39998.5,11533.7,42021.4,24.6,0,
2017-12-22 05:51:53,0,1,2,17.4,3725.0,39998.6,11600.4,42269.7,24.6,0,
2017-12-22 05:51:56,0,1,2,17.4,3725.3,39998.5,11600.4,42269.7,24.6,0,
2017-12-22 05:51:59,0,1,2,17.5,3725.6,39998.2,11667.0,42518.1,24.7,0,
2017-12-22 05:52:03,0,1,2,17.5,3726.0,39998.3,11667.0,42518.1,24.7,0,
2017-12-22 05:52:06,0,1,2,17.6,3726.4,39998.5,11733.7,42766.5,24.7,0,
2017-12-22 05:52:09,0,1,2,17.6,3726.8,39998.3,11733.7,42766.5,24.8,0,
2017-12-22 05:52:12,0,1,2,17.7,3727.1,39998.6,11800.3,43014.9,24.7,0,
2017-12-22 05:52:15,0,1,2,17.7,3727.4,39998.3,11800.3,43014.9,24.7,0,
2017-12-22 05:52:18,0,1,2,17.8,3727.8,39998.2,11867.0,43263.4,24.8,0,
2017-12-22 05:52:21,0,1,2,17.8,3728.2,39998.8,11867.0,43263.4,24.8,0,
2017-12-22 05:52:25,0,1,2,17.9,3728.6,39998.7,11933.7,43511.9,24.8,0,
2017-12-22 05:52:28,0,1,2,18.0,3728.9,39998.5,12000.3,43760.5,24.7,0,
2017-12-22 05:52:31,0,1,2,18.0,3729.4,39998.7,12000.3,43760.5,24.7,0,
2017-12-22 05:52:34,0,1,2,18.1,3729.8,39998.5,12067.0,44009.1,24.7,0,
2017-12-22 05:52:37,0,1,2,18.1,3730.1,39998.5,12067.0,44009.1,24.8,0,
2017-12-22 05:52:40,0,1,2,18.2,3730.6,39998.5,12133.6,44257.8,24.7,0,
2017-12-22 05:52:43,0,1,2,18.2,3730.8,39998.2,12133.6,44257.8,24.7,0,
2017-12-22 05:52:46,0,1,2,18.3,3731.4,39998.0,12200.3,44506.6,24.7,0,
2017-12-22 05:52:50,0,1,2,18.3,3731.7,39998.3,12200.3,44506.6,24.7,0,
2017-12-22 05:52:53,0,1,2,18.4,3731.9,39998.4,12267.0,44755.3,24.8,0,
2017-12-22 05:52:56,0,1,2,18.4,3732.5,39998.5,12267.0,44755.3,24.8,0,
2017-12-22 05:52:59,0,1,2,18.5,3732.9,39998.3,12333.6,45004.2,24.8,0,
2017-12-22 05:53:02,0,1,2,18.5,3733.2,39998.4,12333.6,45004.2,24.8,0,
2017-12-22 05:53:05,0,1,2,18.6,3733.6,39998.5,12400.3,45253.0,24.7,0,
2017-12-22 05:53:09,0,1,2,18.6,3733.9,39998.5,12400.3,45253.0,24.8,0,
2017-12-22 05:53:12,0,1,2,18.7,3734.4,39998.5,12467.0,45502.0,24.8,0,
2017-12-22 05:53:15,0,1,2,18.7,3735.0,39998.7,12467.0,45502.0,24.8,0,
2017-12-22 05:53:18,0,1,2,18.8,3735.4,39998.5,12533.6,45750.9,24.8,0,
2017-12-22 05:53:21,0,1,2,18.9,3735.6,39998.2,12600.3,46000.0,24.8,0,
2017-12-22 05:53:25,0,1,2,18.9,3736.2,39998.3,12600.3,46000.0,24.8,0,
2017-12-22 05:53:28,0,1,2,19.0,3736.6,39998.3,12666.9,46249.0,24.7,0,
2017-12-22 05:53:31,0,1,2,19.0,3736.9,39998.5,12666.9,46249.0,24.8,0,
2017-12-22 05:53:34,0,1,2,19.1,3737.3,39998.5,12733.6,46498.2,24.8,0,
2017-12-22 05:53:37,0,1,2,19.1,3737.8,39998.7,12733.6,46498.2,24.7,0,
2017-12-22 05:53:41,0,1,2,19.2,3738.2,39998.7,12800.3,46747.4,24.7,0,
2017-12-22 05:53:44,0,1,2,19.2,3738.6,39999.1,12800.3,46747.4,24.7,0,
2017-12-22 05:53:47,0,1,2,19.3,3739.1,39998.5,12866.9,46996.6,24.8,0,
2017-12-22 05:53:50,0,1,2,19.3,3739.3,39998.5,12866.9,46996.6,24.8,0,
2017-12-22 05:53:53,0,1,2,19.4,3739.9,39998.5,12933.6,47245.9,24.7,0,
2017-12-22 05:53:56,0,1,2,19.4,3740.2,39998.7,12933.6,47245.9,24.8,0,
2017-12-22 05:53:59,0,1,2,19.5,3740.6,39998.7,13000.3,47495.2,24.8,0,
2017-12-22 05:54:03,0,1,2,19.5,3741.2,39998.5,13000.3,47495.2,24.8,0,
2017-12-22 05:54:06,0,1,2,19.6,3741.3,39998.7,13066.9,47744.6,24.8,0,
2017-12-22 05:54:09,0,1,2,19.6,3742.1,39998.7,13066.9,47744.6,24.8,0,
2017-12-22 05:54:12,0,1,2,19.7,3742.2,39998.4,13133.6,47994.1,24.8,0,
2017-12-22 05:54:15,0,1,2,19.7,3742.6,39998.7,13133.6,47994.1,24.8,0,
2017-12-22 05:54:18,0,1,2,19.8,3743.2,39998.5,13200.2,48243.6,24.8,0,
2017-12-22 05:54:21,0,1,2,19.8,3743.6,39998.5,13200.2,48243.6,24.8,0,
2017-12-22 05:54:24,0,1,2,19.9,3743.9,39998.7,13266.9,48493.1,24.8,0,
2017-12-22 05:54:28,0,1,2,20.0,3744.6,39998.4,13333.6,48742.8,24.8,0,
2017-12-22 05:54:31,0,1,2,20.0,3744.8,39998.5,13333.6,48742.8,24.8,0,
2017-12-22 05:54:34,0,1,2,20.1,3745.4,39998.5,13400.2,48992.4,24.8,0,
2017-12-22 05:54:37,0,1,2,20.1,3745.6,39998.5,13400.2,48992.4,24.7,0,
2017-12-22 05:54:40,0,1,2,20.2,3746.2,39998.3,13466.9,49242.1,24.7,0,
2017-12-22 05:54:43,0,1,2,20.2,3746.6,39998.4,13466.9,49242.1,24.7,0,
2017-12-22 05:54:46,0,1,2,20.3,3747.1,39998.5,13533.5,49491.9,24.7,0,
2017-12-22 05:54:49,0,1,2,20.3,3747.6,39998.5,13533.5,49491.9,24.7,0,
2017-12-22 05:54:52,0,1,2,20.4,3747.9,39998.4,13600.2,49741.7,24.6,0,
2017-12-22 05:54:55,0,1,2,20.4,3748.5,39998.5,13600.2,49741.7,24.6,0,
2017-12-22 05:54:58,0,1,2,20.5,3748.9,39998.2,13666.9,49991.6,24.6,0,
2017-12-22 05:55:01,0,1,2,20.5,3749.2,39998.7,13666.9,49991.6,24.6,0,
2017-12-22 05:55:04,0,1,2,20.6,3749.7,39998.4,13733.5,50241.6,24.6,0,
2017-12-22 05:55:07,0,1,2,20.6,3750.1,39998.8,13733.5,50241.6,24.6,0,
2017-12-22 05:55:11,0,1,2,20.7,3750.6,39998.7,13800.2,50491.6,24.6,0,
2017-12-22 05:55:14,0,1,2,20.7,3751.2,39998.4,13800.2,50491.6,24.6,0,
2017-12-22 05:55:17,0,1,2,20.8,3751.5,39998.4,13866.9,50741.7,24.7,0,
2017-12-22 05:55:20,0,1,2,20.8,3751.9,39998.3,13866.9,50741.7,24.7,0,
2017-12-22 05:55:23,0,1,2,20.9,3752.5,39998.5,13933.5,50991.8,24.7,0,
2017-12-22 05:55:26,0,1,2,20.9,3752.8,39998.3,13933.5,50991.8,24.7,0,
2017-12-22 05:55:29,0,1,2,21.0,3753.4,39998.3,14000.2,51242.0,24.7,0,
2017-12-22 05:55:33,0,1,2,21.0,3753.8,39998.5,14000.2,51242.0,24.7,0,
2017-12-22 05:55:36,0,1,2,21.1,3754.3,39998.4,14066.8,51492.2,24.8,0,
2017-12-22 05:55:39,0,1,2,21.1,3754.9,39998.7,14066.8,51492.2,24.8,0,
2017-12-22 05:55:42,0,1,2,21.2,3755.2,39998.0,14133.5,51742.5,24.8,0,
2017-12-22 05:55:46,0,1,2,21.3,3755.9,39998.4,14200.2,51992.9,24.8,0,
2017-12-22 05:55:49,0,1,2,21.3,3756.3,39998.3,14200.2,51992.9,24.8,0,
2017-12-22 05:55:52,0,1,2,21.4,3756.6,39998.4,14266.8,52243.3,24.8,0,
2017-12-22 05:55:55,0,1,2,21.4,3757.2,39998.5,14266.8,52243.3,24.8,0,
2017-12-22 05:55:58,0,1,2,21.5,3757.8,39998.4,14333.5,52493.8,24.8,0,
2017-12-22 05:56:01,0,1,2,21.5,3758.3,39998.3,14333.5,52493.8,24.8,0,
2017-12-22 05:56:04,0,1,2,21.6,3758.6,39998.3,14400.1,52744.4,24.8,0,
2017-12-22 05:56:07,0,1,2,21.6,3759.2,39998.4,14400.1,52744.4,24.8,0,
2017-12-22 05:56:10,0,1,2,21.7,3759.7,39998.5,14466.8,52995.0,24.8,0,
2017-12-22 05:56:13,0,1,2,21.7,3760.0,39998.7,14466.8,52995.0,24.8,0,
2017-12-22 05:56:16,0,1,2,21.8,3760.5,39998.8,14533.5,53245.7,24.8,0,
2017-12-22 05:56:19,0,1,2,21.8,3761.0,39998.4,14533.5,53245.7,24.8,0,
2017-12-22 05:56:23,0,1,2,21.9,3761.5,39998.5,14600.1,53496.4,24.8,0,
2017-12-22 05:56:26,0,1,2,21.9,3762.1,39998.2,14600.1,53496.4,24.8,0,
2017-12-22 05:56:29,0,1,2,22.0,3762.6,39998.3,14666.8,53747.2,24.8,0,
2017-12-22 05:56:32,0,1,2,22.0,3763.2,39998.4,14666.8,53747.2,24.8,0,
2017-12-22 05:56:35,0,1,2,22.1,3763.7,39998.4,14733.4,53998.1,24.8,0,
2017-12-22 05:56:38,0,1,2,22.1,3764.1,39998.0,14733.4,53998.1,24.8,0,
2017-12-22 05:56:42,0,1,2,22.2,3764.8,39998.2,14800.1,54249.0,24.8,0,
2017-12-22 05:56:45,0,1,2,22.2,3765.2,39998.5,14800.1,54249.0,24.8,0,
2017-12-22 05:56:48,0,1,2,22.3,3765.9,39998.5,14866.8,54500.0,24.8,0,
2017-12-22 05:56:51,0,1,2,22.3,3766.4,39998.0,14866.8,54500.0,24.8,0,
2017-12-22 05:56:55,0,1,2,22.4,3766.8,39998.0,14933.4,54751.1,24.8,0,
2017-12-22 05:56:58,0,1,2,22.5,3767.4,39998.2,15000.1,55002.2,24.8,0,
2017-12-22 05:57:01,0,1,2,22.5,3767.8,39998.2,15000.1,55002.2,24.8,0,
2017-12-22 05:57:04,0,1,2,22.6,3768.2,39998.4,15066.8,55253.4,24.8,0,
2017-12-22 05:57:07,0,1,2,22.6,3768.9,39998.2,15066.8,55253.4,24.8,0,
2017-12-22 05:57:10,0,1,2,22.7,3769.4,39998.2,15133.4,55504.7,24.8,0,
2017-12-22 05:57:13,0,1,2,22.7,3770.0,39998.5,15133.4,55504.7,24.7,0,
2017-12-22 05:57:16,0,1,2,22.8,3770.6,39998.4,15200.1,55756.0,24.8,0,
2017-12-22 05:57:20,0,1,2,22.8,3771.2,39998.5,15200.1,55756.0,24.8,0,
2017-12-22 05:57:23,0,1,2,22.9,3771.6,39997.9,15266.7,56007.5,24.7,0,
2017-12-22 05:57:26,0,1,2,22.9,3772.1,39998.4,15266.7,56007.5,24.8,0,
2017-12-22 05:57:29,0,1,2,23.0,3772.8,39998.3,15333.4,56258.9,24.8,0,
2017-12-22 05:57:32,0,1,2,23.0,3773.2,39998.6,15333.4,56258.9,24.8,0,
2017-12-22 05:57:36,0,1,2,23.1,3774.0,39998.5,15400.1,56510.5,24.8,0,
2017-12-22 05:57:39,0,1,2,23.1,3774.4,39998.2,15400.1,56510.5,24.8,0,
2017-12-22 05:57:42,0,1,2,23.2,3774.9,39998.2,15466.7,56762.1,24.8,0,
2017-12-22 05:57:45,0,1,2,23.2,3775.7,39998.2,15466.7,56762.1,24.8,0,
2017-12-22 05:57:48,0,1,2,23.3,3776.1,39998.2,15533.4,57013.8,24.8,0,
2017-12-22 05:57:51,0,1,2,23.4,3776.7,39998.2,15600.0,57265.6,24.8,0,
2017-12-22 05:57:55,0,1,2,23.4,3777.3,39998.6,15600.0,57265.6,24.8,0,
2017-12-22 05:57:58,0,1,2,23.5,3777.9,39998.4,15666.7,57517.4,24.8,0,
2017-12-22 05:58:01,0,1,2,23.5,3778.5,39998.4,15666.7,57517.4,24.8,0,
2017-12-22 05:58:04,0,1,2,23.6,3779.0,39998.5,15733.4,57769.3,24.8,0,
2017-12-22 05:58:07,0,1,2,23.6,3779.6,39998.5,15733.4,57769.3,24.8,0,
2017-12-22 05:58:10,0,1,2,23.7,3780.2,39998.5,15800.0,58021.3,24.8,0,
2017-12-22 05:58:14,0,1,2,23.7,3780.7,39998.7,15800.0,58021.3,24.8,0,
2017-12-22 05:58:17,0,1,2,23.8,3781.4,39998.1,15866.7,58273.3,24.8,0,
2017-12-22 05:58:20,0,1,2,23.8,3781.7,39998.3,15866.7,58273.3,24.8,0,
2017-12-22 05:58:23,0,1,2,23.9,3782.5,39998.2,15933.3,58525.4,24.8,0,
2017-12-22 05:58:26,0,1,2,23.9,3783.2,39998.5,15933.3,58525.4,24.9,0,
2017-12-22 05:58:29,0,1,2,24.0,3783.7,39998.3,16000.0,58777.6,24.9,0,
2017-12-22 05:58:33,0,1,2,24.0,3784.3,39998.5,16000.0,58777.6,24.8,0,
2017-12-22 05:58:36,0,1,2,24.1,3784.9,39998.3,16066.7,59029.9,24.9,0,
2017-12-22 05:58:39,0,1,2,24.1,3785.5,39998.3,16066.7,59029.9,24.8,0,
2017-12-22 05:58:42,0,1,2,24.2,3786.0,39997.7,16133.3,59282.2,24.9,0,
2017-12-22 05:58:45,0,1,2,24.3,3786.8,39998.5,16200.0,59534.7,24.9,0,
2017-12-22 05:58:49,0,1,2,24.3,3787.3,39998.3,16200.0,59534.7,24.9,0,
2017-12-22 05:58:52,0,1,2,24.4,3787.9,39997.6,16266.7,59787.2,24.9,0,
2017-12-22 05:58:55,0,1,2,24.4,3788.6,39998.2,16266.7,59787.2,24.8,0,
2017-12-22 05:58:58,0,1,2,24.5,3789.1,39998.3,16333.3,60039.8,24.8,0,
2017-12-22 05:59:01,0,1,2,24.5,3789.8,39998.3,16333.3,60039.8,24.8,0,
2017-12-22 05:59:05,0,1,2,24.6,3790.4,39998.2,16400.0,60292.4,24.8,0,
2017-12-22 05:59:08,0,1,2,24.6,3791.2,39998.3,16400.0,60292.4,24.8,0,
2017-12-22 05:59:11,0,1,2,24.7,3791.7,39998.5,16466.6,60545.2,24.8,0,
2017-12-22 05:59:14,0,1,2,24.7,3792.3,39998.3,16466.6,60545.2,24.8,0,
2017-12-22 05:59:17,0,1,2,24.8,3792.9,39998.2,16533.3,60798.0,24.8,0,
2017-12-22 05:59:20,0,1,2,24.8,3793.6,39998.2,16533.3,60798.0,24.8,0,
2017-12-22 05:59:23,0,1,2,24.9,3794.2,39998.2,16600.0,61050.9,24.8,0,
2017-12-22 05:59:27,0,1,2,24.9,3794.9,39998.0,16600.0,61050.9,24.8,0,
2017-12-22 05:59:30,0,1,2,25.0,3795.3,39998.2,16666.6,61303.9,24.8,0,
2017-12-22 05:59:33,0,1,2,25.0,3796.0,39998.1,16666.6,61303.9,24.8,0,
2017-12-22 05:59:36,0,1,2,25.1,3796.8,39998.5,16733.3,61556.9,24.8,0,
2017-12-22 05:59:39,0,1,2,25.1,3797.4,39998.4,16733.3,61556.9,24.8,0,
2017-12-22 05:59:42,0,1,2,25.2,3798.0,39998.2,16799.9,61810.1,24.8,0,
2017-12-22 05:59:45,0,1,2,25.2,3798.6,39998.3,16799.9,61810.1,24.8,0,
2017-12-22 05:59:48,0,1,2,25.3,3799.2,39998.1,16866.6,62063.3,24.8,0,
2017-12-22 05:59:51,0,1,2,25.3,3799.9,39998.2,16866.6,62063.3,24.8,0,
2017-12-22 05:59:54,0,1,2,25.4,3800.5,39998.5,16933.3,62316.6,24.8,0,
2017-12-22 05:59:57,0,1,2,25.4,3801.2,39998.1,16933.3,62316.6,24.8,0,
2017-12-22 06:00:00,0,1,2,25.5,3801.9,39997.9,16999.9,62570.0,24.8,0,
2017-12-22 06:00:04,0,1,2,25.6,3802.7,39998.2,17066.6,62823.5,24.8,0,
2017-12-22 06:00:07,0,1,2,25.6,3803.4,39998.0,17066.6,62823.5,24.8,0,
2017-12-22 06:00:10,0,1,2,25.7,3804.0,39998.0,17133.2,63077.1,24.8,0,
2017-12-22 06:00:13,0,1,2,25.7,3804.7,39998.2,17133.2,63077.1,24.8,0,
2017-12-22 06:00:17,0,1,2,25.8,3805.4,39998.2,17199.9,63330.7,24.8,0,
2017-12-22 06:00:20,0,1,2,25.8,3806.1,39998.2,17199.9,63330.7,24.8,0,
2017-12-22 06:00:23,0,1,2,25.9,3806.9,39998.2,17266.6,63584.5,24.8,0,
2017-12-22 06:00:26,0,1,2,25.9,3807.3,39998.5,17266.6,63584.5,24.8,0,
2017-12-22 06:00:29,0,1,2,26.0,3808.0,39997.7,17333.2,63838.3,24.8,0,
2017-12-22 06:00:32,0,1,2,26.0,3808.7,39998.2,17333.2,63838.3,24.8,0,
2017-12-22 06:00:36,0,1,2,26.1,3809.6,39998.2,17399.9,64092.2,24.8,0,
2017-12-22 06:00:39,0,1,2,26.1,3810.1,39998.3,17399.9,64092.2,24.8,0,
2017-12-22 06:00:42,0,1,2,26.2,3810.9,39998.0,17466.5,64346.2,24.8,0,
2017-12-22 06:00:45,0,1,2,26.2,3811.5,39998.2,17466.5,64346.2,24.8,0,
2017-12-22 06:00:48,0,1,2,26.3,3812.2,39998.1,17533.2,64600.3,24.8,0,
2017-12-22 06:00:51,0,1,2,26.3,3812.9,39998.2,17533.2,64600.3,24.8,0,
2017-12-22 06:00:54,0,1,2,26.4,3813.6,39998.4,17599.9,64854.5,24.8,0,
2017-12-22 06:00:57,0,1,2,26.5,3814.5,39997.8,17666.5,65108.7,24.8,0,
2017-12-22 06:01:01,0,1,2,26.5,3815.1,39998.0,17666.5,65108.7,24.8,0,
2017-12-22 06:01:04,0,1,2,26.6,3815.9,39998.3,17733.2,65363.1,24.8,0,
2017-12-22 06:01:07,0,1,2,26.6,3816.6,39998.5,17733.2,65363.1,24.8,0,
2017-12-22 06:01:10,0,1,2,26.7,3817.4,39998.2,17799.9,65617.6,24.8,0,
2017-12-22 06:01:14,0,1,2,26.7,3818.2,39998.2,17799.9,65617.6,24.8,0,
2017-12-22 06:01:17,0,1,2,26.8,3818.8,39998.4,17866.5,65872.1,24.8,0,
2017-12-22 06:01:20,0,1,2,26.8,3819.5,39998.2,17866.5,65872.1,24.8,0,
2017-12-22 06:01:23,0,1,2,26.9,3820.2,39998.0,17933.2,66126.7,24.8,0,
2017-12-22 06:01:26,0,1,2,26.9,3821.0,39998.2,17933.2,66126.7,24.8,0,
2017-12-22 06:01:29,0,1,2,27.0,3821.9,39997.8,17999.8,66381.5,24.8,0,
2017-12-22 06:01:32,0,1,2,27.0,3822.5,39998.3,17999.8,66381.5,24.8,0,
2017-12-22 06:01:36,0,1,2,27.1,3823.2,39997.9,18066.5,66636.3,24.8,0,
2017-12-22 06:01:39,0,1,2,27.1,3824.0,39998.2,18066.5,66636.3,24.8,0,
2017-12-22 06:01:42,0,1,2,27.2,3824.7,39998.2,18133.2,66891.2,24.8,0,
2017-12-22 06:01:45,0,1,2,27.2,3825.3,39997.9,18133.2,66891.2,24.9,0,
2017-12-22 06:01:48,0,1,2,27.3,3826.2,39998.2,18199.8,67146.2,24.9,0,
2017-12-22 06:01:51,0,1,2,27.3,3827.1,39998.2,18199.8,67146.2,24.9,0,
2017-12-22 06:01:55,0,1,2,27.4,3827.8,39998.2,18266.5,67401.3,24.9,0,
2017-12-22 06:01:58,0,1,2,27.5,3828.7,39998.4,18333.1,67656.6,24.9,0,
2017-12-22 06:02:01,0,1,2,27.5,3829.3,39998.2,18333.1,67656.6,24.9,0,
2017-12-22 06:02:04,0,1,2,27.6,3830.1,39998.0,18399.8,67911.9,24.9,0,
2017-12-22 06:02:07,0,1,2,27.6,3830.8,39997.8,18399.8,67911.9,24.9,0,
2017-12-22 06:02:10,0,1,2,27.7,3831.5,39998.2,18466.5,68167.3,24.9,0,
2017-12-22 06:02:14,0,1,2,27.7,3832.5,39998.2,18466.5,68167.3,24.9,0,
2017-12-22 06:02:17,0,1,2,27.8,3833.3,39998.1,18533.1,68422.8,24.9,0,
2017-12-22 06:02:20,0,1,2,27.8,3834.1,39998.0,18533.1,68422.8,24.9,0,
2017-12-22 06:02:23,0,1,2,27.9,3834.9,39998.0,18599.8,68678.4,24.9,0,
2017-12-22 06:02:26,0,1,2,27.9,3835.6,39998.0,18599.8,68678.4,24.9,0,
2017-12-22 06:02:29,0,1,2,28.0,3836.3,39998.2,18666.4,68934.0,24.9,0,
2017-12-22 06:02:32,0,1,2,28.0,3837.2,39998.3,18666.4,68934.0,24.9,0,
2017-12-22 06:02:35,0,1,2,28.1,3837.7,39998.3,18733.1,69189.9,25.0,0,
2017-12-22 06:02:38,0,1,2,28.1,3838.5,39998.2,18733.1,69189.9,25.0,0,
2017-12-22 06:02:41,0,1,2,28.2,3839.5,39998.0,18799.8,69445.7,25.0,0,
2017-12-22 06:02:44,0,1,2,28.2,3840.1,39998.0,18799.8,69445.7,25.0,0,
2017-12-22 06:02:47,0,1,2,28.3,3841.1,39998.2,18866.4,69701.8,25.0,0,
2017-12-22 06:02:51,0,1,2,28.3,3842.0,39998.1,18866.4,69701.8,25.0,0,
2017-12-22 06:02:54,0,1,2,28.4,3842.7,39998.3,18933.1,69957.9,25.0,0,
2017-12-22 06:02:57,0,1,2,28.4,3843.4,39998.3,18933.1,69957.9,25.0,0,
2017-12-22 06:03:00,0,1,2,28.5,3844.1,39998.1,18999.7,70214.1,25.0,0,
2017-12-22 06:03:03,0,1,2,28.5,3845.0,39998.0,18999.7,70214.1,25.0,0,
2017-12-22 06:03:06,0,1,2,28.6,3845.7,39998.5,19066.4,70470.4,25.0,0,
2017-12-22 06:03:09,0,1,2,28.6,3846.7,39998.4,19066.4,70470.4,24.9,0,
2017-12-22 06:03:12,0,1,2,28.7,3847.4,39998.3,19133.1,70726.8,24.9,0,
2017-12-22 06:03:16,0,1,2,28.8,3848.4,39998.2,19199.7,70983.4,24.9,0,
2017-12-22 06:03:19,0,1,2,28.8,3849.2,39998.2,19199.7,70983.4,24.8,0,
2017-12-22 06:03:22,0,1,2,28.9,3850.1,39998.2,19266.4,71240.0,24.8,0,
2017-12-22 06:03:25,0,1,2,28.9,3850.8,39998.3,19266.4,71240.0,24.8,0,
2017-12-22 06:03:28,0,1,2,29.0,3851.7,39998.2,19333.0,71496.8,24.8,0,
2017-12-22 06:03:31,0,1,2,29.0,3852.4,39998.4,19333.0,71496.8,24.8,0,
2017-12-22 06:03:34,0,1,2,29.1,3853.4,39998.3,19399.7,71753.6,24.8,0,
2017-12-22 06:03:38,0,1,2,29.1,3854.2,39998.2,19399.7,71753.6,24.8,0,
2017-12-22 06:03:41,0,1,2,29.2,3854.9,39998.3,19466.4,72010.6,24.8,0,
2017-12-22 06:03:44,0,1,2,29.2,3856.0,39998.3,19466.4,72010.6,24.9,0,
2017-12-22 06:03:47,0,1,2,29.3,3856.6,39998.4,19533.0,72267.7,24.8,0,
2017-12-22 06:03:50,0,1,2,29.3,3857.6,39998.3,19533.0,72267.7,24.9,0,
2017-12-22 06:03:53,0,1,2,29.4,3858.3,39998.1,19599.7,72524.8,24.9,0,
2017-12-22 06:03:56,0,1,2,29.4,3859.3,39998.3,19599.7,72524.8,24.9,0,
2017-12-22 06:03:59,0,1,2,29.5,3860.1,39998.2,19666.3,72782.1,24.9,0,
2017-12-22 06:04:02,0,1,2,29.5,3861.0,39998.1,19666.3,72782.1,24.9,0,
2017-12-22 06:04:05,0,1,2,29.6,3861.7,39998.3,19733.0,73039.5,24.9,0,
2017-12-22 06:04:08,0,1,2,29.6,3862.8,39998.3,19733.0,73039.5,24.9,0,
2017-12-22 06:04:12,0,1,2,29.7,3863.6,39998.5,19799.7,73297.0,24.9,0,
2017-12-22 06:04:15,0,1,2,29.7,3864.5,39998.5,19799.7,73297.0,24.9,0,
2017-12-22 06:04:18,0,1,2,29.8,3865.4,39998.2,19866.3,73554.6,24.9,0,
2017-12-22 06:04:21,0,1,2,29.8,3866.2,39998.3,19866.3,73554.6,25.0,0,
2017-12-22 06:04:24,0,1,2,29.9,3867.0,39998.1,19933.0,73812.3,25.0,0,
2017-12-22 06:04:27,0,1,2,30.0,3867.9,39998.5,19999.6,74070.2,25.0,0,
2017-12-22 06:04:30,0,1,2,30.0,3868.9,39998.2,19999.6,74070.2,25.0,0,
2017-12-22 06:04:34,0,1,2,30.1,3869.8,39998.3,20066.3,74328.1,25.0,0,
2017-12-22 06:04:37,0,1,2,30.1,3870.7,39998.5,20066.3,74328.1,25.0,0,
2017-12-22 06:04:40,0,1,2,30.2,3871.6,39998.3,20133.0,74586.2,25.0,0,
2017-12-22 06:04:43,0,1,2,30.2,3872.3,39998.7,20133.0,74586.2,25.0,0,
2017-12-22 06:04:46,0,1,2,30.3,3873.2,39998.2,20199.6,74844.4,25.0,0,
2017-12-22 06:04:49,0,1,2,30.3,3874.0,39998.2,20199.6,74844.4,25.0,0,
2017-12-22 06:04:52,0,1,2,30.4,3874.9,39998.2,20266.3,75102.7,25.0,0,
2017-12-22 06:04:55,0,1,2,30.4,3875.9,39998.3,20266.3,75102.7,25.0,0,
2017-12-22 06:04:58,0,1,2,30.5,3876.7,39998.2,20333.0,75361.1,25.0,0,
2017-12-22 06:05:01,0,1,2,30.5,3877.7,39998.4,20333.0,75361.1,25.0,0,
2017-12-22 06:05:05,0,1,2,30.6,3878.8,39998.2,20399.6,75619.6,25.0,0,
2017-12-22 06:05:08,0,1,2,30.6,3879.6,39998.0,20399.6,75619.6,24.9,0,
2017-12-22 06:05:11,0,1,2,30.7,3880.6,39998.2,20466.3,75878.3,24.9,0,
2017-12-22 06:05:14,0,1,2,30.7,3881.5,39998.0,20466.3,75878.3,25.0,0,
2017-12-22 06:05:17,0,1,2,30.8,3882.3,39998.2,20532.9,76137.0,24.9,0,
2017-12-22 06:05:20,0,1,2,30.8,3883.2,39998.0,20532.9,76137.0,24.9,0,
2017-12-22 06:05:24,0,1,2,30.9,3884.2,39998.2,20599.6,76395.9,25.0,0,
2017-12-22 06:05:27,0,1,2,30.9,3885.0,39997.9,20599.6,76395.9,25.0,0,
2017-12-22 06:05:30,0,1,2,31.0,3885.9,39998.3,20666.3,76654.9,25.0,0,
2017-12-22 06:05:33,0,1,2,31.0,3887.0,39998.2,20666.3,76654.9,25.0,0,
2017-12-22 06:05:36,0,1,2,31.1,3887.7,39997.8,20732.9,76914.0,25.0,0,
2017-12-22 06:05:39,0,1,2,31.1,3888.8,39998.3,20732.9,76914.0,25.0,0,
2017-12-22 06:05:42,0,1,2,31.2,3889.5,39998.5,20799.6,77173.3,25.0,0,
2017-12-22 06:05:45,0,1,2,31.2,3890.6,39998.2,20799.6,77173.3,25.0,0,
2017-12-22 06:05:48,0,1,2,31.3,3891.7,39998.0,20866.2,77432.6,24.9,0,
2017-12-22 06:05:51,0,1,2,31.4,3892.4,39998.0,20932.9,77692.1,25.0,0,
2017-12-22 06:05:54,0,1,2,31.4,3893.4,39998.2,20932.9,77692.1,24.9,0,
2017-12-22 06:05:57,0,1,2,31.5,3894.3,39997.6,20999.6,77951.7,24.9,0,
2017-12-22 06:06:01,0,1,2,31.5,3895.2,39997.6,20999.6,77951.7,25.0,0,
2017-12-22 06:06:04,0,1,2,31.6,3896.4,39996.8,21066.2,78211.4,24.9,0,
2017-12-22 06:06:07,0,1,2,31.6,3897.1,39997.6,21066.2,78211.4,25.0,0,
2017-12-22 06:06:10,0,1,2,31.7,3898.2,39998.3,21132.9,78471.3,25.0,0,
2017-12-22 06:06:13,0,1,2,31.7,3899.1,39997.6,21132.9,78471.3,25.0,0,
2017-12-22 06:06:16,0,1,2,31.8,3900.0,39997.5,21199.5,78731.2,25.0,0,
2017-12-22 06:06:19,0,1,2,31.8,3900.0,38729.7,21199.5,78731.2,25.0,0,
2017-12-22 06:06:22,0,1,2,31.9,3900.1,37850.3,21262.9,78978.5,25.0,0,
2017-12-22 06:06:25,0,1,2,31.9,3899.9,36836.2,21262.9,78978.5,25.0,0,
2017-12-22 06:06:29,0,1,2,32.0,3899.9,35995.0,21323.4,79214.4,25.0,0,
2017-12-22 06:06:32,0,1,2,32.0,3900.0,35121.5,21323.4,79214.4,25.0,0,
2017-12-22 06:06:35,0,1,2,32.1,3900.1,34405.7,21381.3,79440.3,25.0,0,
2017-12-22 06:06:38,0,1,2,32.1,3900.1,33655.7,21381.3,79440.3,25.0,0,
2017-12-22 06:06:41,0,1,2,32.2,3899.9,32983.7,21437.0,79657.3,25.0,0,
2017-12-22 06:06:44,0,1,2,32.2,3900.1,32395.3,21437.0,79657.3,25.0,0,
2017-12-22 06:06:47,0,1,2,32.3,3900.0,31830.0,21490.6,79866.2,25.0,0,
2017-12-22 06:06:50,0,1,2,32.3,3899.9,31195.9,21490.6,79866.2,25.0,0,
2017-12-22 06:06:53,0,1,2,32.4,3900.1,30652.8,21542.2,80067.5,25.0,0,
2017-12-22 06:06:56,0,1,2,32.4,3900.0,30057.9,21542.2,80067.5,25.0,0,
2017-12-22 06:07:00,0,1,2,32.5,3899.9,29595.4,21592.1,80262.3,25.0,0,
2017-12-22 06:07:03,0,1,2,32.5,3899.9,29078.7,21592.1,80262.3,25.0,0,
2017-12-22 06:07:06,0,1,2,32.6,3899.9,28429.0,21640.3,80450.3,25.0,0,
2017-12-22 06:07:09,0,1,2,32.6,3900.1,27933.5,21640.3,80450.3,25.0,0,
2017-12-22 06:07:12,0,1,2,32.7,3900.0,27447.9,21686.8,80631.4,25.0,0,
2017-12-22 06:07:16,0,1,2,32.8,3900.0,26900.4,21731.6,80806.4,25.0,0,
2017-12-22 06:07:19,0,1,2,32.8,3900.0,26432.3,21731.6,80806.4,25.0,0,
2017-12-22 06:07:22,0,1,2,32.9,3900.0,25857.1,21775.1,80976.1,25.0,0,
2017-12-22 06:07:25,0,1,2,32.9,3900.0,25520.8,21775.1,80976.1,25.0,0,
2017-12-22 06:07:28,0,1,2,33.0,3900.1,25014.1,21817.1,81139.6,25.0,0,
2017-12-22 06:07:32,0,1,2,33.0,3900.0,24577.8,21817.1,81139.6,25.0,0,
2017-12-22 06:07:35,0,1,2,33.1,3900.0,24213.1,21857.7,81298.1,25.0,0,
2017-12-22 06:07:38,0,1,2,33.1,3899.9,23730.8,21857.7,81298.1,25.0,0,
2017-12-22 06:07:41,0,1,2,33.2,3899.9,23260.2,21896.9,81450.9,25.0,0,
2017-12-22 06:07:44,0,1,2,33.2,3900.0,22912.8,21896.9,81450.9,25.0,0,
2017-12-22 06:07:48,0,1,2,33.3,3899.9,22456.5,21934.7,81598.4,25.0,0,
2017-12-22 06:07:51,0,1,2,33.3,3900.0,22121.5,21934.7,81598.4,25.0,0,
2017-12-22 06:07:54,0,1,2,33.4,3899.9,21682.0,21971.5,81741.9,25.0,0,
2017-12-22 06:07:57,0,1,2,33.4,3899.9,21359.9,21971.5,81741.9,24.9,0,
2017-12-22 06:08:00,0,1,2,33.5,3900.0,20935.3,22007.0,81880.4,24.9,0,
2017-12-22 06:08:03,0,1,2,33.5,3899.9,20581.3,22007.0,81880.4,24.9,0,
2017-12-22 06:08:06,0,1,2,33.6,3900.0,20366.0,22041.3,82014.2,24.9,0,
2017-12-22 06:08:09,0,1,2,33.7,3899.9,19872.0,22074.4,82143.3,24.9,0,
2017-12-22 06:08:12,0,1,2,33.7,3900.1,19575.3,22074.4,82143.3,24.9,0,
2017-12-22 06:08:16,0,1,2,33.8,3899.8,19321.8,22106.6,82268.9,24.9,0,
2017-12-22 06:08:19,0,1,2,33.8,3900.0,18937.1,22106.6,82268.9,24.9,0,
2017-12-22 06:08:22,0,1,2,33.9,3899.9,18561.4,22137.6,82389.6,24.9,0,
2017-12-22 06:08:25,0,1,2,33.9,3900.1,18294.3,22137.6,82389.6,24.9,0,
2017-12-22 06:08:28,0,1,2,34.0,3900.0,17974.1,22167.7,82506.9,24.8,0,
2017-12-22 06:08:31,0,1,2,34.0,3899.9,17608.9,22167.7,82506.9,24.8,0,
2017-12-22 06:08:34,0,1,2,34.1,3900.0,17346.3,22196.8,82620.5,24.9,0,
2017-12-22 06:08:38,0,1,2,34.1,3900.0,17052.3,22196.8,82620.5,24.9,0,
2017-12-22 06:08:41,0,1,2,34.2,3900.0,16789.0,22224.9,82730.2,24.9,0,
2017-12-22 06:08:44,0,1,2,34.2,3899.9,16496.1,22224.9,82730.2,24.9,0,
2017-12-22 06:08:47,0,1,2,34.3,3900.1,16250.6,22252.1,82836.3,24.9,0,
2017-12-22 06:08:50,0,1,2,34.3,3899.9,15967.8,22252.1,82836.3,24.9,0,
2017-12-22 06:08:53,0,1,2,34.4,3900.1,15728.6,22278.7,82939.9,24.9,0,
2017-12-22 06:08:56,0,1,2,34.4,3899.9,15347.5,22278.7,82939.9,25.0,0,
2017-12-22 06:09:00,0,1,2,34.5,3900.1,15110.3,22304.2,83039.3,25.0,0,
2017-12-22 06:09:03,0,1,2,34.5,3900.0,14965.6,22304.2,83039.3,25.0,0,
2017-12-22 06:09:06,0,1,2,34.6,3899.9,14588.6,22328.9,83135.9,25.0,0,
2017-12-22 06:09:09,0,1,2,34.6,3900.0,14406.9,22328.9,83135.9,25.0,0,
2017-12-22 06:09:12,0,1,2,34.7,3900.1,14120.3,22352.9,83229.3,25.0,0,
2017-12-22 06:09:16,0,1,2,34.8,3900.0,13908.7,22376.1,83319.7,24.9,0,
2017-12-22 06:09:19,0,1,2,34.8,3899.8,13604.9,22376.1,83319.7,24.9,0,
2017-12-22 06:09:22,0,1,2,34.9,3899.9,13428.0,22398.5,83407.1,24.9,0,
2017-12-22 06:09:25,0,1,2,34.9,3900.1,13261.5,22398.5,83407.1,24.9,0,
2017-12-22 06:09:28,0,1,2,35.0,3899.9,12964.8,22420.3,83492.0,24.9,0,
2017-12-22 06:09:31,0,1,2,35.0,3900.0,12834.4,22420.3,83492.0,24.9,0,
2017-12-22 06:09:34,0,1,2,35.1,3899.9,12523.6,22441.3,83574.3,24.9,0,
2017-12-22 06:09:38,0,1,2,35.1,3899.9,12334.9,22441.3,83574.3,24.9,0,
2017-12-22 06:09:41,0,1,2,35.2,3899.9,12144.7,22461.7,83653.6,24.9,0,
2017-12-22 06:09:44,0,1,2,35.2,3899.9,11940.1,22461.7,83653.6,24.8,0,
2017-12-22 06:09:47,0,1,2,35.3,3900.1,11784.4,22481.4,83730.6,24.9,0,
2017-12-22 06:09:50,0,1,2,35.3,3900.0,11550.7,22481.4,83730.6,24.8,0,
2017-12-22 06:09:53,0,1,2,35.4,3899.9,11377.7,22500.5,83805.1,24.9,0,
2017-12-22 06:09:57,0,1,2,35.4,3900.0,11207.6,22500.5,83805.1,24.9,0,
2017-12-22 06:10:00,0,1,2,35.5,3900.0,11018.2,22519.1,83877.6,24.8,0,
2017-12-22 06:10:03,0,1,2,35.5,3899.9,10847.6,22519.1,83877.6,24.9,0,
2017-12-22 06:10:06,0,1,2,35.6,3900.0,10637.2,22537.2,83947.9,24.8,0,
2017-12-22 06:10:09,0,1,2,35.6,3900.1,10477.5,22537.2,83947.9,24.9,0,
2017-12-22 06:10:13,0,1,2,35.7,3900.1,10289.4,22554.6,84015.8,24.8,0,
2017-12-22 06:10:15,0,1,2,35.8,3900.0,10140.2,22571.5,84081.8,24.8,0,
2017-12-22 06:10:17,0,1,2,35.8,3899.9,9989.2,22571.5,84081.8,24.8,5,终止电流到
2017-12-22 06:10:18,0,1,2,35.8,3892.5,3.4,22571.5,84081.8,24.8,5,终止电流到
2017-12-22 06:10:22,0,1,2,35.9,3891.2,3.4,22571.5,84081.8,24.8,5,终止电流到
2017-12-22 06:10:25,0,1,2,35.9,3890.6,4.9,22571.5,84081.8,24.8,5,终止电流到
2017-12-22 06:10:28,0,1,2,36.0,3889.8,4.9,22571.5,84081.8,24.8,5,终止电流到
2017-12-22 06:10:31,0,1,2,36.0,3889.1,3.3,22571.5,84081.8,24.8,5,终止电流到
2017-12-22 06:10:34,0,1,2,36.1,3888.8,3.6,22571.5,84081.8,24.8,5,终止电流到
2017-12-22 06:10:37,0,1,2,36.1,3888.3,3.3,22571.5,84081.8,24.8,5,终止电流到
2017-12-22 06:10:40,0,1,2,36.2,3887.9,3.7,22571.5,84081.9,24.8,5,终止电流到
2017-12-22 06:10:43,0,1,2,36.2,3887.6,3.5,22571.5,84081.9,24.8,5,终止电流到
2017-12-22 06:10:46,0,1,2,36.3,3887.4,3.6,22571.5,84081.9,24.8,5,终止电流到
2017-12-22 06:10:50,0,1,2,36.3,3887.1,3.6,22571.5,84081.9,24.8,5,终止电流到
2017-12-22 06:10:53,0,1,2,36.4,3886.8,3.5,22571.5,84081.9,24.8,5,终止电流到
2017-12-22 06:10:56,0,1,2,36.4,3886.7,5.0,22571.5,84081.9,24.8,5,终止电流到
2017-12-22 06:10:59,0,1,2,36.5,3886.4,4.8,22571.5,84082.0,24.8,5,终止电流到
2017-12-22 06:11:02,0,1,2,36.5,3886.4,5.2,22571.5,84082.0,24.8,5,终止电流到
2017-12-22 06:11:07,0,2,3,0.0,3886.0,0,0.0,0.0,24.8,0,
2017-12-22 06:11:30,0,2,3,0.4,3885.1,24.9,0.0,0.0,24.8,0,
2017-12-22 06:11:33,0,2,3,0.4,3885.1,25.0,0.0,0.0,24.7,0,
2017-12-22 06:11:36,0,2,3,0.5,3885.0,24.8,0.0,0.0,24.7,0,
2017-12-22 06:11:39,0,2,3,0.5,3884.9,24.8,0.0,0.0,24.8,0,
2017-12-22 06:11:42,0,2,3,0.6,3884.8,24.5,0.0,0.0,24.8,0,
2017-12-22 06:11:45,0,2,3,0.6,3884.9,24.9,0.0,0.0,24.8,0,
2017-12-22 06:11:49,0,2,3,0.7,3884.8,25.0,0.0,0.0,24.8,0,
2017-12-22 06:11:52,0,2,3,0.7,3884.5,24.8,0.0,0.0,24.8,0,
2017-12-22 06:11:55,0,2,3,0.8,3884.7,25.3,0.0,0.0,24.8,0,
2017-12-22 06:11:58,0,2,3,0.8,3884.5,24.4,0.0,0.0,24.8,0,
2017-12-22 06:12:01,0,2,3,0.9,3884.3,23.5,0.0,0.0,24.8,0,
2017-12-22 06:12:04,0,2,3,0.9,3884.5,24.4,0.0,0.0,24.8,0,
2017-12-22 06:12:07,0,2,3,1.0,3884.3,23.5,0.0,0.0,24.7,0,
2017-12-22 06:12:08,0,2,3,1.0,3884.4,23.2,0.0,0.0,24.8,1,时间到
2017-12-22 06:12:12,0,3,4,0.0,3884.2,0,0.0,0.0,24.8,0,
2017-12-22 06:12:34,0,3,4,0.4,3835.2,-40002.7,266.7,1025.2,24.7,0,
2017-12-22 06:12:38,0,3,4,0.4,3832.7,-39998.8,266.7,1025.2,24.8,0,
2017-12-22 06:12:41,0,3,4,0.5,3830.5,-40000.3,333.4,1280.6,24.8,0,
2017-12-22 06:12:44,0,3,4,0.5,3828.3,-40000.3,333.4,1280.6,24.7,0,
2017-12-22 06:12:47,0,3,4,0.6,3826.4,-40000.8,400.0,1535.7,24.7,0,
2017-12-22 06:12:50,0,3,4,0.6,3824.5,-40000.7,400.0,1535.7,24.7,0,
2017-12-22 06:12:53,0,3,4,0.7,3822.5,-40000.8,466.7,1790.6,24.8,0,
2017-12-22 06:12:56,0,3,4,0.7,3820.8,-40000.8,466.7,1790.6,24.8,0,
2017-12-22 06:13:00,0,3,4,0.8,3819.1,-40001.2,533.4,2045.3,24.8,0,
2017-12-22 06:13:03,0,3,4,0.8,3817.6,-40001.3,533.4,2045.3,24.8,0,
2017-12-22 06:13:06,0,3,4,0.9,3816.0,-40001.3,600.0,2299.8,24.8,0,
2017-12-22 06:13:09,0,3,4,0.9,3814.4,-40001.7,600.0,2299.8,24.8,0,
2017-12-22 06:13:12,0,3,4,1.0,3813.1,-40001.2,666.7,2554.0,24.8,0,
2017-12-22 06:13:15,0,3,4,1.0,3811.6,-40002.0,666.7,2554.0,24.8,0,
2017-12-22 06:13:18,0,3,4,1.1,3810.2,-40001.8,733.4,2808.1,24.8,0,
2017-12-22 06:13:22,0,3,4,1.1,3808.7,-40001.2,733.4,2808.1,24.8,0,
2017-12-22 06:13:25,0,3,4,1.2,3807.3,-40001.5,800.1,3062.1,24.8,0,
2017-12-22 06:13:28,0,3,4,1.2,3805.9,-40001.7,800.1,3062.1,24.7,0,
2017-12-22 06:13:31,0,3,4,1.3,3804.5,-40001.7,866.7,3315.8,24.8,0,
2017-12-22 06:13:34,0,3,4,1.3,3803.1,-40001.5,866.7,3315.8,24.8,0,
2017-12-22 06:13:37,0,3,4,1.4,3801.9,-40001.7,933.4,3569.3,24.8,0,
2017-12-22 06:13:40,0,3,4,1.5,3800.4,-40001.3,1000.1,3822.7,24.8,0,
2017-12-22 06:13:44,0,3,4,1.5,3798.9,-40001.7,1000.1,3822.7,24.8,0,
2017-12-22 06:13:47,0,3,4,1.6,3797.5,-40001.5,1066.7,4075.9,24.8,0,
2017-12-22 06:13:50,0,3,4,1.6,3796.2,-40001.7,1066.7,4075.9,24.8,0,
2017-12-22 06:13:53,0,3,4,1.7,3795.0,-40001.8,1133.4,4329.0,24.8,0,
2017-12-22 06:13:56,0,3,4,1.7,3793.4,-40002.0,1133.4,4329.0,24.7,0,
2017-12-22 06:14:00,0,3,4,1.8,3792.4,-40001.8,1200.1,4581.9,24.7,0,
2017-12-22 06:14:03,0,3,4,1.8,3790.9,-40002.0,1200.1,4581.9,24.8,0,
2017-12-22 06:14:06,0,3,4,1.9,3789.6,-40002.2,1266.8,4834.6,24.8,0,
2017-12-22 06:14:09,0,3,4,1.9,3788.3,-40002.0,1266.8,4834.6,24.8,0,
2017-12-22 06:14:12,0,3,4,2.0,3786.9,-40002.2,1333.4,5087.1,24.8,0,
2017-12-22 06:14:15,0,3,4,2.0,3785.5,-40002.2,1333.4,5087.1,24.7,0,
2017-12-22 06:14:18,0,3,4,2.1,3784.3,-40001.5,1400.1,5339.5,24.8,0,
2017-12-22 06:14:22,0,3,4,2.1,3782.9,-40002.3,1400.1,5339.5,24.7,0,
2017-12-22 06:14:25,0,3,4,2.2,3781.7,-40001.6,1466.8,5591.7,24.7,0,
2017-12-22 06:14:28,0,3,4,2.2,3780.4,-40002.3,1466.8,5591.7,24.8,0,
2017-12-22 06:14:31,0,3,4,2.3,3779.1,-40002.3,1533.4,5843.7,24.8,0,
2017-12-22 06:14:34,0,3,4,2.3,3777.8,-40001.7,1533.4,5843.7,24.8,0,
2017-12-22 06:14:37,0,3,4,2.4,3776.5,-40002.0,1600.1,6095.6,24.8,0,
2017-12-22 06:14:40,0,3,4,2.5,3775.2,-40001.7,1666.8,6347.3,24.8,0,
2017-12-22 06:14:44,0,3,4,2.5,3773.7,-40002.0,1666.8,6347.3,24.8,0,
2017-12-22 06:14:47,0,3,4,2.6,3772.4,-40001.9,1733.5,6598.8,24.8,0,
2017-12-22 06:14:50,0,3,4,2.6,3771.2,-40001.6,1733.5,6598.8,24.8,0,
2017-12-22 06:14:53,0,3,4,2.7,3770.0,-40002.3,1800.1,6850.2,24.8,0,
2017-12-22 06:14:56,0,3,4,2.7,3768.6,-40001.9,1800.1,6850.2,24.8,0,
2017-12-22 06:14:59,0,3,4,2.8,3767.3,-40002.0,1866.8,7101.4,24.8,0,
2017-12-22 06:15:02,0,3,4,2.8,3766.0,-40002.1,1866.8,7101.4,24.8,0,
2017-12-22 06:15:06,0,3,4,2.9,3764.8,-40002.0,1933.5,7352.4,24.8,0,
2017-12-22 06:15:09,0,3,4,2.9,3763.5,-40002.0,1933.5,7352.4,24.8,0,
2017-12-22 06:15:12,0,3,4,3.0,3762.2,-40001.5,2000.2,7603.3,24.8,0,
2017-12-22 06:15:15,0,3,4,3.0,3760.8,-40002.0,2000.2,7603.3,24.8,0,
2017-12-22 06:15:18,0,3,4,3.1,3759.5,-40001.7,2066.8,7854.0,24.8,0,
2017-12-22 06:15:21,0,3,4,3.1,3758.3,-40001.8,2066.8,7854.0,24.8,0,
2017-12-22 06:15:24,0,3,4,3.2,3757.0,-40001.8,2133.5,8104.6,24.8,0,
2017-12-22 06:15:28,0,3,4,3.2,3755.8,-40001.4,2133.5,8104.6,24.8,0,
2017-12-22 06:15:31,0,3,4,3.3,3754.6,-40002.0,2200.2,8355.0,24.8,0,
2017-12-22 06:15:34,0,3,4,3.3,3753.3,-40001.5,2200.2,8355.0,24.7,0,
2017-12-22 06:15:37,0,3,4,3.4,3752.1,-40001.8,2266.8,8605.2,24.8,0,
2017-12-22 06:15:40,0,3,4,3.4,3750.9,-40001.6,2266.8,8605.2,24.8,0,
2017-12-22 06:15:43,0,3,4,3.5,3749.7,-40001.7,2333.5,8855.3,24.8,0,
2017-12-22 06:15:46,0,3,4,3.6,3748.3,-40001.6,2400.2,9105.2,24.8,0,
2017-12-22 06:15:49,0,3,4,3.6,3747.2,-40001.6,2400.2,9105.2,24.8,0,
2017-12-22 06:15:53,0,3,4,3.7,3745.9,-40002.0,2466.9,9354.9,24.8,0,
2017-12-22 06:15:56,0,3,4,3.7,3744.7,-40002.0,2466.9,9354.9,24.8,0,
2017-12-22 06:15:59,0,3,4,3.8,3743.5,-40001.5,2533.5,9604.5,24.8,0,
2017-12-22 06:16:02,0,3,4,3.8,3742.4,-40001.7,2533.5,9604.5,24.8,0,
2017-12-22 06:16:05,0,3,4,3.9,3741.2,-40001.5,2600.2,9854.0,24.8,0,
2017-12-22 06:16:08,0,3,4,3.9,3740.1,-40001.5,2600.2,9854.0,24.8,0,
2017-12-22 06:16:11,0,3,4,4.0,3738.9,-40001.9,2666.9,10103.3,24.8,0,
2017-12-22 06:16:15,0,3,4,4.0,3737.6,-40001.3,2666.9,10103.3,24.8,0,
2017-12-22 06:16:18,0,3,4,4.1,3736.4,-40001.7,2733.6,10352.4,24.8,0,
2017-12-22 06:16:21,0,3,4,4.1,3735.5,-40001.5,2733.6,10352.4,24.7,0,
2017-12-22 06:16:24,0,3,4,4.2,3734.2,-40001.8,2800.2,10601.5,24.8,0,
2017-12-22 06:16:27,0,3,4,4.2,3733.2,-40001.1,2800.2,10601.5,24.8,0,
2017-12-22 06:16:30,0,3,4,4.3,3731.8,-40001.6,2866.9,10850.3,24.8,0,
2017-12-22 06:16:33,0,3,4,4.3,3731.0,-40001.3,2866.9,10850.3,24.8,0,
2017-12-22 06:16:37,0,3,4,4.4,3729.7,-40001.1,2933.6,11099.0,24.8,0,
2017-12-22 06:16:40,0,3,4,4.4,3728.8,-40001.6,2933.6,11099.0,24.8,0,
2017-12-22 06:16:43,0,3,4,4.5,3727.6,-40001.3,3000.2,11347.6,24.8,0,
2017-12-22 06:16:46,0,3,4,4.5,3726.5,-40001.6,3000.2,11347.6,24.8,0,
2017-12-22 06:16:49,0,3,4,4.6,3725.3,-40001.9,3066.9,11596.1,24.8,0,
2017-12-22 06:16:52,0,3,4,4.6,3724.4,-40002.0,3066.9,11596.1,24.8,0,
2017-12-22 06:16:55,0,3,4,4.7,3723.3,-40001.6,3133.6,11844.4,24.8,0,
2017-12-22 06:16:58,0,3,4,4.8,3722.3,-40001.3,3200.3,12092.6,24.8,0,
2017-12-22 06:17:02,0,3,4,4.8,3721.4,-40001.8,3200.3,12092.6,24.8,0,
2017-12-22 06:17:05,0,3,4,4.9,3720.2,-40001.3,3266.9,12340.6,24.8,0,
2017-12-22 06:17:08,0,3,4,4.9,3719.2,-40001.4,3266.9,12340.6,24.8,0,
2017-12-22 06:17:11,0,3,4,5.0,3718.1,-40002.0,3333.6,12588.5,24.7,0,
2017-12-22 06:17:14,0,3,4,5.0,3717.1,-40001.8,3333.6,12588.5,24.7,0,
2017-12-22 06:17:17,0,3,4,5.1,3716.2,-40002.0,3400.3,12836.3,24.8,0,
2017-12-22 06:17:20,0,3,4,5.1,3715.1,-40001.0,3400.3,12836.3,24.7,0,
2017-12-22 06:17:24,0,3,4,5.2,3714.2,-40000.8,3466.9,13084.0,24.7,0,
2017-12-22 06:17:27,0,3,4,5.2,3713.3,-40001.3,3466.9,13084.0,24.7,0,
2017-12-22 06:17:30,0,3,4,5.3,3712.2,-40001.5,3533.6,13331.5,24.7,0,
2017-12-22 06:17:33,0,3,4,5.3,3711.4,-40001.5,3533.6,13331.5,24.7,0,
2017-12-22 06:17:36,0,3,4,5.4,3710.3,-40001.8,3600.3,13578.9,24.7,0,
2017-12-22 06:17:39,0,3,4,5.4,3709.4,-40001.3,3600.3,13578.9,24.7,0,
2017-12-22 06:17:42,0,3,4,5.5,3708.4,-40001.7,3667.0,13826.2,24.7,0,
2017-12-22 06:17:46,0,3,4,5.5,3707.5,-40002.0,3667.0,13826.2,24.7,0,
2017-12-22 06:17:49,0,3,4,5.6,3706.5,-40001.5,3733.6,14073.4,24.7,0,
2017-12-22 06:17:52,0,3,4,5.6,3705.6,-40002.0,3733.6,14073.4,24.7,0,
2017-12-22 06:17:55,0,3,4,5.7,3704.7,-40002.2,3800.3,14320.4,24.7,0,
2017-12-22 06:17:58,0,3,4,5.7,3703.7,-40001.5,3800.3,14320.4,24.7,0,
2017-12-22 06:18:01,0,3,4,5.8,3702.9,-40001.3,3867.0,14567.3,24.7,0,
2017-12-22 06:18:04,0,3,4,5.9,3702.0,-40001.2,3933.6,14814.2,24.7,0,
2017-12-22 06:18:07,0,3,4,5.9,3701.1,-40001.1,3933.6,14814.2,24.6,0,
2017-12-22 06:18:11,0,3,4,6.0,3700.2,-40001.0,4000.3,15060.9,24.7,0,
2017-12-22 06:18:14,0,3,4,6.0,3699.4,-40000.7,4000.3,15060.9,24.7,0,
2017-12-22 06:18:17,0,3,4,6.1,3698.5,-40000.5,4067.0,15307.5,24.7,0,
2017-12-22 06:18:20,0,3,4,6.1,3697.6,-40001.1,4067.0,15307.5,24.6,0,
2017-12-22 06:18:23,0,3,4,6.2,3696.7,-40001.2,4133.7,15553.9,24.7,0,
2017-12-22 06:18:26,0,3,4,6.2,3695.9,-40001.0,4133.7,15553.9,24.6,0,
2017-12-22 06:18:29,0,3,4,6.3,3695.1,-40000.8,4200.3,15800.3,24.7,0,
2017-12-22 06:18:33,0,3,4,6.3,3694.2,-40000.5,4200.3,15800.3,24.7,0,
2017-12-22 06:18:36,0,3,4,6.4,3693.4,-40001.0,4267.0,16046.6,24.7,0,
2017-12-22 06:18:39,0,3,4,6.4,3692.5,-40000.6,4267.0,16046.6,24.6,0,
2017-12-22 06:18:42,0,3,4,6.5,3691.6,-40000.7,4333.7,16292.7,24.7,0,
2017-12-22 06:18:45,0,3,4,6.5,3691.0,-40000.5,4333.7,16292.7,24.7,0,
2017-12-22 06:18:48,0,3,4,6.6,3690.1,-40000.8,4400.3,16538.8,24.6,0,
2017-12-22 06:18:51,0,3,4,6.6,3689.2,-40001.2,4400.3,16538.8,24.6,0,
2017-12-22 06:18:54,0,3,4,6.7,3688.4,-40001.3,4467.0,16784.7,24.6,0,
2017-12-22 06:18:58,0,3,4,6.7,3687.7,-40001.6,4467.0,16784.7,24.6,0,
2017-12-22 06:19:01,0,3,4,6.8,3686.7,-40000.9,4533.7,17030.5,24.6,0,
2017-12-22 06:19:04,0,3,4,6.8,3686.1,-40001.2,4533.7,17030.5,24.6,0,
2017-12-22 06:19:07,0,3,4,6.9,3685.2,-40001.0,4600.3,17276.3,24.6,0,
2017-12-22 06:19:10,0,3,4,7.0,3684.4,-40000.8,4667.0,17521.9,24.6,0,
2017-12-22 06:19:13,0,3,4,7.0,3683.6,-40001.2,4667.0,17521.9,24.6,0,
2017-12-22 06:19:17,0,3,4,7.1,3682.8,-40001.1,4733.7,17767.4,24.6,0,
2017-12-22 06:19:20,0,3,4,7.1,3681.9,-40001.3,4733.7,17767.4,24.6,0,
2017-12-22 06:19:23,0,3,4,7.2,3681.2,-40000.8,4800.4,18012.9,24.6,0,
2017-12-22 06:19:26,0,3,4,7.2,3680.4,-40001.1,4800.4,18012.9,24.6,0,
2017-12-22 06:19:29,0,3,4,7.3,3679.8,-40001.0,4867.0,18258.2,24.6,0,
2017-12-22 06:19:32,0,3,4,7.3,3678.9,-40001.0,4867.0,18258.2,24.7,0,
2017-12-22 06:19:35,0,3,4,7.4,3678.3,-40001.4,4933.7,18503.4,24.7,0,
2017-12-22 06:19:38,0,3,4,7.4,3677.4,-40001.0,4933.7,18503.4,24.6,0,
2017-12-22 06:19:41,0,3,4,7.5,3676.6,-40001.5,5000.4,18748.6,24.6,0,
2017-12-22 06:19:45,0,3,4,7.5,3676.0,-40001.0,5000.4,18748.6,24.7,0,
2017-12-22 06:19:48,0,3,4,7.6,3675.2,-40001.0,5067.0,18993.6,24.7,0,
2017-12-22 06:19:51,0,3,4,7.6,3674.3,-40001.0,5067.0,18993.6,24.7,0,
2017-12-22 06:19:54,0,3,4,7.7,3673.6,-40001.2,5133.7,19238.6,24.7,0,
2017-12-22 06:19:57,0,3,4,7.7,3672.9,-40000.8,5133.7,19238.6,24.7,0,
2017-12-22 06:20:00,0,3,4,7.8,3672.0,-40001.0,5200.4,19483.4,24.7,0,
2017-12-22 06:20:03,0,3,4,7.8,3671.4,-40001.0,5200.4,19483.4,24.7,0,
2017-12-22 06:20:07,0,3,4,7.9,3670.6,-40000.8,5267.0,19728.2,24.7,0,
2017-12-22 06:20:10,0,3,4,7.9,3670.0,-40001.3,5267.0,19728.2,24.7,0,
2017-12-22 06:20:13,0,3,4,8.0,3669.3,-40001.2,5333.7,19972.8,24.7,0,
2017-12-22 06:20:16,0,3,4,8.1,3668.4,-40001.7,5400.4,20217.4,24.7,0,
2017-12-22 06:20:19,0,3,4,8.1,3667.6,-40001.2,5400.4,20217.4,24.7,0,
2017-12-22 06:20:23,0,3,4,8.2,3667.0,-40001.3,5467.1,20461.9,24.8,0,
2017-12-22 06:20:26,0,3,4,8.2,3666.3,-40001.0,5467.1,20461.9,24.7,0,
2017-12-22 06:20:29,0,3,4,8.3,3665.6,-40001.3,5533.7,20706.3,24.7,0,
2017-12-22 06:20:32,0,3,4,8.3,3665.0,-40000.6,5533.7,20706.3,24.7,0,
2017-12-22 06:20:35,0,3,4,8.4,3664.1,-40001.5,5600.4,20950.6,24.7,0,
2017-12-22 06:20:38,0,3,4,8.4,3663.6,-40001.1,5600.4,20950.6,24.7,0,
2017-12-22 06:20:41,0,3,4,8.5,3662.8,-40001.4,5667.1,21194.8,24.7,0,
2017-12-22 06:20:45,0,3,4,8.5,3662.1,-40000.7,5667.1,21194.8,24.7,0,
2017-12-22 06:20:48,0,3,4,8.6,3661.5,-40001.2,5733.7,21439.0,24.7,0,
2017-12-22 06:20:51,0,3,4,8.6,3660.7,-40001.3,5733.7,21439.0,24.7,0,
2017-12-22 06:20:54,0,3,4,8.7,3660.2,-40000.9,5800.4,21683.0,24.6,0,
2017-12-22 06:20:57,0,3,4,8.7,3659.4,-40001.5,5800.4,21683.0,24.7,0,
2017-12-22 06:21:00,0,3,4,8.8,3658.7,-40001.3,5867.1,21927.0,24.7,0,
2017-12-22 06:21:03,0,3,4,8.8,3658.0,-40001.0,5867.1,21927.0,24.7,0,
2017-12-22 06:21:06,0,3,4,8.9,3657.5,-40001.2,5933.8,22170.9,24.7,0,
2017-12-22 06:21:10,0,3,4,8.9,3656.7,-40001.0,5933.8,22170.9,24.7,0,
2017-12-22 06:21:13,0,3,4,9.0,3656.0,-40000.9,6000.4,22414.6,24.7,0,
2017-12-22 06:21:16,0,3,4,9.0,3655.4,-40000.6,6000.4,22414.6,24.7,0,
2017-12-22 06:21:19,0,3,4,9.1,3654.8,-40000.3,6067.1,22658.3,24.7,0,
2017-12-22 06:21:22,0,3,4,9.1,3654.1,-40001.1,6067.1,22658.3,24.7,0,
2017-12-22 06:21:25,0,3,4,9.2,3653.4,-40000.3,6133.8,22901.9,24.7,0,
2017-12-22 06:21:28,0,3,4,9.3,3652.8,-40000.9,6200.4,23145.5,24.7,0,
2017-12-22 06:21:32,0,3,4,9.3,3652.2,-40000.5,6200.4,23145.5,24.7,0,
2017-12-22 06:21:35,0,3,4,9.4,3651.6,-40001.1,6267.1,23388.9,24.7,0,
2017-12-22 06:21:38,0,3,4,9.4,3650.9,-40001.0,6267.1,23388.9,24.7,0,
2017-12-22 06:21:41,0,3,4,9.5,3650.4,-40001.3,6333.8,23632.3,24.7,0,
2017-12-22 06:21:44,0,3,4,9.5,3649.7,-40000.9,6333.8,23632.3,24.7,0,
2017-12-22 06:21:47,0,3,4,9.6,3649.1,-40001.0,6400.4,23875.6,24.7,0,
2017-12-22 06:21:51,0,3,4,9.6,3648.3,-40001.3,6400.4,23875.6,24.7,0,
2017-12-22 06:21:54,0,3,4,9.7,3647.8,-40000.5,6467.1,24118.8,24.6,0,
2017-12-22 06:21:57,0,3,4,9.7,3647.2,-40000.4,6467.1,24118.8,24.7,0,
2017-12-22 06:22:00,0,3,4,9.8,3646.4,-40000.8,6533.8,24361.9,24.7,0,
2017-12-22 06:22:03,0,3,4,9.8,3646.0,-40000.9,6533.8,24361.9,24.7,0,
2017-12-22 06:22:06,0,3,4,9.9,3645.3,-40001.7,6600.4,24605.0,24.7,0,
2017-12-22 06:22:09,0,3,4,9.9,3644.6,-40000.9,6600.4,24605.0,24.7,0,
2017-12-22 06:22:13,0,3,4,10.0,3644.0,-40000.8,6667.1,24848.0,24.7,0,
2017-12-22 06:22:16,0,3,4,10.0,3643.4,-40000.6,6667.1,24848.0,24.7,0,
2017-12-22 06:22:19,0,3,4,10.1,3642.8,-40000.6,6733.8,25090.8,24.7,0,
2017-12-22 06:22:22,0,3,4,10.1,3642.2,-40001.0,6733.8,25090.8,24.7,0,
2017-12-22 06:22:25,0,3,4,10.2,3641.7,-40001.0,6800.4,25333.6,24.7,0,
2017-12-22 06:22:28,0,3,4,10.2,3641.0,-40000.8,6800.4,25333.6,24.7,0,
2017-12-22 06:22:31,0,3,4,10.3,3640.5,-40000.6,6867.1,25576.4,24.7,0,
2017-12-22 06:22:34,0,3,4,10.4,3639.8,-40000.8,6933.8,25819.0,24.7,0,
2017-12-22 06:22:38,0,3,4,10.4,3639.1,-40000.9,6933.8,25819.0,24.7,0,
2017-12-22 06:22:41,0,3,4,10.5,3638.5,-40000.9,7000.5,26061.6,24.8,0,
2017-12-22 06:22:44,0,3,4,10.5,3637.9,-40001.1,7000.5,26061.6,24.8,0,
2017-12-22 06:22:47,0,3,4,10.6,3637.4,-40000.5,7067.1,26304.1,24.7,0,
2017-12-22 06:22:50,0,3,4,10.6,3636.9,-40000.8,7067.1,26304.1,24.7,0,
2017-12-22 06:22:53,0,3,4,10.7,3636.0,-40000.7,7133.8,26546.6,24.8,0,
2017-12-22 06:22:56,0,3,4,10.7,3635.7,-40001.3,7133.8,26546.6,24.7,0,
2017-12-22 06:23:00,0,3,4,10.8,3635.0,-40000.4,7200.5,26788.9,24.8,0,
2017-12-22 06:23:03,0,3,4,10.8,3634.4,-40001.0,7200.5,26788.9,24.8,0,
2017-12-22 06:23:06,0,3,4,10.9,3633.8,-40000.0,7267.1,27031.2,24.8,0,
2017-12-22 06:23:09,0,3,4,10.9,3633.3,-40000.3,7267.1,27031.2,24.8,0,
2017-12-22 06:23:12,0,3,4,11.0,3632.7,-40001.0,7333.8,27273.4,24.8,0,
2017-12-22 06:23:15,0,3,4,11.0,3632.1,-40000.6,7333.8,27273.4,24.8,0,
2017-12-22 06:23:18,0,3,4,11.1,3631.6,-40000.4,7400.5,27515.6,24.8,0,
2017-12-22 06:23:21,0,3,4,11.1,3631.1,-40000.8,7400.5,27515.6,24.8,0,
2017-12-22 06:23:25,0,3,4,11.2,3630.4,-40000.6,7467.1,27757.6,24.8,0,
2017-12-22 06:23:28,0,3,4,11.2,3629.9,-40000.7,7467.1,27757.6,24.7,0,
2017-12-22 06:23:31,0,3,4,11.3,3629.2,-40000.6,7533.8,27999.6,24.8,0,
2017-12-22 06:23:34,0,3,4,11.3,3628.7,-40000.7,7533.8,27999.6,24.8,0,
2017-12-22 06:23:37,0,3,4,11.4,3628.2,-40000.8,7600.5,28241.5,24.7,0,
2017-12-22 06:23:40,0,3,4,11.4,3627.6,-40000.8,7600.5,28241.5,24.8,0,
2017-12-22 06:23:43,0,3,4,11.5,3627.0,-40000.8,7667.1,28483.4,24.8,0,
2017-12-22 06:23:46,0,3,4,11.6,3626.5,-40000.3,7733.8,28725.1,24.7,0,
2017-12-22 06:23:49,0,3,4,11.6,3626.0,-40000.9,7733.8,28725.1,24.7,0,
2017-12-22 06:23:53,0,3,4,11.7,3625.3,-40000.8,7800.5,28966.8,24.8,0,
2017-12-22 06:23:56,0,3,4,11.7,3624.9,-40000.7,7800.5,28966.8,24.8,0,
2017-12-22 06:23:59,0,3,4,11.8,3624.2,-40000.5,7867.1,29208.5,24.8,0,
2017-12-22 06:24:02,0,3,4,11.8,3623.7,-40001.0,7867.1,29208.5,24.8,0,
2017-12-22 06:24:05,0,3,4,11.9,3623.2,-40001.0,7933.8,29450.0,24.8,0,
2017-12-22 06:24:08,0,3,4,11.9,3622.7,-40000.5,7933.8,29450.0,24.7,0,
2017-12-22 06:24:11,0,3,4,12.0,3622.1,-40000.5,8000.5,29691.5,24.8,0,
2017-12-22 06:24:15,0,3,4,12.0,3621.6,-40000.8,8000.5,29691.5,24.7,0,
2017-12-22 06:24:18,0,3,4,12.1,3620.9,-40000.5,8067.2,29933.0,24.8,0,
2017-12-22 06:24:21,0,3,4,12.1,3620.6,-40000.5,8067.2,29933.0,24.8,0,
2017-12-22 06:24:24,0,3,4,12.2,3619.8,-40000.8,8133.8,30174.3,24.8,0,
2017-12-22 06:24:27,0,3,4,12.2,3619.5,-40001.0,8133.8,30174.3,24.7,0,
2017-12-22 06:24:30,0,3,4,12.3,3618.9,-40000.6,8200.5,30415.6,24.7,0,
2017-12-22 06:24:33,0,3,4,12.3,3618.3,-40000.8,8200.5,30415.6,24.7,0,
2017-12-22 06:24:37,0,3,4,12.4,3617.8,-40000.6,8267.2,30656.8,24.8,0,
2017-12-22 06:24:40,0,3,4,12.4,3617.2,-40000.5,8267.2,30656.8,24.7,0,
2017-12-22 06:24:43,0,3,4,12.5,3616.6,-40001.2,8333.8,30897.9,24.8,0,
2017-12-22 06:24:46,0,3,4,12.5,3616.1,-40000.3,8333.8,30897.9,24.8,0,
2017-12-22 06:24:49,0,3,4,12.6,3615.5,-40000.9,8400.5,31139.0,24.7,0,
2017-12-22 06:24:52,0,3,4,12.7,3615.2,-40000.3,8467.2,31380.1,24.7,0,
2017-12-22 06:24:56,0,3,4,12.7,3614.5,-40001.0,8467.2,31380.1,24.7,0,
2017-12-22 06:24:59,0,3,4,12.8,3614.0,-40000.8,8533.8,31621.0,24.7,0,
2017-12-22 06:25:02,0,3,4,12.8,3613.5,-40000.8,8533.8,31621.0,24.7,0,
2017-12-22 06:25:05,0,3,4,12.9,3613.0,-40001.2,8600.5,31861.9,24.8,0,
2017-12-22 06:25:08,0,3,4,12.9,3612.4,-40000.5,8600.5,31861.9,24.8,0,
2017-12-22 06:25:11,0,3,4,13.0,3611.9,-40000.8,8667.2,32102.7,24.8,0,
2017-12-22 06:25:14,0,3,4,13.0,3611.3,-40001.2,8667.2,32102.7,24.7,0,
2017-12-22 06:25:18,0,3,4,13.1,3611.0,-40000.8,8733.8,32343.5,24.7,0,
2017-12-22 06:25:21,0,3,4,13.1,3610.4,-40001.0,8733.8,32343.5,24.8,0,
2017-12-22 06:25:24,0,3,4,13.2,3609.9,-40001.0,8800.5,32584.1,24.7,0,
2017-12-22 06:25:27,0,3,4,13.2,3609.2,-40001.0,8800.5,32584.1,24.8,0,
2017-12-22 06:25:30,0,3,4,13.3,3608.9,-40000.8,8867.2,32824.8,24.7,0,
2017-12-22 06:25:34,0,3,4,13.3,3608.2,-40000.8,8867.2,32824.8,24.8,0,
2017-12-22 06:25:37,0,3,4,13.4,3607.7,-40001.0,8933.9,33065.3,24.8,0,
2017-12-22 06:25:40,0,3,4,13.4,3607.2,-40000.9,8933.9,33065.3,24.8,0,
2017-12-22 06:25:43,0,3,4,13.5,3606.8,-40000.7,9000.5,33305.8,24.8,0,
2017-12-22 06:25:46,0,3,4,13.5,3606.2,-40000.5,9000.5,33305.8,24.8,0,
2017-12-22 06:25:49,0,3,4,13.6,3605.7,-40000.6,9067.2,33546.2,24.8,0,
2017-12-22 06:25:52,0,3,4,13.7,3605.2,-40000.8,9133.9,33786.6,24.7,0,
2017-12-22 06:25:56,0,3,4,13.7,3604.8,-40001.0,9133.9,33786.6,24.8,0,
2017-12-22 06:25:59,0,3,4,13.8,3604.3,-40000.8,9200.5,34026.9,24.8,0,
2017-12-22 06:26:02,0,3,4,13.8,3603.6,-40001.0,9200.5,34026.9,24.8,0,
2017-12-22 06:26:05,0,3,4,13.9,3603.3,-40000.7,9267.2,34267.1,24.8,0,
2017-12-22 06:26:08,0,3,4,13.9,3602.6,-40000.9,9267.2,34267.1,24.8,0,
2017-12-22 06:26:11,0,3,4,14.0,3602.2,-40000.8,9333.9,34507.3,24.8,0,
2017-12-22 06:26:14,0,3,4,14.0,3601.6,-40000.3,9333.9,34507.3,24.8,0,
2017-12-22 06:26:18,0,3,4,14.1,3601.2,-40000.9,9400.5,34747.4,24.8,0,
2017-12-22 06:26:21,0,3,4,14.1,3600.8,-40000.5,9400.5,34747.4,24.8,0,
2017-12-22 06:26:24,0,3,4,14.2,3600.3,-40000.5,9467.2,34987.4,24.8,0,
2017-12-22 06:26:27,0,3,4,14.2,3599.8,-40000.5,9467.2,34987.4,24.8,0,
2017-12-22 06:26:30,0,3,4,14.3,3599.2,-40000.8,9533.9,35227.4,24.8,0,
2017-12-22 06:26:33,0,3,4,14.3,3598.8,-40000.6,9533.9,35227.4,24.8,0,
2017-12-22 06:26:36,0,3,4,14.4,3598.3,-40000.3,9600.5,35467.3,24.8,0,
2017-12-22 06:26:40,0,3,4,14.4,3597.8,-40001.1,9600.5,35467.3,24.8,0,
2017-12-22 06:26:43,0,3,4,14.5,3597.3,-40001.1,9667.2,35707.2,24.8,0,
2017-12-22 06:26:46,0,3,4,14.5,3596.8,-40000.8,9667.2,35707.2,24.8,0,
2017-12-22 06:26:49,0,3,4,14.6,3596.3,-40000.6,9733.9,35946.9,24.8,0,
2017-12-22 06:26:52,0,3,4,14.6,3595.7,-40000.5,9733.9,35946.9,24.8,0,
2017-12-22 06:26:55,0,3,4,14.7,3595.2,-40000.7,9800.5,36186.6,24.8,0,
2017-12-22 06:26:58,0,3,4,14.8,3594.9,-40000.5,9867.2,36426.3,24.9,0,
2017-12-22 06:27:01,0,3,4,14.8,3594.4,-40000.5,9867.2,36426.3,24.9,0,
2017-12-22 06:27:04,0,3,4,14.9,3593.9,-40000.5,9933.9,36665.9,24.9,0,
2017-12-22 06:27:08,0,3,4,14.9,3593.2,-40000.5,9933.9,36665.9,24.9,0,
2017-12-22 06:27:11,0,3,4,15.0,3592.9,-40000.3,10000.5,36905.4,24.9,0,
2017-12-22 06:27:14,0,3,4,15.0,3592.2,-40000.4,10000.5,36905.4,24.9,0,
2017-12-22 06:27:17,0,3,4,15.1,3591.9,-40000.3,10067.2,37144.9,24.9,0,
2017-12-22 06:27:20,0,3,4,15.1,3591.2,-40000.3,10067.2,37144.9,24.9,0,
2017-12-22 06:27:23,0,3,4,15.2,3590.9,-40000.5,10133.9,37384.3,24.9,0,
2017-12-22 06:27:26,0,3,4,15.2,3590.3,-40000.8,10133.9,37384.3,24.9,0,
2017-12-22 06:27:30,0,3,4,15.3,3589.9,-40000.3,10200.5,37623.7,24.9,0,
2017-12-22 06:27:33,0,3,4,15.3,3589.5,-40000.8,10200.5,37623.7,24.9,0,
2017-12-22 06:27:36,0,3,4,15.4,3588.9,-40000.4,10267.2,37862.9,24.8,0,
2017-12-22 06:27:39,0,3,4,15.4,3588.5,-40000.6,10267.2,37862.9,24.9,0,
2017-12-22 06:27:42,0,3,4,15.5,3588.0,-40000.5,10333.9,38102.2,24.8,0,
2017-12-22 06:27:45,0,3,4,15.5,3587.5,-40000.5,10333.9,38102.2,24.8,0,
2017-12-22 06:27:48,0,3,4,15.6,3587.1,-40000.3,10400.6,38341.3,24.8,0,
2017-12-22 06:27:51,0,3,4,15.6,3586.6,-40000.5,10400.6,38341.3,24.8,0,
2017-12-22 06:27:54,0,3,4,15.7,3586.0,-40000.6,10467.2,38580.4,24.8,0,
2017-12-22 06:27:58,0,3,4,15.7,3585.6,-40000.3,10467.2,38580.4,24.9,0,
2017-12-22 06:28:01,0,3,4,15.8,3585.0,-39999.9,10533.9,38819.5,24.8,0,
2017-12-22 06:28:04,0,3,4,15.8,3584.7,-40000.8,10533.9,38819.5,24.8,0,
2017-12-22 06:28:07,0,3,4,15.9,3584.1,-40000.2,10600.6,39058.4,24.8,0,
2017-12-22 06:28:10,0,3,4,16.0,3583.7,-40000.3,10667.2,39297.4,24.8,0,
2017-12-22 06:28:13,0,3,4,16.0,3583.2,-40000.3,10667.2,39297.4,24.8,0,
2017-12-22 06:28:17,0,3,4,16.1,3582.7,-40000.7,10733.9,39536.2,24.8,0,
2017-12-22 06:28:20,0,3,4,16.1,3582.1,-40000.4,10733.9,39536.2,24.8,0,
2017-12-22 06:28:23,0,3,4,16.2,3581.6,-40000.8,10800.6,39775.0,24.8,0,
2017-12-22 06:28:26,0,3,4,16.2,3581.3,-39999.9,10800.6,39775.0,24.9,0,
2017-12-22 06:28:29,0,3,4,16.3,3580.7,-40000.5,10867.2,40013.7,24.9,0,
2017-12-22 06:28:32,0,3,4,16.3,3580.2,-40000.3,10867.2,40013.7,24.9,0,
2017-12-22 06:28:35,0,3,4,16.4,3579.8,-40000.0,10933.9,40252.4,24.9,0,
2017-12-22 06:28:38,0,3,4,16.4,3579.3,-40000.4,10933.9,40252.4,24.9,0,
2017-12-22 06:28:42,0,3,4,16.5,3578.9,-40000.7,11000.6,40491.0,24.9,0,
2017-12-22 06:28:45,0,3,4,16.5,3578.3,-40000.7,11000.6,40491.0,24.9,0,
2017-12-22 06:28:48,0,3,4,16.6,3577.9,-40000.3,11067.2,40729.5,24.9,0,
2017-12-22 06:28:51,0,3,4,16.6,3577.3,-40000.5,11067.2,40729.5,24.9,0,
2017-12-22 06:28:54,0,3,4,16.7,3576.9,-40000.2,11133.9,40968.0,24.9,0,
2017-12-22 06:28:57,0,3,4,16.7,3576.4,-40000.6,11133.9,40968.0,24.9,0,
2017-12-22 06:29:00,0,3,4,16.8,3575.8,-40000.3,11200.6,41206.5,24.9,0,
2017-12-22 06:29:04,0,3,4,16.8,3575.5,-40000.3,11200.6,41206.5,24.9,0,
2017-12-22 06:29:07,0,3,4,16.9,3575.0,-40000.5,11267.2,41444.8,24.9,0,
2017-12-22 06:29:10,0,3,4,16.9,3574.6,-40000.0,11267.2,41444.8,24.9,0,
2017-12-22 06:29:13,0,3,4,17.0,3573.9,-40000.5,11333.9,41683.1,24.9,0,
2017-12-22 06:29:16,0,3,4,17.1,3573.5,-40000.3,11400.6,41921.3,24.9,0,
2017-12-22 06:29:20,0,3,4,17.1,3572.9,-40000.2,11400.6,41921.3,24.9,0,
2017-12-22 06:29:23,0,3,4,17.2,3572.6,-40000.0,11467.2,42159.5,24.9,0,
2017-12-22 06:29:26,0,3,4,17.2,3572.1,-40000.5,11467.2,42159.5,24.9,0,
2017-12-22 06:29:29,0,3,4,17.3,3571.7,-40000.5,11533.9,42397.6,24.9,0,
2017-12-22 06:29:32,0,3,4,17.3,3571.1,-40000.8,11533.9,42397.6,24.9,0,
2017-12-22 06:29:35,0,3,4,17.4,3570.8,-40000.5,11600.6,42635.7,24.9,0,
2017-12-22 06:29:38,0,3,4,17.4,3570.2,-40000.0,11600.6,42635.7,24.9,0,
2017-12-22 06:29:41,0,3,4,17.5,3569.8,-39999.5,11667.2,42873.7,24.8,0,
2017-12-22 06:29:44,0,3,4,17.5,3569.3,-40000.2,11667.2,42873.7,24.9,0,
2017-12-22 06:29:47,0,3,4,17.6,3568.8,-40000.5,11733.9,43111.6,24.9,0,
2017-12-22 06:29:51,0,3,4,17.6,3568.4,-40000.2,11733.9,43111.6,24.9,0,
2017-12-22 06:29:54,0,3,4,17.7,3567.9,-40000.3,11800.6,43349.5,25.0,0,
2017-12-22 06:29:57,0,3,4,17.7,3567.4,-40000.2,11800.6,43349.5,24.9,0,
2017-12-22 06:30:00,0,3,4,17.8,3566.9,-40000.5,11867.2,43587.3,24.9,0,
2017-12-22 06:30:03,0,3,4,17.8,3566.5,-40000.3,11867.2,43587.3,24.9,0,
2017-12-22 06:30:06,0,3,4,17.9,3566.0,-40000.0,11933.9,43825.1,24.9,0,
2017-12-22 06:30:09,0,3,4,17.9,3565.5,-39999.8,11933.9,43825.1,24.9,0,
2017-12-22 06:30:12,0,3,4,18.0,3565.0,-40000.5,12000.6,44062.8,24.9,0,
2017-12-22 06:30:16,0,3,4,18.0,3564.6,-40000.2,12000.6,44062.8,25.0,0,
2017-12-22 06:30:19,0,3,4,18.1,3564.1,-40000.2,12067.3,44300.4,24.9,0,
2017-12-22 06:30:22,0,3,4,18.1,3563.5,-39999.9,12067.3,44300.4,24.9,0,
2017-12-22 06:30:25,0,3,4,18.2,3563.0,-40000.2,12133.9,44538.0,25.0,0,
2017-12-22 06:30:28,0,3,4,18.2,3562.6,-40000.4,12133.9,44538.0,25.0,0,
2017-12-22 06:30:31,0,3,4,18.3,3562.1,-40000.5,12200.6,44775.5,25.0,0,
2017-12-22 06:30:34,0,3,4,18.4,3561.6,-40000.2,12267.3,45012.9,25.0,0,
2017-12-22 06:30:38,0,3,4,18.4,3561.1,-40000.2,12267.3,45012.9,25.0,0,
2017-12-22 06:30:41,0,3,4,18.5,3560.5,-40000.0,12333.9,45250.3,25.0,0,
2017-12-22 06:30:44,0,3,4,18.5,3560.1,-40000.3,12333.9,45250.3,25.0,0,
2017-12-22 06:30:47,0,3,4,18.6,3559.7,-40000.5,12400.6,45487.6,25.0,0,
2017-12-22 06:30:50,0,3,4,18.6,3559.2,-40000.3,12400.6,45487.6,25.0,0,
2017-12-22 06:30:53,0,3,4,18.7,3558.8,-40000.5,12467.3,45724.9,25.0,0,
2017-12-22 06:30:56,0,3,4,18.7,3558.3,-40000.5,12467.3,45724.9,25.0,0,
2017-12-22 06:31:00,0,3,4,18.8,3557.8,-40000.7,12533.9,45962.1,25.0,0,
2017-12-22 06:31:03,0,3,4,18.8,3557.2,-40000.3,12533.9,45962.1,25.0,0,
2017-12-22 06:31:06,0,3,4,18.9,3557.0,-40000.3,12600.6,46199.2,25.0,0,
2017-12-22 06:31:09,0,3,4,18.9,3556.4,-40000.5,12600.6,46199.2,25.0,0,
2017-12-22 06:31:12,0,3,4,19.0,3555.8,-40000.1,12667.3,46436.3,25.0,0,
2017-12-22 06:31:15,0,3,4,19.0,3555.4,-40000.6,12667.3,46436.3,25.0,0,
2017-12-22 06:31:18,0,3,4,19.1,3554.9,-40000.8,12733.9,46673.3,24.9,0,
2017-12-22 06:31:21,0,3,4,19.1,3554.4,-40000.4,12733.9,46673.3,24.9,0,
2017-12-22 06:31:25,0,3,4,19.2,3553.8,-40000.6,12800.6,46910.3,24.9,0,
2017-12-22 06:31:28,0,3,4,19.2,3553.4,-39999.9,12800.6,46910.3,24.9,0,
2017-12-22 06:31:31,0,3,4,19.3,3552.8,-40000.3,12867.3,47147.2,24.9,0,
2017-12-22 06:31:34,0,3,4,19.4,3552.5,-40000.0,12933.9,47384.0,24.9,0,
2017-12-22 06:31:37,0,3,4,19.4,3552.0,-40000.2,12933.9,47384.0,24.9,0,
2017-12-22 06:31:41,0,3,4,19.5,3551.5,-40000.5,13000.6,47620.8,24.9,0,
2017-12-22 06:31:44,0,3,4,19.5,3551.0,-40000.3,13000.6,47620.8,24.9,0,
2017-12-22 06:31:47,0,3,4,19.6,3550.6,-40000.0,13067.3,47857.5,24.9,0,
2017-12-22 06:31:50,0,3,4,19.6,3550.1,-39999.9,13067.3,47857.5,25.0,0,
2017-12-22 06:31:53,0,3,4,19.7,3549.6,-39999.9,13133.9,48094.1,25.0,0,
2017-12-22 06:31:56,0,3,4,19.7,3549.1,-40000.3,13133.9,48094.1,25.0,0,
2017-12-22 06:31:59,0,3,4,19.8,3548.4,-40000.4,13200.6,48330.7,25.0,0,
2017-12-22 06:32:03,0,3,4,19.8,3547.9,-40000.0,13200.6,48330.7,25.0,0,
2017-12-22 06:32:06,0,3,4,19.9,3547.5,-40000.0,13267.3,48567.2,25.0,0,
2017-12-22 06:32:09,0,3,4,19.9,3547.0,-40000.2,13267.3,48567.2,25.0,0,
2017-12-22 06:32:12,0,3,4,20.0,3546.6,-40000.0,13333.9,48803.7,25.0,0,
2017-12-22 06:32:15,0,3,4,20.0,3546.1,-40000.5,13333.9,48803.7,25.0,0,
2017-12-22 06:32:18,0,3,4,20.1,3545.5,-40000.0,13400.6,49040.1,25.0,0,
2017-12-22 06:32:21,0,3,4,20.1,3545.0,-40000.0,13400.6,49040.1,25.0,0,
2017-12-22 06:32:24,0,3,4,20.2,3544.6,-40000.3,13467.3,49276.4,25.0,0,
2017-12-22 06:32:28,0,3,4,20.2,3544.1,-40000.0,13467.3,49276.4,25.0,0,
2017-12-22 06:32:31,0,3,4,20.3,3543.6,-40000.2,13533.9,49512.7,25.0,0,
2017-12-22 06:32:34,0,3,4,20.3,3543.1,-40000.3,13533.9,49512.7,25.0,0,
2017-12-22 06:32:37,0,3,4,20.4,3542.6,-40000.5,13600.6,49748.9,25.0,0,
2017-12-22 06:32:40,0,3,4,20.4,3542.2,-40000.4,13600.6,49748.9,25.0,0,
2017-12-22 06:32:43,0,3,4,20.5,3541.5,-39999.7,13667.3,49985.0,25.0,0,
2017-12-22 06:32:46,0,3,4,20.6,3541.0,-39999.8,13733.9,50221.1,25.0,0,
2017-12-22 06:32:50,0,3,4,20.6,3540.7,-39999.8,13733.9,50221.1,25.0,0,
2017-12-22 06:32:53,0,3,4,20.7,3540.1,-39999.5,13800.6,50457.1,25.0,0,
2017-12-22 06:32:56,0,3,4,20.7,3539.7,-40000.0,13800.6,50457.1,25.0,0,
2017-12-22 06:32:59,0,3,4,20.8,3539.1,-40000.1,13867.3,50693.0,25.0,0,
2017-12-22 06:33:02,0,3,4,20.8,3538.6,-39999.5,13867.3,50693.0,25.0,0,
2017-12-22 06:33:05,0,3,4,20.9,3538.2,-40000.2,13933.9,50928.9,25.0,0,
2017-12-22 06:33:08,0,3,4,20.9,3537.8,-39999.7,13933.9,50928.9,25.0,0,
2017-12-22 06:33:11,0,3,4,21.0,3537.2,-40000.1,14000.6,51164.8,25.0,0,
2017-12-22 06:33:15,0,3,4,21.0,3536.7,-40000.2,14000.6,51164.8,25.0,0,
2017-12-22 06:33:18,0,3,4,21.1,3536.1,-40000.4,14067.3,51400.5,25.0,0,
2017-12-22 06:33:21,0,3,4,21.1,3535.6,-40000.2,14067.3,51400.5,24.9,0,
2017-12-22 06:33:24,0,3,4,21.2,3535.2,-40000.1,14133.9,51636.2,24.9,0,
2017-12-22 06:33:27,0,3,4,21.2,3534.7,-40000.3,14133.9,51636.2,24.9,0,
2017-12-22 06:33:30,0,3,4,21.3,3534.2,-40000.0,14200.6,51871.9,24.9,0,
2017-12-22 06:33:34,0,3,4,21.3,3533.7,-40000.2,14200.6,51871.9,24.9,0,
2017-12-22 06:33:37,0,3,4,21.4,3533.1,-40000.0,14267.3,52107.4,24.9,0,
2017-12-22 06:33:40,0,3,4,21.4,3532.7,-39999.8,14267.3,52107.4,24.9,0,
2017-12-22 06:33:43,0,3,4,21.5,3532.2,-40000.0,14333.9,52342.9,25.0,0,
2017-12-22 06:33:46,0,3,4,21.5,3531.6,-39999.7,14333.9,52342.9,24.9,0,
2017-12-22 06:33:49,0,3,4,21.6,3531.2,-40000.2,14400.6,52578.4,24.9,0,
2017-12-22 06:33:52,0,3,4,21.7,3530.7,-40000.0,14467.3,52813.8,25.0,0,
2017-12-22 06:33:55,0,3,4,21.7,3530.2,-39999.9,14467.3,52813.8,25.0,0,
2017-12-22 06:33:59,0,3,4,21.8,3529.6,-40000.0,14533.9,53049.1,25.0,0,
2017-12-22 06:34:02,0,3,4,21.8,3529.2,-39999.8,14533.9,53049.1,25.0,0,
2017-12-22 06:34:05,0,3,4,21.9,3528.6,-40000.2,14600.6,53284.3,25.0,0,
2017-12-22 06:34:08,0,3,4,21.9,3528.1,-40000.0,14600.6,53284.3,25.0,0,
2017-12-22 06:34:11,0,3,4,22.0,3527.7,-40000.0,14667.3,53519.5,25.0,0,
2017-12-22 06:34:14,0,3,4,22.0,3527.2,-40000.0,14667.3,53519.5,25.0,0,
2017-12-22 06:34:17,0,3,4,22.1,3526.7,-39999.7,14733.9,53754.6,25.0,0,
2017-12-22 06:34:21,0,3,4,22.1,3526.2,-40000.2,14733.9,53754.6,25.0,0,
2017-12-22 06:34:24,0,3,4,22.2,3525.5,-39999.8,14800.6,53989.7,25.0,0,
2017-12-22 06:34:27,0,3,4,22.2,3525.1,-40000.2,14800.6,53989.7,25.0,0,
2017-12-22 06:34:30,0,3,4,22.3,3524.5,-40000.0,14867.3,54224.7,25.0,0,
2017-12-22 06:34:33,0,3,4,22.3,3524.0,-39999.8,14867.3,54224.7,25.0,0,
2017-12-22 06:34:36,0,3,4,22.4,3523.5,-40000.7,14933.9,54459.6,25.0,0,
2017-12-22 06:34:39,0,3,4,22.4,3523.2,-39999.8,14933.9,54459.6,25.0,0,
2017-12-22 06:34:43,0,3,4,22.5,3522.6,-40000.2,15000.6,54694.5,25.0,0,
2017-12-22 06:34:46,0,3,4,22.5,3522.0,-40000.3,15000.6,54694.5,25.0,0,
2017-12-22 06:34:49,0,3,4,22.6,3521.6,-39999.8,15067.3,54929.3,25.0,0,
2017-12-22 06:34:52,0,3,4,22.6,3521.1,-40000.0,15067.3,54929.3,25.0,0,
2017-12-22 06:34:55,0,3,4,22.7,3520.4,-40000.2,15133.9,55164.0,25.0,0,
2017-12-22 06:34:58,0,3,4,22.8,3520.0,-40000.3,15200.6,55398.7,25.0,0,
2017-12-22 06:35:01,0,3,4,22.8,3519.5,-40000.0,15200.6,55398.7,25.0,0,
2017-12-22 06:35:04,0,3,4,22.9,3518.9,-39999.5,15267.3,55633.3,25.0,0,
2017-12-22 06:35:08,0,3,4,22.9,3518.4,-39999.8,15267.3,55633.3,25.0,0,
2017-12-22 06:35:11,0,3,4,23.0,3517.9,-40000.0,15333.9,55867.8,25.0,0,
2017-12-22 06:35:14,0,3,4,23.0,3517.4,-40000.1,15333.9,55867.8,25.0,0,
2017-12-22 06:35:17,0,3,4,23.1,3516.8,-40000.0,15400.6,56102.3,25.0,0,
2017-12-22 06:35:20,0,3,4,23.1,3516.4,-40000.0,15400.6,56102.3,25.0,0,
2017-12-22 06:35:23,0,3,4,23.2,3515.8,-39999.7,15467.3,56336.7,25.0,0,
2017-12-22 06:35:26,0,3,4,23.2,3515.3,-40000.2,15467.3,56336.7,25.0,0,
2017-12-22 06:35:30,0,3,4,23.3,3514.7,-40000.1,15533.9,56571.0,25.0,0,
2017-12-22 06:35:33,0,3,4,23.3,3514.2,-39999.8,15533.9,56571.0,25.0,0,
2017-12-22 06:35:36,0,3,4,23.4,3513.6,-39999.8,15600.6,56805.2,25.0,0,
2017-12-22 06:35:39,0,3,4,23.4,3513.1,-39999.7,15600.6,56805.2,25.0,0,
2017-12-22 06:35:42,0,3,4,23.5,3512.5,-39999.7,15667.3,57039.4,25.0,0,
2017-12-22 06:35:45,0,3,4,23.5,3512.0,-40000.0,15667.3,57039.4,25.0,0,
2017-12-22 06:35:48,0,3,4,23.6,3511.5,-39999.4,15733.9,57273.5,25.0,0,
2017-12-22 06:35:52,0,3,4,23.6,3511.0,-39999.7,15733.9,57273.5,25.0,0,
2017-12-22 06:35:55,0,3,4,23.7,3510.4,-39999.5,15800.6,57507.6,25.0,0,
2017-12-22 06:35:58,0,3,4,23.7,3509.9,-39999.5,15800.6,57507.6,25.0,0,
2017-12-22 06:36:01,0,3,4,23.8,3509.4,-39999.6,15867.3,57741.6,25.0,0,
2017-12-22 06:36:04,0,3,4,23.9,3508.8,-39999.8,15933.9,57975.5,25.0,0,
2017-12-22 06:36:07,0,3,4,23.9,3508.4,-40000.1,15933.9,57975.5,25.0,0,
2017-12-22 06:36:10,0,3,4,24.0,3507.9,-39999.8,16000.6,58209.4,25.0,0,
2017-12-22 06:36:14,0,3,4,24.0,3507.2,-39999.8,16000.6,58209.4,25.0,0,
2017-12-22 06:36:17,0,3,4,24.1,3506.7,-40000.3,16067.3,58443.2,25.0,0,
2017-12-22 06:36:20,0,3,4,24.1,3506.1,-40000.3,16067.3,58443.2,25.1,0,
2017-12-22 06:36:23,0,3,4,24.2,3505.6,-39999.8,16133.9,58676.9,25.1,0,
2017-12-22 06:36:26,0,3,4,24.2,3505.1,-39999.7,16133.9,58676.9,25.1,0,
2017-12-22 06:36:29,0,3,4,24.3,3504.5,-39999.8,16200.6,58910.5,25.1,0,
2017-12-22 06:36:32,0,3,4,24.3,3504.0,-40000.2,16200.6,58910.5,25.1,0,
2017-12-22 06:36:36,0,3,4,24.4,3503.4,-39999.7,16267.3,59144.1,25.1,0,
2017-12-22 06:36:39,0,3,4,24.4,3502.9,-40000.1,16267.3,59144.1,25.1,0,
2017-12-22 06:36:42,0,3,4,24.5,3502.4,-40000.0,16333.9,59377.6,25.1,0,
2017-12-22 06:36:45,0,3,4,24.5,3501.9,-40000.2,16333.9,59377.6,25.1,0,
2017-12-22 06:36:48,0,3,4,24.6,3501.2,-39999.8,16400.6,59611.1,25.1,0,
2017-12-22 06:36:51,0,3,4,24.6,3500.6,-39999.7,16400.6,59611.1,25.0,0,
2017-12-22 06:36:54,0,3,4,24.7,3500.3,-40000.1,16467.3,59844.4,25.0,0,
2017-12-22 06:36:57,0,3,4,24.7,3499.7,-39999.8,16467.3,59844.4,25.0,0,
2017-12-22 06:37:01,0,3,4,24.8,3499.1,-40000.0,16533.9,60077.7,25.0,0,
2017-12-22 06:37:04,0,3,4,24.8,3498.6,-39999.7,16533.9,60077.7,25.0,0,
2017-12-22 06:37:07,0,3,4,24.9,3497.9,-40000.0,16600.6,60310.9,25.0,0,
2017-12-22 06:37:10,0,3,4,24.9,3497.3,-39999.7,16600.6,60310.9,25.0,0,
2017-12-22 06:37:13,0,3,4,25.0,3496.8,-39999.9,16667.3,60544.1,25.0,0,
2017-12-22 06:37:16,0,3,4,25.1,3496.3,-40000.1,16733.9,60777.2,25.1,0,
2017-12-22 06:37:19,0,3,4,25.1,3495.7,-39999.7,16733.9,60777.2,25.1,0,
2017-12-22 06:37:23,0,3,4,25.2,3495.1,-40000.3,16800.6,61010.2,25.0,0,
2017-12-22 06:37:26,0,3,4,25.2,3494.5,-39999.8,16800.6,61010.2,25.0,0,
2017-12-22 06:37:29,0,3,4,25.3,3494.0,-40000.2,16867.3,61243.1,25.1,0,
2017-12-22 06:37:32,0,3,4,25.3,3493.5,-39999.8,16867.3,61243.1,25.0,0,
2017-12-22 06:37:35,0,3,4,25.4,3492.9,-39999.8,16933.9,61476.0,25.1,0,
2017-12-22 06:37:38,0,3,4,25.4,3492.3,-40000.2,16933.9,61476.0,25.0,0,
2017-12-22 06:37:41,0,3,4,25.5,3491.7,-40000.0,17000.6,61708.8,25.0,0,
2017-12-22 06:37:44,0,3,4,25.5,3491.4,-39999.7,17000.6,61708.8,25.0,0,
2017-12-22 06:37:48,0,3,4,25.6,3490.7,-39999.7,17067.3,61941.5,25.0,0,
2017-12-22 06:37:51,0,3,4,25.6,3490.0,-39999.8,17067.3,61941.5,25.0,0,
2017-12-22 06:37:54,0,3,4,25.7,3489.4,-39999.7,17133.9,62174.2,25.0,0,
2017-12-22 06:37:57,0,3,4,25.7,3488.8,-39999.6,17133.9,62174.2,25.0,0,
2017-12-22 06:38:00,0,3,4,25.8,3488.3,-39999.5,17200.6,62406.7,25.0,0,
2017-12-22 06:38:03,0,3,4,25.8,3487.8,-39999.7,17200.6,62406.7,25.0,0,
2017-12-22 06:38:06,0,3,4,25.9,3487.1,-39999.5,17267.3,62639.2,25.0,0,
2017-12-22 06:38:10,0,3,4,25.9,3486.6,-39999.8,17267.3,62639.2,25.0,0,
2017-12-22 06:38:13,0,3,4,26.0,3486.0,-39999.5,17333.9,62871.6,25.0,0,
2017-12-22 06:38:16,0,3,4,26.0,3485.5,-39999.2,17333.9,62871.6,25.0,0,
2017-12-22 06:38:19,0,3,4,26.1,3484.8,-39999.8,17400.6,63104.0,25.0,0,
2017-12-22 06:38:22,0,3,4,26.2,3484.1,-39999.2,17467.2,63336.3,25.0,0,
2017-12-22 06:38:25,0,3,4,26.2,3483.6,-39999.4,17467.2,63336.3,25.0,0,
2017-12-22 06:38:29,0,3,4,26.3,3482.9,-39999.3,17533.9,63568.4,25.0,0,
2017-12-22 06:38:32,0,3,4,26.3,3482.4,-39999.8,17533.9,63568.4,25.0,0,
2017-12-22 06:38:35,0,3,4,26.4,3481.7,-39999.5,17600.6,63800.6,25.0,0,
2017-12-22 06:38:38,0,3,4,26.4,3481.1,-39999.2,17600.6,63800.6,25.0,0,
2017-12-22 06:38:41,0,3,4,26.5,3480.6,-39999.5,17667.2,64032.6,25.0,0,
2017-12-22 06:38:44,0,3,4,26.5,3479.9,-39999.7,17667.2,64032.6,25.0,0,
2017-12-22 06:38:47,0,3,4,26.6,3479.3,-39999.8,17733.9,64264.5,25.0,0,
2017-12-22 06:38:50,0,3,4,26.6,3478.7,-39999.7,17733.9,64264.5,25.0,0,
2017-12-22 06:38:54,0,3,4,26.7,3477.9,-39999.4,17800.6,64496.4,25.0,0,
2017-12-22 06:38:57,0,3,4,26.7,3477.2,-39999.6,17800.6,64496.4,25.0,0,
2017-12-22 06:39:00,0,3,4,26.8,3476.8,-39999.2,17867.2,64728.2,25.0,0,
2017-12-22 06:39:03,0,3,4,26.8,3476.1,-39999.6,17867.2,64728.2,25.0,0,
2017-12-22 06:39:06,0,3,4,26.9,3475.3,-39999.5,17933.9,64959.9,25.0,0,
2017-12-22 06:39:09,0,3,4,26.9,3474.8,-39999.4,17933.9,64959.9,25.0,0,
2017-12-22 06:39:12,0,3,4,27.0,3474.1,-39999.2,18000.6,65191.6,25.0,0,
2017-12-22 06:39:16,0,3,4,27.0,3473.4,-39999.0,18000.6,65191.6,25.0,0,
2017-12-22 06:39:19,0,3,4,27.1,3472.8,-39999.2,18067.2,65423.1,25.0,0,
2017-12-22 06:39:22,0,3,4,27.1,3472.2,-39999.4,18067.2,65423.1,25.0,0,
2017-12-22 06:39:25,0,3,4,27.2,3471.5,-39999.5,18133.9,65654.6,25.0,0,
2017-12-22 06:39:28,0,3,4,27.3,3470.8,-39999.3,18200.6,65886.0,25.0,0,
2017-12-22 06:39:31,0,3,4,27.3,3470.0,-39999.4,18200.6,65886.0,25.0,0,
2017-12-22 06:39:35,0,3,4,27.4,3469.5,-39999.7,18267.2,66117.3,25.0,0,
2017-12-22 06:39:38,0,3,4,27.4,3468.7,-39999.5,18267.2,66117.3,25.0,0,
2017-12-22 06:39:41,0,3,4,27.5,3467.9,-39999.2,18333.9,66348.5,25.0,0,
2017-12-22 06:39:44,0,3,4,27.5,3467.3,-39999.5,18333.9,66348.5,25.0,0,
2017-12-22 06:39:47,0,3,4,27.6,3466.7,-39999.2,18400.6,66579.6,25.0,0,
2017-12-22 06:39:50,0,3,4,27.6,3465.8,-39999.7,18400.6,66579.6,25.0,0,
2017-12-22 06:39:54,0,3,4,27.7,3465.1,-39999.3,18467.2,66810.6,25.0,0,
2017-12-22 06:39:57,0,3,4,27.7,3464.4,-39999.2,18467.2,66810.6,25.0,0,
2017-12-22 06:40:00,0,3,4,27.8,3463.8,-39999.8,18533.9,67041.5,25.0,0,
2017-12-22 06:40:03,0,3,4,27.8,3463.1,-39999.3,18533.9,67041.5,25.0,0,
2017-12-22 06:40:06,0,3,4,27.9,3462.4,-39999.3,18600.6,67272.4,25.0,0,
2017-12-22 06:40:09,0,3,4,27.9,3461.6,-39999.1,18600.6,67272.4,25.0,0,
2017-12-22 06:40:12,0,3,4,28.0,3461.0,-39999.4,18667.2,67503.1,25.0,0,
2017-12-22 06:40:16,0,3,4,28.0,3460.3,-39999.0,18667.2,67503.1,25.0,0,
2017-12-22 06:40:19,0,3,4,28.1,3459.5,-39999.5,18733.9,67733.8,25.0,0,
2017-12-22 06:40:22,0,3,4,28.1,3458.8,-39999.0,18733.9,67733.8,25.0,0,
2017-12-22 06:40:25,0,3,4,28.2,3458.1,-39999.7,18800.5,67964.4,25.0,0,
2017-12-22 06:40:28,0,3,4,28.2,3457.3,-39999.3,18800.5,67964.4,25.0,0,
2017-12-22 06:40:31,0,3,4,28.3,3456.6,-39999.3,18867.2,68194.8,25.0,0,
2017-12-22 06:40:34,0,3,4,28.4,3455.7,-39999.5,18933.9,68425.2,25.0,0,
2017-12-22 06:40:37,0,3,4,28.4,3455.1,-39999.6,18933.9,68425.2,25.1,0,
2017-12-22 06:40:41,0,3,4,28.5,3454.3,-39998.8,19000.5,68655.5,25.0,0,
2017-12-22 06:40:44,0,3,4,28.5,3453.6,-39999.0,19000.5,68655.5,25.1,0,
2017-12-22 06:40:47,0,3,4,28.6,3452.8,-39998.8,19067.2,68885.6,25.0,0,
2017-12-22 06:40:50,0,3,4,28.6,3452.0,-39999.0,19067.2,68885.6,25.0,0,
2017-12-22 06:40:53,0,3,4,28.7,3451.3,-39998.9,19133.9,69115.7,25.0,0,
2017-12-22 06:40:56,0,3,4,28.7,3450.3,-39999.0,19133.9,69115.7,25.0,0,
2017-12-22 06:40:59,0,3,4,28.8,3449.6,-39999.2,19200.5,69345.7,25.1,0,
2017-12-22 06:41:03,0,3,4,28.8,3448.8,-39999.9,19200.5,69345.7,25.1,0,
2017-12-22 06:41:06,0,3,4,28.9,3448.1,-39998.7,19267.2,69575.6,25.0,0,
2017-12-22 06:41:09,0,3,4,28.9,3447.3,-39998.7,19267.2,69575.6,25.1,0,
2017-12-22 06:41:12,0,3,4,29.0,3446.4,-39999.1,19333.8,69805.4,25.1,0,
2017-12-22 06:41:15,0,3,4,29.0,3445.6,-39999.2,19333.8,69805.4,25.1,0,
2017-12-22 06:41:18,0,3,4,29.1,3444.9,-39999.2,19400.5,70035.0,25.1,0,
2017-12-22 06:41:21,0,3,4,29.1,3444.1,-39999.3,19400.5,70035.0,25.1,0,
2017-12-22 06:41:25,0,3,4,29.2,3443.2,-39999.2,19467.2,70264.6,25.1,0,
2017-12-22 06:41:28,0,3,4,29.2,3442.5,-39999.0,19467.2,70264.6,25.1,0,
2017-12-22 06:41:31,0,3,4,29.3,3441.7,-39998.8,19533.8,70494.1,25.1,0,
2017-12-22 06:41:34,0,3,4,29.3,3440.7,-39998.7,19533.8,70494.1,25.1,0,
2017-12-22 06:41:37,0,3,4,29.4,3440.0,-39999.2,19600.5,70723.4,25.1,0,
2017-12-22 06:41:40,0,3,4,29.5,3439.2,-39999.0,19667.2,70952.7,25.1,0,
2017-12-22 06:41:43,0,3,4,29.5,3438.3,-39998.7,19667.2,70952.7,25.1,0,
2017-12-22 06:41:47,0,3,4,29.6,3437.4,-39999.0,19733.8,71181.9,25.1,0,
2017-12-22 06:41:50,0,3,4,29.6,3436.7,-39999.0,19733.8,71181.9,25.1,0,
2017-12-22 06:41:53,0,3,4,29.7,3435.8,-39998.9,19800.5,71410.9,25.0,0,
2017-12-22 06:41:56,0,3,4,29.7,3434.8,-39999.8,19800.5,71410.9,25.0,0,
2017-12-22 06:41:59,0,3,4,29.8,3434.1,-39999.0,19867.2,71639.8,25.0,0,
2017-12-22 06:42:02,0,3,4,29.8,3433.2,-39999.2,19867.2,71639.8,25.0,0,
2017-12-22 06:42:05,0,3,4,29.9,3432.4,-39998.9,19933.8,71868.7,25.1,0,
2017-12-22 06:42:09,0,3,4,29.9,3431.5,-39998.9,19933.8,71868.7,25.0,0,
2017-12-22 06:42:12,0,3,4,30.0,3430.7,-39998.9,20000.5,72097.4,25.1,0,
2017-12-22 06:42:15,0,3,4,30.0,3429.7,-39998.8,20000.5,72097.4,25.1,0,
2017-12-22 06:42:18,0,3,4,30.1,3428.9,-39999.1,20067.1,72326.0,25.1,0,
2017-12-22 06:42:21,0,3,4,30.1,3427.9,-39999.0,20067.1,72326.0,25.1,0,
2017-12-22 06:42:24,0,3,4,30.2,3427.1,-39998.7,20133.8,72554.5,25.1,0,
2017-12-22 06:42:28,0,3,4,30.2,3426.1,-39999.8,20133.8,72554.5,25.1,0,
2017-12-22 06:42:31,0,3,4,30.3,3425.1,-39999.0,20200.5,72782.9,25.1,0,
2017-12-22 06:42:34,0,3,4,30.3,3424.2,-39998.7,20200.5,72782.9,25.1,0,
2017-12-22 06:42:37,0,3,4,30.4,3423.5,-39999.0,20267.1,73011.2,25.1,0,
2017-12-22 06:42:40,0,3,4,30.4,3422.5,-39998.7,20267.1,73011.2,25.1,0,
2017-12-22 06:42:43,0,3,4,30.5,3421.5,-39998.7,20333.8,73239.3,25.1,0,
2017-12-22 06:42:46,0,3,4,30.6,3420.5,-39999.1,20400.5,73467.4,25.1,0,
2017-12-22 06:42:49,0,3,4,30.6,3419.5,-39999.0,20400.5,73467.4,25.1,0,
2017-12-22 06:42:53,0,3,4,30.7,3418.6,-39998.8,20467.1,73695.3,25.1,0,
2017-12-22 06:42:56,0,3,4,30.7,3417.7,-39999.3,20467.1,73695.3,25.1,0,
2017-12-22 06:42:59,0,3,4,30.8,3416.7,-39999.0,20533.8,73923.0,25.1,0,
2017-12-22 06:43:02,0,3,4,30.8,3415.6,-39998.8,20533.8,73923.0,25.1,0,
2017-12-22 06:43:05,0,3,4,30.9,3414.5,-39998.9,20600.5,74150.7,25.1,0,
2017-12-22 06:43:08,0,3,4,30.9,3413.7,-39998.8,20600.5,74150.7,25.1,0,
2017-12-22 06:43:11,0,3,4,31.0,3412.6,-39998.8,20667.1,74378.2,25.1,0,
2017-12-22 06:43:15,0,3,4,31.0,3411.6,-39998.7,20667.1,74378.2,25.1,0,
2017-12-22 06:43:18,0,3,4,31.1,3410.5,-39998.4,20733.8,74605.6,25.1,0,
2017-12-22 06:43:21,0,3,4,31.1,3409.4,-39999.2,20733.8,74605.6,25.1,0,
2017-12-22 06:43:24,0,3,4,31.2,3408.3,-39999.0,20800.4,74832.8,25.1,0,
2017-12-22 06:43:27,0,3,4,31.2,3407.1,-39998.8,20800.4,74832.8,25.1,0,
2017-12-22 06:43:30,0,3,4,31.3,3406.1,-39998.6,20867.1,75059.9,25.1,0,
2017-12-22 06:43:33,0,3,4,31.3,3405.0,-39999.0,20867.1,75059.9,25.1,0,
2017-12-22 06:43:37,0,3,4,31.4,3403.8,-39999.0,20933.8,75286.9,25.1,0,
2017-12-22 06:43:40,0,3,4,31.4,3402.6,-39998.4,20933.8,75286.9,25.1,0,
2017-12-22 06:43:43,0,3,4,31.5,3401.4,-39998.2,21000.4,75513.7,25.1,0,
2017-12-22 06:43:46,0,3,4,31.5,3400.2,-39998.7,21000.4,75513.7,25.1,0,
2017-12-22 06:43:49,0,3,4,31.6,3398.8,-39998.3,21067.1,75740.4,25.1,0,
2017-12-22 06:43:52,0,3,4,31.7,3397.7,-39999.4,21133.8,75966.9,25.1,0,
2017-12-22 06:43:55,0,3,4,31.7,3396.4,-39998.7,21133.8,75966.9,25.1,0,
2017-12-22 06:43:59,0,3,4,31.8,3395.1,-39998.2,21200.4,76193.2,25.2,0,
2017-12-22 06:44:02,0,3,4,31.8,3393.6,-39998.5,21200.4,76193.2,25.2,0,
2017-12-22 06:44:05,0,3,4,31.9,3392.3,-39997.7,21267.1,76419.4,25.2,0,
2017-12-22 06:44:08,0,3,4,31.9,3390.9,-39998.5,21267.1,76419.4,25.2,0,
2017-12-22 06:44:11,0,3,4,32.0,3389.5,-39998.0,21333.7,76645.3,25.2,0,
2017-12-22 06:44:14,0,3,4,32.0,3388.0,-39998.7,21333.7,76645.3,25.2,0,
2017-12-22 06:44:18,0,3,4,32.1,3386.4,-39998.7,21400.4,76871.1,25.2,0,
2017-12-22 06:44:21,0,3,4,32.1,3384.8,-39998.8,21400.4,76871.1,25.2,0,
2017-12-22 06:44:24,0,3,4,32.2,3383.4,-39999.1,21467.1,77096.7,25.2,0,
2017-12-22 06:44:27,0,3,4,32.2,3381.8,-39998.5,21467.1,77096.7,25.2,0,
2017-12-22 06:44:30,0,3,4,32.3,3380.1,-39999.0,21533.7,77322.1,25.2,0,
2017-12-22 06:44:33,0,3,4,32.3,3378.4,-39998.2,21533.7,77322.1,25.2,0,
2017-12-22 06:44:36,0,3,4,32.4,3376.7,-39998.5,21600.4,77547.3,25.3,0,
2017-12-22 06:44:39,0,3,4,32.4,3374.8,-39998.3,21600.4,77547.3,25.3,0,
2017-12-22 06:44:43,0,3,4,32.5,3373.1,-39998.7,21667.1,77772.2,25.3,0,
2017-12-22 06:44:46,0,3,4,32.5,3371.1,-39998.3,21667.1,77772.2,25.3,0,
2017-12-22 06:44:49,0,3,4,32.6,3369.1,-39998.1,21733.7,77996.9,25.3,0,
2017-12-22 06:44:52,0,3,4,32.6,3367.0,-39998.5,21733.7,77996.9,25.3,0,
2017-12-22 06:44:55,0,3,4,32.7,3365.0,-39998.8,21800.4,78221.4,25.3,0,
2017-12-22 06:44:58,0,3,4,32.8,3362.8,-39997.8,21867.0,78445.5,25.2,0,
2017-12-22 06:45:02,0,3,4,32.8,3360.6,-39998.7,21867.0,78445.5,25.2,0,
2017-12-22 06:45:05,0,3,4,32.9,3358.4,-39998.2,21933.7,78669.4,25.2,0,
2017-12-22 06:45:08,0,3,4,32.9,3356.1,-39998.5,21933.7,78669.4,25.2,0,
2017-12-22 06:45:11,0,3,4,33.0,3353.5,-39998.2,22000.4,78893.0,25.2,0,
2017-12-22 06:45:14,0,3,4,33.0,3351.0,-39998.0,22000.4,78893.0,25.2,0,
2017-12-22 06:45:17,0,3,4,33.1,3348.4,-39998.0,22067.0,79116.3,25.1,0,
2017-12-22 06:45:20,0,3,4,33.1,3345.6,-39998.4,22067.0,79116.3,25.2,0,
2017-12-22 06:45:23,0,3,4,33.2,3342.9,-39998.6,22133.7,79339.2,25.2,0,
2017-12-22 06:45:27,0,3,4,33.2,3340.0,-39998.2,22133.7,79339.2,25.2,0,
2017-12-22 06:45:30,0,3,4,33.3,3337.1,-39998.0,22200.3,79561.7,25.2,0,
2017-12-22 06:45:33,0,3,4,33.3,3333.9,-39998.2,22200.3,79561.7,25.2,0,
2017-12-22 06:45:36,0,3,4,33.4,3330.5,-39998.3,22267.0,79783.9,25.3,0,
2017-12-22 06:45:39,0,3,4,33.4,3327.3,-39998.2,22267.0,79783.9,25.3,0,
2017-12-22 06:45:42,0,3,4,33.5,3323.6,-39998.2,22333.7,80005.6,25.3,0,
2017-12-22 06:45:45,0,3,4,33.5,3320.1,-39997.7,22333.7,80005.6,25.3,0,
2017-12-22 06:45:49,0,3,4,33.6,3316.3,-40000.2,22400.3,80226.8,25.3,0,
2017-12-22 06:45:52,0,3,4,33.6,3312.6,-40000.3,22400.3,80226.8,25.3,0,
2017-12-22 06:45:55,0,3,4,33.7,3308.4,-40000.0,22467.0,80447.6,25.3,0,
2017-12-22 06:45:58,0,3,4,33.7,3304.6,-39999.2,22467.0,80447.6,25.3,0,
2017-12-22 06:46:01,0,3,4,33.8,3300.2,-40000.0,22533.7,80667.9,25.3,0,
2017-12-22 06:46:01,0,3,4,33.8,3300.0,-39999.8,22533.7,80667.9,25.3,3,下限电压到
2017-12-22 06:46:04,0,3,4,33.8,3368.9,22.9,22533.7,80667.9,25.3,3,下限电压到
2017-12-22 06:46:07,0,3,4,33.9,3377.1,23.0,22533.7,80668.0,25.3,3,下限电压到
2017-12-22 06:46:10,0,3,4,34.0,3382.0,23.2,22533.7,80668.2,25.3,3,下限电压到
2017-12-22 06:46:14,0,3,4,34.0,3386.3,24.5,22533.7,80668.2,25.3,3,下限电压到
2017-12-22 06:46:17,0,3,4,34.1,3389.5,23.1,22533.8,80668.3,25.3,3,下限电压到
2017-12-22 06:46:20,0,3,4,34.1,3392.1,23.3,22533.8,80668.3,25.3,3,下限电压到
2017-12-22 06:46:23,0,3,4,34.2,3394.4,23.0,22533.8,80668.4,25.3,3,下限电压到
2017-12-22 06:46:26,0,3,4,34.2,3396.6,24.7,22533.8,80668.4,25.3,3,下限电压到
2017-12-22 06:46:29,0,3,4,34.3,3398.2,23.2,22533.9,80668.6,25.3,3,下限电压到
2017-12-22 06:46:32,0,3,4,34.3,3399.6,24.4,22533.9,80668.6,25.3,3,下限电压到
2017-12-22 06:46:35,0,3,4,34.4,3401.0,25.0,22533.9,80668.7,25.3,3,下限电压到
2017-12-22 06:46:38,0,3,4,34.4,3402.1,24.4,22533.9,80668.7,25.3,3,下限电压到
2017-12-22 06:46:42,0,3,4,34.5,3403.6,24.3,22533.9,80668.8,25.3,3,下限电压到
2017-12-22 06:46:45,0,3,4,34.5,3404.5,24.4,22533.9,80668.8,25.3,3,下限电压到
2017-12-22 06:46:50,0,4,6,0.0,3405.6,0,0.0,0.0,25.3,0,
