2017-12-22 05:33:19,0,0,3,0.0,3435.3,0,0.0,0.0,24.8,0,
2017-12-22 05:33:47,0,0,3,0.4,3436.7,22.1,0.0,0.0,24.6,0,
2017-12-22 05:33:50,0,0,3,0.4,3436.8,23.3,0.0,0.0,24.6,0,
2017-12-22 05:33:53,0,0,3,0.5,3437.1,21.8,0.0,0.0,24.6,0,
2017-12-22 05:33:56,0,0,3,0.5,3437.1,23.4,0.0,0.0,24.7,0,
2017-12-22 05:33:59,0,0,3,0.6,3437.3,23.7,0.0,0.0,24.7,0,
2017-12-22 05:34:02,0,0,3,0.6,3437.3,23.6,0.0,0.0,24.7,0,
2017-12-22 05:34:05,0,0,3,0.7,3437.5,21.6,0.0,0.0,24.7,0,
2017-12-22 05:34:08,0,0,3,0.7,3437.7,21.8,0.0,0.0,24.7,0,
2017-12-22 05:34:12,0,0,3,0.8,3437.8,21.9,0.0,0.0,24.7,0,
2017-12-22 05:34:15,0,0,3,0.8,3437.8,23.0,0.0,0.0,24.7,0,
2017-12-22 05:34:18,0,0,3,0.9,3437.9,23.2,0.0,0.0,24.7,0,
2017-12-22 05:34:21,0,0,3,0.9,3438.1,21.8,0.0,0.0,24.7,0,
2017-12-22 05:34:24,0,0,3,1.0,3438.2,23.5,0.0,0.0,24.7,0,
2017-12-22 05:34:25,0,0,3,1.0,3438.2,23.3,0.0,0.0,24.7,1,时间到
2017-12-22 05:34:29,0,1,2,0.0,3438.3,0,0.0,0.0,24.7,0,
2017-12-22 05:34:51,0,1,2,0.4,3516.7,40002.2,266.7,933.9,24.8,0,
2017-12-22 05:34:54,0,1,2,0.4,3520.7,40002.5,266.7,933.9,24.8,0,
2017-12-22 05:34:58,0,1,2,0.5,3524.5,40000.0,333.3,1168.9,24.8,0,
2017-12-22 05:35:01,0,1,2,0.5,3527.7,39999.7,333.3,1168.9,24.8,0,
2017-12-22 05:35:04,0,1,2,0.6,3531.0,40000.1,400.0,1404.2,24.8,0,
2017-12-22 05:35:07,0,1,2,0.6,3533.8,39999.7,400.0,1404.2,24.8,0,
2017-12-22 05:35:11,0,1,2,0.7,3536.5,40000.0,466.7,1639.9,24.8,0,
2017-12-22 05:35:14,0,1,2,0.7,3539.0,40000.3,466.7,1639.9,24.8,0,
2017-12-22 05:35:17,0,1,2,0.8,3540.9,40000.1,533.3,1875.9,24.8,0,
2017-12-22 05:35:20,0,1,2,0.8,3543.1,40000.1,533.3,1875.9,24.8,0,
2017-12-22 05:35:23,0,1,2,0.9,3545.0,40000.5,600.0,2112.2,24.8,0,
2017-12-22 05:35:27,0,1,2,0.9,3546.8,40000.5,600.0,2112.2,24.8,0,
2017-12-22 05:35:30,0,1,2,1.0,3548.5,40000.3,666.7,2348.7,24.8,0,
2017-12-22 05:35:33,0,1,2,1.0,3549.9,40000.5,666.7,2348.7,24.8,0,
2017-12-22 05:35:36,0,1,2,1.1,3551.1,40000.3,733.4,2585.3,24.9,0,
2017-12-22 05:35:39,0,1,2,1.1,3552.4,40000.5,733.4,2585.3,24.9,0,
2017-12-22 05:35:42,0,1,2,1.2,3553.5,40000.6,800.0,2822.2,24.9,0,
2017-12-22 05:35:45,0,1,2,1.2,3554.7,40000.7,800.0,2822.2,25.0,0,
2017-12-22 05:35:48,0,1,2,1.3,3555.8,40000.9,866.7,3059.2,25.0,0,
2017-12-22 05:35:51,0,1,2,1.4,3556.7,40001.0,933.4,3296.3,25.0,0,
2017-12-22 05:35:54,0,1,2,1.4,3557.9,40001.0,933.4,3296.3,24.9,0,
2017-12-22 05:35:58,0,1,2,1.5,3558.9,40000.9,1000.0,3533.6,24.9,0,
2017-12-22 05:36:01,0,1,2,1.5,3559.9,40001.0,1000.0,3533.6,24.9,0,
2017-12-22 05:36:04,0,1,2,1.6,3560.8,40001.0,1066.7,3770.9,24.9,0,
2017-12-22 05:36:07,0,1,2,1.6,3561.8,40001.3,1066.7,3770.9,24.9,0,
2017-12-22 05:36:10,0,1,2,1.7,3562.5,40001.4,1133.4,4008.5,24.9,0,
2017-12-22 05:36:13,0,1,2,1.7,3563.4,40001.1,1133.4,4008.5,24.9,0,
2017-12-22 05:36:17,0,1,2,1.8,3564.4,40001.2,1200.0,4246.1,24.9,0,
2017-12-22 05:36:20,0,1,2,1.8,3565.3,40001.5,1200.0,4246.1,24.9,0,
2017-12-22 05:36:23,0,1,2,1.9,3566.2,40001.2,1266.7,4483.8,24.9,0,
2017-12-22 05:36:26,0,1,2,1.9,3566.9,40001.0,1266.7,4483.8,25.0,0,
2017-12-22 05:36:29,0,1,2,2.0,3567.8,40001.2,1333.4,4721.6,24.9,0,
2017-12-22 05:36:32,0,1,2,2.0,3568.7,40001.4,1333.4,4721.6,24.9,0,
2017-12-22 05:36:35,0,1,2,2.1,3569.4,40001.5,1400.1,4959.6,24.9,0,
2017-12-22 05:36:39,0,1,2,2.1,3570.2,40001.4,1400.1,4959.6,24.9,0,
2017-12-22 05:36:42,0,1,2,2.2,3571.2,40001.5,1466.7,5197.6,24.9,0,
2017-12-22 05:36:45,0,1,2,2.2,3572.1,40001.3,1466.7,5197.6,24.9,0,
2017-12-22 05:36:48,0,1,2,2.3,3572.9,40001.9,1533.4,5435.8,24.9,0,
2017-12-22 05:36:52,0,1,2,2.4,3573.8,40001.5,1600.1,5674.1,24.9,0,
2017-12-22 05:36:55,0,1,2,2.4,3574.6,40001.6,1600.1,5674.1,24.9,0,
2017-12-22 05:36:58,0,1,2,2.5,3575.3,40001.7,1666.7,5912.4,24.9,0,
2017-12-22 05:37:01,0,1,2,2.5,3576.1,40001.6,1666.7,5912.4,24.9,0,
2017-12-22 05:37:04,0,1,2,2.6,3577.0,40001.3,1733.4,6150.9,24.8,0,
2017-12-22 05:37:07,0,1,2,2.6,3577.8,40001.5,1733.4,6150.9,24.8,0,
2017-12-22 05:37:10,0,1,2,2.7,3578.5,40000.8,1800.1,6389.5,24.8,0,
2017-12-22 05:37:13,0,1,2,2.7,3579.3,40001.5,1800.1,6389.5,24.8,0,
2017-12-22 05:37:17,0,1,2,2.8,3580.2,40001.2,1866.8,6628.1,24.8,0,
2017-12-22 05:37:20,0,1,2,2.8,3580.9,40001.7,1866.8,6628.1,24.8,0,
2017-12-22 05:37:23,0,1,2,2.9,3581.7,40001.4,1933.4,6866.9,24.8,0,
2017-12-22 05:37:26,0,1,2,2.9,3582.6,40001.3,1933.4,6866.9,24.8,0,
2017-12-22 05:37:29,0,1,2,3.0,3583.5,40001.5,2000.1,7105.8,24.8,0,
2017-12-22 05:37:32,0,1,2,3.0,3584.2,40001.1,2000.1,7105.8,24.7,0,
2017-12-22 05:37:35,0,1,2,3.1,3585.0,40001.5,2066.8,7344.8,24.8,0,
2017-12-22 05:37:38,0,1,2,3.1,3585.9,40001.5,2066.8,7344.8,24.7,0,
2017-12-22 05:37:41,0,1,2,3.2,3586.8,40001.3,2133.4,7583.9,24.7,0,
2017-12-22 05:37:44,0,1,2,3.2,3587.7,40001.0,2133.4,7583.9,24.7,0,
2017-12-22 05:37:47,0,1,2,3.3,3588.5,40001.6,2200.1,7823.1,24.7,0,
2017-12-22 05:37:51,0,1,2,3.3,3589.4,40001.2,2200.1,7823.1,24.7,0,
2017-12-22 05:37:54,0,1,2,3.4,3590.2,40001.0,2266.8,8062.4,24.7,0,
2017-12-22 05:37:57,0,1,2,3.4,3591.0,40001.3,2266.8,8062.4,24.7,0,
2017-12-22 05:38:00,0,1,2,3.5,3591.8,40001.0,2333.5,8301.9,24.6,0,
2017-12-22 05:38:03,0,1,2,3.5,3592.5,40001.8,2333.5,8301.9,24.6,0,
2017-12-22 05:38:06,0,1,2,3.6,3593.4,40001.0,2400.1,8541.4,24.6,0,
2017-12-22 05:38:09,0,1,2,3.6,3594.2,40000.8,2400.1,8541.4,24.6,0,
2017-12-22 05:38:12,0,1,2,3.7,3595.0,40001.2,2466.8,8781.0,24.6,0,
2017-12-22 05:38:15,0,1,2,3.7,3595.9,40000.7,2466.8,8781.0,24.6,0,
2017-12-22 05:38:18,0,1,2,3.8,3596.8,40001.0,2533.5,9020.8,24.6,0,
2017-12-22 05:38:21,0,1,2,3.9,3597.6,40001.1,2600.1,9260.6,24.6,0,
2017-12-22 05:38:24,0,1,2,3.9,3598.4,40000.8,2600.1,9260.6,24.6,0,
2017-12-22 05:38:27,0,1,2,4.0,3599.2,40001.0,2666.8,9500.6,24.6,0,
2017-12-22 05:38:30,0,1,2,4.0,3600.0,40001.5,2666.8,9500.6,24.6,0,
2017-12-22 05:38:33,0,1,2,4.1,3601.0,40001.0,2733.5,9740.7,24.6,0,
2017-12-22 05:38:36,0,1,2,4.1,3601.8,40000.7,2733.5,9740.7,24.6,0,
2017-12-22 05:38:40,0,1,2,4.2,3602.5,40001.1,2800.1,9980.9,24.6,0,
2017-12-22 05:38:43,0,1,2,4.2,3603.4,40001.3,2800.1,9980.9,24.6,0,
2017-12-22 05:38:46,0,1,2,4.3,3604.2,40000.5,2866.8,10221.1,24.7,0,
2017-12-22 05:38:49,0,1,2,4.3,3605.1,40000.8,2866.8,10221.1,24.7,0,
2017-12-22 05:38:52,0,1,2,4.4,3606.0,40001.3,2933.5,10461.5,24.7,0,
2017-12-22 05:38:55,0,1,2,4.4,3606.8,40000.8,2933.5,10461.5,24.7,0,
2017-12-22 05:38:58,0,1,2,4.5,3607.7,40000.7,3000.2,10702.0,24.6,0,
2017-12-22 05:39:01,0,1,2,4.5,3608.5,40000.7,3000.2,10702.0,24.6,0,
2017-12-22 05:39:04,0,1,2,4.6,3609.2,40001.0,3066.8,10942.7,24.6,0,
2017-12-22 05:39:08,0,1,2,4.6,3610.0,40000.7,3066.8,10942.7,24.6,0,
2017-12-22 05:39:11,0,1,2,4.7,3611.0,40000.7,3133.5,11183.4,24.6,0,
2017-12-22 05:39:14,0,1,2,4.7,3611.8,40000.9,3133.5,11183.4,24.7,0,
2017-12-22 05:39:17,0,1,2,4.8,3612.5,40001.0,3200.2,11424.2,24.7,0,
2017-12-22 05:39:20,0,1,2,4.8,3613.4,40000.7,3200.2,11424.2,24.7,0,
2017-12-22 05:39:23,0,1,2,4.9,3614.3,40001.0,3266.8,11665.1,24.6,0,
2017-12-22 05:39:27,0,1,2,4.9,3615.1,40000.8,3266.8,11665.1,24.7,0,
2017-12-22 05:39:30,0,1,2,5.0,3615.9,40000.8,3333.5,11906.2,24.7,0,
2017-12-22 05:39:33,0,1,2,5.0,3616.7,40000.5,3333.5,11906.2,24.7,0,
2017-12-22 05:39:36,0,1,2,5.1,3617.6,40000.8,3400.2,12147.3,24.7,0,
2017-12-22 05:39:39,0,1,2,5.1,3618.4,40000.5,3400.2,12147.3,24.7,0,
2017-12-22 05:39:42,0,1,2,5.2,3619.2,40000.6,3466.8,12388.5,24.7,0,
2017-12-22 05:39:45,0,1,2,5.2,3620.0,40000.7,3466.8,12388.5,24.7,0,
2017-12-22 05:39:48,0,1,2,5.3,3620.7,40000.5,3533.5,12629.9,24.7,0,
2017-12-22 05:39:51,0,1,2,5.3,3621.6,40000.4,3533.5,12629.9,24.7,0,
2017-12-22 05:39:54,0,1,2,5.4,3622.3,40000.7,3600.2,12871.3,24.7,0,
2017-12-22 05:39:58,0,1,2,5.5,3623.2,40000.8,3666.8,13112.9,24.7,0,
2017-12-22 05:40:01,0,1,2,5.5,3624.0,40000.3,3666.8,13112.9,24.7,0,
2017-12-22 05:40:04,0,1,2,5.6,3624.8,40000.8,3733.5,13354.5,24.7,0,
2017-12-22 05:40:07,0,1,2,5.6,3625.3,40000.8,3733.5,13354.5,24.7,0,
2017-12-22 05:40:10,0,1,2,5.7,3626.2,40000.5,3800.2,13596.3,24.7,0,
2017-12-22 05:40:13,0,1,2,5.7,3627.0,40000.8,3800.2,13596.3,24.7,0,
2017-12-22 05:40:16,0,1,2,5.8,3627.7,40000.7,3866.9,13838.1,24.7,0,
2017-12-22 05:40:19,0,1,2,5.8,3628.4,40001.0,3866.9,13838.1,24.7,0,
2017-12-22 05:40:22,0,1,2,5.9,3629.2,40000.5,3933.5,14080.1,24.8,0,
2017-12-22 05:40:25,0,1,2,5.9,3630.0,40000.6,3933.5,14080.1,24.7,0,
2017-12-22 05:40:28,0,1,2,6.0,3630.7,40000.7,4000.2,14322.1,24.8,0,
2017-12-22 05:40:32,0,1,2,6.0,3631.5,40000.3,4000.2,14322.1,24.8,0,
2017-12-22 05:40:35,0,1,2,6.1,3632.1,40000.0,4066.9,14564.2,24.8,0,
2017-12-22 05:40:38,0,1,2,6.1,3633.0,40000.5,4066.9,14564.2,24.8,0,
2017-12-22 05:40:41,0,1,2,6.2,3633.7,40000.5,4133.5,14806.5,24.8,0,
2017-12-22 05:40:44,0,1,2,6.2,3634.4,40000.0,4133.5,14806.5,24.8,0,
2017-12-22 05:40:47,0,1,2,6.3,3635.2,40000.5,4200.2,15048.8,24.7,0,
2017-12-22 05:40:51,0,1,2,6.3,3636.0,40000.4,4200.2,15048.8,24.7,0,
2017-12-22 05:40:54,0,1,2,6.4,3636.7,40000.7,4266.9,15291.2,24.8,0,
2017-12-22 05:40:57,0,1,2,6.4,3637.4,40000.5,4266.9,15291.2,24.8,0,
2017-12-22 05:41:00,0,1,2,6.5,3638.1,40000.7,4333.5,15533.7,24.7,0,
2017-12-22 05:41:03,0,1,2,6.5,3638.8,40000.5,4333.5,15533.7,24.7,0,
2017-12-22 05:41:06,0,1,2,6.6,3639.5,40000.0,4400.2,15776.3,24.8,0,
2017-12-22 05:41:09,0,1,2,6.7,3640.2,40000.3,4466.9,16019.0,24.7,0,
2017-12-22 05:41:13,0,1,2,6.7,3640.8,40000.5,4466.9,16019.0,24.8,0,
2017-12-22 05:41:16,0,1,2,6.8,3641.4,40000.3,4533.5,16261.7,24.8,0,
2017-12-22 05:41:19,0,1,2,6.8,3642.2,40000.1,4533.5,16261.7,24.8,0,
2017-12-22 05:41:22,0,1,2,6.9,3643.0,40000.0,4600.2,16504.6,24.8,0,
2017-12-22 05:41:25,0,1,2,6.9,3643.6,40000.0,4600.2,16504.6,24.8,0,
2017-12-22 05:41:28,0,1,2,7.0,3644.3,40000.3,4666.9,16747.5,24.8,0,
2017-12-22 05:41:31,0,1,2,7.0,3644.9,40000.3,4666.9,16747.5,24.7,0,
2017-12-22 05:41:34,0,1,2,7.1,3645.6,40000.4,4733.5,16990.6,24.7,0,
2017-12-22 05:41:38,0,1,2,7.1,3646.4,40000.2,4733.5,16990.6,24.7,0,
2017-12-22 05:41:41,0,1,2,7.2,3647.1,40000.2,4800.2,17233.7,24.8,0,
2017-12-22 05:41:44,0,1,2,7.2,3647.7,40000.3,4800.2,17233.7,24.8,0,
2017-12-22 05:41:47,0,1,2,7.3,3648.3,40000.7,4866.9,17476.9,24.8,0,
2017-12-22 05:41:50,0,1,2,7.3,3649.1,40000.5,4866.9,17476.9,24.8,0,
2017-12-22 05:41:53,0,1,2,7.4,3649.6,40000.3,4933.5,17720.2,24.8,0,
2017-12-22 05:41:57,0,1,2,7.4,3650.2,40000.5,4933.5,17720.2,24.8,0,
2017-12-22 05:42:00,0,1,2,7.5,3651.1,40000.2,5000.2,17963.6,24.7,0,
2017-12-22 05:42:03,0,1,2,7.5,3651.6,39999.8,5000.2,17963.6,24.7,0,
2017-12-22 05:42:06,0,1,2,7.6,3652.3,40000.1,5066.9,18207.0,24.7,0,
2017-12-22 05:42:09,0,1,2,7.7,3652.9,40000.4,5133.5,18450.5,24.8,0,
2017-12-22 05:42:13,0,1,2,7.7,3653.6,40000.0,5133.5,18450.5,24.8,0,
2017-12-22 05:42:16,0,1,2,7.8,3654.3,40000.6,5200.2,18694.2,24.8,0,
2017-12-22 05:42:19,0,1,2,7.8,3654.9,39999.8,5200.2,18694.2,24.8,0,
2017-12-22 05:42:22,0,1,2,7.9,3655.5,40000.5,5266.9,18937.9,24.8,0,
2017-12-22 05:42:25,0,1,2,7.9,3656.2,40000.2,5266.9,18937.9,24.8,0,
2017-12-22 05:42:28,0,1,2,8.0,3656.9,40000.4,5333.5,19181.6,24.8,0,
2017-12-22 05:42:31,0,1,2,8.0,3657.5,39999.8,5333.5,19181.6,24.8,0,
2017-12-22 05:42:34,0,1,2,8.1,3658.0,39999.8,5400.2,19425.5,24.8,0,
2017-12-22 05:42:37,0,1,2,8.1,3658.5,39999.5,5400.2,19425.5,24.8,0,
2017-12-22 05:42:41,0,1,2,8.2,3659.3,39999.5,5466.9,19669.4,24.8,0,
2017-12-22 05:42:44,0,1,2,8.2,3659.9,40000.2,5466.9,19669.4,24.8,0,
2017-12-22 05:42:47,0,1,2,8.3,3660.5,39999.9,5533.5,19913.4,24.8,0,
2017-12-22 05:42:50,0,1,2,8.3,3661.2,39999.9,5533.5,19913.4,24.8,0,
2017-12-22 05:42:53,0,1,2,8.4,3661.6,39999.7,5600.2,20157.5,24.8,0,
2017-12-22 05:42:56,0,1,2,8.4,3662.3,39999.7,5600.2,20157.5,24.8,0,
2017-12-22 05:43:00,0,1,2,8.5,3663.0,39999.8,5666.9,20401.7,24.8,0,
2017-12-22 05:43:03,0,1,2,8.5,3663.6,40000.1,5666.9,20401.7,24.8,0,
2017-12-22 05:43:06,0,1,2,8.6,3664.2,39999.7,5733.5,20646.0,24.8,0,
2017-12-22 05:43:09,0,1,2,8.6,3664.7,39999.7,5733.5,20646.0,24.8,0,
2017-12-22 05:43:12,0,1,2,8.7,3665.4,40000.2,5800.2,20890.3,24.8,0,
2017-12-22 05:43:16,0,1,2,8.8,3665.9,40000.0,5866.9,21134.7,24.7,0,
2017-12-22 05:43:19,0,1,2,8.8,3666.5,39999.5,5866.9,21134.7,24.8,0,
2017-12-22 05:43:22,0,1,2,8.9,3667.1,39999.9,5933.5,21379.2,24.7,0,
2017-12-22 05:43:25,0,1,2,8.9,3667.7,39999.7,5933.5,21379.2,24.7,0,
2017-12-22 05:43:28,0,1,2,9.0,3668.3,39999.8,6000.2,21623.7,24.7,0,
2017-12-22 05:43:31,0,1,2,9.0,3668.7,39999.7,6000.2,21623.7,24.7,0,
2017-12-22 05:43:34,0,1,2,9.1,3669.3,39999.7,6066.9,21868.3,24.6,0,
2017-12-22 05:43:37,0,1,2,9.1,3669.9,39999.7,6066.9,21868.3,24.6,0,
2017-12-22 05:43:40,0,1,2,9.2,3670.4,39999.7,6133.5,22113.0,24.6,0,
2017-12-22 05:43:43,0,1,2,9.2,3671.0,39999.5,6133.5,22113.0,24.7,0,
2017-12-22 05:43:46,0,1,2,9.3,3671.4,39999.6,6200.2,22357.7,24.7,0,
2017-12-22 05:43:49,0,1,2,9.3,3672.1,39999.2,6200.2,22357.7,24.7,0,
2017-12-22 05:43:53,0,1,2,9.4,3672.5,40000.2,6266.9,22602.6,24.7,0,
2017-12-22 05:43:56,0,1,2,9.4,3673.1,39999.3,6266.9,22602.6,24.7,0,
2017-12-22 05:43:59,0,1,2,9.5,3673.7,39999.2,6333.5,22847.4,24.7,0,
2017-12-22 05:44:02,0,1,2,9.5,3674.2,39999.5,6333.5,22847.4,24.7,0,
2017-12-22 05:44:05,0,1,2,9.6,3674.6,39999.4,6400.2,23092.4,24.7,0,
2017-12-22 05:44:08,0,1,2,9.6,3675.3,39999.3,6400.2,23092.4,24.6,0,
2017-12-22 05:44:11,0,1,2,9.7,3675.7,39999.5,6466.9,23337.4,24.6,0,
2017-12-22 05:44:14,0,1,2,9.7,3676.2,39999.5,6466.9,23337.4,24.6,0,
2017-12-22 05:44:17,0,1,2,9.8,3676.7,39999.6,6533.5,23582.5,24.6,0,
2017-12-22 05:44:20,0,1,2,9.8,3677.3,39999.2,6533.5,23582.5,24.6,0,
2017-12-22 05:44:24,0,1,2,9.9,3677.7,39999.5,6600.2,23827.7,24.6,0,
2017-12-22 05:44:27,0,1,2,9.9,3678.3,39999.2,6600.2,23827.7,24.6,0,
2017-12-22 05:44:30,0,1,2,10.0,3678.8,39999.5,6666.9,24072.9,24.6,0,
2017-12-22 05:44:33,0,1,2,10.0,3679.1,39999.7,6666.9,24072.9,24.6,0,
2017-12-22 05:44:36,0,1,2,10.1,3679.6,39999.6,6733.5,24318.2,24.6,0,
2017-12-22 05:44:40,0,1,2,10.2,3680.3,39999.7,6800.2,24563.5,24.6,0,
2017-12-22 05:44:43,0,1,2,10.2,3680.6,40000.3,6800.2,24563.5,24.6,0,
2017-12-22 05:44:46,0,1,2,10.3,3681.2,40000.5,6866.9,24808.9,24.6,0,
2017-12-22 05:44:49,0,1,2,10.3,3681.7,40000.3,6866.9,24808.9,24.7,0,
2017-12-22 05:44:52,0,1,2,10.4,3682.1,40000.2,6933.5,25054.4,24.7,0,
2017-12-22 05:44:55,0,1,2,10.4,3682.5,40000.3,6933.5,25054.4,24.7,0,
2017-12-22 05:44:58,0,1,2,10.5,3683.0,40000.1,7000.2,25299.9,24.7,0,
2017-12-22 05:45:02,0,1,2,10.5,3683.5,40000.2,7000.2,25299.9,24.7,0,
2017-12-22 05:45:05,0,1,2,10.6,3683.9,40000.2,7066.9,25545.5,24.6,0,
2017-12-22 05:45:08,0,1,2,10.6,3684.3,40000.0,7066.9,25545.5,24.7,0,
2017-12-22 05:45:11,0,1,2,10.7,3684.8,39999.8,7133.5,25791.1,24.7,0,
2017-12-22 05:45:15,0,1,2,10.7,3685.2,39999.9,7133.5,25791.1,24.7,0,
2017-12-22 05:45:18,0,1,2,10.8,3685.6,39999.5,7200.2,26036.8,24.6,0,
2017-12-22 05:45:21,0,1,2,10.8,3686.1,39999.7,7200.2,26036.8,24.6,0,
2017-12-22 05:45:24,0,1,2,10.9,3686.3,39999.7,7266.9,26282.5,24.6,0,
2017-12-22 05:45:27,0,1,2,10.9,3686.9,39999.5,7266.9,26282.5,24.6,0,
2017-12-22 05:45:30,0,1,2,11.0,3687.3,39999.6,7333.5,26528.3,24.6,0,
2017-12-22 05:45:33,0,1,2,11.0,3687.6,39999.5,7333.5,26528.3,24.6,0,
2017-12-22 05:45:36,0,1,2,11.1,3688.0,39999.7,7400.2,26774.2,24.6,0,
2017-12-22 05:45:39,0,1,2,11.1,3688.3,39999.8,7400.2,26774.2,24.6,0,
2017-12-22 05:45:42,0,1,2,11.2,3688.7,39999.7,7466.9,27020.1,24.6,0,
2017-12-22 05:45:45,0,1,2,11.3,3689.1,39999.9,7533.5,27266.0,24.6,0,
2017-12-22 05:45:49,0,1,2,11.3,3689.5,39999.5,7533.5,27266.0,24.6,0,
2017-12-22 05:45:52,0,1,2,11.4,3690.1,39999.4,7600.2,27512.0,24.7,0,
2017-12-22 05:45:55,0,1,2,11.4,3690.3,39999.3,7600.2,27512.0,24.7,0,
2017-12-22 05:45:58,0,1,2,11.5,3690.7,39999.5,7666.9,27758.0,24.7,0,
2017-12-22 05:46:01,0,1,2,11.5,3691.2,39999.5,7666.9,27758.0,24.7,0,
2017-12-22 05:46:04,0,1,2,11.6,3691.5,39999.3,7733.5,28004.1,24.7,0,
2017-12-22 05:46:07,0,1,2,11.6,3691.9,39999.0,7733.5,28004.1,24.6,0,
2017-12-22 05:46:10,0,1,2,11.7,3692.3,39999.3,7800.2,28250.2,24.7,0,
2017-12-22 05:46:13,0,1,2,11.7,3692.6,39999.0,7800.2,28250.2,24.7,0,
2017-12-22 05:46:16,0,1,2,11.8,3693.1,39999.4,7866.8,28496.4,24.6,0,
2017-12-22 05:46:19,0,1,2,11.8,3693.4,39999.0,7866.8,28496.4,24.7,0,
2017-12-22 05:46:22,0,1,2,11.9,3693.8,39999.6,7933.5,28742.7,24.6,0,
2017-12-22 05:46:25,0,1,2,11.9,3694.2,39999.6,7933.5,28742.7,24.6,0,
2017-12-22 05:46:28,0,1,2,12.0,3694.5,39999.2,8000.2,28988.9,24.6,0,
2017-12-22 05:46:32,0,1,2,12.0,3694.9,39999.4,8000.2,28988.9,24.6,0,
2017-12-22 05:46:35,0,1,2,12.1,3695.3,39999.3,8066.8,29235.3,24.6,0,
2017-12-22 05:46:38,0,1,2,12.1,3695.6,39999.7,8066.8,29235.3,24.6,0,
2017-12-22 05:46:41,0,1,2,12.2,3695.9,39999.0,8133.5,29481.7,24.6,0,
2017-12-22 05:46:44,0,1,2,12.2,3696.3,39999.0,8133.5,29481.7,24.6,0,
2017-12-22 05:46:47,0,1,2,12.3,3696.7,39999.5,8200.2,29728.1,24.6,0,
2017-12-22 05:46:50,0,1,2,12.3,3696.9,39999.0,8200.2,29728.1,24.6,0,
2017-12-22 05:46:53,0,1,2,12.4,3697.2,39999.5,8266.8,29974.5,24.6,0,
2017-12-22 05:46:56,0,1,2,12.4,3697.6,39999.4,8266.8,29974.5,24.6,0,
2017-12-22 05:46:59,0,1,2,12.5,3697.9,39999.3,8333.5,30221.0,24.6,0,
2017-12-22 05:47:03,0,1,2,12.5,3698.3,39999.1,8333.5,30221.0,24.6,0,
2017-12-22 05:47:06,0,1,2,12.6,3698.7,39999.2,8400.2,30467.6,24.6,0,
2017-12-22 05:47:09,0,1,2,12.6,3699.2,39999.0,8400.2,30467.6,24.6,0,
2017-12-22 05:47:12,0,1,2,12.7,3699.4,39999.0,8466.8,30714.2,24.6,0,
2017-12-22 05:47:15,0,1,2,12.7,3699.7,39999.0,8466.8,30714.2,24.6,0,
2017-12-22 05:47:18,0,1,2,12.8,3700.0,39999.2,8533.5,30960.8,24.6,0,
2017-12-22 05:47:21,0,1,2,12.8,3700.4,39999.3,8533.5,30960.8,24.6,0,
2017-12-22 05:47:24,0,1,2,12.9,3700.9,39999.3,8600.2,31207.5,24.6,0,
2017-12-22 05:47:27,0,1,2,13.0,3701.1,39999.2,8666.8,31454.3,24.7,0,
2017-12-22 05:47:30,0,1,2,13.0,3701.4,39999.0,8666.8,31454.3,24.7,0,
2017-12-22 05:47:33,0,1,2,13.1,3701.7,39999.0,8733.5,31701.0,24.7,0,
2017-12-22 05:47:36,0,1,2,13.1,3702.0,39998.5,8733.5,31701.0,24.7,0,
2017-12-22 05:47:39,0,1,2,13.2,3702.5,39999.0,8800.1,31947.8,24.7,0,
2017-12-22 05:47:43,0,1,2,13.2,3702.8,39999.2,8800.1,31947.8,24.7,0,
2017-12-22 05:47:46,0,1,2,13.3,3703.1,39998.7,8866.8,32194.7,24.6,0,
2017-12-22 05:47:49,0,1,2,13.3,3703.5,39999.5,8866.8,32194.7,24.6,0,
2017-12-22 05:47:52,0,1,2,13.4,3703.9,39998.9,8933.5,32441.6,24.6,0,
2017-12-22 05:47:55,0,1,2,13.4,3704.2,39999.2,8933.5,32441.6,24.7,0,
2017-12-22 05:47:58,0,1,2,13.5,3704.5,39999.2,9000.1,32688.6,24.7,0,
2017-12-22 05:48:01,0,1,2,13.5,3704.7,39999.1,9000.1,32688.6,24.7,0,
2017-12-22 05:48:04,0,1,2,13.6,3705.1,39999.2,9066.8,32935.6,24.7,0,
2017-12-22 05:48:07,0,1,2,13.6,3705.6,39999.0,9066.8,32935.6,24.7,0,
2017-12-22 05:48:10,0,1,2,13.7,3705.7,39999.2,9133.5,33182.6,24.7,0,
2017-12-22 05:48:13,0,1,2,13.7,3706.1,39999.3,9133.5,33182.6,24.7,0,
2017-12-22 05:48:16,0,1,2,13.8,3706.4,39999.3,9200.1,33429.7,24.7,0,
2017-12-22 05:48:19,0,1,2,13.8,3706.7,39999.0,9200.1,33429.7,24.7,0,
2017-12-22 05:48:22,0,1,2,13.9,3707.1,39999.5,9266.8,33676.8,24.7,0,
2017-12-22 05:48:26,0,1,2,13.9,3707.3,39999.5,9266.8,33676.8,24.7,0,
2017-12-22 05:48:29,0,1,2,14.0,3707.6,39999.5,9333.5,33924.0,24.7,0,
2017-12-22 05:48:32,0,1,2,14.0,3708.2,39999.9,9333.5,33924.0,24.7,0,
2017-12-22 05:48:35,0,1,2,14.1,3708.4,39999.5,9400.1,34171.2,24.7,0,
2017-12-22 05:48:38,0,1,2,14.1,3708.7,39999.2,9400.1,34171.2,24.7,0,
2017-12-22 05:48:41,0,1,2,14.2,3709.2,39999.5,9466.8,34418.4,24.7,0,
2017-12-22 05:48:44,0,1,2,14.2,3709.4,39999.5,9466.8,34418.4,24.7,0,
2017-12-22 05:48:47,0,1,2,14.3,3709.8,39999.3,9533.4,34665.7,24.7,0,
2017-12-22 05:48:50,0,1,2,14.3,3710.0,39999.3,9533.4,34665.7,24.7,0,
2017-12-22 05:48:53,0,1,2,14.4,3710.4,39999.3,9600.1,34913.1,24.7,0,
2017-12-22 05:48:57,0,1,2,14.4,3710.8,39999.5,9600.1,34913.1,24.7,0,
2017-12-22 05:49:00,0,1,2,14.5,3711.0,39999.1,9666.8,35160.4,24.7,0,
2017-12-22 05:49:03,0,1,2,14.5,3711.5,39999.3,9666.8,35160.4,24.7,0,
2017-12-22 05:49:06,0,1,2,14.6,3711.8,39999.4,9733.4,35407.9,24.7,0,
2017-12-22 05:49:09,0,1,2,14.7,3712.0,39999.3,9800.1,35655.3,24.7,0,
2017-12-22 05:49:12,0,1,2,14.7,3712.5,39999.1,9800.1,35655.3,24.7,0,
2017-12-22 05:49:15,0,1,2,14.8,3712.8,39999.2,9866.8,35902.8,24.7,0,
2017-12-22 05:49:19,0,1,2,14.8,3713.2,39998.8,9866.8,35902.8,24.7,0,
2017-12-22 05:49:22,0,1,2,14.9,3713.3,39999.0,9933.4,36150.4,24.7,0,
2017-12-22 05:49:25,0,1,2,14.9,3713.8,39998.7,9933.4,36150.4,24.7,0,
2017-12-22 05:49:28,0,1,2,15.0,3714.2,39999.2,10000.1,36398.0,24.7,0,
2017-12-22 05:49:31,0,1,2,15.0,3714.5,39999.3,10000.1,36398.0,24.6,0,
2017-12-22 05:49:34,0,1,2,15.1,3714.9,39999.5,10066.8,36645.6,24.6,0,
2017-12-22 05:49:37,0,1,2,15.1,3715.0,39999.5,10066.8,36645.6,24.6,0,
2017-12-22 05:49:40,0,1,2,15.2,3715.4,39999.2,10133.4,36893.3,24.6,0,
2017-12-22 05:49:43,0,1,2,15.2,3715.8,39999.7,10133.4,36893.3,24.6,0,
2017-12-22 05:49:47,0,1,2,15.3,3716.1,39999.0,10200.1,37141.0,24.6,0,
2017-12-22 05:49:50,0,1,2,15.3,3716.3,39999.1,10200.1,37141.0,24.6,0,
2017-12-22 05:49:53,0,1,2,15.4,3716.8,39999.0,10266.8,37388.7,24.6,0,
2017-12-22 05:49:56,0,1,2,15.4,3717.0,39999.0,10266.8,37388.7,24.6,0,
2017-12-22 05:49:59,0,1,2,15.5,3717.3,39999.2,10333.4,37636.6,24.6,0,
2017-12-22 05:50:02,0,1,2,15.5,3717.7,39999.2,10333.4,37636.6,24.6,0,
2017-12-22 05:50:05,0,1,2,15.6,3718.3,39999.3,10400.1,37884.4,24.6,0,
2017-12-22 05:50:08,0,1,2,15.6,3718.3,39999.0,10400.1,37884.4,24.6,0,
2017-12-22 05:50:11,0,1,2,15.7,3718.8,39998.8,10466.7,38132.3,24.6,0,
2017-12-22 05:50:14,0,1,2,15.7,3719.1,39998.5,10466.7,38132.3,24.6,0,
2017-12-22 05:50:17,0,1,2,15.8,3719.4,39999.0,10533.4,38380.2,24.6,0,
2017-12-22 05:50:21,0,1,2,15.8,3719.9,39998.7,10533.4,38380.2,24.6,0,
2017-12-22 05:50:24,0,1,2,15.9,3720.1,39999.3,10600.1,38628.2,24.6,0,
2017-12-22 05:50:27,0,1,2,15.9,3720.5,39999.0,10600.1,38628.2,24.6,0,
2017-12-22 05:50:30,0,1,2,16.0,3720.9,39999.0,10666.7,38876.2,24.6,0,
2017-12-22 05:50:33,0,1,2,16.0,3721.2,39999.0,10666.7,38876.2,24.7,0,
2017-12-22 05:50:37,0,1,2,16.1,3721.6,39999.2,10733.4,39124.3,24.6,0,
2017-12-22 05:50:40,0,1,2,16.2,3721.9,39998.8,10800.1,39372.4,24.6,0,
2017-12-22 05:50:43,0,1,2,16.2,3722.2,39999.4,10800.1,39372.4,24.6,0,
2017-12-22 05:50:46,0,1,2,16.3,3722.5,39999.0,10866.7,39620.6,24.6,0,
2017-12-22 05:50:49,0,1,2,16.3,3722.9,39999.2,10866.7,39620.6,24.7,0,
2017-12-22 05:50:52,0,1,2,16.4,3723.1,39998.9,10933.4,39868.8,24.7,0,
2017-12-22 05:50:55,0,1,2,16.4,3723.6,39999.0,10933.4,39868.8,24.7,0,
2017-12-22 05:50:58,0,1,2,16.5,3723.8,39999.2,11000.0,40117.0,24.7,0,
2017-12-22 05:51:01,0,1,2,16.5,3724.3,39999.0,11000.0,40117.0,24.7,0,
2017-12-22 05:51:04,0,1,2,16.6,3724.5,39999.2,11066.7,40365.3,24.7,0,
2017-12-22 05:51:07,0,1,2,16.6,3724.8,39999.2,11066.7,40365.3,24.7,0,
2017-12-22 05:51:10,0,1,2,16.7,3725.3,39998.7,11133.4,40613.6,24.7,0,
2017-12-22 05:51:13,0,1,2,16.7,3725.7,39999.0,11133.4,40613.6,24.6,0,
2017-12-22 05:51:16,0,1,2,16.8,3726.0,39999.0,11200.0,40862.0,24.6,0,
2017-12-22 05:51:19,0,1,2,16.8,3726.5,39999.0,11200.0,40862.0,24.6,0,
2017-12-22 05:51:22,0,1,2,16.9,3726.6,39998.8,11266.7,41110.4,24.6,0,
2017-12-22 05:51:25,0,1,2,16.9,3727.1,39998.7,11266.7,41110.4,24.7,0,
2017-12-22 05:51:28,0,1,2,17.0,3727.5,39999.0,11333.4,41358.9,24.7,0,
2017-12-22 05:51:31,0,1,2,17.0,3727.8,39998.9,11333.4,41358.9,24.6,0,
2017-12-22 05:51:34,0,1,2,17.1,3728.0,39997.7,11400.0,41607.4,24.7,0,
2017-12-22 05:51:37,0,1,2,17.1,3728.3,39999.3,11400.0,41607.4,24.7,0,
2017-12-22 05:51:41,0,1,2,17.2,3728.8,39999.1,11466.7,41856.0,24.7,0,
2017-12-22 05:51:44,0,1,2,17.2,3729.2,39999.0,11466.7,41856.0,24.7,0,
2017-12-22 05:51:47,0,1,2,17.3,3729.5,39998.5,11533.4,42104.6,24.6,0,
2017-12-22 05:51:50,0,1,2,17.3,3730.0,39999.2,11533.4,42104.6,24.6,0,
2017-12-22 05:51:53,0,1,2,17.4,3730.3,39999.2,11600.0,42353.3,24.6,0,
2017-12-22 05:51:56,0,1,2,17.4,3730.7,39999.0,11600.0,42353.3,24.6,0,
2017-12-22 05:51:59,0,1,2,17.5,3730.9,39999.0,11666.7,42602.0,24.7,0,
2017-12-22 05:52:03,0,1,2,17.5,3731.3,39998.7,11666.7,42602.0,24.7,0,
2017-12-22 05:52:06,0,1,2,17.6,3731.7,39999.0,11733.3,42850.7,24.7,0,
2017-12-22 05:52:09,0,1,2,17.6,3732.0,39998.4,11733.3,42850.7,24.8,0,
2017-12-22 05:52:12,0,1,2,17.7,3732.4,39998.5,11800.0,43099.5,24.7,0,
2017-12-22 05:52:15,0,1,2,17.7,3732.9,39998.9,11800.0,43099.5,24.7,0,
2017-12-22 05:52:18,0,1,2,17.8,3733.2,39999.0,11866.7,43348.4,24.8,0,
2017-12-22 05:52:21,0,1,2,17.8,3733.5,39998.8,11866.7,43348.4,24.8,0,
2017-12-22 05:52:25,0,1,2,17.9,3734.1,39998.8,11933.3,43597.3,24.8,0,
2017-12-22 05:52:28,0,1,2,18.0,3734.4,39998.8,12000.0,43846.2,24.7,0,
2017-12-22 05:52:31,0,1,2,18.0,3734.7,39998.8,12000.0,43846.2,24.7,0,
2017-12-22 05:52:34,0,1,2,18.1,3735.2,39999.1,12066.7,44095.2,24.7,0,
2017-12-22 05:52:37,0,1,2,18.1,3735.6,39998.9,12066.7,44095.2,24.8,0,
2017-12-22 05:52:40,0,1,2,18.2,3735.9,39998.5,12133.3,44344.3,24.7,0,
2017-12-22 05:52:43,0,1,2,18.2,3736.2,39998.5,12133.3,44344.3,24.7,0,
2017-12-22 05:52:46,0,1,2,18.3,3736.8,39998.7,12200.0,44593.4,24.7,0,
2017-12-22 05:52:50,0,1,2,18.3,3737.2,39998.5,12200.0,44593.4,24.7,0,
2017-12-22 05:52:53,0,1,2,18.4,3737.5,39998.8,12266.6,44842.5,24.8,0,
2017-12-22 05:52:56,0,1,2,18.4,3737.9,39998.7,12266.6,44842.5,24.8,0,
2017-12-22 05:52:59,0,1,2,18.5,3738.3,39998.7,12333.3,45091.7,24.8,0,
2017-12-22 05:53:02,0,1,2,18.5,3738.7,39998.5,12333.3,45091.7,24.8,0,
2017-12-22 05:53:05,0,1,2,18.6,3739.0,39998.6,12400.0,45340.9,24.7,0,
2017-12-22 05:53:09,0,1,2,18.6,3739.5,39998.7,12400.0,45340.9,24.8,0,
2017-12-22 05:53:12,0,1,2,18.7,3740.0,39998.6,12466.6,45590.2,24.8,0,
2017-12-22 05:53:15,0,1,2,18.7,3740.3,39998.4,12466.6,45590.2,24.8,0,
2017-12-22 05:53:18,0,1,2,18.8,3740.8,39998.9,12533.3,45839.6,24.8,0,
2017-12-22 05:53:21,0,1,2,18.9,3741.1,39998.6,12600.0,46088.9,24.8,0,
2017-12-22 05:53:25,0,1,2,18.9,3741.7,39998.5,12600.0,46088.9,24.8,0,
2017-12-22 05:53:28,0,1,2,19.0,3742.0,39999.0,12666.6,46338.4,24.7,0,
2017-12-22 05:53:31,0,1,2,19.0,3742.4,39998.3,12666.6,46338.4,24.8,0,
2017-12-22 05:53:34,0,1,2,19.1,3742.9,39998.7,12733.3,46587.9,24.8,0,
2017-12-22 05:53:37,0,1,2,19.1,3743.1,39998.8,12733.3,46587.9,24.7,0,
2017-12-22 05:53:41,0,1,2,19.2,3743.6,39998.3,12799.9,46837.4,24.7,0,
2017-12-22 05:53:44,0,1,2,19.2,3744.0,39999.3,12799.9,46837.4,24.7,0,
2017-12-22 05:53:47,0,1,2,19.3,3744.6,39998.6,12866.6,47087.0,24.8,0,
2017-12-22 05:53:50,0,1,2,19.3,3744.8,39998.6,12866.6,47087.0,24.8,0,
2017-12-22 05:53:53,0,1,2,19.4,3745.3,39998.5,12933.3,47336.7,24.7,0,
2017-12-22 05:53:56,0,1,2,19.4,3745.7,39998.5,12933.3,47336.7,24.8,0,
2017-12-22 05:53:59,0,1,2,19.5,3746.2,39998.4,12999.9,47586.4,24.8,0,
2017-12-22 05:54:03,0,1,2,19.5,3746.7,39998.5,12999.9,47586.4,24.8,0,
2017-12-22 05:54:06,0,1,2,19.6,3746.9,39998.5,13066.6,47836.2,24.8,0,
2017-12-22 05:54:09,0,1,2,19.6,3747.5,39998.2,13066.6,47836.2,24.8,0,
2017-12-22 05:54:12,0,1,2,19.7,3747.7,39999.0,13133.3,48086.0,24.8,0,
2017-12-22 05:54:15,0,1,2,19.7,3748.2,39998.5,13133.3,48086.0,24.8,0,
2017-12-22 05:54:18,0,1,2,19.8,3748.7,39998.5,13199.9,48335.9,24.8,0,
2017-12-22 05:54:21,0,1,2,19.8,3749.1,39998.5,13199.9,48335.9,24.8,0,
2017-12-22 05:54:24,0,1,2,19.9,3749.5,39998.5,13266.6,48585.8,24.8,0,
2017-12-22 05:54:28,0,1,2,20.0,3750.0,39998.4,13333.2,48835.8,24.8,0,
2017-12-22 05:54:31,0,1,2,20.0,3750.4,39999.0,13333.2,48835.8,24.8,0,
2017-12-22 05:54:34,0,1,2,20.1,3751.0,39998.5,13399.9,49085.8,24.8,0,
2017-12-22 05:54:37,0,1,2,20.1,3751.3,39999.1,13399.9,49085.8,24.7,0,
2017-12-22 05:54:40,0,1,2,20.2,3751.8,39998.5,13466.6,49335.9,24.7,0,
2017-12-22 05:54:43,0,1,2,20.2,3752.1,39998.8,13466.6,49335.9,24.7,0,
2017-12-22 05:54:46,0,1,2,20.3,3752.8,39999.0,13533.2,49586.1,24.7,0,
2017-12-22 05:54:49,0,1,2,20.3,3753.1,39998.8,13533.2,49586.1,24.7,0,
2017-12-22 05:54:52,0,1,2,20.4,3753.6,39998.5,13599.9,49836.3,24.6,0,
2017-12-22 05:54:55,0,1,2,20.4,3754.0,39998.6,13599.9,49836.3,24.6,0,
2017-12-22 05:54:58,0,1,2,20.5,3754.4,39998.8,13666.5,50086.5,24.6,0,
2017-12-22 05:55:01,0,1,2,20.5,3754.9,39999.0,13666.5,50086.5,24.6,0,
2017-12-22 05:55:04,0,1,2,20.6,3755.4,39998.9,13733.2,50336.9,24.6,0,
2017-12-22 05:55:07,0,1,2,20.6,3755.7,39998.5,13733.2,50336.9,24.6,0,
2017-12-22 05:55:11,0,1,2,20.7,3756.2,39998.7,13799.9,50587.2,24.6,0,
2017-12-22 05:55:14,0,1,2,20.7,3756.6,39998.5,13799.9,50587.2,24.6,0,
2017-12-22 05:55:17,0,1,2,20.8,3757.2,39998.8,13866.5,50837.7,24.7,0,
2017-12-22 05:55:20,0,1,2,20.8,3757.5,39998.7,13866.5,50837.7,24.7,0,
2017-12-22 05:55:23,0,1,2,20.9,3758.2,39998.7,13933.2,51088.2,24.7,0,
2017-12-22 05:55:26,0,1,2,20.9,3758.5,39998.8,13933.2,51088.2,24.7,0,
2017-12-22 05:55:29,0,1,2,21.0,3759.1,39998.3,13999.9,51338.7,24.7,0,
2017-12-22 05:55:33,0,1,2,21.0,3759.4,39998.2,13999.9,51338.7,24.7,0,
2017-12-22 05:55:36,0,1,2,21.1,3760.0,39998.8,14066.5,51589.4,24.8,0,
2017-12-22 05:55:39,0,1,2,21.1,3760.6,39998.5,14066.5,51589.4,24.8,0,
2017-12-22 05:55:42,0,1,2,21.2,3760.9,39998.3,14133.2,51840.0,24.8,0,
2017-12-22 05:55:46,0,1,2,21.3,3761.4,39998.0,14199.8,52090.8,24.8,0,
2017-12-22 05:55:49,0,1,2,21.3,3761.8,39998.0,14199.8,52090.8,24.8,0,
2017-12-22 05:55:52,0,1,2,21.4,3762.3,39998.6,14266.5,52341.6,24.8,0,
2017-12-22 05:55:55,0,1,2,21.4,3762.8,39998.3,14266.5,52341.6,24.8,0,
2017-12-22 05:55:58,0,1,2,21.5,3763.3,39998.4,14333.2,52592.4,24.8,0,
2017-12-22 05:56:01,0,1,2,21.5,3763.8,39998.2,14333.2,52592.4,24.8,0,
2017-12-22 05:56:04,0,1,2,21.6,3764.3,39998.5,14399.8,52843.4,24.8,0,
2017-12-22 05:56:07,0,1,2,21.6,3764.8,39998.3,14399.8,52843.4,24.8,0,
2017-12-22 05:56:10,0,1,2,21.7,3765.2,39998.2,14466.5,53094.4,24.8,0,
2017-12-22 05:56:13,0,1,2,21.7,3765.7,39998.2,14466.5,53094.4,24.8,0,
2017-12-22 05:56:16,0,1,2,21.8,3766.2,39998.4,14533.1,53345.4,24.8,0,
2017-12-22 05:56:19,0,1,2,21.8,3766.6,39998.2,14533.1,53345.4,24.8,0,
2017-12-22 05:56:23,0,1,2,21.9,3767.3,39998.7,14599.8,53596.5,24.8,0,
2017-12-22 05:56:26,0,1,2,21.9,3767.6,39997.8,14599.8,53596.5,24.8,0,
2017-12-22 05:56:29,0,1,2,22.0,3768.3,39998.5,14666.5,53847.7,24.8,0,
2017-12-22 05:56:32,0,1,2,22.0,3768.8,39998.7,14666.5,53847.7,24.8,0,
2017-12-22 05:56:35,0,1,2,22.1,3769.3,39998.5,14733.1,54099.0,24.8,0,
2017-12-22 05:56:38,0,1,2,22.1,3769.8,39998.3,14733.1,54099.0,24.8,0,
2017-12-22 05:56:42,0,1,2,22.2,3770.3,39998.5,14799.8,54350.3,24.8,0,
2017-12-22 05:56:45,0,1,2,22.2,3770.9,39998.5,14799.8,54350.3,24.8,0,
2017-12-22 05:56:48,0,1,2,22.3,3771.5,39998.6,14866.5,54601.6,24.8,0,
2017-12-22 05:56:51,0,1,2,22.3,3771.9,39998.5,14866.5,54601.6,24.8,0,
2017-12-22 05:56:55,0,1,2,22.4,3772.5,39998.5,14933.1,54853.1,24.8,0,
2017-12-22 05:56:58,0,1,2,22.5,3773.1,39998.4,14999.8,55104.6,24.8,0,
2017-12-22 05:57:01,0,1,2,22.5,3773.4,39998.7,14999.8,55104.6,24.8,0,
2017-12-22 05:57:04,0,1,2,22.6,3773.9,39998.5,15066.4,55356.2,24.8,0,
2017-12-22 05:57:07,0,1,2,22.6,3774.4,39998.5,15066.4,55356.2,24.8,0,
2017-12-22 05:57:10,0,1,2,22.7,3775.0,39998.3,15133.1,55607.8,24.8,0,
2017-12-22 05:57:13,0,1,2,22.7,3775.7,39998.5,15133.1,55607.8,24.7,0,
2017-12-22 05:57:16,0,1,2,22.8,3776.3,39998.3,15199.8,55859.5,24.8,0,
2017-12-22 05:57:20,0,1,2,22.8,3776.8,39998.6,15199.8,55859.5,24.8,0,
2017-12-22 05:57:23,0,1,2,22.9,3777.2,39998.8,15266.4,56111.3,24.7,0,
2017-12-22 05:57:26,0,1,2,22.9,3777.7,39998.5,15266.4,56111.3,24.8,0,
2017-12-22 05:57:29,0,1,2,23.0,3778.4,39998.5,15333.1,56363.2,24.8,0,
2017-12-22 05:57:32,0,1,2,23.0,3779.0,39998.3,15333.1,56363.2,24.8,0,
2017-12-22 05:57:36,0,1,2,23.1,3779.6,39998.3,15399.7,56615.1,24.8,0,
2017-12-22 05:57:39,0,1,2,23.1,3780.1,39998.2,15399.7,56615.1,24.8,0,
2017-12-22 05:57:42,0,1,2,23.2,3780.6,39998.5,15466.4,56867.1,24.8,0,
2017-12-22 05:57:45,0,1,2,23.2,3781.2,39998.2,15466.4,56867.1,24.8,0,
2017-12-22 05:57:48,0,1,2,23.3,3781.7,39998.4,15533.1,57119.2,24.8,0,
2017-12-22 05:57:51,0,1,2,23.4,3782.4,39998.2,15599.7,57371.3,24.8,0,
2017-12-22 05:57:55,0,1,2,23.4,3782.9,39998.3,15599.7,57371.3,24.8,0,
2017-12-22 05:57:58,0,1,2,23.5,3783.5,39998.4,15666.4,57623.5,24.8,0,
2017-12-22 05:58:01,0,1,2,23.5,3784.0,39998.2,15666.4,57623.5,24.8,0,
2017-12-22 05:58:04,0,1,2,23.6,3784.5,39998.3,15733.1,57875.8,24.8,0,
2017-12-22 05:58:07,0,1,2,23.6,3785.2,39998.1,15733.1,57875.8,24.8,0,
2017-12-22 05:58:10,0,1,2,23.7,3785.7,39998.0,15799.7,58128.1,24.8,0,
2017-12-22 05:58:14,0,1,2,23.7,3786.4,39998.2,15799.7,58128.1,24.8,0,
2017-12-22 05:58:17,0,1,2,23.8,3786.9,39998.2,15866.4,58380.5,24.8,0,
2017-12-22 05:58:20,0,1,2,23.8,3787.5,39998.1,15866.4,58380.5,24.8,0,
2017-12-22 05:58:23,0,1,2,23.9,3788.1,39998.3,15933.0,58633.0,24.8,0,
2017-12-22 05:58:26,0,1,2,23.9,3788.8,39998.0,15933.0,58633.0,24.9,0,
2017-12-22 05:58:29,0,1,2,24.0,3789.4,39998.2,15999.7,58885.6,24.9,0,
2017-12-22 05:58:33,0,1,2,24.0,3790.0,39997.7,15999.7,58885.6,24.8,0,
2017-12-22 05:58:36,0,1,2,24.1,3790.6,39998.0,16066.4,59138.3,24.9,0,
2017-12-22 05:58:39,0,1,2,24.1,3791.2,39998.0,16066.4,59138.3,24.8,0,
2017-12-22 05:58:42,0,1,2,24.2,3791.7,39998.2,16133.0,59391.0,24.9,0,
2017-12-22 05:58:45,0,1,2,24.3,3792.5,39998.4,16199.7,59643.8,24.9,0,
2017-12-22 05:58:49,0,1,2,24.3,3792.9,39998.2,16199.7,59643.8,24.9,0,
2017-12-22 05:58:52,0,1,2,24.4,3793.5,39998.5,16266.3,59896.7,24.9,0,
2017-12-22 05:58:55,0,1,2,24.4,3794.1,39998.2,16266.3,59896.7,24.8,0,
2017-12-22 05:58:58,0,1,2,24.5,3794.9,39998.5,16333.0,60149.6,24.8,0,
2017-12-22 05:59:01,0,1,2,24.5,3795.6,39998.3,16333.0,60149.6,24.8,0,
2017-12-22 05:59:05,0,1,2,24.6,3796.0,39997.5,16399.7,60402.7,24.8,0,
2017-12-22 05:59:08,0,1,2,24.6,3796.7,39998.3,16399.7,60402.7,24.8,0,
2017-12-22 05:59:11,0,1,2,24.7,3797.4,39998.5,16466.3,60655.8,24.8,0,
2017-12-22 05:59:14,0,1,2,24.7,3798.1,39998.1,16466.3,60655.8,24.8,0,
2017-12-22 05:59:17,0,1,2,24.8,3798.6,39998.0,16533.0,60909.0,24.8,0,
2017-12-22 05:59:20,0,1,2,24.8,3799.2,39998.1,16533.0,60909.0,24.8,0,
2017-12-22 05:59:23,0,1,2,24.9,3799.8,39998.3,16599.6,61162.3,24.8,0,
2017-12-22 05:59:27,0,1,2,24.9,3800.5,39998.5,16599.6,61162.3,24.8,0,
2017-12-22 05:59:30,0,1,2,25.0,3801.1,39998.0,16666.3,61415.6,24.8,0,
2017-12-22 05:59:33,0,1,2,25.0,3802.0,39998.2,16666.3,61415.6,24.8,0,
2017-12-22 05:59:36,0,1,2,25.1,3802.5,39998.0,16733.0,61669.1,24.8,0,
2017-12-22 05:59:39,0,1,2,25.1,3803.3,39997.9,16733.0,61669.1,24.8,0,
2017-12-22 05:59:42,0,1,2,25.2,3803.9,39998.0,16799.6,61922.6,24.8,0,
2017-12-22 05:59:45,0,1,2,25.2,3804.4,39998.2,16799.6,61922.6,24.8,0,
2017-12-22 05:59:48,0,1,2,25.3,3805.2,39998.3,16866.3,62176.2,24.8,0,
2017-12-22 05:59:51,0,1,2,25.3,3805.6,39998.1,16866.3,62176.2,24.8,0,
2017-12-22 05:59:54,0,1,2,25.4,3806.4,39998.0,16932.9,62429.9,24.8,0,
2017-12-22 05:59:57,0,1,2,25.4,3807.1,39998.0,16932.9,62429.9,24.8,0,
2017-12-22 06:00:00,0,1,2,25.5,3807.7,39998.0,16999.6,62683.7,24.8,0,
2017-12-22 06:00:04,0,1,2,25.6,3808.4,39997.7,17066.3,62937.6,24.8,0,
2017-12-22 06:00:07,0,1,2,25.6,3809.1,39997.8,17066.3,62937.6,24.8,0,
2017-12-22 06:00:10,0,1,2,25.7,3809.8,39998.0,17132.9,63191.5,24.8,0,
2017-12-22 06:00:13,0,1,2,25.7,3810.3,39997.8,17132.9,63191.5,24.8,0,
2017-12-22 06:00:17,0,1,2,25.8,3811.2,39998.2,17199.6,63445.5,24.8,0,
2017-12-22 06:00:20,0,1,2,25.8,3812.0,39998.2,17199.6,63445.5,24.8,0,
2017-12-22 06:00:23,0,1,2,25.9,3812.5,39997.7,17266.2,63699.7,24.8,0,
2017-12-22 06:00:26,0,1,2,25.9,3813.0,39997.5,17266.2,63699.7,24.8,0,
2017-12-22 06:00:29,0,1,2,26.0,3813.9,39998.0,17332.9,63953.9,24.8,0,
2017-12-22 06:00:32,0,1,2,26.0,3814.6,39997.7,17332.9,63953.9,24.8,0,
2017-12-22 06:00:36,0,1,2,26.1,3815.4,39997.7,17399.6,64208.2,24.8,0,
2017-12-22 06:00:39,0,1,2,26.1,3815.8,39998.0,17399.6,64208.2,24.8,0,
2017-12-22 06:00:42,0,1,2,26.2,3816.7,39997.6,17466.2,64462.6,24.8,0,
2017-12-22 06:00:45,0,1,2,26.2,3817.4,39997.7,17466.2,64462.6,24.8,0,
2017-12-22 06:00:48,0,1,2,26.3,3818.1,39998.0,17532.9,64717.0,24.8,0,
2017-12-22 06:00:51,0,1,2,26.3,3818.8,39997.8,17532.9,64717.0,24.8,0,
2017-12-22 06:00:54,0,1,2,26.4,3819.3,39997.7,17599.5,64971.6,24.8,0,
2017-12-22 06:00:57,0,1,2,26.5,3820.2,40000.8,17666.2,65226.3,24.8,0,
2017-12-22 06:01:01,0,1,2,26.5,3821.1,40001.3,17666.2,65226.3,24.8,0,
2017-12-22 06:01:04,0,1,2,26.6,3821.8,40000.8,17732.9,65481.1,24.8,0,
2017-12-22 06:01:07,0,1,2,26.6,3822.5,40001.0,17732.9,65481.1,24.8,0,
2017-12-22 06:01:10,0,1,2,26.7,3823.3,40000.8,17799.5,65735.9,24.8,0,
2017-12-22 06:01:14,0,1,2,26.7,3823.8,40001.2,17799.5,65735.9,24.8,0,
2017-12-22 06:01:17,0,1,2,26.8,3824.7,40001.2,17866.2,65990.9,24.8,0,
2017-12-22 06:01:20,0,1,2,26.8,3825.3,40001.0,17866.2,65990.9,24.8,0,
2017-12-22 06:01:23,0,1,2,26.9,3826.0,40000.5,17932.9,66246.0,24.8,0,
2017-12-22 06:01:26,0,1,2,26.9,3826.8,40000.8,17932.9,66246.0,24.8,0,
2017-12-22 06:01:29,0,1,2,27.0,3827.6,40000.5,17999.6,66501.1,24.8,0,
2017-12-22 06:01:32,0,1,2,27.0,3828.4,40000.7,17999.6,66501.1,24.8,0,
2017-12-22 06:01:36,0,1,2,27.1,3829.0,40000.8,18066.2,66756.4,24.8,0,
2017-12-22 06:01:39,0,1,2,27.1,3829.8,40000.8,18066.2,66756.4,24.8,0,
2017-12-22 06:01:42,0,1,2,27.2,3830.5,40000.8,18132.9,67011.7,24.8,0,
2017-12-22 06:01:45,0,1,2,27.2,3831.2,40000.7,18132.9,67011.7,24.9,0,
2017-12-22 06:01:48,0,1,2,27.3,3832.2,40000.7,18199.6,67267.2,24.9,0,
2017-12-22 06:01:51,0,1,2,27.3,3832.9,40001.0,18199.6,67267.2,24.9,0,
2017-12-22 06:01:55,0,1,2,27.4,3833.5,40000.7,18266.2,67522.7,24.9,0,
2017-12-22 06:01:58,0,1,2,27.5,3834.4,40000.5,18332.9,67778.3,24.9,0,
2017-12-22 06:02:01,0,1,2,27.5,3835.2,40000.8,18332.9,67778.3,24.9,0,
2017-12-22 06:02:04,0,1,2,27.6,3836.0,40000.7,18399.6,68034.1,24.9,0,
2017-12-22 06:02:07,0,1,2,27.6,3836.6,40000.7,18399.6,68034.1,24.9,0,
2017-12-22 06:02:10,0,1,2,27.7,3837.4,40000.7,18466.2,68289.9,24.9,0,
2017-12-22 06:02:14,0,1,2,27.7,3838.4,40000.8,18466.2,68289.9,24.9,0,
2017-12-22 06:02:17,0,1,2,27.8,3839.0,40000.8,18532.9,68545.8,24.9,0,
2017-12-22 06:02:20,0,1,2,27.8,3840.0,40000.8,18532.9,68545.8,24.9,0,
2017-12-22 06:02:23,0,1,2,27.9,3840.6,40000.8,18599.6,68801.8,24.9,0,
2017-12-22 06:02:26,0,1,2,27.9,3841.4,40000.6,18599.6,68801.8,24.9,0,
2017-12-22 06:02:29,0,1,2,28.0,3842.1,40000.1,18666.2,69057.9,24.9,0,
2017-12-22 06:02:32,0,1,2,28.0,3843.1,40000.7,18666.2,69057.9,24.9,0,
2017-12-22 06:02:35,0,1,2,28.1,3843.7,40000.5,18732.9,69314.2,25.0,0,
2017-12-22 06:02:38,0,1,2,28.1,3844.5,40000.6,18732.9,69314.2,25.0,0,
2017-12-22 06:02:41,0,1,2,28.2,3845.3,40000.3,18799.6,69570.5,25.0,0,
2017-12-22 06:02:44,0,1,2,28.2,3846.0,40000.3,18799.6,69570.5,25.0,0,
2017-12-22 06:02:47,0,1,2,28.3,3846.8,40000.3,18866.3,69826.9,25.0,0,
2017-12-22 06:02:51,0,1,2,28.3,3847.7,40000.7,18866.3,69826.9,25.0,0,
2017-12-22 06:02:54,0,1,2,28.4,3848.5,40000.4,18932.9,70083.5,25.0,0,
2017-12-22 06:02:57,0,1,2,28.4,3849.2,39999.7,18932.9,70083.5,25.0,0,
2017-12-22 06:03:00,0,1,2,28.5,3850.1,40000.8,18999.6,70340.1,25.0,0,
2017-12-22 06:03:03,0,1,2,28.5,3851.0,40000.3,18999.6,70340.1,25.0,0,
2017-12-22 06:03:06,0,1,2,28.6,3851.6,40000.5,19066.3,70596.8,25.0,0,
2017-12-22 06:03:09,0,1,2,28.6,3852.6,40000.5,19066.3,70596.8,24.9,0,
2017-12-22 06:03:12,0,1,2,28.7,3853.3,40000.5,19132.9,70853.7,24.9,0,
2017-12-22 06:03:16,0,1,2,28.8,3854.3,40000.5,19199.6,71110.6,24.9,0,
2017-12-22 06:03:19,0,1,2,28.8,3854.9,40000.4,19199.6,71110.6,24.8,0,
2017-12-22 06:03:22,0,1,2,28.9,3856.0,40000.7,19266.3,71367.7,24.8,0,
2017-12-22 06:03:25,0,1,2,28.9,3856.7,40000.4,19266.3,71367.7,24.8,0,
2017-12-22 06:03:28,0,1,2,29.0,3857.7,40000.8,19332.9,71624.8,24.8,0,
2017-12-22 06:03:31,0,1,2,29.0,3858.4,40000.5,19332.9,71624.8,24.8,0,
2017-12-22 06:03:34,0,1,2,29.1,3859.3,40000.3,19399.6,71882.1,24.8,0,
2017-12-22 06:03:38,0,1,2,29.1,3860.0,40000.7,19399.6,71882.1,24.8,0,
2017-12-22 06:03:41,0,1,2,29.2,3860.8,40000.6,19466.3,72139.5,24.8,0,
2017-12-22 06:03:44,0,1,2,29.2,3861.7,40000.3,19466.3,72139.5,24.9,0,
2017-12-22 06:03:47,0,1,2,29.3,3862.6,40000.5,19532.9,72397.0,24.8,0,
2017-12-22 06:03:50,0,1,2,29.3,3863.3,40000.4,19532.9,72397.0,24.9,0,
2017-12-22 06:03:53,0,1,2,29.4,3864.2,40000.8,19599.6,72654.6,24.9,0,
2017-12-22 06:03:56,0,1,2,29.4,3865.3,40000.3,19599.6,72654.6,24.9,0,
2017-12-22 06:03:59,0,1,2,29.5,3866.1,40000.6,19666.3,72912.3,24.9,0,
2017-12-22 06:04:02,0,1,2,29.5,3866.9,40000.5,19666.3,72912.3,24.9,0,
2017-12-22 06:04:05,0,1,2,29.6,3867.6,40000.3,19732.9,73170.1,24.9,0,
2017-12-22 06:04:08,0,1,2,29.6,3868.6,40000.8,19732.9,73170.1,24.9,0,
2017-12-22 06:04:12,0,1,2,29.7,3869.6,40000.2,19799.6,73428.0,24.9,0,
2017-12-22 06:04:15,0,1,2,29.7,3870.4,40000.1,19799.6,73428.0,24.9,0,
2017-12-22 06:04:18,0,1,2,29.8,3871.2,40000.3,19866.3,73686.1,24.9,0,
2017-12-22 06:04:21,0,1,2,29.8,3872.2,40000.5,19866.3,73686.1,25.0,0,
2017-12-22 06:04:24,0,1,2,29.9,3873.0,40000.6,19932.9,73944.2,25.0,0,
2017-12-22 06:04:27,0,1,2,30.0,3873.9,40000.2,19999.6,74202.5,25.0,0,
2017-12-22 06:04:30,0,1,2,30.0,3874.8,40000.3,19999.6,74202.5,25.0,0,
2017-12-22 06:04:34,0,1,2,30.1,3875.6,40000.2,20066.3,74460.8,25.0,0,
2017-12-22 06:04:37,0,1,2,30.1,3876.6,40000.5,20066.3,74460.8,25.0,0,
2017-12-22 06:04:40,0,1,2,30.2,3877.5,40000.5,20132.9,74719.3,25.0,0,
2017-12-22 06:04:43,0,1,2,30.2,3878.3,40000.5,20132.9,74719.3,25.0,0,
2017-12-22 06:04:46,0,1,2,30.3,3879.1,39999.8,20199.6,74977.9,25.0,0,
2017-12-22 06:04:49,0,1,2,30.3,3880.1,40000.3,20199.6,74977.9,25.0,0,
2017-12-22 06:04:52,0,1,2,30.4,3881.0,40000.2,20266.3,75236.7,25.0,0,
2017-12-22 06:04:55,0,1,2,30.4,3881.9,40000.5,20266.3,75236.7,25.0,0,
2017-12-22 06:04:58,0,1,2,30.5,3882.7,40000.3,20332.9,75495.5,25.0,0,
2017-12-22 06:05:01,0,1,2,30.5,3883.6,40000.5,20332.9,75495.5,25.0,0,
2017-12-22 06:05:05,0,1,2,30.6,3884.5,40000.7,20399.6,75754.5,25.0,0,
2017-12-22 06:05:08,0,1,2,30.6,3885.6,40000.4,20399.6,75754.5,24.9,0,
2017-12-22 06:05:11,0,1,2,30.7,3886.4,40000.3,20466.3,76013.5,24.9,0,
2017-12-22 06:05:14,0,1,2,30.7,3887.3,40000.3,20466.3,76013.5,25.0,0,
2017-12-22 06:05:17,0,1,2,30.8,3888.4,40000.3,20532.9,76272.7,24.9,0,
2017-12-22 06:05:20,0,1,2,30.8,3889.2,40000.5,20532.9,76272.7,24.9,0,
2017-12-22 06:05:24,0,1,2,30.9,3890.1,40000.3,20599.6,76532.0,25.0,0,
2017-12-22 06:05:27,0,1,2,30.9,3891.0,40000.5,20599.6,76532.0,25.0,0,
2017-12-22 06:05:30,0,1,2,31.0,3891.9,40000.8,20666.3,76791.4,25.0,0,
2017-12-22 06:05:33,0,1,2,31.0,3892.9,40000.5,20666.3,76791.4,25.0,0,
2017-12-22 06:05:36,0,1,2,31.1,3893.6,40000.8,20733.0,77051.0,25.0,0,
2017-12-22 06:05:39,0,1,2,31.1,3894.7,40000.7,20733.0,77051.0,25.0,0,
2017-12-22 06:05:42,0,1,2,31.2,3895.7,40000.1,20799.6,77310.6,25.0,0,
2017-12-22 06:05:45,0,1,2,31.2,3896.6,40000.8,20799.6,77310.6,25.0,0,
2017-12-22 06:05:48,0,1,2,31.3,3897.5,40000.9,20866.3,77570.4,24.9,0,
2017-12-22 06:05:51,0,1,2,31.4,3898.5,40001.2,20933.0,77830.3,25.0,0,
2017-12-22 06:05:54,0,1,2,31.4,3899.5,40000.1,20933.0,77830.3,24.9,0,
2017-12-22 06:05:57,0,1,2,31.5,3900.0,39649.5,20999.0,78088.1,24.9,0,
2017-12-22 06:06:01,0,1,2,31.5,3900.1,38462.0,20999.0,78088.1,25.0,0,
2017-12-22 06:06:04,0,1,2,31.6,3900.1,37599.4,21061.7,78332.6,24.9,0,
2017-12-22 06:06:07,0,1,2,31.6,3900.2,36759.7,21061.7,78332.6,25.0,0,
2017-12-22 06:06:10,0,1,2,31.7,3899.8,35760.4,21121.8,78566.8,25.0,0,
2017-12-22 06:06:13,0,1,2,31.7,3900.0,35151.7,21121.8,78566.8,25.0,0,
2017-12-22 06:06:16,0,1,2,31.8,3900.0,34523.3,21179.5,78791.7,25.0,0,
2017-12-22 06:06:19,0,1,2,31.8,3900.1,33920.5,21179.5,78791.7,25.0,0,
2017-12-22 06:06:22,0,1,2,31.9,3900.0,33260.9,21235.3,79009.6,25.0,0,
2017-12-22 06:06:25,0,1,2,31.9,3899.9,32667.6,21235.3,79009.6,25.0,0,
2017-12-22 06:06:29,0,1,2,32.0,3900.1,32189.9,21289.2,79219.8,25.0,0,
2017-12-22 06:06:32,0,1,2,32.0,3900.0,31458.1,21289.2,79219.8,25.0,0,
2017-12-22 06:06:35,0,1,2,32.1,3899.9,30998.8,21341.3,79422.7,25.0,0,
2017-12-22 06:06:38,0,1,2,32.1,3900.0,30446.6,21341.3,79422.7,25.0,0,
2017-12-22 06:06:41,0,1,2,32.2,3900.1,29989.7,21391.6,79619.1,25.0,0,
2017-12-22 06:06:44,0,1,2,32.2,3899.9,29468.0,21391.6,79619.1,25.0,0,
2017-12-22 06:06:47,0,1,2,32.3,3900.0,29035.6,21440.5,79809.7,25.0,0,
2017-12-22 06:06:50,0,1,2,32.3,3899.9,28448.4,21440.5,79809.7,25.0,0,
2017-12-22 06:06:53,0,1,2,32.4,3899.9,27894.9,21487.7,79993.8,25.0,0,
2017-12-22 06:06:56,0,1,2,32.4,3899.9,27602.6,21487.7,79993.8,25.0,0,
2017-12-22 06:07:00,0,1,2,32.5,3899.9,27064.4,21533.2,80171.4,25.0,0,
2017-12-22 06:07:03,0,1,2,32.5,3899.9,26650.2,21533.2,80171.4,25.0,0,
2017-12-22 06:07:06,0,1,2,32.6,3900.1,26197.5,21577.6,80344.6,25.0,0,
2017-12-22 06:07:09,0,1,2,32.6,3900.0,25793.3,21577.6,80344.6,25.0,0,
2017-12-22 06:07:12,0,1,2,32.7,3899.9,25342.9,21620.6,80512.3,25.0,0,
2017-12-22 06:07:16,0,1,2,32.8,3900.1,24963.4,21662.2,80674.5,25.0,0,
2017-12-22 06:07:19,0,1,2,32.8,3900.1,24602.7,21662.2,80674.5,25.0,0,
2017-12-22 06:07:22,0,1,2,32.9,3900.0,24161.2,21702.5,80831.6,25.0,0,
2017-12-22 06:07:25,0,1,2,32.9,3900.1,23739.3,21702.5,80831.6,25.0,0,
2017-12-22 06:07:28,0,1,2,33.0,3900.0,23326.2,21741.6,80983.9,25.0,0,
2017-12-22 06:07:32,0,1,2,33.0,3900.0,22919.3,21741.6,80983.9,25.0,0,
2017-12-22 06:07:35,0,1,2,33.1,3900.0,22520.3,21779.4,81131.4,25.0,0,
2017-12-22 06:07:38,0,1,2,33.1,3899.9,22125.8,21779.4,81131.4,25.0,0,
2017-12-22 06:07:41,0,1,2,33.2,3899.9,21741.3,21816.1,81274.5,25.0,0,
2017-12-22 06:07:44,0,1,2,33.2,3900.0,21422.8,21816.1,81274.5,25.0,0,
2017-12-22 06:07:48,0,1,2,33.3,3899.9,21094.2,21851.7,81413.4,25.0,0,
2017-12-22 06:07:51,0,1,2,33.3,3900.1,20779.4,21851.7,81413.4,25.0,0,
2017-12-22 06:07:54,0,1,2,33.4,3899.9,20416.7,21886.1,81547.4,25.0,0,
2017-12-22 06:07:57,0,1,2,33.4,3900.0,20162.9,21886.1,81547.4,24.9,0,
2017-12-22 06:08:00,0,1,2,33.5,3899.9,19761.6,21919.6,81678.1,24.9,0,
2017-12-22 06:08:03,0,1,2,33.5,3899.9,19416.9,21919.6,81678.1,24.9,0,
2017-12-22 06:08:06,0,1,2,33.6,3899.9,19175.0,21951.9,81804.4,24.9,0,
2017-12-22 06:08:09,0,1,2,33.7,3899.9,18795.2,21983.3,81926.5,24.9,0,
2017-12-22 06:08:12,0,1,2,33.7,3899.9,18558.7,21983.3,81926.5,24.9,0,
2017-12-22 06:08:16,0,1,2,33.8,3900.1,18328.6,22013.8,82045.7,24.9,0,
2017-12-22 06:08:19,0,1,2,33.8,3899.9,17972.8,22013.8,82045.7,24.9,0,
2017-12-22 06:08:22,0,1,2,33.9,3899.9,17694.7,22043.4,82161.0,24.9,0,
2017-12-22 06:08:25,0,1,2,33.9,3899.9,17435.1,22043.4,82161.0,24.9,0,
2017-12-22 06:08:28,0,1,2,34.0,3900.1,17168.8,22072.0,82272.6,24.8,0,
2017-12-22 06:08:31,0,1,2,34.0,3899.8,16828.0,22072.0,82272.6,24.8,0,
2017-12-22 06:08:34,0,1,2,34.1,3900.1,16575.4,22099.7,82380.6,24.9,0,
2017-12-22 06:08:38,0,1,2,34.1,3900.0,16368.2,22099.7,82380.6,24.9,0,
2017-12-22 06:08:41,0,1,2,34.2,3900.1,16082.7,22126.6,82485.7,24.9,0,
2017-12-22 06:08:44,0,1,2,34.2,3900.0,15922.7,22126.6,82485.7,24.9,0,
2017-12-22 06:08:47,0,1,2,34.3,3900.0,15573.9,22152.8,82587.6,24.9,0,
2017-12-22 06:08:50,0,1,2,34.3,3899.9,15333.4,22152.8,82587.6,24.9,0,
2017-12-22 06:08:53,0,1,2,34.4,3900.1,15112.3,22178.2,82686.8,24.9,0,
2017-12-22 06:08:56,0,1,2,34.4,3900.0,14914.6,22178.2,82686.8,25.0,0,
2017-12-22 06:09:00,0,1,2,34.5,3900.0,14617.5,22202.8,82782.8,25.0,0,
2017-12-22 06:09:03,0,1,2,34.5,3900.1,14397.7,22202.8,82782.8,25.0,0,
2017-12-22 06:09:06,0,1,2,34.6,3900.0,14217.4,22226.8,82876.2,25.0,0,
2017-12-22 06:09:09,0,1,2,34.6,3900.0,13899.0,22226.8,82876.2,25.0,0,
2017-12-22 06:09:12,0,1,2,34.7,3900.1,13691.2,22249.9,82966.5,25.0,0,
2017-12-22 06:09:16,0,1,2,34.8,3900.1,13491.8,22272.5,83054.4,24.9,0,
2017-12-22 06:09:19,0,1,2,34.8,3899.9,13251.2,22272.5,83054.4,24.9,0,
2017-12-22 06:09:22,0,1,2,34.9,3899.9,13083.8,22294.3,83139.6,24.9,0,
2017-12-22 06:09:25,0,1,2,34.9,3900.1,12894.6,22294.3,83139.6,24.9,0,
2017-12-22 06:09:28,0,1,2,35.0,3899.9,12726.9,22315.5,83222.4,24.9,0,
2017-12-22 06:09:31,0,1,2,35.0,3899.9,12447.7,22315.5,83222.4,24.9,0,
2017-12-22 06:09:34,0,1,2,35.1,3899.9,12256.1,22336.1,83302.4,24.9,0,
2017-12-22 06:09:38,0,1,2,35.1,3899.8,12100.5,22336.1,83302.4,24.9,0,
2017-12-22 06:09:41,0,1,2,35.2,3899.9,11895.8,22356.1,83380.5,24.9,0,
2017-12-22 06:09:44,0,1,2,35.2,3899.9,11740.1,22356.1,83380.5,24.8,0,
2017-12-22 06:09:47,0,1,2,35.3,3900.0,11593.6,22375.5,83456.3,24.9,0,
2017-12-22 06:09:50,0,1,2,35.3,3900.0,11449.3,22375.5,83456.3,24.8,0,
2017-12-22 06:09:53,0,1,2,35.4,3900.0,11248.2,22394.4,83529.8,24.9,0,
2017-12-22 06:09:57,0,1,2,35.4,3900.1,11080.1,22394.4,83529.8,24.9,0,
2017-12-22 06:10:00,0,1,2,35.5,3899.9,10886.8,22412.7,83601.5,24.8,0,
2017-12-22 06:10:03,0,1,2,35.5,3899.9,10669.6,22412.7,83601.5,24.9,0,
2017-12-22 06:10:06,0,1,2,35.6,3900.1,10536.4,22430.5,83670.8,24.8,0,
2017-12-22 06:10:09,0,1,2,35.6,3899.9,10351.5,22430.5,83670.8,24.9,0,
2017-12-22 06:10:13,0,1,2,35.7,3900.0,10222.3,22447.8,83738.1,24.8,0,
2017-12-22 06:10:15,0,1,2,35.8,3900.0,10045.3,22464.5,83803.4,24.8,0,
2017-12-22 06:10:18,0,1,2,35.8,3899.9,10009.9,22464.5,83803.4,24.8,0,
2017-12-22 06:10:20,0,1,2,35.8,3899.9,9985.7,22464.5,83803.4,24.8,5,终止电流到
2017-12-22 06:10:22,0,1,2,35.9,3891.9,2.2,22464.5,83803.4,24.8,5,终止电流到
2017-12-22 06:10:25,0,1,2,35.9,3890.8,3.7,22464.5,83803.4,24.8,5,终止电流到
2017-12-22 06:10:28,0,1,2,36.0,3890.0,3.9,22464.5,83803.5,24.8,5,终止电流到
2017-12-22 06:10:31,0,1,2,36.0,3889.0,3.5,22464.5,83803.5,24.8,5,终止电流到
2017-12-22 06:10:34,0,1,2,36.1,3888.7,3.5,22464.5,83803.5,24.8,5,终止电流到
2017-12-22 06:10:37,0,1,2,36.1,3888.1,3.4,22464.5,83803.5,24.8,5,终止电流到
2017-12-22 06:10:40,0,1,2,36.2,3887.9,3.8,22464.5,83803.5,24.8,5,终止电流到
2017-12-22 06:10:43,0,1,2,36.2,3887.4,2.5,22464.5,83803.5,24.8,5,终止电流到
2017-12-22 06:10:46,0,1,2,36.3,3887.1,2.1,22464.5,83803.5,24.8,5,终止电流到
2017-12-22 06:10:50,0,1,2,36.3,3886.8,2.3,22464.5,83803.5,24.8,5,终止电流到
2017-12-22 06:10:53,0,1,2,36.4,3886.5,2.2,22464.6,83803.5,24.8,5,终止电流到
2017-12-22 06:10:56,0,1,2,36.4,3886.3,2.3,22464.6,83803.5,24.8,5,终止电流到
2017-12-22 06:10:59,0,1,2,36.5,3886.1,2.5,22464.6,83803.5,24.8,5,终止电流到
2017-12-22 06:11:02,0,1,2,36.5,3885.9,3.7,22464.6,83803.5,24.8,5,终止电流到
2017-12-22 06:11:07,0,2,3,0.0,3885.4,0,0.0,0.0,24.8,0,
2017-12-22 06:11:30,0,2,3,0.4,3884.6,24.0,0.0,0.0,24.8,0,
2017-12-22 06:11:33,0,2,3,0.4,3884.4,22.7,0.0,0.0,24.7,0,
2017-12-22 06:11:36,0,2,3,0.5,3884.5,23.7,0.0,0.0,24.7,0,
2017-12-22 06:11:39,0,2,3,0.5,3884.3,22.8,0.0,0.0,24.8,0,
2017-12-22 06:11:42,0,2,3,0.6,3884.2,22.5,0.0,0.0,24.8,0,
2017-12-22 06:11:45,0,2,3,0.6,3884.2,24.5,0.0,0.0,24.8,0,
2017-12-22 06:11:49,0,2,3,0.7,3884.1,24.2,0.0,0.0,24.8,0,
2017-12-22 06:11:52,0,2,3,0.7,3884.1,22.6,0.0,0.0,24.8,0,
2017-12-22 06:11:55,0,2,3,0.8,3883.9,22.8,0.0,0.0,24.8,0,
2017-12-22 06:11:58,0,2,3,0.8,3883.8,24.0,0.0,0.0,24.8,0,
2017-12-22 06:12:01,0,2,3,0.9,3883.8,22.6,0.0,0.0,24.8,0,
2017-12-22 06:12:04,0,2,3,0.9,3883.8,22.7,0.0,0.0,24.8,0,
2017-12-22 06:12:07,0,2,3,1.0,3883.8,24.0,0.0,0.0,24.7,0,
2017-12-22 06:12:08,0,2,3,1.0,3883.7,24.1,0.0,0.0,24.8,1,时间到
2017-12-22 06:12:12,0,3,4,0.0,3883.5,0,0.0,0.0,24.8,0,
2017-12-22 06:12:34,0,3,4,0.4,3831.8,-40001.1,266.7,1024.4,24.7,0,
2017-12-22 06:12:38,0,3,4,0.4,3829.4,-39998.3,266.7,1024.4,24.8,0,
2017-12-22 06:12:41,0,3,4,0.5,3826.9,-39999.3,333.3,1279.5,24.8,0,
2017-12-22 06:12:44,0,3,4,0.5,3824.8,-40000.5,333.3,1279.5,24.7,0,
2017-12-22 06:12:47,0,3,4,0.6,3822.6,-40000.3,400.0,1534.4,24.7,0,
2017-12-22 06:12:50,0,3,4,0.6,3820.8,-39999.8,400.0,1534.4,24.7,0,
2017-12-22 06:12:53,0,3,4,0.7,3819.1,-40000.5,466.7,1789.0,24.8,0,
2017-12-22 06:12:56,0,3,4,0.7,3817.2,-40001.0,466.7,1789.0,24.8,0,
2017-12-22 06:13:00,0,3,4,0.8,3815.5,-40000.8,533.3,2043.5,24.8,0,
2017-12-22 06:13:03,0,3,4,0.8,3813.9,-40000.8,533.3,2043.5,24.8,0,
2017-12-22 06:13:06,0,3,4,0.9,3812.3,-40000.8,600.0,2297.7,24.8,0,
2017-12-22 06:13:09,0,3,4,0.9,3810.6,-40000.8,600.0,2297.7,24.8,0,
2017-12-22 06:13:12,0,3,4,1.0,3809.2,-40002.2,666.7,2551.7,24.8,0,
2017-12-22 06:13:15,0,3,4,1.0,3807.7,-40001.7,666.7,2551.7,24.8,0,
2017-12-22 06:13:18,0,3,4,1.1,3806.2,-40001.5,733.4,2805.5,24.8,0,
2017-12-22 06:13:22,0,3,4,1.1,3804.8,-40001.2,733.4,2805.5,24.8,0,
2017-12-22 06:13:25,0,3,4,1.2,3803.4,-40001.5,800.0,3059.2,24.8,0,
2017-12-22 06:13:28,0,3,4,1.2,3801.9,-40001.5,800.0,3059.2,24.7,0,
2017-12-22 06:13:31,0,3,4,1.3,3800.4,-40001.2,866.7,3312.7,24.8,0,
2017-12-22 06:13:34,0,3,4,1.3,3799.1,-40001.3,866.7,3312.7,24.8,0,
2017-12-22 06:13:37,0,3,4,1.4,3797.6,-40001.8,933.4,3565.9,24.8,0,
2017-12-22 06:13:40,0,3,4,1.5,3796.3,-40001.7,1000.0,3819.0,24.8,0,
2017-12-22 06:13:44,0,3,4,1.5,3795.0,-40001.7,1000.0,3819.0,24.8,0,
2017-12-22 06:13:47,0,3,4,1.6,3793.6,-40000.5,1066.7,4072.0,24.8,0,
2017-12-22 06:13:50,0,3,4,1.6,3792.2,-40001.2,1066.7,4072.0,24.8,0,
2017-12-22 06:13:53,0,3,4,1.7,3790.9,-40001.2,1133.4,4324.8,24.8,0,
2017-12-22 06:13:56,0,3,4,1.7,3789.4,-40000.7,1133.4,4324.8,24.7,0,
2017-12-22 06:14:00,0,3,4,1.8,3788.1,-40000.6,1200.1,4577.3,24.7,0,
2017-12-22 06:14:03,0,3,4,1.8,3786.9,-40000.0,1200.1,4577.3,24.8,0,
2017-12-22 06:14:06,0,3,4,1.9,3785.6,-40001.8,1266.7,4829.8,24.8,0,
2017-12-22 06:14:09,0,3,4,1.9,3784.2,-40000.8,1266.7,4829.8,24.8,0,
2017-12-22 06:14:12,0,3,4,2.0,3782.8,-40000.8,1333.4,5082.0,24.8,0,
2017-12-22 06:14:15,0,3,4,2.0,3781.5,-40001.3,1333.4,5082.0,24.7,0,
2017-12-22 06:14:18,0,3,4,2.1,3780.3,-40001.1,1400.1,5334.1,24.8,0,
2017-12-22 06:14:22,0,3,4,2.1,3779.0,-40001.5,1400.1,5334.1,24.7,0,
2017-12-22 06:14:25,0,3,4,2.2,3777.6,-40001.3,1466.7,5586.0,24.7,0,
2017-12-22 06:14:28,0,3,4,2.2,3776.4,-40001.8,1466.7,5586.0,24.8,0,
2017-12-22 06:14:31,0,3,4,2.3,3775.0,-40002.2,1533.4,5837.8,24.8,0,
2017-12-22 06:14:34,0,3,4,2.3,3773.8,-40001.4,1533.4,5837.8,24.8,0,
2017-12-22 06:14:37,0,3,4,2.4,3772.6,-40001.5,1600.1,6089.4,24.8,0,
2017-12-22 06:14:40,0,3,4,2.5,3771.2,-40001.6,1666.8,6340.8,24.8,0,
2017-12-22 06:14:44,0,3,4,2.5,3770.0,-40001.6,1666.8,6340.8,24.8,0,
2017-12-22 06:14:47,0,3,4,2.6,3768.6,-40001.3,1733.4,6592.1,24.8,0,
2017-12-22 06:14:50,0,3,4,2.6,3767.3,-40001.3,1733.4,6592.1,24.8,0,
2017-12-22 06:14:53,0,3,4,2.7,3766.1,-40001.5,1800.1,6843.2,24.8,0,
2017-12-22 06:14:56,0,3,4,2.7,3764.8,-40001.7,1800.1,6843.2,24.8,0,
2017-12-22 06:14:59,0,3,4,2.8,3763.6,-40001.3,1866.8,7094.1,24.8,0,
2017-12-22 06:15:02,0,3,4,2.8,3762.2,-40000.8,1866.8,7094.1,24.8,0,
2017-12-22 06:15:06,0,3,4,2.9,3760.9,-40000.7,1933.4,7344.9,24.8,0,
2017-12-22 06:15:09,0,3,4,2.9,3759.7,-40001.1,1933.4,7344.9,24.8,0,
2017-12-22 06:15:12,0,3,4,3.0,3758.3,-40001.0,2000.1,7595.5,24.8,0,
2017-12-22 06:15:15,0,3,4,3.0,3757.2,-40001.3,2000.1,7595.5,24.8,0,
2017-12-22 06:15:18,0,3,4,3.1,3756.0,-40001.0,2066.8,7846.0,24.8,0,
2017-12-22 06:15:21,0,3,4,3.1,3754.6,-40001.1,2066.8,7846.0,24.8,0,
2017-12-22 06:15:24,0,3,4,3.2,3753.3,-40000.5,2133.4,8096.3,24.8,0,
2017-12-22 06:15:28,0,3,4,3.2,3752.0,-40000.5,2133.4,8096.3,24.8,0,
2017-12-22 06:15:31,0,3,4,3.3,3750.9,-40001.0,2200.1,8346.4,24.8,0,
2017-12-22 06:15:34,0,3,4,3.3,3749.5,-40000.8,2200.1,8346.4,24.7,0,
2017-12-22 06:15:37,0,3,4,3.4,3748.5,-40000.7,2266.8,8596.4,24.8,0,
2017-12-22 06:15:40,0,3,4,3.4,3747.2,-40000.0,2266.8,8596.4,24.8,0,
2017-12-22 06:15:43,0,3,4,3.5,3746.0,-39999.9,2333.5,8846.2,24.8,0,
2017-12-22 06:15:46,0,3,4,3.6,3744.8,-40000.5,2400.1,9095.9,24.8,0,
2017-12-22 06:15:49,0,3,4,3.6,3743.5,-40000.1,2400.1,9095.9,24.8,0,
2017-12-22 06:15:53,0,3,4,3.7,3742.3,-40000.8,2466.8,9345.4,24.8,0,
2017-12-22 06:15:56,0,3,4,3.7,3741.0,-40000.3,2466.8,9345.4,24.8,0,
2017-12-22 06:15:59,0,3,4,3.8,3739.9,-40000.1,2533.5,9594.7,24.8,0,
2017-12-22 06:16:02,0,3,4,3.8,3738.8,-40000.3,2533.5,9594.7,24.8,0,
2017-12-22 06:16:05,0,3,4,3.9,3737.5,-40000.0,2600.1,9843.9,24.8,0,
2017-12-22 06:16:08,0,3,4,3.9,3736.4,-40000.0,2600.1,9843.9,24.8,0,
2017-12-22 06:16:11,0,3,4,4.0,3735.1,-40000.7,2666.8,10093.0,24.8,0,
2017-12-22 06:16:15,0,3,4,4.0,3734.0,-40000.7,2666.8,10093.0,24.8,0,
2017-12-22 06:16:18,0,3,4,4.1,3733.0,-40001.2,2733.5,10341.9,24.8,0,
2017-12-22 06:16:21,0,3,4,4.1,3731.8,-40000.5,2733.5,10341.9,24.7,0,
2017-12-22 06:16:24,0,3,4,4.2,3730.8,-40000.7,2800.1,10590.7,24.8,0,
2017-12-22 06:16:27,0,3,4,4.2,3729.5,-40001.2,2800.1,10590.7,24.8,0,
2017-12-22 06:16:30,0,3,4,4.3,3728.3,-40000.5,2866.8,10839.3,24.8,0,
2017-12-22 06:16:33,0,3,4,4.3,3727.2,-40000.5,2866.8,10839.3,24.8,0,
2017-12-22 06:16:37,0,3,4,4.4,3726.0,-40000.8,2933.5,11087.7,24.8,0,
2017-12-22 06:16:40,0,3,4,4.4,3725.0,-40000.7,2933.5,11087.7,24.8,0,
2017-12-22 06:16:43,0,3,4,4.5,3724.0,-40000.7,3000.1,11336.1,24.8,0,
2017-12-22 06:16:46,0,3,4,4.5,3722.9,-40000.2,3000.1,11336.1,24.8,0,
2017-12-22 06:16:49,0,3,4,4.6,3721.8,-40000.5,3066.8,11584.3,24.8,0,
2017-12-22 06:16:52,0,3,4,4.6,3720.6,-40000.7,3066.8,11584.3,24.8,0,
2017-12-22 06:16:55,0,3,4,4.7,3719.8,-40001.3,3133.5,11832.3,24.8,0,
2017-12-22 06:16:58,0,3,4,4.8,3718.6,-40000.3,3200.1,12080.2,24.8,0,
2017-12-22 06:17:02,0,3,4,4.8,3717.6,-40000.5,3200.1,12080.2,24.8,0,
2017-12-22 06:17:05,0,3,4,4.9,3716.4,-40000.5,3266.8,12328.0,24.8,0,
2017-12-22 06:17:08,0,3,4,4.9,3715.4,-40000.5,3266.8,12328.0,24.8,0,
2017-12-22 06:17:11,0,3,4,5.0,3714.5,-40001.0,3333.5,12575.7,24.7,0,
2017-12-22 06:17:14,0,3,4,5.0,3713.5,-40000.4,3333.5,12575.7,24.7,0,
2017-12-22 06:17:17,0,3,4,5.1,3712.5,-40000.3,3400.2,12823.2,24.8,0,
2017-12-22 06:17:20,0,3,4,5.1,3711.4,-40000.2,3400.2,12823.2,24.7,0,
2017-12-22 06:17:24,0,3,4,5.2,3710.4,-40000.5,3466.8,13070.5,24.7,0,
2017-12-22 06:17:27,0,3,4,5.2,3709.4,-40000.0,3466.8,13070.5,24.7,0,
2017-12-22 06:17:30,0,3,4,5.3,3708.3,-40000.0,3533.5,13317.8,24.7,0,
2017-12-22 06:17:33,0,3,4,5.3,3707.3,-40001.0,3533.5,13317.8,24.7,0,
2017-12-22 06:17:36,0,3,4,5.4,3706.5,-40000.2,3600.2,13564.9,24.7,0,
2017-12-22 06:17:39,0,3,4,5.4,3705.5,-40000.2,3600.2,13564.9,24.7,0,
2017-12-22 06:17:42,0,3,4,5.5,3704.6,-40000.5,3666.8,13812.0,24.7,0,
2017-12-22 06:17:46,0,3,4,5.5,3703.7,-39999.8,3666.8,13812.0,24.7,0,
2017-12-22 06:17:49,0,3,4,5.6,3702.5,-40000.0,3733.5,14058.9,24.7,0,
2017-12-22 06:17:52,0,3,4,5.6,3701.6,-40000.0,3733.5,14058.9,24.7,0,
2017-12-22 06:17:55,0,3,4,5.7,3700.7,-40000.0,3800.2,14305.6,24.7,0,
2017-12-22 06:17:58,0,3,4,5.7,3699.8,-40000.0,3800.2,14305.6,24.7,0,
2017-12-22 06:18:01,0,3,4,5.8,3699.0,-39999.5,3866.8,14552.3,24.7,0,
2017-12-22 06:18:04,0,3,4,5.9,3698.1,-40000.3,3933.5,14798.8,24.7,0,
2017-12-22 06:18:07,0,3,4,5.9,3697.1,-39999.4,3933.5,14798.8,24.6,0,
2017-12-22 06:18:11,0,3,4,6.0,3696.3,-39999.2,4000.2,15045.2,24.7,0,
2017-12-22 06:18:14,0,3,4,6.0,3695.3,-39999.5,4000.2,15045.2,24.7,0,
2017-12-22 06:18:17,0,3,4,6.1,3694.4,-39999.2,4066.8,15291.5,24.7,0,
2017-12-22 06:18:20,0,3,4,6.1,3693.5,-40000.2,4066.8,15291.5,24.6,0,
2017-12-22 06:18:23,0,3,4,6.2,3692.6,-39999.2,4133.5,15537.7,24.7,0,
2017-12-22 06:18:26,0,3,4,6.2,3691.8,-39999.3,4133.5,15537.7,24.6,0,
2017-12-22 06:18:29,0,3,4,6.3,3691.0,-39999.6,4200.2,15783.8,24.7,0,
2017-12-22 06:18:33,0,3,4,6.3,3690.0,-39999.1,4200.2,15783.8,24.7,0,
2017-12-22 06:18:36,0,3,4,6.4,3689.2,-39999.3,4266.8,16029.8,24.7,0,
2017-12-22 06:18:39,0,3,4,6.4,3688.3,-39998.8,4266.8,16029.8,24.6,0,
2017-12-22 06:18:42,0,3,4,6.5,3687.6,-39999.1,4333.5,16275.6,24.7,0,
2017-12-22 06:18:45,0,3,4,6.5,3686.6,-39998.5,4333.5,16275.6,24.7,0,
2017-12-22 06:18:48,0,3,4,6.6,3685.9,-39999.8,4400.1,16521.4,24.6,0,
2017-12-22 06:18:51,0,3,4,6.6,3684.9,-39998.8,4400.1,16521.4,24.6,0,
2017-12-22 06:18:54,0,3,4,6.7,3684.2,-39999.5,4466.8,16767.0,24.6,0,
2017-12-22 06:18:58,0,3,4,6.7,3683.4,-39999.6,4466.8,16767.0,24.6,0,
2017-12-22 06:19:01,0,3,4,6.8,3682.6,-39998.5,4533.5,17012.5,24.6,0,
2017-12-22 06:19:04,0,3,4,6.8,3681.8,-39999.2,4533.5,17012.5,24.6,0,
2017-12-22 06:19:07,0,3,4,6.9,3680.9,-39999.5,4600.1,17258.0,24.6,0,
2017-12-22 06:19:10,0,3,4,7.0,3680.1,-39998.7,4666.8,17503.3,24.6,0,
2017-12-22 06:19:13,0,3,4,7.0,3679.2,-39999.2,4666.8,17503.3,24.6,0,
2017-12-22 06:19:17,0,3,4,7.1,3678.5,-39998.3,4733.5,17748.5,24.6,0,
2017-12-22 06:19:20,0,3,4,7.1,3677.8,-39998.8,4733.5,17748.5,24.6,0,
2017-12-22 06:19:23,0,3,4,7.2,3677.0,-39998.2,4800.1,17993.6,24.6,0,
2017-12-22 06:19:26,0,3,4,7.2,3676.1,-39998.9,4800.1,17993.6,24.6,0,
2017-12-22 06:19:29,0,3,4,7.3,3675.5,-39998.7,4866.8,18238.6,24.6,0,
2017-12-22 06:19:32,0,3,4,7.3,3674.5,-39998.5,4866.8,18238.6,24.7,0,
2017-12-22 06:19:35,0,3,4,7.4,3673.7,-39999.1,4933.4,18483.5,24.7,0,
2017-12-22 06:19:38,0,3,4,7.4,3673.1,-39999.0,4933.4,18483.5,24.6,0,
2017-12-22 06:19:41,0,3,4,7.5,3672.3,-39999.3,5000.1,18728.4,24.6,0,
2017-12-22 06:19:45,0,3,4,7.5,3671.6,-39999.0,5000.1,18728.4,24.7,0,
2017-12-22 06:19:48,0,3,4,7.6,3670.7,-39998.3,5066.8,18973.1,24.7,0,
2017-12-22 06:19:51,0,3,4,7.6,3670.0,-39998.0,5066.8,18973.1,24.7,0,
2017-12-22 06:19:54,0,3,4,7.7,3669.3,-39997.9,5133.4,19217.7,24.7,0,
2017-12-22 06:19:57,0,3,4,7.7,3668.5,-39998.5,5133.4,19217.7,24.7,0,
2017-12-22 06:20:00,0,3,4,7.8,3667.7,-39998.5,5200.1,19462.2,24.7,0,
2017-12-22 06:20:03,0,3,4,7.8,3667.1,-39998.5,5200.1,19462.2,24.7,0,
2017-12-22 06:20:07,0,3,4,7.9,3666.3,-39998.2,5266.8,19706.7,24.7,0,
2017-12-22 06:20:10,0,3,4,7.9,3665.5,-39998.0,5266.8,19706.7,24.7,0,
2017-12-22 06:20:13,0,3,4,8.0,3664.9,-39997.7,5333.4,19951.0,24.7,0,
2017-12-22 06:20:16,0,3,4,8.1,3664.0,-39998.5,5400.1,20195.3,24.7,0,
2017-12-22 06:20:19,0,3,4,8.1,3663.3,-39997.7,5400.1,20195.3,24.7,0,
2017-12-22 06:20:23,0,3,4,8.2,3662.6,-39998.0,5466.7,20439.4,24.8,0,
2017-12-22 06:20:26,0,3,4,8.2,3661.8,-39998.0,5466.7,20439.4,24.7,0,
2017-12-22 06:20:29,0,3,4,8.3,3661.2,-39998.2,5533.4,20683.5,24.7,0,
2017-12-22 06:20:32,0,3,4,8.3,3660.4,-39998.2,5533.4,20683.5,24.7,0,
2017-12-22 06:20:35,0,3,4,8.4,3659.6,-39997.5,5600.1,20927.5,24.7,0,
2017-12-22 06:20:38,0,3,4,8.4,3659.0,-40000.0,5600.1,20927.5,24.7,0,
2017-12-22 06:20:41,0,3,4,8.5,3658.4,-40000.3,5666.7,21171.4,24.7,0,
2017-12-22 06:20:45,0,3,4,8.5,3657.8,-40000.6,5666.7,21171.4,24.7,0,
2017-12-22 06:20:48,0,3,4,8.6,3656.9,-40001.2,5733.4,21415.2,24.7,0,
2017-12-22 06:20:51,0,3,4,8.6,3656.2,-40000.5,5733.4,21415.2,24.7,0,
2017-12-22 06:20:54,0,3,4,8.7,3655.6,-40001.0,5800.1,21658.9,24.6,0,
2017-12-22 06:20:57,0,3,4,8.7,3654.8,-40000.2,5800.1,21658.9,24.7,0,
2017-12-22 06:21:00,0,3,4,8.8,3654.2,-40000.7,5866.7,21902.6,24.7,0,
2017-12-22 06:21:03,0,3,4,8.8,3653.6,-39999.8,5866.7,21902.6,24.7,0,
2017-12-22 06:21:06,0,3,4,8.9,3652.9,-39999.8,5933.4,22146.1,24.7,0,
2017-12-22 06:21:10,0,3,4,8.9,3652.1,-40000.6,5933.4,22146.1,24.7,0,
2017-12-22 06:21:13,0,3,4,9.0,3651.6,-39999.8,6000.1,22389.6,24.7,0,
2017-12-22 06:21:16,0,3,4,9.0,3650.9,-40000.0,6000.1,22389.6,24.7,0,
2017-12-22 06:21:19,0,3,4,9.1,3650.3,-40000.0,6066.7,22633.0,24.7,0,
2017-12-22 06:21:22,0,3,4,9.1,3649.5,-40000.3,6066.7,22633.0,24.7,0,
2017-12-22 06:21:25,0,3,4,9.2,3648.9,-40000.0,6133.4,22876.3,24.7,0,
2017-12-22 06:21:28,0,3,4,9.3,3648.3,-40000.0,6200.1,23119.5,24.7,0,
2017-12-22 06:21:32,0,3,4,9.3,3647.7,-40000.6,6200.1,23119.5,24.7,0,
2017-12-22 06:21:35,0,3,4,9.4,3646.9,-40000.7,6266.7,23362.7,24.7,0,
2017-12-22 06:21:38,0,3,4,9.4,3646.2,-40001.1,6266.7,23362.7,24.7,0,
2017-12-22 06:21:41,0,3,4,9.5,3645.7,-40000.9,6333.4,23605.7,24.7,0,
2017-12-22 06:21:44,0,3,4,9.5,3645.1,-40000.7,6333.4,23605.7,24.7,0,
2017-12-22 06:21:47,0,3,4,9.6,3644.3,-39999.8,6400.1,23848.7,24.7,0,
2017-12-22 06:21:51,0,3,4,9.6,3643.7,-39999.8,6400.1,23848.7,24.7,0,
2017-12-22 06:21:54,0,3,4,9.7,3643.2,-39999.7,6466.7,24091.6,24.6,0,
2017-12-22 06:21:57,0,3,4,9.7,3642.6,-40000.2,6466.7,24091.6,24.7,0,
2017-12-22 06:22:00,0,3,4,9.8,3641.8,-39999.5,6533.4,24334.4,24.7,0,
2017-12-22 06:22:03,0,3,4,9.8,3641.3,-39999.8,6533.4,24334.4,24.7,0,
2017-12-22 06:22:06,0,3,4,9.9,3640.6,-39999.5,6600.1,24577.1,24.7,0,
2017-12-22 06:22:09,0,3,4,9.9,3640.1,-39999.8,6600.1,24577.1,24.7,0,
2017-12-22 06:22:13,0,3,4,10.0,3639.4,-39999.8,6666.7,24819.8,24.7,0,
2017-12-22 06:22:16,0,3,4,10.0,3638.9,-39999.5,6666.7,24819.8,24.7,0,
2017-12-22 06:22:19,0,3,4,10.1,3638.1,-40000.3,6733.4,25062.3,24.7,0,
2017-12-22 06:22:22,0,3,4,10.1,3637.6,-40000.0,6733.4,25062.3,24.7,0,
2017-12-22 06:22:25,0,3,4,10.2,3636.9,-40000.1,6800.1,25304.8,24.7,0,
2017-12-22 06:22:28,0,3,4,10.2,3636.4,-40000.4,6800.1,25304.8,24.7,0,
2017-12-22 06:22:31,0,3,4,10.3,3635.8,-40000.2,6866.7,25547.2,24.7,0,
2017-12-22 06:22:34,0,3,4,10.4,3635.1,-39999.7,6933.4,25789.6,24.7,0,
2017-12-22 06:22:38,0,3,4,10.4,3634.6,-39999.5,6933.4,25789.6,24.7,0,
2017-12-22 06:22:41,0,3,4,10.5,3634.0,-39999.7,7000.1,26031.9,24.8,0,
2017-12-22 06:22:44,0,3,4,10.5,3633.4,-39999.3,7000.1,26031.9,24.8,0,
2017-12-22 06:22:47,0,3,4,10.6,3632.8,-39999.5,7066.7,26274.0,24.7,0,
2017-12-22 06:22:50,0,3,4,10.6,3632.2,-39999.2,7066.7,26274.0,24.7,0,
2017-12-22 06:22:53,0,3,4,10.7,3631.6,-39999.3,7133.4,26516.2,24.8,0,
2017-12-22 06:22:56,0,3,4,10.7,3631.1,-39998.7,7133.4,26516.2,24.7,0,
2017-12-22 06:23:00,0,3,4,10.8,3630.4,-39998.7,7200.1,26758.2,24.8,0,
2017-12-22 06:23:03,0,3,4,10.8,3629.9,-39999.4,7200.1,26758.2,24.8,0,
2017-12-22 06:23:06,0,3,4,10.9,3629.2,-39998.6,7266.7,27000.1,24.8,0,
2017-12-22 06:23:09,0,3,4,10.9,3628.8,-39998.5,7266.7,27000.1,24.8,0,
2017-12-22 06:23:12,0,3,4,11.0,3628.0,-39998.7,7333.4,27242.0,24.8,0,
2017-12-22 06:23:15,0,3,4,11.0,3627.5,-39998.2,7333.4,27242.0,24.8,0,
2017-12-22 06:23:18,0,3,4,11.1,3627.0,-39998.8,7400.0,27483.8,24.8,0,
2017-12-22 06:23:21,0,3,4,11.1,3626.3,-39998.7,7400.0,27483.8,24.8,0,
2017-12-22 06:23:25,0,3,4,11.2,3625.8,-39998.2,7466.7,27725.5,24.8,0,
2017-12-22 06:23:28,0,3,4,11.2,3625.3,-39999.0,7466.7,27725.5,24.7,0,
2017-12-22 06:23:31,0,3,4,11.3,3624.8,-39997.8,7533.4,27967.2,24.8,0,
2017-12-22 06:23:34,0,3,4,11.3,3624.3,-39998.6,7533.4,27967.2,24.8,0,
2017-12-22 06:23:37,0,3,4,11.4,3623.7,-39997.8,7600.0,28208.8,24.7,0,
2017-12-22 06:23:40,0,3,4,11.4,3623.2,-39998.6,7600.0,28208.8,24.8,0,
2017-12-22 06:23:43,0,3,4,11.5,3622.4,-39999.0,7666.7,28450.3,24.8,0,
2017-12-22 06:23:46,0,3,4,11.6,3622.0,-39998.0,7733.3,28691.7,24.7,0,
2017-12-22 06:23:49,0,3,4,11.6,3621.5,-39999.2,7733.3,28691.7,24.7,0,
2017-12-22 06:23:53,0,3,4,11.7,3620.9,-39998.8,7800.0,28933.1,24.8,0,
2017-12-22 06:23:56,0,3,4,11.7,3620.3,-39998.8,7800.0,28933.1,24.8,0,
2017-12-22 06:23:59,0,3,4,11.8,3619.7,-39998.2,7866.7,29174.4,24.8,0,
2017-12-22 06:24:02,0,3,4,11.8,3619.2,-39999.4,7866.7,29174.4,24.8,0,
2017-12-22 06:24:05,0,3,4,11.9,3618.7,-39999.3,7933.3,29415.7,24.8,0,
2017-12-22 06:24:08,0,3,4,11.9,3618.1,-39999.3,7933.3,29415.7,24.7,0,
2017-12-22 06:24:11,0,3,4,12.0,3617.6,-39999.8,8000.0,29656.9,24.8,0,
2017-12-22 06:24:15,0,3,4,12.0,3617.1,-39999.9,8000.0,29656.9,24.7,0,
2017-12-22 06:24:18,0,3,4,12.1,3616.5,-39999.2,8066.7,29898.0,24.8,0,
2017-12-22 06:24:21,0,3,4,12.1,3616.0,-39999.5,8066.7,29898.0,24.8,0,
2017-12-22 06:24:24,0,3,4,12.2,3615.4,-39999.6,8133.3,30139.0,24.8,0,
2017-12-22 06:24:27,0,3,4,12.2,3614.8,-39999.0,8133.3,30139.0,24.7,0,
2017-12-22 06:24:30,0,3,4,12.3,3614.3,-39999.6,8200.0,30380.0,24.7,0,
2017-12-22 06:24:33,0,3,4,12.3,3613.9,-39998.8,8200.0,30380.0,24.7,0,
2017-12-22 06:24:37,0,3,4,12.4,3613.2,-39999.1,8266.7,30620.9,24.8,0,
2017-12-22 06:24:40,0,3,4,12.4,3612.7,-39998.8,8266.7,30620.9,24.7,0,
2017-12-22 06:24:43,0,3,4,12.5,3612.3,-39999.1,8333.3,30861.7,24.8,0,
2017-12-22 06:24:46,0,3,4,12.5,3611.6,-39998.6,8333.3,30861.7,24.8,0,
2017-12-22 06:24:49,0,3,4,12.6,3611.1,-39999.3,8400.0,31102.5,24.7,0,
2017-12-22 06:24:52,0,3,4,12.7,3610.6,-39999.5,8466.7,31343.2,24.7,0,
2017-12-22 06:24:56,0,3,4,12.7,3610.0,-39998.5,8466.7,31343.2,24.7,0,
2017-12-22 06:24:59,0,3,4,12.8,3609.5,-39999.4,8533.3,31583.8,24.7,0,
2017-12-22 06:25:02,0,3,4,12.8,3609.0,-39998.7,8533.3,31583.8,24.7,0,
2017-12-22 06:25:05,0,3,4,12.9,3608.6,-39998.8,8600.0,31824.4,24.8,0,
2017-12-22 06:25:08,0,3,4,12.9,3608.0,-39999.8,8600.0,31824.4,24.8,0,
2017-12-22 06:25:11,0,3,4,13.0,3607.4,-39998.8,8666.6,32064.9,24.8,0,
2017-12-22 06:25:14,0,3,4,13.0,3606.9,-39999.7,8666.6,32064.9,24.7,0,
2017-12-22 06:25:18,0,3,4,13.1,3606.3,-39999.3,8733.3,32305.3,24.7,0,
2017-12-22 06:25:21,0,3,4,13.1,3606.0,-39999.7,8733.3,32305.3,24.8,0,
2017-12-22 06:25:24,0,3,4,13.2,3605.3,-39999.2,8800.0,32545.7,24.7,0,
2017-12-22 06:25:27,0,3,4,13.2,3604.9,-39999.0,8800.0,32545.7,24.8,0,
2017-12-22 06:25:30,0,3,4,13.3,3604.4,-39999.9,8866.6,32786.0,24.7,0,
2017-12-22 06:25:34,0,3,4,13.3,3603.9,-39998.5,8866.6,32786.0,24.8,0,
2017-12-22 06:25:37,0,3,4,13.4,3603.3,-39998.2,8933.3,33026.2,24.8,0,
2017-12-22 06:25:40,0,3,4,13.4,3602.7,-39998.0,8933.3,33026.2,24.8,0,
2017-12-22 06:25:43,0,3,4,13.5,3602.3,-39998.0,9000.0,33266.4,24.8,0,
2017-12-22 06:25:46,0,3,4,13.5,3601.9,-39999.0,9000.0,33266.4,24.8,0,
2017-12-22 06:25:49,0,3,4,13.6,3601.2,-39998.0,9066.6,33506.5,24.8,0,
2017-12-22 06:25:52,0,3,4,13.7,3600.8,-39998.7,9133.3,33746.5,24.7,0,
2017-12-22 06:25:56,0,3,4,13.7,3600.2,-39998.7,9133.3,33746.5,24.8,0,
2017-12-22 06:25:59,0,3,4,13.8,3599.8,-39998.7,9200.0,33986.5,24.8,0,
2017-12-22 06:26:02,0,3,4,13.8,3599.3,-39998.7,9200.0,33986.5,24.8,0,
2017-12-22 06:26:05,0,3,4,13.9,3598.8,-39999.2,9266.6,34226.4,24.8,0,
2017-12-22 06:26:08,0,3,4,13.9,3598.2,-39998.6,9266.6,34226.4,24.8,0,
2017-12-22 06:26:11,0,3,4,14.0,3597.7,-39999.5,9333.3,34466.3,24.8,0,
2017-12-22 06:26:14,0,3,4,14.0,3597.2,-39998.0,9333.3,34466.3,24.8,0,
2017-12-22 06:26:18,0,3,4,14.1,3596.8,-39998.7,9399.9,34706.1,24.8,0,
2017-12-22 06:26:21,0,3,4,14.1,3596.2,-39998.3,9399.9,34706.1,24.8,0,
2017-12-22 06:26:24,0,3,4,14.2,3595.8,-39998.7,9466.6,34945.8,24.8,0,
2017-12-22 06:26:27,0,3,4,14.2,3595.1,-39998.2,9466.6,34945.8,24.8,0,
2017-12-22 06:26:30,0,3,4,14.3,3594.8,-39997.5,9533.3,35185.4,24.8,0,
2017-12-22 06:26:33,0,3,4,14.3,3594.3,-39998.1,9533.3,35185.4,24.8,0,
2017-12-22 06:26:36,0,3,4,14.4,3593.7,-39998.0,9599.9,35425.0,24.8,0,
2017-12-22 06:26:40,0,3,4,14.4,3593.3,-39998.1,9599.9,35425.0,24.8,0,
2017-12-22 06:26:43,0,3,4,14.5,3592.8,-40001.0,9666.6,35664.5,24.8,0,
2017-12-22 06:26:46,0,3,4,14.5,3592.3,-40000.4,9666.6,35664.5,24.8,0,
2017-12-22 06:26:49,0,3,4,14.6,3591.7,-40000.5,9733.3,35904.0,24.8,0,
2017-12-22 06:26:52,0,3,4,14.6,3591.2,-40000.2,9733.3,35904.0,24.8,0,
2017-12-22 06:26:55,0,3,4,14.7,3590.9,-40000.3,9799.9,36143.4,24.8,0,
2017-12-22 06:26:58,0,3,4,14.8,3590.3,-40001.0,9866.6,36382.8,24.9,0,
2017-12-22 06:27:01,0,3,4,14.8,3589.9,-40000.4,9866.6,36382.8,24.9,0,
2017-12-22 06:27:04,0,3,4,14.9,3589.4,-40000.5,9933.3,36622.1,24.9,0,
2017-12-22 06:27:08,0,3,4,14.9,3588.9,-40000.0,9933.3,36622.1,24.9,0,
2017-12-22 06:27:11,0,3,4,15.0,3588.5,-39999.8,9999.9,36861.3,24.9,0,
2017-12-22 06:27:14,0,3,4,15.0,3588.0,-39999.8,9999.9,36861.3,24.9,0,
2017-12-22 06:27:17,0,3,4,15.1,3587.4,-40000.2,10066.6,37100.5,24.9,0,
2017-12-22 06:27:20,0,3,4,15.1,3586.9,-40000.6,10066.6,37100.5,24.9,0,
2017-12-22 06:27:23,0,3,4,15.2,3586.4,-39999.6,10133.3,37339.6,24.9,0,
2017-12-22 06:27:26,0,3,4,15.2,3585.9,-40000.0,10133.3,37339.6,24.9,0,
2017-12-22 06:27:30,0,3,4,15.3,3585.4,-40000.2,10199.9,37578.7,24.9,0,
2017-12-22 06:27:33,0,3,4,15.3,3585.0,-39999.6,10199.9,37578.7,24.9,0,
2017-12-22 06:27:36,0,3,4,15.4,3584.6,-40000.2,10266.6,37817.6,24.8,0,
2017-12-22 06:27:39,0,3,4,15.4,3584.0,-39999.1,10266.6,37817.6,24.9,0,
2017-12-22 06:27:42,0,3,4,15.5,3583.6,-39999.7,10333.3,38056.6,24.8,0,
2017-12-22 06:27:45,0,3,4,15.5,3583.0,-40000.1,10333.3,38056.6,24.8,0,
2017-12-22 06:27:48,0,3,4,15.6,3582.6,-40000.3,10399.9,38295.4,24.8,0,
2017-12-22 06:27:51,0,3,4,15.6,3582.0,-40000.2,10399.9,38295.4,24.8,0,
2017-12-22 06:27:54,0,3,4,15.7,3581.7,-40000.0,10466.6,38534.2,24.8,0,
2017-12-22 06:27:58,0,3,4,15.7,3581.3,-40000.2,10466.6,38534.2,24.9,0,
2017-12-22 06:28:01,0,3,4,15.8,3580.7,-39999.8,10533.3,38773.0,24.8,0,
2017-12-22 06:28:04,0,3,4,15.8,3580.2,-40000.3,10533.3,38773.0,24.8,0,
2017-12-22 06:28:07,0,3,4,15.9,3579.7,-39999.7,10599.9,39011.6,24.8,0,
2017-12-22 06:28:10,0,3,4,16.0,3579.2,-39999.5,10666.6,39250.2,24.8,0,
2017-12-22 06:28:13,0,3,4,16.0,3578.7,-39999.5,10666.6,39250.2,24.8,0,
2017-12-22 06:28:17,0,3,4,16.1,3578.2,-39999.8,10733.3,39488.8,24.8,0,
2017-12-22 06:28:20,0,3,4,16.1,3577.8,-39999.5,10733.3,39488.8,24.8,0,
2017-12-22 06:28:23,0,3,4,16.2,3577.4,-39999.8,10799.9,39727.3,24.8,0,
2017-12-22 06:28:26,0,3,4,16.2,3576.7,-39999.3,10799.9,39727.3,24.9,0,
2017-12-22 06:28:29,0,3,4,16.3,3576.4,-40000.2,10866.6,39965.7,24.9,0,
2017-12-22 06:28:32,0,3,4,16.3,3576.0,-40000.0,10866.6,39965.7,24.9,0,
2017-12-22 06:28:35,0,3,4,16.4,3575.4,-39999.5,10933.3,40204.1,24.9,0,
2017-12-22 06:28:38,0,3,4,16.4,3574.9,-39999.5,10933.3,40204.1,24.9,0,
2017-12-22 06:28:42,0,3,4,16.5,3574.4,-40000.2,10999.9,40442.4,24.9,0,
2017-12-22 06:28:45,0,3,4,16.5,3574.0,-39999.4,10999.9,40442.4,24.9,0,
2017-12-22 06:28:48,0,3,4,16.6,3573.4,-40000.3,11066.6,40680.6,24.9,0,
2017-12-22 06:28:51,0,3,4,16.6,3572.9,-39999.5,11066.6,40680.6,24.9,0,
2017-12-22 06:28:54,0,3,4,16.7,3572.6,-39999.8,11133.3,40918.8,24.9,0,
2017-12-22 06:28:57,0,3,4,16.7,3572.0,-40000.5,11133.3,40918.8,24.9,0,
2017-12-22 06:29:00,0,3,4,16.8,3571.6,-40000.1,11199.9,41156.9,24.9,0,
2017-12-22 06:29:04,0,3,4,16.8,3571.0,-40000.4,11199.9,41156.9,24.9,0,
2017-12-22 06:29:07,0,3,4,16.9,3570.5,-40000.2,11266.6,41395.0,24.9,0,
2017-12-22 06:29:10,0,3,4,16.9,3570.0,-40000.2,11266.6,41395.0,24.9,0,
2017-12-22 06:29:13,0,3,4,17.0,3569.7,-40000.7,11333.3,41633.0,24.9,0,
2017-12-22 06:29:16,0,3,4,17.1,3569.2,-39999.7,11399.9,41871.0,24.9,0,
2017-12-22 06:29:20,0,3,4,17.1,3568.6,-40000.2,11399.9,41871.0,24.9,0,
2017-12-22 06:29:23,0,3,4,17.2,3568.3,-40000.1,11466.6,42108.8,24.9,0,
2017-12-22 06:29:26,0,3,4,17.2,3567.8,-40000.1,11466.6,42108.8,24.9,0,
2017-12-22 06:29:29,0,3,4,17.3,3567.2,-40000.7,11533.3,42346.7,24.9,0,
2017-12-22 06:29:32,0,3,4,17.3,3566.8,-39999.7,11533.3,42346.7,24.9,0,
2017-12-22 06:29:35,0,3,4,17.4,3566.3,-39999.6,11599.9,42584.4,24.9,0,
2017-12-22 06:29:38,0,3,4,17.4,3565.7,-39999.8,11599.9,42584.4,24.9,0,
2017-12-22 06:29:41,0,3,4,17.5,3565.3,-39999.7,11666.6,42822.1,24.8,0,
2017-12-22 06:29:44,0,3,4,17.5,3565.0,-40000.3,11666.6,42822.1,24.9,0,
2017-12-22 06:29:47,0,3,4,17.6,3564.5,-39999.3,11733.3,43059.8,24.9,0,
2017-12-22 06:29:51,0,3,4,17.6,3564.0,-39999.9,11733.3,43059.8,24.9,0,
2017-12-22 06:29:54,0,3,4,17.7,3563.5,-39999.9,11799.9,43297.3,25.0,0,
2017-12-22 06:29:57,0,3,4,17.7,3562.9,-40000.6,11799.9,43297.3,24.9,0,
2017-12-22 06:30:00,0,3,4,17.8,3562.5,-40000.0,11866.6,43534.9,24.9,0,
2017-12-22 06:30:03,0,3,4,17.8,3561.9,-39999.5,11866.6,43534.9,24.9,0,
2017-12-22 06:30:06,0,3,4,17.9,3561.5,-40000.1,11933.3,43772.3,24.9,0,
2017-12-22 06:30:09,0,3,4,17.9,3561.2,-39999.1,11933.3,43772.3,24.9,0,
2017-12-22 06:30:12,0,3,4,18.0,3560.5,-39999.3,11999.9,44009.7,24.9,0,
2017-12-22 06:30:16,0,3,4,18.0,3560.2,-39999.1,11999.9,44009.7,25.0,0,
2017-12-22 06:30:19,0,3,4,18.1,3559.7,-39999.6,12066.6,44247.1,24.9,0,
2017-12-22 06:30:22,0,3,4,18.1,3559.1,-39999.7,12066.6,44247.1,24.9,0,
2017-12-22 06:30:25,0,3,4,18.2,3558.7,-40000.4,12133.3,44484.3,25.0,0,
2017-12-22 06:30:28,0,3,4,18.2,3558.3,-39999.5,12133.3,44484.3,25.0,0,
2017-12-22 06:30:31,0,3,4,18.3,3557.7,-39999.8,12199.9,44721.5,25.0,0,
2017-12-22 06:30:34,0,3,4,18.4,3557.4,-39998.8,12266.6,44958.7,25.0,0,
2017-12-22 06:30:38,0,3,4,18.4,3556.7,-39999.6,12266.6,44958.7,25.0,0,
2017-12-22 06:30:41,0,3,4,18.5,3556.3,-40000.2,12333.3,45195.8,25.0,0,
2017-12-22 06:30:44,0,3,4,18.5,3555.8,-40000.0,12333.3,45195.8,25.0,0,
2017-12-22 06:30:47,0,3,4,18.6,3555.2,-39999.5,12399.9,45432.8,25.0,0,
2017-12-22 06:30:50,0,3,4,18.6,3554.8,-39999.1,12399.9,45432.8,25.0,0,
2017-12-22 06:30:53,0,3,4,18.7,3554.4,-40000.1,12466.6,45669.7,25.0,0,
2017-12-22 06:30:56,0,3,4,18.7,3553.9,-39999.2,12466.6,45669.7,25.0,0,
2017-12-22 06:31:00,0,3,4,18.8,3553.5,-39999.5,12533.2,45906.6,25.0,0,
2017-12-22 06:31:03,0,3,4,18.8,3553.0,-39999.6,12533.2,45906.6,25.0,0,
2017-12-22 06:31:06,0,3,4,18.9,3552.5,-39999.2,12599.9,46143.5,25.0,0,
2017-12-22 06:31:09,0,3,4,18.9,3552.1,-40001.0,12599.9,46143.5,25.0,0,
2017-12-22 06:31:12,0,3,4,19.0,3551.6,-39999.8,12666.6,46380.3,25.0,0,
2017-12-22 06:31:15,0,3,4,19.0,3551.0,-39999.7,12666.6,46380.3,25.0,0,
2017-12-22 06:31:18,0,3,4,19.1,3550.6,-39999.2,12733.2,46617.0,24.9,0,
2017-12-22 06:31:21,0,3,4,19.1,3550.2,-39999.8,12733.2,46617.0,24.9,0,
2017-12-22 06:31:25,0,3,4,19.2,3549.5,-39999.4,12799.9,46853.6,24.9,0,
2017-12-22 06:31:28,0,3,4,19.2,3549.0,-39999.3,12799.9,46853.6,24.9,0,
2017-12-22 06:31:31,0,3,4,19.3,3548.6,-39999.8,12866.6,47090.2,24.9,0,
2017-12-22 06:31:34,0,3,4,19.4,3547.9,-39999.3,12933.2,47326.7,24.9,0,
2017-12-22 06:31:37,0,3,4,19.4,3547.6,-39999.5,12933.2,47326.7,24.9,0,
2017-12-22 06:31:41,0,3,4,19.5,3547.1,-39999.9,12999.9,47563.2,24.9,0,
2017-12-22 06:31:44,0,3,4,19.5,3546.5,-39999.5,12999.9,47563.2,24.9,0,
2017-12-22 06:31:47,0,3,4,19.6,3546.1,-39999.7,13066.6,47799.6,24.9,0,
2017-12-22 06:31:50,0,3,4,19.6,3545.5,-39999.2,13066.6,47799.6,25.0,0,
2017-12-22 06:31:53,0,3,4,19.7,3545.1,-39999.4,13133.2,48036.0,25.0,0,
2017-12-22 06:31:56,0,3,4,19.7,3544.6,-39999.2,13133.2,48036.0,25.0,0,
2017-12-22 06:31:59,0,3,4,19.8,3544.2,-39999.1,13199.9,48272.2,25.0,0,
2017-12-22 06:32:03,0,3,4,19.8,3543.7,-39999.3,13199.9,48272.2,25.0,0,
2017-12-22 06:32:06,0,3,4,19.9,3543.2,-39998.9,13266.6,48508.5,25.0,0,
2017-12-22 06:32:09,0,3,4,19.9,3542.8,-39998.5,13266.6,48508.5,25.0,0,
2017-12-22 06:32:12,0,3,4,20.0,3542.2,-39998.7,13333.2,48744.6,25.0,0,
2017-12-22 06:32:15,0,3,4,20.0,3541.7,-39998.7,13333.2,48744.6,25.0,0,
2017-12-22 06:32:18,0,3,4,20.1,3541.1,-39998.8,13399.9,48980.7,25.0,0,
2017-12-22 06:32:21,0,3,4,20.1,3540.7,-39998.3,13399.9,48980.7,25.0,0,
2017-12-22 06:32:24,0,3,4,20.2,3540.3,-39999.2,13466.6,49216.7,25.0,0,
2017-12-22 06:32:28,0,3,4,20.2,3539.7,-39998.4,13466.6,49216.7,25.0,0,
2017-12-22 06:32:31,0,3,4,20.3,3539.3,-39998.5,13533.2,49452.7,25.0,0,
2017-12-22 06:32:34,0,3,4,20.3,3538.8,-39998.8,13533.2,49452.7,25.0,0,
2017-12-22 06:32:37,0,3,4,20.4,3538.4,-39999.2,13599.9,49688.6,25.0,0,
2017-12-22 06:32:40,0,3,4,20.4,3537.9,-39998.7,13599.9,49688.6,25.0,0,
2017-12-22 06:32:43,0,3,4,20.5,3537.4,-39997.9,13666.5,49924.4,25.0,0,
2017-12-22 06:32:46,0,3,4,20.6,3536.9,-39998.2,13733.2,50160.2,25.0,0,
2017-12-22 06:32:50,0,3,4,20.6,3536.4,-39998.0,13733.2,50160.2,25.0,0,
2017-12-22 06:32:53,0,3,4,20.7,3535.9,-39998.3,13799.9,50395.9,25.0,0,
2017-12-22 06:32:56,0,3,4,20.7,3535.4,-39998.5,13799.9,50395.9,25.0,0,
2017-12-22 06:32:59,0,3,4,20.8,3535.0,-39998.3,13866.5,50631.6,25.0,0,
2017-12-22 06:33:02,0,3,4,20.8,3534.4,-39998.7,13866.5,50631.6,25.0,0,
2017-12-22 06:33:05,0,3,4,20.9,3533.8,-39999.0,13933.2,50867.2,25.0,0,
2017-12-22 06:33:08,0,3,4,20.9,3533.4,-39997.8,13933.2,50867.2,25.0,0,
2017-12-22 06:33:11,0,3,4,21.0,3533.0,-39998.4,13999.8,51102.7,25.0,0,
2017-12-22 06:33:15,0,3,4,21.0,3532.5,-39998.7,13999.8,51102.7,25.0,0,
2017-12-22 06:33:18,0,3,4,21.1,3531.9,-39998.3,14066.5,51338.2,25.0,0,
2017-12-22 06:33:21,0,3,4,21.1,3531.5,-39998.2,14066.5,51338.2,24.9,0,
2017-12-22 06:33:24,0,3,4,21.2,3531.0,-39998.6,14133.2,51573.6,24.9,0,
2017-12-22 06:33:27,0,3,4,21.2,3530.5,-39998.7,14133.2,51573.6,24.9,0,
2017-12-22 06:33:30,0,3,4,21.3,3529.9,-39998.3,14199.8,51808.9,24.9,0,
2017-12-22 06:33:34,0,3,4,21.3,3529.4,-39998.3,14199.8,51808.9,24.9,0,
2017-12-22 06:33:37,0,3,4,21.4,3528.9,-39998.9,14266.5,52044.2,24.9,0,
2017-12-22 06:33:40,0,3,4,21.4,3528.5,-39998.7,14266.5,52044.2,24.9,0,
2017-12-22 06:33:43,0,3,4,21.5,3528.0,-39998.7,14333.2,52279.4,25.0,0,
2017-12-22 06:33:46,0,3,4,21.5,3527.4,-39998.8,14333.2,52279.4,24.9,0,
2017-12-22 06:33:49,0,3,4,21.6,3526.8,-39999.2,14399.8,52514.5,24.9,0,
2017-12-22 06:33:52,0,3,4,21.7,3526.4,-39999.0,14466.5,52749.6,25.0,0,
2017-12-22 06:33:55,0,3,4,21.7,3526.0,-39999.2,14466.5,52749.6,25.0,0,
2017-12-22 06:33:59,0,3,4,21.8,3525.4,-39999.2,14533.1,52984.6,25.0,0,
2017-12-22 06:34:02,0,3,4,21.8,3524.9,-39998.3,14533.1,52984.6,25.0,0,
2017-12-22 06:34:05,0,3,4,21.9,3524.5,-39998.9,14599.8,53219.6,25.0,0,
2017-12-22 06:34:08,0,3,4,21.9,3523.8,-39998.5,14599.8,53219.6,25.0,0,
2017-12-22 06:34:11,0,3,4,22.0,3523.4,-39999.0,14666.5,53454.4,25.0,0,
2017-12-22 06:34:14,0,3,4,22.0,3522.9,-39998.7,14666.5,53454.4,25.0,0,
2017-12-22 06:34:17,0,3,4,22.1,3522.3,-39998.4,14733.1,53689.3,25.0,0,
2017-12-22 06:34:21,0,3,4,22.1,3521.8,-39998.7,14733.1,53689.3,25.0,0,
2017-12-22 06:34:24,0,3,4,22.2,3521.4,-39998.3,14799.8,53924.0,25.0,0,
2017-12-22 06:34:27,0,3,4,22.2,3520.9,-39998.8,14799.8,53924.0,25.0,0,
2017-12-22 06:34:30,0,3,4,22.3,3520.4,-39998.3,14866.5,54158.7,25.0,0,
2017-12-22 06:34:33,0,3,4,22.3,3519.9,-39998.1,14866.5,54158.7,25.0,0,
2017-12-22 06:34:36,0,3,4,22.4,3519.4,-39998.1,14933.1,54393.3,25.0,0,
2017-12-22 06:34:39,0,3,4,22.4,3518.9,-39998.0,14933.1,54393.3,25.0,0,
2017-12-22 06:34:43,0,3,4,22.5,3518.4,-39997.9,14999.8,54627.9,25.0,0,
2017-12-22 06:34:46,0,3,4,22.5,3517.7,-39997.7,14999.8,54627.9,25.0,0,
2017-12-22 06:34:49,0,3,4,22.6,3517.3,-39998.2,15066.4,54862.4,25.0,0,
2017-12-22 06:34:52,0,3,4,22.6,3516.7,-39998.5,15066.4,54862.4,25.0,0,
2017-12-22 06:34:55,0,3,4,22.7,3516.2,-39998.2,15133.1,55096.8,25.0,0,
2017-12-22 06:34:58,0,3,4,22.8,3515.7,-39998.5,15199.8,55331.2,25.0,0,
2017-12-22 06:35:01,0,3,4,22.8,3515.1,-39998.5,15199.8,55331.2,25.0,0,
2017-12-22 06:35:04,0,3,4,22.9,3514.7,-39997.7,15266.4,55565.5,25.0,0,
2017-12-22 06:35:08,0,3,4,22.9,3514.2,-39998.1,15266.4,55565.5,25.0,0,
2017-12-22 06:35:11,0,3,4,23.0,3513.6,-39998.3,15333.1,55799.7,25.0,0,
2017-12-22 06:35:14,0,3,4,23.0,3513.2,-39998.5,15333.1,55799.7,25.0,0,
2017-12-22 06:35:17,0,3,4,23.1,3512.6,-39998.0,15399.7,56033.8,25.0,0,
2017-12-22 06:35:20,0,3,4,23.1,3512.2,-39998.0,15399.7,56033.8,25.0,0,
2017-12-22 06:35:23,0,3,4,23.2,3511.6,-39997.9,15466.4,56267.9,25.0,0,
2017-12-22 06:35:26,0,3,4,23.2,3511.0,-39998.3,15466.4,56267.9,25.0,0,
2017-12-22 06:35:30,0,3,4,23.3,3510.4,-39998.5,15533.1,56502.0,25.0,0,
2017-12-22 06:35:33,0,3,4,23.3,3510.0,-39998.3,15533.1,56502.0,25.0,0,
2017-12-22 06:35:36,0,3,4,23.4,3509.5,-39998.5,15599.7,56735.9,25.0,0,
2017-12-22 06:35:39,0,3,4,23.4,3509.0,-39998.1,15599.7,56735.9,25.0,0,
2017-12-22 06:35:42,0,3,4,23.5,3508.4,-39998.5,15666.4,56969.8,25.0,0,
2017-12-22 06:35:45,0,3,4,23.5,3507.8,-39998.0,15666.4,56969.8,25.0,0,
2017-12-22 06:35:48,0,3,4,23.6,3507.3,-39998.5,15733.0,57203.6,25.0,0,
2017-12-22 06:35:52,0,3,4,23.6,3506.8,-39998.0,15733.0,57203.6,25.0,0,
2017-12-22 06:35:55,0,3,4,23.7,3506.2,-39998.2,15799.7,57437.4,25.0,0,
2017-12-22 06:35:58,0,3,4,23.7,3505.7,-39998.0,15799.7,57437.4,25.0,0,
2017-12-22 06:36:01,0,3,4,23.8,3505.3,-39998.0,15866.4,57671.1,25.0,0,
2017-12-22 06:36:04,0,3,4,23.9,3504.6,-39998.0,15933.0,57904.7,25.0,0,
2017-12-22 06:36:07,0,3,4,23.9,3504.2,-39998.1,15933.0,57904.7,25.0,0,
2017-12-22 06:36:10,0,3,4,24.0,3503.7,-39998.2,15999.7,58138.2,25.0,0,
2017-12-22 06:36:14,0,3,4,24.0,3503.0,-39999.0,15999.7,58138.2,25.0,0,
2017-12-22 06:36:17,0,3,4,24.1,3502.5,-39998.5,16066.3,58371.7,25.0,0,
2017-12-22 06:36:20,0,3,4,24.1,3501.9,-39998.2,16066.3,58371.7,25.1,0,
2017-12-22 06:36:23,0,3,4,24.2,3501.4,-39998.7,16133.0,58605.2,25.1,0,
2017-12-22 06:36:26,0,3,4,24.2,3500.9,-39998.1,16133.0,58605.2,25.1,0,
2017-12-22 06:36:29,0,3,4,24.3,3500.4,-39998.2,16199.7,58838.5,25.1,0,
2017-12-22 06:36:32,0,3,4,24.3,3499.9,-39997.9,16199.7,58838.5,25.1,0,
2017-12-22 06:36:36,0,3,4,24.4,3499.3,-39998.0,16266.3,59071.8,25.1,0,
2017-12-22 06:36:39,0,3,4,24.4,3498.7,-39998.3,16266.3,59071.8,25.1,0,
2017-12-22 06:36:42,0,3,4,24.5,3498.2,-39998.0,16333.0,59305.0,25.1,0,
2017-12-22 06:36:45,0,3,4,24.5,3497.6,-39998.1,16333.0,59305.0,25.1,0,
2017-12-22 06:36:48,0,3,4,24.6,3497.1,-39997.9,16399.7,59538.1,25.1,0,
2017-12-22 06:36:51,0,3,4,24.6,3496.5,-39998.1,16399.7,59538.1,25.0,0,
2017-12-22 06:36:54,0,3,4,24.7,3496.1,-39998.0,16466.3,59771.2,25.0,0,
2017-12-22 06:36:57,0,3,4,24.7,3495.5,-39997.5,16466.3,59771.2,25.0,0,
2017-12-22 06:37:01,0,3,4,24.8,3495.0,-39998.1,16533.0,60004.2,25.0,0,
2017-12-22 06:37:04,0,3,4,24.8,3494.3,-39997.9,16533.0,60004.2,25.0,0,
2017-12-22 06:37:07,0,3,4,24.9,3493.8,-39997.9,16599.6,60237.1,25.0,0,
2017-12-22 06:37:10,0,3,4,24.9,3493.3,-39998.5,16599.6,60237.1,25.0,0,
2017-12-22 06:37:13,0,3,4,25.0,3492.7,-39998.0,16666.3,60470.0,25.0,0,
2017-12-22 06:37:16,0,3,4,25.1,3492.2,-39998.0,16733.0,60702.8,25.1,0,
2017-12-22 06:37:19,0,3,4,25.1,3491.6,-39997.8,16733.0,60702.8,25.1,0,
2017-12-22 06:37:23,0,3,4,25.2,3491.1,-39998.0,16799.6,60935.5,25.0,0,
2017-12-22 06:37:26,0,3,4,25.2,3490.4,-39997.9,16799.6,60935.5,25.0,0,
2017-12-22 06:37:29,0,3,4,25.3,3489.9,-39997.3,16866.3,61168.1,25.1,0,
2017-12-22 06:37:32,0,3,4,25.3,3489.3,-39997.4,16866.3,61168.1,25.0,0,
2017-12-22 06:37:35,0,3,4,25.4,3488.8,-40000.2,16932.9,61400.7,25.1,0,
2017-12-22 06:37:38,0,3,4,25.4,3488.1,-40000.7,16932.9,61400.7,25.0,0,
2017-12-22 06:37:41,0,3,4,25.5,3487.6,-39999.7,16999.6,61633.2,25.0,0,
2017-12-22 06:37:44,0,3,4,25.5,3486.9,-40000.0,16999.6,61633.2,25.0,0,
2017-12-22 06:37:48,0,3,4,25.6,3486.4,-39999.7,17066.3,61865.7,25.0,0,
2017-12-22 06:37:51,0,3,4,25.6,3485.7,-39999.5,17066.3,61865.7,25.0,0,
2017-12-22 06:37:54,0,3,4,25.7,3485.3,-39999.7,17132.9,62098.1,25.0,0,
2017-12-22 06:37:57,0,3,4,25.7,3484.7,-40000.3,17132.9,62098.1,25.0,0,
2017-12-22 06:38:00,0,3,4,25.8,3484.1,-39999.2,17199.6,62330.3,25.0,0,
2017-12-22 06:38:03,0,3,4,25.8,3483.5,-39999.6,17199.6,62330.3,25.0,0,
2017-12-22 06:38:06,0,3,4,25.9,3482.9,-39999.4,17266.3,62562.5,25.0,0,
2017-12-22 06:38:10,0,3,4,25.9,3482.3,-39999.7,17266.3,62562.5,25.0,0,
2017-12-22 06:38:13,0,3,4,26.0,3481.8,-39999.2,17332.9,62794.7,25.0,0,
2017-12-22 06:38:16,0,3,4,26.0,3481.2,-40000.1,17332.9,62794.7,25.0,0,
2017-12-22 06:38:19,0,3,4,26.1,3480.4,-40000.9,17399.6,63026.8,25.0,0,
2017-12-22 06:38:22,0,3,4,26.2,3479.9,-39999.9,17466.3,63258.7,25.0,0,
2017-12-22 06:38:25,0,3,4,26.2,3479.2,-40000.2,17466.3,63258.7,25.0,0,
2017-12-22 06:38:29,0,3,4,26.3,3478.7,-40000.0,17532.9,63490.7,25.0,0,
2017-12-22 06:38:32,0,3,4,26.3,3478.1,-40000.5,17532.9,63490.7,25.0,0,
2017-12-22 06:38:35,0,3,4,26.4,3477.4,-40000.4,17599.6,63722.5,25.0,0,
2017-12-22 06:38:38,0,3,4,26.4,3476.8,-39999.9,17599.6,63722.5,25.0,0,
2017-12-22 06:38:41,0,3,4,26.5,3476.1,-40000.2,17666.3,63954.2,25.0,0,
2017-12-22 06:38:44,0,3,4,26.5,3475.5,-40000.2,17666.3,63954.2,25.0,0,
2017-12-22 06:38:47,0,3,4,26.6,3474.8,-40000.0,17732.9,64185.9,25.0,0,
2017-12-22 06:38:50,0,3,4,26.6,3474.3,-40000.5,17732.9,64185.9,25.0,0,
2017-12-22 06:38:54,0,3,4,26.7,3473.6,-40000.4,17799.6,64417.5,25.0,0,
2017-12-22 06:38:57,0,3,4,26.7,3472.9,-40000.5,17799.6,64417.5,25.0,0,
2017-12-22 06:39:00,0,3,4,26.8,3472.4,-40000.1,17866.3,64649.0,25.0,0,
2017-12-22 06:39:03,0,3,4,26.8,3471.7,-39999.8,17866.3,64649.0,25.0,0,
2017-12-22 06:39:06,0,3,4,26.9,3471.0,-40000.2,17932.9,64880.5,25.0,0,
2017-12-22 06:39:09,0,3,4,26.9,3470.4,-39999.2,17932.9,64880.5,25.0,0,
2017-12-22 06:39:12,0,3,4,27.0,3469.8,-40000.3,17999.6,65111.8,25.0,0,
2017-12-22 06:39:16,0,3,4,27.0,3469.1,-39999.3,17999.6,65111.8,25.0,0,
2017-12-22 06:39:19,0,3,4,27.1,3468.4,-39999.8,18066.3,65343.1,25.0,0,
2017-12-22 06:39:22,0,3,4,27.1,3467.8,-39999.5,18066.3,65343.1,25.0,0,
2017-12-22 06:39:25,0,3,4,27.2,3467.0,-39999.4,18132.9,65574.2,25.0,0,
2017-12-22 06:39:28,0,3,4,27.3,3466.5,-40000.4,18199.6,65805.3,25.0,0,
2017-12-22 06:39:31,0,3,4,27.3,3465.7,-39999.5,18199.6,65805.3,25.0,0,
2017-12-22 06:39:35,0,3,4,27.4,3465.1,-39999.8,18266.3,66036.4,25.0,0,
2017-12-22 06:39:38,0,3,4,27.4,3464.4,-40000.2,18266.3,66036.4,25.0,0,
2017-12-22 06:39:41,0,3,4,27.5,3463.7,-39999.8,18332.9,66267.3,25.0,0,
2017-12-22 06:39:44,0,3,4,27.5,3462.9,-39999.6,18332.9,66267.3,25.0,0,
2017-12-22 06:39:47,0,3,4,27.6,3462.2,-39999.6,18399.6,66498.1,25.0,0,
2017-12-22 06:39:50,0,3,4,27.6,3461.5,-40000.1,18399.6,66498.1,25.0,0,
2017-12-22 06:39:54,0,3,4,27.7,3461.0,-39999.5,18466.3,66728.9,25.0,0,
2017-12-22 06:39:57,0,3,4,27.7,3460.2,-39999.7,18466.3,66728.9,25.0,0,
2017-12-22 06:40:00,0,3,4,27.8,3459.5,-40000.2,18532.9,66959.5,25.0,0,
2017-12-22 06:40:03,0,3,4,27.8,3458.7,-40000.0,18532.9,66959.5,25.0,0,
2017-12-22 06:40:06,0,3,4,27.9,3458.1,-39999.5,18599.6,67190.1,25.0,0,
2017-12-22 06:40:09,0,3,4,27.9,3457.2,-39999.7,18599.6,67190.1,25.0,0,
2017-12-22 06:40:12,0,3,4,28.0,3456.5,-39999.5,18666.3,67420.5,25.0,0,
2017-12-22 06:40:16,0,3,4,28.0,3455.9,-39999.2,18666.3,67420.5,25.0,0,
2017-12-22 06:40:19,0,3,4,28.1,3455.0,-39999.4,18732.9,67650.9,25.0,0,
2017-12-22 06:40:22,0,3,4,28.1,3454.5,-39999.2,18732.9,67650.9,25.0,0,
2017-12-22 06:40:25,0,3,4,28.2,3453.7,-39999.5,18799.6,67881.2,25.0,0,
2017-12-22 06:40:28,0,3,4,28.2,3452.9,-39999.2,18799.6,67881.2,25.0,0,
2017-12-22 06:40:31,0,3,4,28.3,3452.1,-39998.9,18866.3,68111.4,25.0,0,
2017-12-22 06:40:34,0,3,4,28.4,3451.3,-39999.3,18932.9,68341.4,25.0,0,
2017-12-22 06:40:37,0,3,4,28.4,3450.6,-39999.8,18932.9,68341.4,25.1,0,
2017-12-22 06:40:41,0,3,4,28.5,3449.9,-39999.0,18999.6,68571.4,25.0,0,
2017-12-22 06:40:44,0,3,4,28.5,3449.2,-39998.7,18999.6,68571.4,25.1,0,
2017-12-22 06:40:47,0,3,4,28.6,3448.3,-39999.2,19066.3,68801.3,25.0,0,
2017-12-22 06:40:50,0,3,4,28.6,3447.5,-39998.8,19066.3,68801.3,25.0,0,
2017-12-22 06:40:53,0,3,4,28.7,3446.9,-39999.2,19132.9,69031.1,25.0,0,
2017-12-22 06:40:56,0,3,4,28.7,3446.0,-39998.7,19132.9,69031.1,25.0,0,
2017-12-22 06:40:59,0,3,4,28.8,3445.3,-39999.5,19199.6,69260.8,25.1,0,
2017-12-22 06:41:03,0,3,4,28.8,3444.6,-39998.8,19199.6,69260.8,25.1,0,
2017-12-22 06:41:06,0,3,4,28.9,3443.6,-39998.4,19266.2,69490.4,25.0,0,
2017-12-22 06:41:09,0,3,4,28.9,3442.9,-39999.2,19266.2,69490.4,25.1,0,
2017-12-22 06:41:12,0,3,4,29.0,3442.2,-39998.9,19332.9,69719.9,25.1,0,
2017-12-22 06:41:15,0,3,4,29.0,3441.3,-39999.0,19332.9,69719.9,25.1,0,
2017-12-22 06:41:18,0,3,4,29.1,3440.6,-39999.0,19399.6,69949.3,25.1,0,
2017-12-22 06:41:21,0,3,4,29.1,3439.7,-39998.5,19399.6,69949.3,25.1,0,
2017-12-22 06:41:25,0,3,4,29.2,3438.8,-39998.7,19466.2,70178.5,25.1,0,
2017-12-22 06:41:28,0,3,4,29.2,3438.0,-39998.0,19466.2,70178.5,25.1,0,
2017-12-22 06:41:31,0,3,4,29.3,3437.3,-39998.4,19532.9,70407.7,25.1,0,
2017-12-22 06:41:34,0,3,4,29.3,3436.3,-39998.0,19532.9,70407.7,25.1,0,
2017-12-22 06:41:37,0,3,4,29.4,3435.6,-39998.3,19599.5,70636.8,25.1,0,
2017-12-22 06:41:40,0,3,4,29.5,3434.7,-39999.0,19666.2,70865.7,25.1,0,
2017-12-22 06:41:43,0,3,4,29.5,3434.0,-39998.0,19666.2,70865.7,25.1,0,
2017-12-22 06:41:47,0,3,4,29.6,3433.0,-39998.7,19732.9,71094.6,25.1,0,
2017-12-22 06:41:50,0,3,4,29.6,3432.2,-39998.3,19732.9,71094.6,25.1,0,
2017-12-22 06:41:53,0,3,4,29.7,3431.2,-39998.3,19799.5,71323.3,25.0,0,
2017-12-22 06:41:56,0,3,4,29.7,3430.4,-39999.0,19799.5,71323.3,25.0,0,
2017-12-22 06:41:59,0,3,4,29.8,3429.6,-39998.5,19866.2,71552.0,25.0,0,
2017-12-22 06:42:02,0,3,4,29.8,3428.8,-39998.5,19866.2,71552.0,25.0,0,
2017-12-22 06:42:05,0,3,4,29.9,3427.9,-39998.5,19932.9,71780.5,25.1,0,
2017-12-22 06:42:09,0,3,4,29.9,3426.9,-39998.5,19932.9,71780.5,25.0,0,
2017-12-22 06:42:12,0,3,4,30.0,3426.1,-39998.9,19999.5,72008.9,25.1,0,
2017-12-22 06:42:15,0,3,4,30.0,3425.1,-39998.3,19999.5,72008.9,25.1,0,
2017-12-22 06:42:18,0,3,4,30.1,3424.3,-39998.2,20066.2,72237.2,25.1,0,
2017-12-22 06:42:21,0,3,4,30.1,3423.3,-39998.0,20066.2,72237.2,25.1,0,
2017-12-22 06:42:24,0,3,4,30.2,3422.4,-39998.2,20132.8,72465.4,25.1,0,
2017-12-22 06:42:28,0,3,4,30.2,3421.4,-39998.5,20132.8,72465.4,25.1,0,
2017-12-22 06:42:31,0,3,4,30.3,3420.5,-39998.5,20199.5,72693.5,25.1,0,
2017-12-22 06:42:34,0,3,4,30.3,3419.5,-39999.3,20199.5,72693.5,25.1,0,
2017-12-22 06:42:37,0,3,4,30.4,3418.6,-39998.5,20266.2,72921.4,25.1,0,
2017-12-22 06:42:40,0,3,4,30.4,3417.7,-39998.6,20266.2,72921.4,25.1,0,
2017-12-22 06:42:43,0,3,4,30.5,3416.7,-39998.7,20332.8,73149.2,25.1,0,
2017-12-22 06:42:46,0,3,4,30.6,3415.7,-39998.7,20399.5,73376.9,25.1,0,
2017-12-22 06:42:49,0,3,4,30.6,3414.7,-39998.7,20399.5,73376.9,25.1,0,
2017-12-22 06:42:53,0,3,4,30.7,3413.6,-39998.6,20466.2,73604.5,25.1,0,
2017-12-22 06:42:56,0,3,4,30.7,3412.6,-39998.5,20466.2,73604.5,25.1,0,
2017-12-22 06:42:59,0,3,4,30.8,3411.7,-39998.3,20532.8,73831.9,25.1,0,
2017-12-22 06:43:02,0,3,4,30.8,3410.6,-39998.2,20532.8,73831.9,25.1,0,
2017-12-22 06:43:05,0,3,4,30.9,3409.6,-39998.7,20599.5,74059.2,25.1,0,
2017-12-22 06:43:08,0,3,4,30.9,3408.5,-39998.0,20599.5,74059.2,25.1,0,
2017-12-22 06:43:11,0,3,4,31.0,3407.4,-40001.6,20666.1,74286.4,25.1,0,
2017-12-22 06:43:15,0,3,4,31.0,3406.3,-40000.6,20666.1,74286.4,25.1,0,
2017-12-22 06:43:18,0,3,4,31.1,3405.3,-40001.0,20732.8,74513.4,25.1,0,
2017-12-22 06:43:21,0,3,4,31.1,3404.1,-40000.5,20732.8,74513.4,25.1,0,
2017-12-22 06:43:24,0,3,4,31.2,3402.9,-40000.7,20799.5,74740.3,25.1,0,
2017-12-22 06:43:27,0,3,4,31.2,3401.9,-40000.4,20799.5,74740.3,25.1,0,
2017-12-22 06:43:30,0,3,4,31.3,3400.6,-40000.7,20866.1,74967.1,25.1,0,
2017-12-22 06:43:33,0,3,4,31.3,3399.4,-40000.4,20866.1,74967.1,25.1,0,
2017-12-22 06:43:37,0,3,4,31.4,3398.3,-40000.5,20932.8,75193.7,25.1,0,
2017-12-22 06:43:40,0,3,4,31.4,3397.0,-40001.0,20932.8,75193.7,25.1,0,
2017-12-22 06:43:43,0,3,4,31.5,3395.6,-40000.8,20999.5,75420.2,25.1,0,
2017-12-22 06:43:46,0,3,4,31.5,3394.4,-40001.0,20999.5,75420.2,25.1,0,
2017-12-22 06:43:49,0,3,4,31.6,3393.1,-39999.8,21066.1,75646.5,25.1,0,
2017-12-22 06:43:52,0,3,4,31.7,3391.8,-40000.2,21132.8,75872.6,25.1,0,
2017-12-22 06:43:55,0,3,4,31.7,3390.3,-40000.5,21132.8,75872.6,25.1,0,
2017-12-22 06:43:59,0,3,4,31.8,3389.0,-40001.0,21199.5,76098.5,25.2,0,
2017-12-22 06:44:02,0,3,4,31.8,3387.5,-40000.0,21199.5,76098.5,25.2,0,
2017-12-22 06:44:05,0,3,4,31.9,3386.1,-40000.5,21266.2,76324.3,25.2,0,
2017-12-22 06:44:08,0,3,4,31.9,3384.6,-40000.5,21266.2,76324.3,25.2,0,
2017-12-22 06:44:11,0,3,4,32.0,3383.2,-40001.1,21332.8,76549.9,25.2,0,
2017-12-22 06:44:14,0,3,4,32.0,3381.5,-40000.8,21332.8,76549.9,25.2,0,
2017-12-22 06:44:18,0,3,4,32.1,3379.8,-40000.2,21399.5,76775.3,25.2,0,
2017-12-22 06:44:21,0,3,4,32.1,3378.4,-40000.5,21399.5,76775.3,25.2,0,
2017-12-22 06:44:24,0,3,4,32.2,3376.6,-40000.6,21466.2,77000.4,25.2,0,
2017-12-22 06:44:27,0,3,4,32.2,3375.0,-40000.1,21466.2,77000.4,25.2,0,
2017-12-22 06:44:30,0,3,4,32.3,3373.2,-40000.7,21532.8,77225.4,25.2,0,
2017-12-22 06:44:33,0,3,4,32.3,3371.3,-40000.4,21532.8,77225.4,25.2,0,
2017-12-22 06:44:36,0,3,4,32.4,3369.4,-40000.5,21599.5,77450.1,25.3,0,
2017-12-22 06:44:39,0,3,4,32.4,3367.5,-40000.5,21599.5,77450.1,25.3,0,
2017-12-22 06:44:43,0,3,4,32.5,3365.6,-40000.0,21666.2,77674.6,25.3,0,
2017-12-22 06:44:46,0,3,4,32.5,3363.5,-40000.3,21666.2,77674.6,25.3,0,
2017-12-22 06:44:49,0,3,4,32.6,3361.6,-39999.8,21732.8,77898.8,25.3,0,
2017-12-22 06:44:52,0,3,4,32.6,3359.4,-40000.5,21732.8,77898.8,25.3,0,
2017-12-22 06:44:55,0,3,4,32.7,3357.2,-40000.5,21799.5,78122.8,25.3,0,
2017-12-22 06:44:58,0,3,4,32.8,3354.8,-39999.7,21866.2,78346.4,25.2,0,
2017-12-22 06:45:02,0,3,4,32.8,3352.4,-39999.7,21866.2,78346.4,25.2,0,
2017-12-22 06:45:05,0,3,4,32.9,3350.0,-40000.0,21932.8,78569.7,25.2,0,
2017-12-22 06:45:08,0,3,4,32.9,3347.5,-40000.7,21932.8,78569.7,25.2,0,
2017-12-22 06:45:11,0,3,4,33.0,3344.8,-40000.1,21999.5,78792.8,25.2,0,
2017-12-22 06:45:14,0,3,4,33.0,3342.3,-39999.7,21999.5,78792.8,25.2,0,
2017-12-22 06:45:17,0,3,4,33.1,3339.5,-39999.8,22066.2,79015.5,25.1,0,
2017-12-22 06:45:20,0,3,4,33.1,3336.6,-39999.7,22066.2,79015.5,25.2,0,
2017-12-22 06:45:23,0,3,4,33.2,3333.8,-39999.7,22132.8,79237.8,25.2,0,
2017-12-22 06:45:27,0,3,4,33.2,3330.5,-39999.8,22132.8,79237.8,25.2,0,
2017-12-22 06:45:30,0,3,4,33.3,3327.4,-39999.3,22199.5,79459.7,25.2,0,
2017-12-22 06:45:33,0,3,4,33.3,3324.1,-39999.8,22199.5,79459.7,25.2,0,
2017-12-22 06:45:36,0,3,4,33.4,3320.7,-39999.5,22266.2,79681.2,25.3,0,
2017-12-22 06:45:39,0,3,4,33.4,3317.0,-39999.3,22266.2,79681.2,25.3,0,
2017-12-22 06:45:42,0,3,4,33.5,3313.4,-39999.5,22332.8,79902.2,25.3,0,
2017-12-22 06:45:45,0,3,4,33.5,3309.6,-39999.8,22332.8,79902.2,25.3,0,
2017-12-22 06:45:49,0,3,4,33.6,3305.9,-40000.3,22399.5,80122.8,25.3,0,
2017-12-22 06:45:52,0,3,4,33.6,3301.9,-40000.2,22399.5,80122.8,25.3,0,
2017-12-22 06:45:53,0,3,4,33.7,3300.0,-40000.3,22466.2,80342.9,25.3,3,下限电压到
2017-12-22 06:45:55,0,3,4,33.7,3370.3,16.9,22466.2,80342.9,25.3,3,下限电压到
2017-12-22 06:45:58,0,3,4,33.7,3380.8,17.2,22466.2,80342.9,25.3,3,下限电压到
2017-12-22 06:46:01,0,3,4,33.8,3387.6,17.1,22466.2,80343.0,25.3,3,下限电压到
2017-12-22 06:46:04,0,3,4,33.8,3392.4,22.6,22466.2,80343.0,25.3,3,下限电压到
2017-12-22 06:46:07,0,3,4,33.9,3396.4,20.5,22466.2,80343.1,25.3,3,下限电压到
2017-12-22 06:46:10,0,3,4,34.0,3399.5,22.4,22466.3,80343.2,25.3,3,下限电压到
2017-12-22 06:46:14,0,3,4,34.0,3402.3,21.2,22466.3,80343.2,25.3,3,下限电压到
2017-12-22 06:46:17,0,3,4,34.1,3404.8,22.1,22466.3,80343.3,25.3,3,下限电压到
2017-12-22 06:46:20,0,3,4,34.1,3406.7,22.6,22466.3,80343.3,25.3,3,下限电压到
2017-12-22 06:46:23,0,3,4,34.2,3408.5,22.4,22466.3,80343.5,25.3,3,下限电压到
2017-12-22 06:46:26,0,3,4,34.2,3410.2,21.3,22466.3,80343.5,25.3,3,下限电压到
2017-12-22 06:46:29,0,3,4,34.3,3411.7,21.2,22466.4,80343.6,25.3,3,下限电压到
2017-12-22 06:46:32,0,3,4,34.3,3412.9,21.2,22466.4,80343.6,25.3,3,下限电压到
2017-12-22 06:46:35,0,3,4,34.4,3414.2,21.3,22466.4,80343.7,25.3,3,下限电压到
2017-12-22 06:46:38,0,3,4,34.4,3415.2,21.1,22466.4,80343.7,25.3,3,下限电压到
2017-12-22 06:46:42,0,3,4,34.5,3416.4,21.2,22466.4,80343.8,25.3,3,下限电压到
2017-12-22 06:46:45,0,3,4,34.5,3417.2,22.7,22466.4,80343.8,25.3,3,下限电压到
2017-12-22 06:46:50,0,4,6,0.0,3418.4,0,0.0,0.0,25.3,0,
