2017-12-22 05:33:19,0,0,3,0.0,3404.9,0,0.0,0.0,24.8,0,
2017-12-22 05:33:47,0,0,3,0.4,3406.0,21.5,0.0,0.0,24.6,0,
2017-12-22 05:33:50,0,0,3,0.4,3405.9,21.2,0.0,0.0,24.6,0,
2017-12-22 05:33:53,0,0,3,0.5,3406.1,22.9,0.0,0.0,24.6,0,
2017-12-22 05:33:56,0,0,3,0.5,3406.2,23.0,0.0,0.0,24.7,0,
2017-12-22 05:33:59,0,0,3,0.6,3406.4,22.9,0.0,0.0,24.7,0,
2017-12-22 05:34:02,0,0,3,0.6,3406.3,22.9,0.0,0.0,24.7,0,
2017-12-22 05:34:05,0,0,3,0.7,3406.5,22.8,0.0,0.0,24.7,0,
2017-12-22 05:34:08,0,0,3,0.7,3406.6,23.4,0.0,0.0,24.7,0,
2017-12-22 05:34:12,0,0,3,0.8,3406.6,21.4,0.0,0.0,24.7,0,
2017-12-22 05:34:15,0,0,3,0.8,3406.8,22.8,0.0,0.0,24.7,0,
2017-12-22 05:34:18,0,0,3,0.9,3406.9,22.8,0.0,0.0,24.7,0,
2017-12-22 05:34:21,0,0,3,0.9,3406.8,22.5,0.0,0.0,24.7,0,
2017-12-22 05:34:24,0,0,3,1.0,3407.0,20.8,0.0,0.0,24.7,0,
2017-12-22 05:34:25,0,0,3,1.0,3407.1,22.6,0.0,0.0,24.7,1,时间到
2017-12-22 05:34:29,0,1,2,0.0,3407.0,0,0.0,0.0,24.7,0,
2017-12-22 05:34:51,0,1,2,0.4,3484.2,40000.0,266.7,924.9,24.8,0,
2017-12-22 05:34:54,0,1,2,0.4,3488.6,40000.5,266.7,924.9,24.8,0,
2017-12-22 05:34:58,0,1,2,0.5,3493.1,40000.9,333.4,1157.8,24.8,0,
2017-12-22 05:35:01,0,1,2,0.5,3497.0,40000.8,333.4,1157.8,24.8,0,
2017-12-22 05:35:04,0,1,2,0.6,3501.0,40001.3,400.0,1391.2,24.8,0,
2017-12-22 05:35:07,0,1,2,0.6,3504.8,40001.2,400.0,1391.2,24.8,0,
2017-12-22 05:35:11,0,1,2,0.7,3508.3,40001.4,466.7,1625.0,24.8,0,
2017-12-22 05:35:14,0,1,2,0.7,3511.6,40001.7,466.7,1625.0,24.8,0,
2017-12-22 05:35:17,0,1,2,0.8,3514.6,40002.0,533.4,1859.2,24.8,0,
2017-12-22 05:35:20,0,1,2,0.8,3517.7,40001.8,533.4,1859.2,24.8,0,
2017-12-22 05:35:23,0,1,2,0.9,3520.7,40001.5,600.0,2093.8,24.8,0,
2017-12-22 05:35:27,0,1,2,0.9,3523.6,40002.2,600.0,2093.8,24.8,0,
2017-12-22 05:35:30,0,1,2,1.0,3526.2,40001.9,666.7,2328.8,24.8,0,
2017-12-22 05:35:33,0,1,2,1.0,3528.6,40002.0,666.7,2328.8,24.8,0,
2017-12-22 05:35:36,0,1,2,1.1,3530.8,40002.3,733.4,2564.1,24.9,0,
2017-12-22 05:35:39,0,1,2,1.1,3533.0,40001.8,733.4,2564.1,24.9,0,
2017-12-22 05:35:42,0,1,2,1.2,3535.0,40002.5,800.1,2799.7,24.9,0,
2017-12-22 05:35:45,0,1,2,1.2,3536.9,40002.3,800.1,2799.7,25.0,0,
2017-12-22 05:35:48,0,1,2,1.3,3538.8,40002.3,866.7,3035.5,25.0,0,
2017-12-22 05:35:51,0,1,2,1.4,3540.6,40002.3,933.4,3271.6,25.0,0,
2017-12-22 05:35:54,0,1,2,1.4,3542.1,40002.3,933.4,3271.6,24.9,0,
2017-12-22 05:35:58,0,1,2,1.5,3543.6,40002.5,1000.1,3507.8,24.9,0,
2017-12-22 05:36:01,0,1,2,1.5,3545.0,40002.4,1000.1,3507.8,24.9,0,
2017-12-22 05:36:04,0,1,2,1.6,3546.4,40002.5,1066.8,3744.3,24.9,0,
2017-12-22 05:36:07,0,1,2,1.6,3547.6,40002.3,1066.8,3744.3,24.9,0,
2017-12-22 05:36:10,0,1,2,1.7,3548.7,40003.0,1133.4,3980.9,24.9,0,
2017-12-22 05:36:13,0,1,2,1.7,3550.0,40002.8,1133.4,3980.9,24.9,0,
2017-12-22 05:36:17,0,1,2,1.8,3551.1,40002.8,1200.1,4217.6,24.9,0,
2017-12-22 05:36:20,0,1,2,1.8,3552.1,40002.8,1200.1,4217.6,24.9,0,
2017-12-22 05:36:23,0,1,2,1.9,3553.1,40002.6,1266.8,4454.5,24.9,0,
2017-12-22 05:36:26,0,1,2,1.9,3554.0,39999.5,1266.8,4454.5,25.0,0,
2017-12-22 05:36:29,0,1,2,2.0,3554.8,39999.2,1333.5,4691.4,24.9,0,
2017-12-22 05:36:32,0,1,2,2.0,3555.8,39999.3,1333.5,4691.4,24.9,0,
2017-12-22 05:36:35,0,1,2,2.1,3556.7,39999.5,1400.1,4928.5,24.9,0,
2017-12-22 05:36:39,0,1,2,2.1,3557.7,39999.3,1400.1,4928.5,24.9,0,
2017-12-22 05:36:42,0,1,2,2.2,3558.6,39999.7,1466.8,5165.7,24.9,0,
2017-12-22 05:36:45,0,1,2,2.2,3559.4,39999.5,1466.8,5165.7,24.9,0,
2017-12-22 05:36:48,0,1,2,2.3,3560.2,39999.7,1533.4,5403.0,24.9,0,
2017-12-22 05:36:52,0,1,2,2.4,3561.1,39999.5,1600.1,5640.4,24.9,0,
2017-12-22 05:36:55,0,1,2,2.4,3561.9,39999.8,1600.1,5640.4,24.9,0,
2017-12-22 05:36:58,0,1,2,2.5,3562.6,39999.7,1666.8,5877.9,24.9,0,
2017-12-22 05:37:01,0,1,2,2.5,3563.6,39999.3,1666.8,5877.9,24.9,0,
2017-12-22 05:37:04,0,1,2,2.6,3564.3,39999.4,1733.4,6115.5,24.8,0,
2017-12-22 05:37:07,0,1,2,2.6,3565.3,39999.7,1733.4,6115.5,24.8,0,
2017-12-22 05:37:10,0,1,2,2.7,3566.0,39999.1,1800.1,6353.2,24.8,0,
2017-12-22 05:37:13,0,1,2,2.7,3566.7,39999.8,1800.1,6353.2,24.8,0,
2017-12-22 05:37:17,0,1,2,2.8,3567.5,39999.4,1866.8,6591.0,24.8,0,
2017-12-22 05:37:20,0,1,2,2.8,3568.2,39999.7,1866.8,6591.0,24.8,0,
2017-12-22 05:37:23,0,1,2,2.9,3569.0,39999.7,1933.4,6829.0,24.8,0,
2017-12-22 05:37:26,0,1,2,2.9,3569.9,39999.5,1933.4,6829.0,24.8,0,
2017-12-22 05:37:29,0,1,2,3.0,3570.8,39999.7,2000.1,7067.0,24.8,0,
2017-12-22 05:37:32,0,1,2,3.0,3571.6,39999.5,2000.1,7067.0,24.7,0,
2017-12-22 05:37:35,0,1,2,3.1,3572.2,39999.8,2066.8,7305.1,24.8,0,
2017-12-22 05:37:38,0,1,2,3.1,3573.1,39999.6,2066.8,7305.1,24.7,0,
2017-12-22 05:37:41,0,1,2,3.2,3573.9,39999.7,2133.4,7543.3,24.7,0,
2017-12-22 05:37:44,0,1,2,3.2,3574.7,39999.5,2133.4,7543.3,24.7,0,
2017-12-22 05:37:47,0,1,2,3.3,3575.3,39999.8,2200.1,7781.6,24.7,0,
2017-12-22 05:37:51,0,1,2,3.3,3576.2,39999.8,2200.1,7781.6,24.7,0,
2017-12-22 05:37:54,0,1,2,3.4,3576.9,40000.0,2266.8,8020.1,24.7,0,
2017-12-22 05:37:57,0,1,2,3.4,3577.8,39999.9,2266.8,8020.1,24.7,0,
2017-12-22 05:38:00,0,1,2,3.5,3578.7,40000.0,2333.4,8258.6,24.6,0,
2017-12-22 05:38:03,0,1,2,3.5,3579.5,40000.2,2333.4,8258.6,24.6,0,
2017-12-22 05:38:06,0,1,2,3.6,3580.3,39999.8,2400.1,8497.2,24.6,0,
2017-12-22 05:38:09,0,1,2,3.6,3581.1,40000.0,2400.1,8497.2,24.6,0,
2017-12-22 05:38:12,0,1,2,3.7,3581.9,40000.2,2466.8,8736.0,24.6,0,
2017-12-22 05:38:15,0,1,2,3.7,3582.6,40000.3,2466.8,8736.0,24.6,0,
2017-12-22 05:38:18,0,1,2,3.8,3583.4,40000.2,2533.4,8974.8,24.6,0,
2017-12-22 05:38:21,0,1,2,3.9,3584.2,40000.1,2600.1,9213.8,24.6,0,
2017-12-22 05:38:24,0,1,2,3.9,3585.0,40000.0,2600.1,9213.8,24.6,0,
2017-12-22 05:38:27,0,1,2,4.0,3585.9,40000.0,2666.8,9452.8,24.6,0,
2017-12-22 05:38:30,0,1,2,4.0,3586.8,40000.0,2666.8,9452.8,24.6,0,
2017-12-22 05:38:33,0,1,2,4.1,3587.4,40000.4,2733.4,9692.0,24.6,0,
2017-12-22 05:38:36,0,1,2,4.1,3588.2,40000.2,2733.4,9692.0,24.6,0,
2017-12-22 05:38:40,0,1,2,4.2,3589.3,40000.2,2800.1,9931.3,24.6,0,
2017-12-22 05:38:43,0,1,2,4.2,3590.0,40000.3,2800.1,9931.3,24.6,0,
2017-12-22 05:38:46,0,1,2,4.3,3591.0,40000.5,2866.8,10170.7,24.7,0,
2017-12-22 05:38:49,0,1,2,4.3,3591.7,40000.3,2866.8,10170.7,24.7,0,
2017-12-22 05:38:52,0,1,2,4.4,3592.4,40000.2,2933.4,10410.1,24.7,0,
2017-12-22 05:38:55,0,1,2,4.4,3593.2,40000.1,2933.4,10410.1,24.7,0,
2017-12-22 05:38:58,0,1,2,4.5,3594.1,40000.5,3000.1,10649.7,24.6,0,
2017-12-22 05:39:01,0,1,2,4.5,3594.9,40000.3,3000.1,10649.7,24.6,0,
2017-12-22 05:39:04,0,1,2,4.6,3595.8,40000.1,3066.8,10889.4,24.6,0,
2017-12-22 05:39:08,0,1,2,4.6,3596.5,40000.3,3066.8,10889.4,24.6,0,
2017-12-22 05:39:11,0,1,2,4.7,3597.4,39999.8,3133.4,11129.2,24.6,0,
2017-12-22 05:39:14,0,1,2,4.7,3598.3,40000.2,3133.4,11129.2,24.7,0,
2017-12-22 05:39:17,0,1,2,4.8,3599.1,39999.5,3200.1,11369.2,24.7,0,
2017-12-22 05:39:20,0,1,2,4.8,3599.9,40000.7,3200.1,11369.2,24.7,0,
2017-12-22 05:39:23,0,1,2,4.9,3600.7,39999.8,3266.8,11609.2,24.6,0,
2017-12-22 05:39:27,0,1,2,4.9,3601.7,40000.1,3266.8,11609.2,24.7,0,
2017-12-22 05:39:30,0,1,2,5.0,3602.3,40000.3,3333.4,11849.3,24.7,0,
2017-12-22 05:39:33,0,1,2,5.0,3603.2,40000.2,3333.4,11849.3,24.7,0,
2017-12-22 05:39:36,0,1,2,5.1,3604.2,40000.2,3400.1,12089.6,24.7,0,
2017-12-22 05:39:39,0,1,2,5.1,3604.8,40000.3,3400.1,12089.6,24.7,0,
2017-12-22 05:39:42,0,1,2,5.2,3605.8,40000.4,3466.8,12329.9,24.7,0,
2017-12-22 05:39:45,0,1,2,5.2,3606.6,40000.2,3466.8,12329.9,24.7,0,
2017-12-22 05:39:48,0,1,2,5.3,3607.3,40000.4,3533.4,12570.4,24.7,0,
2017-12-22 05:39:51,0,1,2,5.3,3608.1,40000.2,3533.4,12570.4,24.7,0,
2017-12-22 05:39:54,0,1,2,5.4,3609.0,40000.5,3600.1,12810.9,24.7,0,
2017-12-22 05:39:58,0,1,2,5.5,3609.9,40000.5,3666.8,13051.6,24.7,0,
2017-12-22 05:40:01,0,1,2,5.5,3610.6,40000.3,3666.8,13051.6,24.7,0,
2017-12-22 05:40:04,0,1,2,5.6,3611.4,40000.4,3733.5,13292.3,24.7,0,
2017-12-22 05:40:07,0,1,2,5.6,3612.3,40000.3,3733.5,13292.3,24.7,0,
2017-12-22 05:40:10,0,1,2,5.7,3613.1,40000.3,3800.1,13533.2,24.7,0,
2017-12-22 05:40:13,0,1,2,5.7,3613.7,40000.3,3800.1,13533.2,24.7,0,
2017-12-22 05:40:16,0,1,2,5.8,3614.5,40000.7,3866.8,13774.2,24.7,0,
2017-12-22 05:40:19,0,1,2,5.8,3615.4,40000.3,3866.8,13774.2,24.7,0,
2017-12-22 05:40:22,0,1,2,5.9,3616.1,40000.3,3933.5,14015.2,24.8,0,
2017-12-22 05:40:25,0,1,2,5.9,3617.0,40000.5,3933.5,14015.2,24.7,0,
2017-12-22 05:40:28,0,1,2,6.0,3617.7,40000.8,4000.1,14256.4,24.8,0,
2017-12-22 05:40:32,0,1,2,6.0,3618.6,40000.8,4000.1,14256.4,24.8,0,
2017-12-22 05:40:35,0,1,2,6.1,3619.4,40000.7,4066.8,14497.7,24.8,0,
2017-12-22 05:40:38,0,1,2,6.1,3620.1,40000.5,4066.8,14497.7,24.8,0,
2017-12-22 05:40:41,0,1,2,6.2,3620.9,40000.5,4133.5,14739.0,24.8,0,
2017-12-22 05:40:44,0,1,2,6.2,3621.7,40000.8,4133.5,14739.0,24.8,0,
2017-12-22 05:40:47,0,1,2,6.3,3622.6,40000.8,4200.1,14980.5,24.7,0,
2017-12-22 05:40:51,0,1,2,6.3,3623.3,40000.8,4200.1,14980.5,24.7,0,
2017-12-22 05:40:54,0,1,2,6.4,3623.9,40000.9,4266.8,15222.1,24.8,0,
2017-12-22 05:40:57,0,1,2,6.4,3624.8,40000.5,4266.8,15222.1,24.8,0,
2017-12-22 05:41:00,0,1,2,6.5,3625.7,40000.8,4333.5,15463.8,24.7,0,
2017-12-22 05:41:03,0,1,2,6.5,3626.2,40000.8,4333.5,15463.8,24.7,0,
2017-12-22 05:41:06,0,1,2,6.6,3626.9,40000.9,4400.1,15705.5,24.8,0,
2017-12-22 05:41:09,0,1,2,6.7,3627.7,40000.5,4466.8,15947.4,24.7,0,
2017-12-22 05:41:13,0,1,2,6.7,3628.4,40001.0,4466.8,15947.4,24.8,0,
2017-12-22 05:41:16,0,1,2,6.8,3629.3,40000.5,4533.5,16189.3,24.8,0,
2017-12-22 05:41:19,0,1,2,6.8,3630.0,40000.9,4533.5,16189.3,24.8,0,
2017-12-22 05:41:22,0,1,2,6.9,3630.6,40000.8,4600.1,16431.4,24.8,0,
2017-12-22 05:41:25,0,1,2,6.9,3631.2,40000.9,4600.1,16431.4,24.8,0,
2017-12-22 05:41:28,0,1,2,7.0,3632.1,40000.9,4666.8,16673.5,24.8,0,
2017-12-22 05:41:31,0,1,2,7.0,3632.9,40001.0,4666.8,16673.5,24.7,0,
2017-12-22 05:41:34,0,1,2,7.1,3633.5,40000.9,4733.5,16915.8,24.7,0,
2017-12-22 05:41:38,0,1,2,7.1,3634.3,40001.2,4733.5,16915.8,24.7,0,
2017-12-22 05:41:41,0,1,2,7.2,3634.9,40001.0,4800.2,17158.1,24.8,0,
2017-12-22 05:41:44,0,1,2,7.2,3635.8,40001.2,4800.2,17158.1,24.8,0,
2017-12-22 05:41:47,0,1,2,7.3,3636.4,40000.7,4866.8,17400.5,24.8,0,
2017-12-22 05:41:50,0,1,2,7.3,3637.2,40000.8,4866.8,17400.5,24.8,0,
2017-12-22 05:41:53,0,1,2,7.4,3637.9,40001.0,4933.5,17643.0,24.8,0,
2017-12-22 05:41:57,0,1,2,7.4,3638.6,40001.0,4933.5,17643.0,24.8,0,
2017-12-22 05:42:00,0,1,2,7.5,3639.3,40001.2,5000.2,17885.6,24.7,0,
2017-12-22 05:42:03,0,1,2,7.5,3639.9,40000.7,5000.2,17885.6,24.7,0,
2017-12-22 05:42:06,0,1,2,7.6,3640.6,40001.2,5066.8,18128.3,24.7,0,
2017-12-22 05:42:09,0,1,2,7.7,3641.3,40001.2,5133.5,18371.0,24.8,0,
2017-12-22 05:42:13,0,1,2,7.7,3642.1,40001.0,5133.5,18371.0,24.8,0,
2017-12-22 05:42:16,0,1,2,7.8,3642.8,40000.9,5200.2,18613.9,24.8,0,
2017-12-22 05:42:19,0,1,2,7.8,3643.3,40001.0,5200.2,18613.9,24.8,0,
2017-12-22 05:42:22,0,1,2,7.9,3644.1,40001.0,5266.8,18856.8,24.8,0,
2017-12-22 05:42:25,0,1,2,7.9,3644.8,40001.1,5266.8,18856.8,24.8,0,
2017-12-22 05:42:28,0,1,2,8.0,3645.4,40001.0,5333.5,19099.9,24.8,0,
2017-12-22 05:42:31,0,1,2,8.0,3645.9,40001.2,5333.5,19099.9,24.8,0,
2017-12-22 05:42:34,0,1,2,8.1,3646.8,40001.0,5400.2,19343.0,24.8,0,
2017-12-22 05:42:37,0,1,2,8.1,3647.4,40000.8,5400.2,19343.0,24.8,0,
2017-12-22 05:42:41,0,1,2,8.2,3648.0,40000.7,5466.9,19586.2,24.8,0,
2017-12-22 05:42:44,0,1,2,8.2,3648.7,40000.8,5466.9,19586.2,24.8,0,
2017-12-22 05:42:47,0,1,2,8.3,3649.3,40001.2,5533.5,19829.5,24.8,0,
2017-12-22 05:42:50,0,1,2,8.3,3649.9,40001.9,5533.5,19829.5,24.8,0,
2017-12-22 05:42:53,0,1,2,8.4,3650.7,40001.0,5600.2,20072.9,24.8,0,
2017-12-22 05:42:56,0,1,2,8.4,3651.4,40001.3,5600.2,20072.9,24.8,0,
2017-12-22 05:43:00,0,1,2,8.5,3651.9,40001.3,5666.9,20316.3,24.8,0,
2017-12-22 05:43:03,0,1,2,8.5,3652.6,40001.3,5666.9,20316.3,24.8,0,
2017-12-22 05:43:06,0,1,2,8.6,3653.2,40000.9,5733.5,20559.8,24.8,0,
2017-12-22 05:43:09,0,1,2,8.6,3653.8,40001.0,5733.5,20559.8,24.8,0,
2017-12-22 05:43:12,0,1,2,8.7,3654.5,40001.2,5800.2,20803.4,24.8,0,
2017-12-22 05:43:16,0,1,2,8.8,3655.2,40001.0,5866.9,21047.1,24.7,0,
2017-12-22 05:43:19,0,1,2,8.8,3655.7,40001.5,5866.9,21047.1,24.8,0,
2017-12-22 05:43:22,0,1,2,8.9,3656.4,40001.3,5933.6,21290.9,24.7,0,
2017-12-22 05:43:25,0,1,2,8.9,3657.2,40001.0,5933.6,21290.9,24.7,0,
2017-12-22 05:43:28,0,1,2,9.0,3657.6,40001.3,6000.2,21534.7,24.7,0,
2017-12-22 05:43:31,0,1,2,9.0,3658.3,40001.3,6000.2,21534.7,24.7,0,
2017-12-22 05:43:34,0,1,2,9.1,3658.7,40001.3,6066.9,21778.7,24.6,0,
2017-12-22 05:43:37,0,1,2,9.1,3659.4,40001.3,6066.9,21778.7,24.6,0,
2017-12-22 05:43:40,0,1,2,9.2,3660.0,40001.3,6133.6,22022.7,24.6,0,
2017-12-22 05:43:43,0,1,2,9.2,3660.6,40000.8,6133.6,22022.7,24.7,0,
2017-12-22 05:43:46,0,1,2,9.3,3661.2,40001.3,6200.2,22266.8,24.7,0,
2017-12-22 05:43:49,0,1,2,9.3,3661.7,40001.7,6200.2,22266.8,24.7,0,
2017-12-22 05:43:53,0,1,2,9.4,3662.4,40001.0,6266.9,22510.9,24.7,0,
2017-12-22 05:43:56,0,1,2,9.4,3663.0,40001.7,6266.9,22510.9,24.7,0,
2017-12-22 05:43:59,0,1,2,9.5,3663.5,40001.3,6333.6,22755.1,24.7,0,
2017-12-22 05:44:02,0,1,2,9.5,3664.1,40001.2,6333.6,22755.1,24.7,0,
2017-12-22 05:44:05,0,1,2,9.6,3664.8,40001.4,6400.3,22999.4,24.7,0,
2017-12-22 05:44:08,0,1,2,9.6,3665.1,40001.8,6400.3,22999.4,24.6,0,
2017-12-22 05:44:11,0,1,2,9.7,3665.7,40001.3,6466.9,23243.8,24.6,0,
2017-12-22 05:44:14,0,1,2,9.7,3666.4,40001.7,6466.9,23243.8,24.6,0,
2017-12-22 05:44:17,0,1,2,9.8,3666.8,40001.7,6533.6,23488.3,24.6,0,
2017-12-22 05:44:20,0,1,2,9.8,3667.5,40001.7,6533.6,23488.3,24.6,0,
2017-12-22 05:44:24,0,1,2,9.9,3667.9,40001.8,6600.3,23732.8,24.6,0,
2017-12-22 05:44:27,0,1,2,9.9,3668.5,40002.0,6600.3,23732.8,24.6,0,
2017-12-22 05:44:30,0,1,2,10.0,3669.1,40001.4,6666.9,23977.4,24.6,0,
2017-12-22 05:44:33,0,1,2,10.0,3669.7,40001.3,6666.9,23977.4,24.6,0,
2017-12-22 05:44:36,0,1,2,10.1,3670.2,40001.8,6733.6,24222.1,24.6,0,
2017-12-22 05:44:40,0,1,2,10.2,3670.7,40001.3,6800.3,24466.8,24.6,0,
2017-12-22 05:44:43,0,1,2,10.2,3671.3,40001.3,6800.3,24466.8,24.6,0,
2017-12-22 05:44:46,0,1,2,10.3,3671.9,40002.0,6867.0,24711.6,24.6,0,
2017-12-22 05:44:49,0,1,2,10.3,3672.3,40001.3,6867.0,24711.6,24.7,0,
2017-12-22 05:44:52,0,1,2,10.4,3672.9,40001.4,6933.6,24956.5,24.7,0,
2017-12-22 05:44:55,0,1,2,10.4,3673.5,40001.9,6933.6,24956.5,24.7,0,
2017-12-22 05:44:58,0,1,2,10.5,3674.0,40001.4,7000.3,25201.4,24.7,0,
2017-12-22 05:45:02,0,1,2,10.5,3674.5,40001.8,7000.3,25201.4,24.7,0,
2017-12-22 05:45:05,0,1,2,10.6,3675.0,40001.8,7067.0,25446.4,24.6,0,
2017-12-22 05:45:08,0,1,2,10.6,3675.5,40001.8,7067.0,25446.4,24.7,0,
2017-12-22 05:45:11,0,1,2,10.7,3676.1,40001.3,7133.6,25691.5,24.7,0,
2017-12-22 05:45:15,0,1,2,10.7,3676.5,40001.3,7133.6,25691.5,24.7,0,
2017-12-22 05:45:18,0,1,2,10.8,3677.0,40001.8,7200.3,25936.6,24.6,0,
2017-12-22 05:45:21,0,1,2,10.8,3677.5,40001.7,7200.3,25936.6,24.6,0,
2017-12-22 05:45:24,0,1,2,10.9,3677.9,40001.7,7267.0,26181.8,24.6,0,
2017-12-22 05:45:27,0,1,2,10.9,3678.4,40001.7,7267.0,26181.8,24.6,0,
2017-12-22 05:45:30,0,1,2,11.0,3678.7,40002.0,7333.7,26427.1,24.6,0,
2017-12-22 05:45:33,0,1,2,11.0,3679.1,40001.7,7333.7,26427.1,24.6,0,
2017-12-22 05:45:36,0,1,2,11.1,3679.6,40001.7,7400.3,26672.4,24.6,0,
2017-12-22 05:45:39,0,1,2,11.1,3680.1,40001.8,7400.3,26672.4,24.6,0,
2017-12-22 05:45:42,0,1,2,11.2,3680.6,40001.7,7467.0,26917.7,24.6,0,
2017-12-22 05:45:45,0,1,2,11.3,3681.0,40001.5,7533.7,27163.1,24.6,0,
2017-12-22 05:45:49,0,1,2,11.3,3681.5,40001.5,7533.7,27163.1,24.6,0,
2017-12-22 05:45:52,0,1,2,11.4,3681.8,40001.7,7600.3,27408.6,24.7,0,
2017-12-22 05:45:55,0,1,2,11.4,3682.4,40001.8,7600.3,27408.6,24.7,0,
2017-12-22 05:45:58,0,1,2,11.5,3682.8,40002.0,7667.0,27654.2,24.7,0,
2017-12-22 05:46:01,0,1,2,11.5,3683.2,40001.5,7667.0,27654.2,24.7,0,
2017-12-22 05:46:04,0,1,2,11.6,3683.5,40001.7,7733.7,27899.8,24.7,0,
2017-12-22 05:46:07,0,1,2,11.6,3683.9,40002.1,7733.7,27899.8,24.6,0,
2017-12-22 05:46:10,0,1,2,11.7,3684.4,40002.1,7800.4,28145.4,24.7,0,
2017-12-22 05:46:13,0,1,2,11.7,3684.8,40002.3,7800.4,28145.4,24.7,0,
2017-12-22 05:46:16,0,1,2,11.8,3685.2,40002.3,7867.0,28391.1,24.6,0,
2017-12-22 05:46:19,0,1,2,11.8,3685.6,40002.0,7867.0,28391.1,24.7,0,
2017-12-22 05:46:22,0,1,2,11.9,3686.0,40001.9,7933.7,28636.9,24.6,0,
2017-12-22 05:46:25,0,1,2,11.9,3686.4,40001.8,7933.7,28636.9,24.6,0,
2017-12-22 05:46:28,0,1,2,12.0,3686.8,40002.0,8000.4,28882.7,24.6,0,
2017-12-22 05:46:32,0,1,2,12.0,3687.4,40002.3,8000.4,28882.7,24.6,0,
2017-12-22 05:46:35,0,1,2,12.1,3687.8,40002.3,8067.1,29128.5,24.6,0,
2017-12-22 05:46:38,0,1,2,12.1,3688.0,40002.0,8067.1,29128.5,24.6,0,
2017-12-22 05:46:41,0,1,2,12.2,3688.4,40002.5,8133.7,29374.5,24.6,0,
2017-12-22 05:46:44,0,1,2,12.2,3688.8,40002.1,8133.7,29374.5,24.6,0,
2017-12-22 05:46:47,0,1,2,12.3,3689.3,40002.3,8200.4,29620.4,24.6,0,
2017-12-22 05:46:50,0,1,2,12.3,3689.7,40002.2,8200.4,29620.4,24.6,0,
2017-12-22 05:46:53,0,1,2,12.4,3690.0,40002.0,8267.1,29866.4,24.6,0,
2017-12-22 05:46:56,0,1,2,12.4,3690.3,40002.0,8267.1,29866.4,24.6,0,
2017-12-22 05:46:59,0,1,2,12.5,3690.7,40002.3,8333.8,30112.5,24.6,0,
2017-12-22 05:47:03,0,1,2,12.5,3691.1,40001.8,8333.8,30112.5,24.6,0,
2017-12-22 05:47:06,0,1,2,12.6,3691.7,40002.0,8400.4,30358.6,24.6,0,
2017-12-22 05:47:09,0,1,2,12.6,3692.0,40002.3,8400.4,30358.6,24.6,0,
2017-12-22 05:47:12,0,1,2,12.7,3692.4,40002.2,8467.1,30604.8,24.6,0,
2017-12-22 05:47:15,0,1,2,12.7,3692.5,40002.3,8467.1,30604.8,24.6,0,
2017-12-22 05:47:18,0,1,2,12.8,3693.0,40002.1,8533.8,30851.0,24.6,0,
2017-12-22 05:47:21,0,1,2,12.8,3693.4,40001.8,8533.8,30851.0,24.6,0,
2017-12-22 05:47:24,0,1,2,12.9,3693.8,40002.4,8600.5,31097.2,24.6,0,
2017-12-22 05:47:27,0,1,2,13.0,3694.3,40002.3,8667.1,31343.6,24.7,0,
2017-12-22 05:47:30,0,1,2,13.0,3694.4,40002.3,8667.1,31343.6,24.7,0,
2017-12-22 05:47:33,0,1,2,13.1,3694.9,40002.2,8733.8,31589.9,24.7,0,
2017-12-22 05:47:36,0,1,2,13.1,3695.3,40002.3,8733.8,31589.9,24.7,0,
2017-12-22 05:47:39,0,1,2,13.2,3695.6,40002.2,8800.5,31836.3,24.7,0,
2017-12-22 05:47:43,0,1,2,13.2,3696.0,40002.0,8800.5,31836.3,24.7,0,
2017-12-22 05:47:46,0,1,2,13.3,3696.3,40002.3,8867.1,32082.8,24.6,0,
2017-12-22 05:47:49,0,1,2,13.3,3696.8,40001.7,8867.1,32082.8,24.6,0,
2017-12-22 05:47:52,0,1,2,13.4,3697.2,40002.3,8933.8,32329.3,24.6,0,
2017-12-22 05:47:55,0,1,2,13.4,3697.5,40002.3,8933.8,32329.3,24.7,0,
2017-12-22 05:47:58,0,1,2,13.5,3697.8,40001.8,9000.5,32575.8,24.7,0,
2017-12-22 05:48:01,0,1,2,13.5,3698.3,40002.1,9000.5,32575.8,24.7,0,
2017-12-22 05:48:04,0,1,2,13.6,3698.6,40002.2,9067.2,32822.4,24.7,0,
2017-12-22 05:48:07,0,1,2,13.6,3698.9,40002.3,9067.2,32822.4,24.7,0,
2017-12-22 05:48:10,0,1,2,13.7,3699.2,40002.7,9133.8,33069.0,24.7,0,
2017-12-22 05:48:13,0,1,2,13.7,3699.7,40002.3,9133.8,33069.0,24.7,0,
2017-12-22 05:48:16,0,1,2,13.8,3699.9,40002.4,9200.5,33315.7,24.7,0,
2017-12-22 05:48:19,0,1,2,13.8,3700.4,40002.2,9200.5,33315.7,24.7,0,
2017-12-22 05:48:22,0,1,2,13.9,3700.5,40001.8,9267.2,33562.4,24.7,0,
2017-12-22 05:48:26,0,1,2,13.9,3701.0,40002.0,9267.2,33562.4,24.7,0,
2017-12-22 05:48:29,0,1,2,14.0,3701.3,40002.0,9333.9,33809.2,24.7,0,
2017-12-22 05:48:32,0,1,2,14.0,3701.7,40002.1,9333.9,33809.2,24.7,0,
2017-12-22 05:48:35,0,1,2,14.1,3702.1,40001.9,9400.5,34056.0,24.7,0,
2017-12-22 05:48:38,0,1,2,14.1,3702.4,40002.0,9400.5,34056.0,24.7,0,
2017-12-22 05:48:41,0,1,2,14.2,3702.7,40002.0,9467.2,34302.9,24.7,0,
2017-12-22 05:48:44,0,1,2,14.2,3703.2,40001.9,9467.2,34302.9,24.7,0,
2017-12-22 05:48:47,0,1,2,14.3,3703.4,40002.1,9533.9,34549.8,24.7,0,
2017-12-22 05:48:50,0,1,2,14.3,3703.7,40002.0,9533.9,34549.8,24.7,0,
2017-12-22 05:48:53,0,1,2,14.4,3704.2,40002.0,9600.6,34796.7,24.7,0,
2017-12-22 05:48:57,0,1,2,14.4,3704.6,40002.0,9600.6,34796.7,24.7,0,
2017-12-22 05:49:00,0,1,2,14.5,3704.8,40002.5,9667.2,35043.7,24.7,0,
2017-12-22 05:49:03,0,1,2,14.5,3705.3,40002.2,9667.2,35043.7,24.7,0,
2017-12-22 05:49:06,0,1,2,14.6,3705.6,40002.4,9733.9,35290.8,24.7,0,
2017-12-22 05:49:09,0,1,2,14.7,3706.0,40001.8,9800.6,35537.9,24.7,0,
2017-12-22 05:49:12,0,1,2,14.7,3706.4,40002.2,9800.6,35537.9,24.7,0,
2017-12-22 05:49:15,0,1,2,14.8,3706.6,40002.1,9867.3,35785.0,24.7,0,
2017-12-22 05:49:19,0,1,2,14.8,3707.0,40002.3,9867.3,35785.0,24.7,0,
2017-12-22 05:49:22,0,1,2,14.9,3707.3,40002.0,9933.9,36032.2,24.7,0,
2017-12-22 05:49:25,0,1,2,14.9,3707.6,40002.0,9933.9,36032.2,24.7,0,
2017-12-22 05:49:28,0,1,2,15.0,3708.0,40002.2,10000.6,36279.4,24.7,0,
2017-12-22 05:49:31,0,1,2,15.0,3708.3,40002.3,10000.6,36279.4,24.6,0,
2017-12-22 05:49:34,0,1,2,15.1,3708.7,40001.9,10067.3,36526.7,24.6,0,
2017-12-22 05:49:37,0,1,2,15.1,3709.1,40002.5,10067.3,36526.7,24.6,0,
2017-12-22 05:49:40,0,1,2,15.2,3709.5,40002.3,10133.9,36774.0,24.6,0,
2017-12-22 05:49:43,0,1,2,15.2,3709.7,40002.2,10133.9,36774.0,24.6,0,
2017-12-22 05:49:47,0,1,2,15.3,3710.3,40002.4,10200.6,37021.4,24.6,0,
2017-12-22 05:49:50,0,1,2,15.3,3710.5,40002.0,10200.6,37021.4,24.6,0,
2017-12-22 05:49:53,0,1,2,15.4,3710.8,40002.2,10267.3,37268.8,24.6,0,
2017-12-22 05:49:56,0,1,2,15.4,3711.3,40002.1,10267.3,37268.8,24.6,0,
2017-12-22 05:49:59,0,1,2,15.5,3711.5,40002.1,10334.0,37516.2,24.6,0,
2017-12-22 05:50:02,0,1,2,15.5,3711.9,40002.4,10334.0,37516.2,24.6,0,
2017-12-22 05:50:05,0,1,2,15.6,3712.3,40002.2,10400.6,37763.7,24.6,0,
2017-12-22 05:50:08,0,1,2,15.6,3712.6,40002.0,10400.6,37763.7,24.6,0,
2017-12-22 05:50:11,0,1,2,15.7,3712.8,40002.3,10467.3,38011.3,24.6,0,
2017-12-22 05:50:14,0,1,2,15.7,3713.2,40002.2,10467.3,38011.3,24.6,0,
2017-12-22 05:50:17,0,1,2,15.8,3713.6,40002.7,10534.0,38258.9,24.6,0,
2017-12-22 05:50:21,0,1,2,15.8,3714.1,40002.3,10534.0,38258.9,24.6,0,
2017-12-22 05:50:24,0,1,2,15.9,3714.4,40002.3,10600.7,38506.5,24.6,0,
2017-12-22 05:50:27,0,1,2,15.9,3714.7,40002.2,10600.7,38506.5,24.6,0,
2017-12-22 05:50:30,0,1,2,16.0,3715.1,40002.3,10667.3,38754.2,24.6,0,
2017-12-22 05:50:33,0,1,2,16.0,3715.5,40002.5,10667.3,38754.2,24.7,0,
2017-12-22 05:50:37,0,1,2,16.1,3715.9,40002.3,10734.0,39001.9,24.6,0,
2017-12-22 05:50:40,0,1,2,16.2,3716.2,40002.4,10800.7,39249.7,24.6,0,
2017-12-22 05:50:43,0,1,2,16.2,3716.6,40002.3,10800.7,39249.7,24.6,0,
2017-12-22 05:50:46,0,1,2,16.3,3716.8,40002.5,10867.4,39497.5,24.6,0,
2017-12-22 05:50:49,0,1,2,16.3,3717.2,40002.2,10867.4,39497.5,24.7,0,
2017-12-22 05:50:52,0,1,2,16.4,3717.5,40002.2,10934.0,39745.4,24.7,0,
2017-12-22 05:50:55,0,1,2,16.4,3718.0,40002.7,10934.0,39745.4,24.7,0,
2017-12-22 05:50:58,0,1,2,16.5,3718.2,40002.5,11000.7,39993.3,24.7,0,
2017-12-22 05:51:01,0,1,2,16.5,3718.6,40002.5,11000.7,39993.3,24.7,0,
2017-12-22 05:51:04,0,1,2,16.6,3718.9,40002.8,11067.4,40241.3,24.7,0,
2017-12-22 05:51:07,0,1,2,16.6,3719.4,40002.0,11067.4,40241.3,24.7,0,
2017-12-22 05:51:10,0,1,2,16.7,3719.6,40002.0,11134.1,40489.3,24.7,0,
2017-12-22 05:51:13,0,1,2,16.7,3720.0,40002.3,11134.1,40489.3,24.6,0,
2017-12-22 05:51:16,0,1,2,16.8,3720.4,40002.2,11200.7,40737.3,24.6,0,
2017-12-22 05:51:19,0,1,2,16.8,3720.9,40002.4,11200.7,40737.3,24.6,0,
2017-12-22 05:51:22,0,1,2,16.9,3721.1,40002.5,11267.4,40985.4,24.6,0,
2017-12-22 05:51:25,0,1,2,16.9,3721.6,40002.5,11267.4,40985.4,24.7,0,
2017-12-22 05:51:28,0,1,2,17.0,3721.8,40002.8,11334.1,41233.6,24.7,0,
2017-12-22 05:51:31,0,1,2,17.0,3722.3,39999.5,11334.1,41233.6,24.6,0,
2017-12-22 05:51:34,0,1,2,17.1,3722.5,39998.7,11400.8,41481.7,24.7,0,
2017-12-22 05:51:37,0,1,2,17.1,3722.9,39999.2,11400.8,41481.7,24.7,0,
2017-12-22 05:51:41,0,1,2,17.2,3723.2,39999.5,11467.4,41729.9,24.7,0,
2017-12-22 05:51:44,0,1,2,17.2,3723.7,39999.3,11467.4,41729.9,24.7,0,
2017-12-22 05:51:47,0,1,2,17.3,3724.1,39998.7,11534.1,41978.2,24.6,0,
2017-12-22 05:51:50,0,1,2,17.3,3724.5,39999.6,11534.1,41978.2,24.6,0,
2017-12-22 05:51:53,0,1,2,17.4,3724.9,39999.1,11600.7,42226.5,24.6,0,
2017-12-22 05:51:56,0,1,2,17.4,3725.3,39999.2,11600.7,42226.5,24.6,0,
2017-12-22 05:51:59,0,1,2,17.5,3725.6,39999.8,11667.4,42474.9,24.7,0,
2017-12-22 05:52:03,0,1,2,17.5,3725.9,39999.5,11667.4,42474.9,24.7,0,
2017-12-22 05:52:06,0,1,2,17.6,3726.3,39999.4,11734.1,42723.2,24.7,0,
2017-12-22 05:52:09,0,1,2,17.6,3726.8,39999.5,11734.1,42723.2,24.8,0,
2017-12-22 05:52:12,0,1,2,17.7,3727.2,39999.2,11800.7,42971.7,24.7,0,
2017-12-22 05:52:15,0,1,2,17.7,3727.4,39999.3,11800.7,42971.7,24.7,0,
2017-12-22 05:52:18,0,1,2,17.8,3727.9,39999.2,11867.4,43220.2,24.8,0,
2017-12-22 05:52:21,0,1,2,17.8,3728.2,39999.1,11867.4,43220.2,24.8,0,
2017-12-22 05:52:25,0,1,2,17.9,3728.7,39999.3,11934.1,43468.7,24.8,0,
2017-12-22 05:52:28,0,1,2,18.0,3729.1,39999.5,12000.7,43717.3,24.7,0,
2017-12-22 05:52:31,0,1,2,18.0,3729.4,39999.6,12000.7,43717.3,24.7,0,
2017-12-22 05:52:34,0,1,2,18.1,3729.7,39999.3,12067.4,43966.0,24.7,0,
2017-12-22 05:52:37,0,1,2,18.1,3730.1,39999.5,12067.4,43966.0,24.8,0,
2017-12-22 05:52:40,0,1,2,18.2,3730.6,39999.5,12134.1,44214.7,24.7,0,
2017-12-22 05:52:43,0,1,2,18.2,3731.0,39999.5,12134.1,44214.7,24.7,0,
2017-12-22 05:52:46,0,1,2,18.3,3731.3,39999.3,12200.7,44463.4,24.7,0,
2017-12-22 05:52:50,0,1,2,18.3,3731.7,39999.3,12200.7,44463.4,24.7,0,
2017-12-22 05:52:53,0,1,2,18.4,3732.2,39999.4,12267.4,44712.2,24.8,0,
2017-12-22 05:52:56,0,1,2,18.4,3732.5,39999.5,12267.4,44712.2,24.8,0,
2017-12-22 05:52:59,0,1,2,18.5,3732.9,39999.6,12334.1,44961.0,24.8,0,
2017-12-22 05:53:02,0,1,2,18.5,3733.4,39999.5,12334.1,44961.0,24.8,0,
2017-12-22 05:53:05,0,1,2,18.6,3733.8,39999.5,12400.7,45209.9,24.7,0,
2017-12-22 05:53:09,0,1,2,18.6,3734.2,39999.5,12400.7,45209.9,24.8,0,
2017-12-22 05:53:12,0,1,2,18.7,3734.5,39999.4,12467.4,45458.8,24.8,0,
2017-12-22 05:53:15,0,1,2,18.7,3735.1,39999.7,12467.4,45458.8,24.8,0,
2017-12-22 05:53:18,0,1,2,18.8,3735.7,40000.0,12534.1,45707.9,24.8,0,
2017-12-22 05:53:21,0,1,2,18.9,3736.0,39999.5,12600.7,45956.9,24.8,0,
2017-12-22 05:53:25,0,1,2,18.9,3736.3,39999.5,12600.7,45956.9,24.8,0,
2017-12-22 05:53:28,0,1,2,19.0,3736.7,39999.5,12667.4,46206.0,24.7,0,
2017-12-22 05:53:31,0,1,2,19.0,3737.1,39999.5,12667.4,46206.0,24.8,0,
2017-12-22 05:53:34,0,1,2,19.1,3737.7,39999.7,12734.0,46455.2,24.8,0,
2017-12-22 05:53:37,0,1,2,19.1,3738.0,39999.6,12734.0,46455.2,24.7,0,
2017-12-22 05:53:41,0,1,2,19.2,3738.5,39999.5,12800.7,46704.4,24.7,0,
2017-12-22 05:53:44,0,1,2,19.2,3738.9,39999.7,12800.7,46704.4,24.7,0,
2017-12-22 05:53:47,0,1,2,19.3,3739.3,39999.5,12867.4,46953.7,24.8,0,
2017-12-22 05:53:50,0,1,2,19.3,3739.8,39999.5,12867.4,46953.7,24.8,0,
2017-12-22 05:53:53,0,1,2,19.4,3740.2,40000.0,12934.0,47203.0,24.7,0,
2017-12-22 05:53:56,0,1,2,19.4,3740.6,39999.6,12934.0,47203.0,24.8,0,
2017-12-22 05:53:59,0,1,2,19.5,3741.0,39999.3,13000.7,47452.4,24.8,0,
2017-12-22 05:54:03,0,1,2,19.5,3741.6,39999.3,13000.7,47452.4,24.8,0,
2017-12-22 05:54:06,0,1,2,19.6,3741.8,39999.6,13067.4,47701.8,24.8,0,
2017-12-22 05:54:09,0,1,2,19.6,3742.3,39999.7,13067.4,47701.8,24.8,0,
2017-12-22 05:54:12,0,1,2,19.7,3742.7,39999.7,13134.0,47951.3,24.8,0,
2017-12-22 05:54:15,0,1,2,19.7,3743.0,39999.4,13134.0,47951.3,24.8,0,
2017-12-22 05:54:18,0,1,2,19.8,3743.6,39999.8,13200.7,48200.9,24.8,0,
2017-12-22 05:54:21,0,1,2,19.8,3744.0,39999.6,13200.7,48200.9,24.8,0,
2017-12-22 05:54:24,0,1,2,19.9,3744.5,39999.8,13267.4,48450.5,24.8,0,
2017-12-22 05:54:28,0,1,2,20.0,3744.9,39999.8,13334.0,48700.1,24.8,0,
2017-12-22 05:54:31,0,1,2,20.0,3745.4,39999.8,13334.0,48700.1,24.8,0,
2017-12-22 05:54:34,0,1,2,20.1,3745.7,39999.7,13400.7,48949.8,24.8,0,
2017-12-22 05:54:37,0,1,2,20.1,3746.3,39999.7,13400.7,48949.8,24.7,0,
2017-12-22 05:54:40,0,1,2,20.2,3746.8,39999.8,13467.4,49199.6,24.7,0,
2017-12-22 05:54:43,0,1,2,20.2,3747.1,39999.5,13467.4,49199.6,24.7,0,
2017-12-22 05:54:46,0,1,2,20.3,3747.5,39999.5,13534.0,49449.4,24.7,0,
2017-12-22 05:54:49,0,1,2,20.3,3748.0,39999.8,13534.0,49449.4,24.7,0,
2017-12-22 05:54:52,0,1,2,20.4,3748.4,39999.5,13600.7,49699.3,24.6,0,
2017-12-22 05:54:55,0,1,2,20.4,3748.8,39999.5,13600.7,49699.3,24.6,0,
2017-12-22 05:54:58,0,1,2,20.5,3749.2,39999.5,13667.4,49949.3,24.6,0,
2017-12-22 05:55:01,0,1,2,20.5,3749.8,40000.1,13667.4,49949.3,24.6,0,
2017-12-22 05:55:04,0,1,2,20.6,3750.1,40000.0,13734.0,50199.3,24.6,0,
2017-12-22 05:55:07,0,1,2,20.6,3750.7,39999.5,13734.0,50199.3,24.6,0,
2017-12-22 05:55:11,0,1,2,20.7,3751.2,39999.7,13800.7,50449.3,24.6,0,
2017-12-22 05:55:14,0,1,2,20.7,3751.4,39999.9,13800.7,50449.3,24.6,0,
2017-12-22 05:55:17,0,1,2,20.8,3752.1,39999.5,13867.4,50699.4,24.7,0,
2017-12-22 05:55:20,0,1,2,20.8,3752.6,39999.5,13867.4,50699.4,24.7,0,
2017-12-22 05:55:23,0,1,2,20.9,3753.0,39999.7,13934.0,50949.6,24.7,0,
2017-12-22 05:55:26,0,1,2,20.9,3753.5,39999.8,13934.0,50949.6,24.7,0,
2017-12-22 05:55:29,0,1,2,21.0,3753.9,39999.7,14000.7,51199.8,24.7,0,
2017-12-22 05:55:33,0,1,2,21.0,3754.5,39999.7,14000.7,51199.8,24.7,0,
2017-12-22 05:55:36,0,1,2,21.1,3754.9,39999.7,14067.4,51450.1,24.8,0,
2017-12-22 05:55:39,0,1,2,21.1,3755.4,40000.0,14067.4,51450.1,24.8,0,
2017-12-22 05:55:42,0,1,2,21.2,3755.9,39999.8,14134.0,51700.5,24.8,0,
2017-12-22 05:55:46,0,1,2,21.3,3756.3,39999.7,14200.7,51950.9,24.8,0,
2017-12-22 05:55:49,0,1,2,21.3,3756.9,39999.7,14200.7,51950.9,24.8,0,
2017-12-22 05:55:52,0,1,2,21.4,3757.2,39999.7,14267.4,52201.4,24.8,0,
2017-12-22 05:55:55,0,1,2,21.4,3757.8,39999.8,14267.4,52201.4,24.8,0,
2017-12-22 05:55:58,0,1,2,21.5,3758.2,39999.7,14334.0,52451.9,24.8,0,
2017-12-22 05:56:01,0,1,2,21.5,3758.5,39999.5,14334.0,52451.9,24.8,0,
2017-12-22 05:56:04,0,1,2,21.6,3759.2,39999.7,14400.7,52702.5,24.8,0,
2017-12-22 05:56:07,0,1,2,21.6,3759.7,39999.9,14400.7,52702.5,24.8,0,
2017-12-22 05:56:10,0,1,2,21.7,3760.0,39999.5,14467.3,52953.2,24.8,0,
2017-12-22 05:56:13,0,1,2,21.7,3760.7,40000.0,14467.3,52953.2,24.8,0,
2017-12-22 05:56:16,0,1,2,21.8,3761.2,39999.5,14534.0,53203.9,24.8,0,
2017-12-22 05:56:19,0,1,2,21.8,3761.6,39999.4,14534.0,53203.9,24.8,0,
2017-12-22 05:56:23,0,1,2,21.9,3762.1,39999.4,14600.7,53454.7,24.8,0,
2017-12-22 05:56:26,0,1,2,21.9,3762.6,39999.4,14600.7,53454.7,24.8,0,
2017-12-22 05:56:29,0,1,2,22.0,3763.1,40000.0,14667.3,53705.5,24.8,0,
2017-12-22 05:56:32,0,1,2,22.0,3763.5,39999.5,14667.3,53705.5,24.8,0,
2017-12-22 05:56:35,0,1,2,22.1,3764.0,39999.6,14734.0,53956.5,24.8,0,
2017-12-22 05:56:38,0,1,2,22.1,3764.8,39999.4,14734.0,53956.5,24.8,0,
2017-12-22 05:56:42,0,1,2,22.2,3765.2,39999.7,14800.7,54207.4,24.8,0,
2017-12-22 05:56:45,0,1,2,22.2,3765.6,39999.5,14800.7,54207.4,24.8,0,
2017-12-22 05:56:48,0,1,2,22.3,3766.3,39999.2,14867.3,54458.5,24.8,0,
2017-12-22 05:56:51,0,1,2,22.3,3766.7,39999.8,14867.3,54458.5,24.8,0,
2017-12-22 05:56:55,0,1,2,22.4,3767.3,40000.0,14934.0,54709.6,24.8,0,
2017-12-22 05:56:58,0,1,2,22.5,3767.9,39999.5,15000.7,54960.8,24.8,0,
2017-12-22 05:57:01,0,1,2,22.5,3768.3,40000.0,15000.7,54960.8,24.8,0,
2017-12-22 05:57:04,0,1,2,22.6,3768.7,39999.7,15067.3,55212.0,24.8,0,
2017-12-22 05:57:07,0,1,2,22.6,3769.3,39999.8,15067.3,55212.0,24.8,0,
2017-12-22 05:57:10,0,1,2,22.7,3769.8,39999.7,15134.0,55463.4,24.8,0,
2017-12-22 05:57:13,0,1,2,22.7,3770.5,40000.0,15134.0,55463.4,24.7,0,
2017-12-22 05:57:16,0,1,2,22.8,3771.0,39999.9,15200.7,55714.7,24.8,0,
2017-12-22 05:57:20,0,1,2,22.8,3771.5,39999.5,15200.7,55714.7,24.8,0,
2017-12-22 05:57:23,0,1,2,22.9,3772.0,39999.5,15267.3,55966.2,24.7,0,
2017-12-22 05:57:26,0,1,2,22.9,3772.5,40000.0,15267.3,55966.2,24.8,0,
2017-12-22 05:57:29,0,1,2,23.0,3773.2,39999.8,15334.0,56217.7,24.8,0,
2017-12-22 05:57:32,0,1,2,23.0,3773.7,40000.2,15334.0,56217.7,24.8,0,
2017-12-22 05:57:36,0,1,2,23.1,3774.2,39999.8,15400.7,56469.3,24.8,0,
2017-12-22 05:57:39,0,1,2,23.1,3774.8,40000.5,15400.7,56469.3,24.8,0,
2017-12-22 05:57:42,0,1,2,23.2,3775.5,39999.7,15467.3,56721.0,24.8,0,
2017-12-22 05:57:45,0,1,2,23.2,3775.8,39999.7,15467.3,56721.0,24.8,0,
2017-12-22 05:57:48,0,1,2,23.3,3776.5,39999.8,15534.0,56972.7,24.8,0,
2017-12-22 05:57:51,0,1,2,23.4,3777.0,39999.7,15600.7,57224.5,24.8,0,
2017-12-22 05:57:55,0,1,2,23.4,3777.5,39999.9,15600.7,57224.5,24.8,0,
2017-12-22 05:57:58,0,1,2,23.5,3778.3,40000.0,15667.3,57476.4,24.8,0,
2017-12-22 05:58:01,0,1,2,23.5,3778.7,40000.0,15667.3,57476.4,24.8,0,
2017-12-22 05:58:04,0,1,2,23.6,3779.4,39999.8,15734.0,57728.3,24.8,0,
2017-12-22 05:58:07,0,1,2,23.6,3779.9,39999.7,15734.0,57728.3,24.8,0,
2017-12-22 05:58:10,0,1,2,23.7,3780.4,40000.0,15800.7,57980.3,24.8,0,
2017-12-22 05:58:14,0,1,2,23.7,3780.9,39999.8,15800.7,57980.3,24.8,0,
2017-12-22 05:58:17,0,1,2,23.8,3781.6,40000.1,15867.3,58232.4,24.8,0,
2017-12-22 05:58:20,0,1,2,23.8,3782.2,39999.3,15867.3,58232.4,24.8,0,
2017-12-22 05:58:23,0,1,2,23.9,3782.8,40000.0,15934.0,58484.6,24.8,0,
2017-12-22 05:58:26,0,1,2,23.9,3783.4,39999.7,15934.0,58484.6,24.9,0,
2017-12-22 05:58:29,0,1,2,24.0,3784.0,40000.0,16000.7,58736.8,24.9,0,
2017-12-22 05:58:33,0,1,2,24.0,3784.6,39999.8,16000.7,58736.8,24.8,0,
2017-12-22 05:58:36,0,1,2,24.1,3785.2,40000.3,16067.3,58989.1,24.9,0,
2017-12-22 05:58:39,0,1,2,24.1,3785.8,40000.0,16067.3,58989.1,24.8,0,
2017-12-22 05:58:42,0,1,2,24.2,3786.3,40000.0,16134.0,59241.5,24.9,0,
2017-12-22 05:58:45,0,1,2,24.3,3787.0,39999.9,16200.7,59493.9,24.9,0,
2017-12-22 05:58:49,0,1,2,24.3,3787.4,39999.2,16200.7,59493.9,24.9,0,
2017-12-22 05:58:52,0,1,2,24.4,3788.1,40000.0,16267.3,59746.5,24.9,0,
2017-12-22 05:58:55,0,1,2,24.4,3788.8,40000.0,16267.3,59746.5,24.8,0,
2017-12-22 05:58:58,0,1,2,24.5,3789.5,40000.1,16334.0,59999.1,24.8,0,
2017-12-22 05:59:01,0,1,2,24.5,3790.0,40000.2,16334.0,59999.1,24.8,0,
2017-12-22 05:59:05,0,1,2,24.6,3790.7,40000.4,16400.7,60251.8,24.8,0,
2017-12-22 05:59:08,0,1,2,24.6,3791.2,39999.8,16400.7,60251.8,24.8,0,
2017-12-22 05:59:11,0,1,2,24.7,3791.8,39999.7,16467.3,60504.6,24.8,0,
2017-12-22 05:59:14,0,1,2,24.7,3792.4,40000.2,16467.3,60504.6,24.8,0,
2017-12-22 05:59:17,0,1,2,24.8,3793.2,39999.9,16534.0,60757.4,24.8,0,
2017-12-22 05:59:20,0,1,2,24.8,3793.8,40000.0,16534.0,60757.4,24.8,0,
2017-12-22 05:59:23,0,1,2,24.9,3794.3,39999.6,16600.7,61010.3,24.8,0,
2017-12-22 05:59:27,0,1,2,24.9,3794.9,40000.2,16600.7,61010.3,24.8,0,
2017-12-22 05:59:30,0,1,2,25.0,3795.6,39999.7,16667.3,61263.3,24.8,0,
2017-12-22 05:59:33,0,1,2,25.0,3796.1,40000.2,16667.3,61263.3,24.8,0,
2017-12-22 05:59:36,0,1,2,25.1,3796.8,40000.0,16734.0,61516.4,24.8,0,
2017-12-22 05:59:39,0,1,2,25.1,3797.5,40000.0,16734.0,61516.4,24.8,0,
2017-12-22 05:59:42,0,1,2,25.2,3798.0,40000.2,16800.7,61769.6,24.8,0,
2017-12-22 05:59:45,0,1,2,25.2,3798.6,39999.8,16800.7,61769.6,24.8,0,
2017-12-22 05:59:48,0,1,2,25.3,3799.3,40000.3,16867.3,62022.9,24.8,0,
2017-12-22 05:59:51,0,1,2,25.3,3799.8,40000.0,16867.3,62022.9,24.8,0,
2017-12-22 05:59:54,0,1,2,25.4,3800.6,40000.2,16934.0,62276.2,24.8,0,
2017-12-22 05:59:57,0,1,2,25.4,3801.2,40000.0,16934.0,62276.2,24.8,0,
2017-12-22 06:00:00,0,1,2,25.5,3801.8,40000.0,17000.7,62529.6,24.8,0,
2017-12-22 06:00:04,0,1,2,25.6,3802.5,40000.0,17067.3,62783.1,24.8,0,
2017-12-22 06:00:07,0,1,2,25.6,3803.2,40000.0,17067.3,62783.1,24.8,0,
2017-12-22 06:00:10,0,1,2,25.7,3803.7,39999.9,17134.0,63036.7,24.8,0,
2017-12-22 06:00:13,0,1,2,25.7,3804.5,40000.3,17134.0,63036.7,24.8,0,
2017-12-22 06:00:17,0,1,2,25.8,3805.1,40000.5,17200.7,63290.3,24.8,0,
2017-12-22 06:00:20,0,1,2,25.8,3805.8,40000.0,17200.7,63290.3,24.8,0,
2017-12-22 06:00:23,0,1,2,25.9,3806.5,40000.5,17267.3,63544.1,24.8,0,
2017-12-22 06:00:26,0,1,2,25.9,3807.1,40000.3,17267.3,63544.1,24.8,0,
2017-12-22 06:00:29,0,1,2,26.0,3807.9,40000.3,17334.0,63797.9,24.8,0,
2017-12-22 06:00:32,0,1,2,26.0,3808.6,40000.3,17334.0,63797.9,24.8,0,
2017-12-22 06:00:36,0,1,2,26.1,3809.3,40000.0,17400.7,64051.8,24.8,0,
2017-12-22 06:00:39,0,1,2,26.1,3809.8,40000.2,17400.7,64051.8,24.8,0,
2017-12-22 06:00:42,0,1,2,26.2,3810.6,40000.0,17467.3,64305.9,24.8,0,
2017-12-22 06:00:45,0,1,2,26.2,3811.2,39999.6,17467.3,64305.9,24.8,0,
2017-12-22 06:00:48,0,1,2,26.3,3811.9,40000.0,17534.0,64559.9,24.8,0,
2017-12-22 06:00:51,0,1,2,26.3,3812.6,40000.2,17534.0,64559.9,24.8,0,
2017-12-22 06:00:54,0,1,2,26.4,3813.3,40000.4,17600.7,64814.1,24.8,0,
2017-12-22 06:00:57,0,1,2,26.5,3814.1,40000.3,17667.3,65068.4,24.8,0,
2017-12-22 06:01:01,0,1,2,26.5,3814.7,40000.2,17667.3,65068.4,24.8,0,
2017-12-22 06:01:04,0,1,2,26.6,3815.4,40000.3,17734.0,65322.8,24.8,0,
2017-12-22 06:01:07,0,1,2,26.6,3816.3,40000.5,17734.0,65322.8,24.8,0,
2017-12-22 06:01:10,0,1,2,26.7,3816.9,40000.5,17800.7,65577.2,24.8,0,
2017-12-22 06:01:14,0,1,2,26.7,3817.6,40000.4,17800.7,65577.2,24.8,0,
2017-12-22 06:01:17,0,1,2,26.8,3818.5,40000.5,17867.3,65831.8,24.8,0,
2017-12-22 06:01:20,0,1,2,26.8,3819.0,40000.5,17867.3,65831.8,24.8,0,
2017-12-22 06:01:23,0,1,2,26.9,3819.8,40000.4,17934.0,66086.4,24.8,0,
2017-12-22 06:01:26,0,1,2,26.9,3820.6,40000.5,17934.0,66086.4,24.8,0,
2017-12-22 06:01:29,0,1,2,27.0,3821.2,40000.2,18000.7,66341.1,24.8,0,
2017-12-22 06:01:32,0,1,2,27.0,3822.0,40000.4,18000.7,66341.1,24.8,0,
2017-12-22 06:01:36,0,1,2,27.1,3822.6,40000.3,18067.3,66595.9,24.8,0,
2017-12-22 06:01:39,0,1,2,27.1,3823.4,40000.4,18067.3,66595.9,24.8,0,
2017-12-22 06:01:42,0,1,2,27.2,3824.2,40000.5,18134.0,66850.9,24.8,0,
2017-12-22 06:01:45,0,1,2,27.2,3824.7,40000.5,18134.0,66850.9,24.9,0,
2017-12-22 06:01:48,0,1,2,27.3,3825.5,40000.7,18200.7,67105.9,24.9,0,
2017-12-22 06:01:51,0,1,2,27.3,3826.4,40000.7,18200.7,67105.9,24.9,0,
2017-12-22 06:01:55,0,1,2,27.4,3827.2,40000.7,18267.4,67361.0,24.9,0,
2017-12-22 06:01:58,0,1,2,27.5,3827.9,40000.5,18334.0,67616.2,24.9,0,
2017-12-22 06:02:01,0,1,2,27.5,3828.7,40001.0,18334.0,67616.2,24.9,0,
2017-12-22 06:02:04,0,1,2,27.6,3829.5,40000.7,18400.7,67871.4,24.9,0,
2017-12-22 06:02:07,0,1,2,27.6,3830.0,40000.5,18400.7,67871.4,24.9,0,
2017-12-22 06:02:10,0,1,2,27.7,3830.8,40000.3,18467.4,68126.8,24.9,0,
2017-12-22 06:02:14,0,1,2,27.7,3831.6,40000.4,18467.4,68126.8,24.9,0,
2017-12-22 06:02:17,0,1,2,27.8,3832.6,40000.5,18534.0,68382.3,24.9,0,
2017-12-22 06:02:20,0,1,2,27.8,3833.1,40000.8,18534.0,68382.3,24.9,0,
2017-12-22 06:02:23,0,1,2,27.9,3833.9,40000.4,18600.7,68637.9,24.9,0,
2017-12-22 06:02:26,0,1,2,27.9,3834.6,40000.0,18600.7,68637.9,24.9,0,
2017-12-22 06:02:29,0,1,2,28.0,3835.5,40000.7,18667.4,68893.6,24.9,0,
2017-12-22 06:02:32,0,1,2,28.0,3836.4,40000.5,18667.4,68893.6,24.9,0,
2017-12-22 06:02:35,0,1,2,28.1,3836.9,40000.5,18734.0,69149.4,25.0,0,
2017-12-22 06:02:38,0,1,2,28.1,3837.7,40000.9,18734.0,69149.4,25.0,0,
2017-12-22 06:02:41,0,1,2,28.2,3838.5,40000.3,18800.7,69405.2,25.0,0,
2017-12-22 06:02:44,0,1,2,28.2,3839.2,40000.5,18800.7,69405.2,25.0,0,
2017-12-22 06:02:47,0,1,2,28.3,3840.0,40000.3,18867.4,69661.2,25.0,0,
2017-12-22 06:02:51,0,1,2,28.3,3840.8,40000.7,18867.4,69661.2,25.0,0,
2017-12-22 06:02:54,0,1,2,28.4,3841.7,40000.3,18934.0,69917.3,25.0,0,
2017-12-22 06:02:57,0,1,2,28.4,3842.4,40001.0,18934.0,69917.3,25.0,0,
2017-12-22 06:03:00,0,1,2,28.5,3843.3,40001.0,19000.7,70173.5,25.0,0,
2017-12-22 06:03:03,0,1,2,28.5,3844.0,40000.5,19000.7,70173.5,25.0,0,
2017-12-22 06:03:06,0,1,2,28.6,3844.8,40000.9,19067.4,70429.7,25.0,0,
2017-12-22 06:03:09,0,1,2,28.6,3845.5,40001.0,19067.4,70429.7,24.9,0,
2017-12-22 06:03:12,0,1,2,28.7,3846.5,40000.5,19134.0,70686.1,24.9,0,
2017-12-22 06:03:16,0,1,2,28.8,3847.1,40000.7,19200.7,70942.6,24.9,0,
2017-12-22 06:03:19,0,1,2,28.8,3848.1,40000.5,19200.7,70942.6,24.8,0,
2017-12-22 06:03:22,0,1,2,28.9,3848.8,40000.3,19267.4,71199.2,24.8,0,
2017-12-22 06:03:25,0,1,2,28.9,3849.7,40000.5,19267.4,71199.2,24.8,0,
2017-12-22 06:03:28,0,1,2,29.0,3850.5,40000.5,19334.0,71455.9,24.8,0,
2017-12-22 06:03:31,0,1,2,29.0,3851.3,40000.8,19334.0,71455.9,24.8,0,
2017-12-22 06:03:34,0,1,2,29.1,3852.1,40000.8,19400.7,71712.7,24.8,0,
2017-12-22 06:03:38,0,1,2,29.1,3852.9,40000.5,19400.7,71712.7,24.8,0,
2017-12-22 06:03:41,0,1,2,29.2,3853.9,40000.8,19467.4,71969.6,24.8,0,
2017-12-22 06:03:44,0,1,2,29.2,3854.7,40001.0,19467.4,71969.6,24.9,0,
2017-12-22 06:03:47,0,1,2,29.3,3855.4,40000.5,19534.1,72226.6,24.8,0,
2017-12-22 06:03:50,0,1,2,29.3,3856.2,40000.7,19534.1,72226.6,24.9,0,
2017-12-22 06:03:53,0,1,2,29.4,3857.0,40001.0,19600.7,72483.8,24.9,0,
2017-12-22 06:03:56,0,1,2,29.4,3858.0,40000.8,19600.7,72483.8,24.9,0,
2017-12-22 06:03:59,0,1,2,29.5,3858.9,40000.8,19667.4,72741.0,24.9,0,
2017-12-22 06:04:02,0,1,2,29.5,3859.5,40001.0,19667.4,72741.0,24.9,0,
2017-12-22 06:04:05,0,1,2,29.6,3860.5,40000.9,19734.1,72998.3,24.9,0,
2017-12-22 06:04:08,0,1,2,29.6,3861.3,40001.0,19734.1,72998.3,24.9,0,
2017-12-22 06:04:12,0,1,2,29.7,3862.1,40000.8,19800.7,73255.8,24.9,0,
2017-12-22 06:04:15,0,1,2,29.7,3863.0,40000.3,19800.7,73255.8,24.9,0,
2017-12-22 06:04:18,0,1,2,29.8,3863.9,40000.8,19867.4,73513.3,24.9,0,
2017-12-22 06:04:21,0,1,2,29.8,3864.8,40000.8,19867.4,73513.3,25.0,0,
2017-12-22 06:04:24,0,1,2,29.9,3865.6,40000.8,19934.1,73771.0,25.0,0,
2017-12-22 06:04:27,0,1,2,30.0,3866.5,40000.8,20000.7,74028.8,25.0,0,
2017-12-22 06:04:30,0,1,2,30.0,3867.4,40001.1,20000.7,74028.8,25.0,0,
2017-12-22 06:04:34,0,1,2,30.1,3868.3,40000.8,20067.4,74286.7,25.0,0,
2017-12-22 06:04:37,0,1,2,30.1,3869.0,40001.0,20067.4,74286.7,25.0,0,
2017-12-22 06:04:40,0,1,2,30.2,3869.9,40000.8,20134.1,74544.7,25.0,0,
2017-12-22 06:04:43,0,1,2,30.2,3870.8,40000.5,20134.1,74544.7,25.0,0,
2017-12-22 06:04:46,0,1,2,30.3,3871.7,40000.8,20200.7,74802.8,25.0,0,
2017-12-22 06:04:49,0,1,2,30.3,3872.5,40000.5,20200.7,74802.8,25.0,0,
2017-12-22 06:04:52,0,1,2,30.4,3873.3,40000.7,20267.4,75061.0,25.0,0,
2017-12-22 06:04:55,0,1,2,30.4,3874.2,40000.8,20267.4,75061.0,25.0,0,
2017-12-22 06:04:58,0,1,2,30.5,3875.2,40000.9,20334.1,75319.4,25.0,0,
2017-12-22 06:05:01,0,1,2,30.5,3876.1,40000.8,20334.1,75319.4,25.0,0,
2017-12-22 06:05:05,0,1,2,30.6,3876.9,40001.0,20400.8,75577.8,25.0,0,
2017-12-22 06:05:08,0,1,2,30.6,3878.0,40001.0,20400.8,75577.8,24.9,0,
2017-12-22 06:05:11,0,1,2,30.7,3878.8,40001.2,20467.4,75836.4,24.9,0,
2017-12-22 06:05:14,0,1,2,30.7,3879.7,40001.4,20467.4,75836.4,25.0,0,
2017-12-22 06:05:17,0,1,2,30.8,3880.7,40001.4,20534.1,76095.1,24.9,0,
2017-12-22 06:05:20,0,1,2,30.8,3881.5,40001.2,20534.1,76095.1,24.9,0,
2017-12-22 06:05:24,0,1,2,30.9,3882.4,40001.3,20600.8,76353.9,25.0,0,
2017-12-22 06:05:27,0,1,2,30.9,3883.2,40001.0,20600.8,76353.9,25.0,0,
2017-12-22 06:05:30,0,1,2,31.0,3884.3,40000.9,20667.4,76612.8,25.0,0,
2017-12-22 06:05:33,0,1,2,31.0,3885.1,40001.0,20667.4,76612.8,25.0,0,
2017-12-22 06:05:36,0,1,2,31.1,3886.0,40000.9,20734.1,76871.8,25.0,0,
2017-12-22 06:05:39,0,1,2,31.1,3886.9,40001.0,20734.1,76871.8,25.0,0,
2017-12-22 06:05:42,0,1,2,31.2,3887.9,40000.7,20800.8,77131.0,25.0,0,
2017-12-22 06:05:45,0,1,2,31.2,3888.8,40001.3,20800.8,77131.0,25.0,0,
2017-12-22 06:05:48,0,1,2,31.3,3889.8,40000.9,20867.4,77390.3,24.9,0,
2017-12-22 06:05:51,0,1,2,31.4,3890.7,40000.9,20934.1,77649.7,25.0,0,
2017-12-22 06:05:54,0,1,2,31.4,3891.6,40001.0,20934.1,77649.7,24.9,0,
2017-12-22 06:05:57,0,1,2,31.5,3892.6,40000.9,21000.8,77909.2,24.9,0,
2017-12-22 06:06:01,0,1,2,31.5,3893.5,40001.2,21000.8,77909.2,25.0,0,
2017-12-22 06:06:04,0,1,2,31.6,3894.4,40000.8,21067.5,78168.8,24.9,0,
2017-12-22 06:06:07,0,1,2,31.6,3895.2,40002.1,21067.5,78168.8,25.0,0,
2017-12-22 06:06:10,0,1,2,31.7,3896.1,40002.5,21134.1,78428.6,25.0,0,
2017-12-22 06:06:13,0,1,2,31.7,3897.2,40002.1,21134.1,78428.6,25.0,0,
2017-12-22 06:06:16,0,1,2,31.8,3898.1,40002.4,21200.8,78688.4,25.0,0,
2017-12-22 06:06:19,0,1,2,31.8,3898.9,40002.5,21200.8,78688.4,25.0,0,
2017-12-22 06:06:22,0,1,2,31.9,3900.0,40001.8,21267.5,78948.4,25.0,0,
2017-12-22 06:06:25,0,1,2,31.9,3900.0,38913.2,21267.5,78948.4,25.0,0,
2017-12-22 06:06:29,0,1,2,32.0,3900.1,37835.8,21331.0,79196.2,25.0,0,
2017-12-22 06:06:32,0,1,2,32.0,3900.0,36917.8,21331.0,79196.2,25.0,0,
2017-12-22 06:06:35,0,1,2,32.1,3900.0,36074.2,21391.7,79433.1,25.0,0,
2017-12-22 06:06:38,0,1,2,32.1,3900.1,35358.5,21391.7,79433.1,25.0,0,
2017-12-22 06:06:41,0,1,2,32.2,3900.1,34657.0,21450.1,79660.7,25.0,0,
2017-12-22 06:06:44,0,1,2,32.2,3900.0,33885.8,21450.1,79660.7,25.0,0,
2017-12-22 06:06:47,0,1,2,32.3,3900.0,33212.9,21506.2,79879.3,25.0,0,
2017-12-22 06:06:50,0,1,2,32.3,3900.0,32635.0,21506.2,79879.3,25.0,0,
2017-12-22 06:06:53,0,1,2,32.4,3899.9,32065.6,21560.3,80090.4,25.0,0,
2017-12-22 06:06:56,0,1,2,32.4,3900.0,31508.1,21560.3,80090.4,25.0,0,
2017-12-22 06:07:00,0,1,2,32.5,3900.1,30959.5,21612.6,80294.3,25.0,0,
2017-12-22 06:07:03,0,1,2,32.5,3900.0,30420.5,21612.6,80294.3,25.0,0,
2017-12-22 06:07:06,0,1,2,32.6,3900.0,29892.2,21663.0,80491.1,25.0,0,
2017-12-22 06:07:09,0,1,2,32.6,3900.1,29297.1,21663.0,80491.1,25.0,0,
2017-12-22 06:07:12,0,1,2,32.7,3899.9,28859.6,21711.7,80681.1,25.0,0,
2017-12-22 06:07:16,0,1,2,32.8,3900.0,28232.1,21758.9,80865.0,25.0,0,
2017-12-22 06:07:19,0,1,2,32.8,3899.9,27794.9,21758.9,80865.0,25.0,0,
2017-12-22 06:07:22,0,1,2,32.9,3900.0,27258.0,21804.5,81042.9,25.0,0,
2017-12-22 06:07:25,0,1,2,32.9,3900.1,26782.9,21804.5,81042.9,25.0,0,
2017-12-22 06:07:28,0,1,2,33.0,3900.0,26434.4,21848.7,81215.2,25.0,0,
2017-12-22 06:07:32,0,1,2,33.0,3899.9,25846.9,21848.7,81215.2,25.0,0,
2017-12-22 06:07:35,0,1,2,33.1,3900.1,25471.7,21891.4,81381.9,25.0,0,
2017-12-22 06:07:38,0,1,2,33.1,3900.2,25091.6,21891.4,81381.9,25.0,0,
2017-12-22 06:07:41,0,1,2,33.2,3900.0,24518.4,21932.7,81543.0,25.0,0,
2017-12-22 06:07:44,0,1,2,33.2,3900.1,24031.9,21932.7,81543.0,25.0,0,
2017-12-22 06:07:48,0,1,2,33.3,3900.1,23731.5,21972.7,81698.8,25.0,0,
2017-12-22 06:07:51,0,1,2,33.3,3900.1,23318.7,21972.7,81698.8,25.0,0,
2017-12-22 06:07:54,0,1,2,33.4,3899.9,22868.5,22011.4,81849.6,25.0,0,
2017-12-22 06:07:57,0,1,2,33.4,3899.9,22460.1,22011.4,81849.6,24.9,0,
2017-12-22 06:08:00,0,1,2,33.5,3899.9,22178.0,22048.7,81995.3,24.9,0,
2017-12-22 06:08:03,0,1,2,33.5,3900.1,21847.8,22048.7,81995.3,24.9,0,
2017-12-22 06:08:06,0,1,2,33.6,3900.1,21477.4,22085.0,82137.0,24.9,0,
2017-12-22 06:08:09,0,1,2,33.7,3900.0,21041.3,22120.1,82273.7,24.9,0,
2017-12-22 06:08:12,0,1,2,33.7,3899.8,20675.3,22120.1,82273.7,24.9,0,
2017-12-22 06:08:16,0,1,2,33.8,3899.9,20417.3,22154.1,82406.4,24.9,0,
2017-12-22 06:08:19,0,1,2,33.8,3900.0,20072.9,22154.1,82406.4,24.9,0,
2017-12-22 06:08:22,0,1,2,33.9,3900.0,19626.7,22187.0,82534.7,24.9,0,
2017-12-22 06:08:25,0,1,2,33.9,3899.9,19369.7,22187.0,82534.7,24.9,0,
2017-12-22 06:08:28,0,1,2,34.0,3900.0,19083.1,22219.0,82659.3,24.8,0,
2017-12-22 06:08:31,0,1,2,34.0,3900.0,18749.7,22219.0,82659.3,24.8,0,
2017-12-22 06:08:34,0,1,2,34.1,3900.0,18433.7,22249.8,82779.4,24.9,0,
2017-12-22 06:08:38,0,1,2,34.1,3899.9,18147.4,22249.8,82779.4,24.9,0,
2017-12-22 06:08:41,0,1,2,34.2,3900.0,17843.1,22279.7,82896.2,24.9,0,
2017-12-22 06:08:44,0,1,2,34.2,3899.9,17611.0,22279.7,82896.2,24.9,0,
2017-12-22 06:08:47,0,1,2,34.3,3900.1,17270.1,22308.8,83009.5,24.9,0,
2017-12-22 06:08:50,0,1,2,34.3,3900.1,17045.0,22308.8,83009.5,24.9,0,
2017-12-22 06:08:53,0,1,2,34.4,3900.0,16792.0,22336.8,83118.9,24.9,0,
2017-12-22 06:08:56,0,1,2,34.4,3900.1,16540.2,22336.8,83118.9,25.0,0,
2017-12-22 06:09:00,0,1,2,34.5,3900.0,16219.8,22364.1,83225.3,25.0,0,
2017-12-22 06:09:03,0,1,2,34.5,3900.1,15969.9,22364.1,83225.3,25.0,0,
2017-12-22 06:09:06,0,1,2,34.6,3900.0,15614.1,22390.5,83328.1,25.0,0,
2017-12-22 06:09:09,0,1,2,34.6,3900.0,15389.1,22390.5,83328.1,25.0,0,
2017-12-22 06:09:12,0,1,2,34.7,3900.0,15076.4,22416.1,83427.9,25.0,0,
2017-12-22 06:09:16,0,1,2,34.8,3900.0,14895.1,22440.9,83524.9,24.9,0,
2017-12-22 06:09:19,0,1,2,34.8,3899.9,14593.5,22440.9,83524.9,24.9,0,
2017-12-22 06:09:22,0,1,2,34.9,3900.1,14346.7,22464.9,83618.3,24.9,0,
2017-12-22 06:09:25,0,1,2,34.9,3900.0,14096.6,22464.9,83618.3,24.9,0,
2017-12-22 06:09:28,0,1,2,35.0,3900.0,13912.5,22488.1,83709.0,24.9,0,
2017-12-22 06:09:31,0,1,2,35.0,3900.1,13739.9,22488.1,83709.0,24.9,0,
2017-12-22 06:09:34,0,1,2,35.1,3899.9,13467.0,22510.6,83796.6,24.9,0,
2017-12-22 06:09:38,0,1,2,35.1,3899.9,13272.2,22510.6,83796.6,24.9,0,
2017-12-22 06:09:41,0,1,2,35.2,3899.9,13035.1,22532.5,83882.0,24.9,0,
2017-12-22 06:09:44,0,1,2,35.2,3900.0,12878.1,22532.5,83882.0,24.8,0,
2017-12-22 06:09:47,0,1,2,35.3,3899.9,12585.7,22553.7,83964.6,24.9,0,
2017-12-22 06:09:50,0,1,2,35.3,3900.0,12458.4,22553.7,83964.6,24.8,0,
2017-12-22 06:09:53,0,1,2,35.4,3900.1,12248.3,22574.4,84045.4,24.9,0,
2017-12-22 06:09:57,0,1,2,35.4,3900.1,12028.1,22574.4,84045.4,24.9,0,
2017-12-22 06:10:00,0,1,2,35.5,3900.0,11847.9,22594.3,84123.2,24.8,0,
2017-12-22 06:10:03,0,1,2,35.5,3900.0,11699.9,22594.3,84123.2,24.9,0,
2017-12-22 06:10:06,0,1,2,35.6,3899.9,11467.9,22613.8,84199.1,24.8,0,
2017-12-22 06:10:09,0,1,2,35.6,3900.0,11326.3,22613.8,84199.1,24.9,0,
2017-12-22 06:10:13,0,1,2,35.7,3900.1,11099.5,22632.7,84272.7,24.8,0,
2017-12-22 06:10:15,0,1,2,35.8,3900.0,10961.5,22650.9,84343.9,24.8,0,
2017-12-22 06:10:18,0,1,2,35.8,3900.0,10747.7,22650.9,84343.9,24.8,0,
2017-12-22 06:10:22,0,1,2,35.9,3900.1,10611.7,22668.7,84413.1,24.8,0,
2017-12-22 06:10:25,0,1,2,35.9,3899.9,10448.9,22668.7,84413.1,24.8,0,
2017-12-22 06:10:28,0,1,2,36.0,3900.0,10292.0,22685.8,84480.0,24.8,0,
2017-12-22 06:10:31,0,1,2,36.0,3900.1,10189.2,22685.8,84480.0,24.8,0,
2017-12-22 06:10:34,0,1,2,36.1,3900.0,10038.3,22702.6,84545.4,24.8,0,
2017-12-22 06:10:35,0,1,2,36.1,3900.1,9966.7,22702.6,84545.4,24.8,5,终止电流到
2017-12-22 06:10:37,0,1,2,36.1,3892.1,1.1,22702.6,84545.4,24.8,5,终止电流到
2017-12-22 06:10:40,0,1,2,36.2,3891.0,3.0,22702.6,84545.4,24.8,5,终止电流到
2017-12-22 06:10:43,0,1,2,36.2,3890.2,1.0,22702.6,84545.4,24.8,5,终止电流到
2017-12-22 06:10:46,0,1,2,36.3,3889.6,0.6,22702.6,84545.4,24.8,5,终止电流到
2017-12-22 06:10:50,0,1,2,36.3,3889.0,0.9,22702.6,84545.4,24.8,5,终止电流到
2017-12-22 06:10:53,0,1,2,36.4,3888.5,0.7,22702.6,84545.4,24.8,5,终止电流到
2017-12-22 06:10:56,0,1,2,36.4,3888.0,0.5,22702.6,84545.4,24.8,5,终止电流到
2017-12-22 06:10:59,0,1,2,36.5,3887.7,0.6,22702.6,84545.4,24.8,5,终止电流到
2017-12-22 06:11:02,0,1,2,36.5,3887.5,2.5,22702.6,84545.4,24.8,5,终止电流到
2017-12-22 06:11:07,0,2,3,0.0,3886.9,0,0.0,0.0,24.8,0,
2017-12-22 06:11:30,0,2,3,0.4,3885.8,21.5,0.0,0.0,24.8,0,
2017-12-22 06:11:33,0,2,3,0.4,3885.6,21.9,0.0,0.0,24.7,0,
2017-12-22 06:11:36,0,2,3,0.5,3885.6,23.6,0.0,0.0,24.7,0,
2017-12-22 06:11:39,0,2,3,0.5,3885.3,21.5,0.0,0.0,24.8,0,
2017-12-22 06:11:42,0,2,3,0.6,3885.3,21.5,0.0,0.0,24.8,0,
2017-12-22 06:11:45,0,2,3,0.6,3885.1,23.0,0.0,0.0,24.8,0,
2017-12-22 06:11:49,0,2,3,0.7,3885.0,21.6,0.0,0.0,24.8,0,
2017-12-22 06:11:52,0,2,3,0.7,3885.0,20.8,0.0,0.0,24.8,0,
2017-12-22 06:11:55,0,2,3,0.8,3884.9,23.0,0.0,0.0,24.8,0,
2017-12-22 06:11:58,0,2,3,0.8,3884.8,23.3,0.0,0.0,24.8,0,
2017-12-22 06:12:01,0,2,3,0.9,3884.8,20.9,0.0,0.0,24.8,0,
2017-12-22 06:12:04,0,2,3,0.9,3884.5,22.9,0.0,0.0,24.8,0,
2017-12-22 06:12:07,0,2,3,1.0,3884.6,21.2,0.0,0.0,24.7,0,
2017-12-22 06:12:08,0,2,3,1.0,3884.3,20.8,0.0,0.0,24.8,1,时间到
2017-12-22 06:12:12,0,3,4,0.0,3884.2,0,0.0,0.0,24.8,0,
2017-12-22 06:12:34,0,3,4,0.4,3834.3,-40001.3,266.7,1025.0,24.7,0,
2017-12-22 06:12:38,0,3,4,0.4,3831.8,-40000.8,266.7,1025.0,24.8,0,
2017-12-22 06:12:41,0,3,4,0.5,3829.6,-40001.7,333.4,1280.4,24.8,0,
2017-12-22 06:12:44,0,3,4,0.5,3827.4,-40001.0,333.4,1280.4,24.7,0,
2017-12-22 06:12:47,0,3,4,0.6,3825.3,-40001.5,400.0,1535.5,24.7,0,
2017-12-22 06:12:50,0,3,4,0.6,3823.3,-40001.7,400.0,1535.5,24.7,0,
2017-12-22 06:12:53,0,3,4,0.7,3821.5,-40001.5,466.7,1790.3,24.8,0,
2017-12-22 06:12:56,0,3,4,0.7,3819.7,-40001.8,466.7,1790.3,24.8,0,
2017-12-22 06:13:00,0,3,4,0.8,3818.2,-40001.7,533.4,2044.9,24.8,0,
2017-12-22 06:13:03,0,3,4,0.8,3816.5,-40002.3,533.4,2044.9,24.8,0,
2017-12-22 06:13:06,0,3,4,0.9,3814.9,-40001.8,600.0,2299.3,24.8,0,
2017-12-22 06:13:09,0,3,4,0.9,3813.3,-40001.3,600.0,2299.3,24.8,0,
2017-12-22 06:13:12,0,3,4,1.0,3812.0,-39999.0,666.7,2553.5,24.8,0,
2017-12-22 06:13:15,0,3,4,1.0,3810.3,-39998.3,666.7,2553.5,24.8,0,
2017-12-22 06:13:18,0,3,4,1.1,3808.9,-39999.7,733.4,2807.5,24.8,0,
2017-12-22 06:13:22,0,3,4,1.1,3807.4,-39999.8,733.4,2807.5,24.8,0,
2017-12-22 06:13:25,0,3,4,1.2,3806.0,-39999.1,800.0,3061.3,24.8,0,
2017-12-22 06:13:28,0,3,4,1.2,3804.6,-39998.8,800.0,3061.3,24.7,0,
2017-12-22 06:13:31,0,3,4,1.3,3803.2,-39999.9,866.7,3314.9,24.8,0,
2017-12-22 06:13:34,0,3,4,1.3,3801.7,-39999.2,866.7,3314.9,24.8,0,
2017-12-22 06:13:37,0,3,4,1.4,3800.4,-40000.2,933.4,3568.4,24.8,0,
2017-12-22 06:13:40,0,3,4,1.5,3799.0,-39999.0,1000.0,3821.6,24.8,0,
2017-12-22 06:13:44,0,3,4,1.5,3797.8,-39998.7,1000.0,3821.6,24.8,0,
2017-12-22 06:13:47,0,3,4,1.6,3796.3,-39999.2,1066.7,4074.7,24.8,0,
2017-12-22 06:13:50,0,3,4,1.6,3795.1,-39998.8,1066.7,4074.7,24.8,0,
2017-12-22 06:13:53,0,3,4,1.7,3793.6,-39999.0,1133.4,4327.7,24.8,0,
2017-12-22 06:13:56,0,3,4,1.7,3792.3,-39999.5,1133.4,4327.7,24.7,0,
2017-12-22 06:14:00,0,3,4,1.8,3790.8,-39999.1,1200.0,4580.4,24.7,0,
2017-12-22 06:14:03,0,3,4,1.8,3789.5,-39999.5,1200.0,4580.4,24.8,0,
2017-12-22 06:14:06,0,3,4,1.9,3788.3,-39999.2,1266.7,4833.0,24.8,0,
2017-12-22 06:14:09,0,3,4,1.9,3786.8,-39999.9,1266.7,4833.0,24.8,0,
2017-12-22 06:14:12,0,3,4,2.0,3785.5,-39999.5,1333.4,5085.4,24.8,0,
2017-12-22 06:14:15,0,3,4,2.0,3784.2,-39999.3,1333.4,5085.4,24.7,0,
2017-12-22 06:14:18,0,3,4,2.1,3783.0,-39999.3,1400.0,5337.6,24.8,0,
2017-12-22 06:14:22,0,3,4,2.1,3781.7,-39999.8,1400.0,5337.6,24.7,0,
2017-12-22 06:14:25,0,3,4,2.2,3780.2,-39998.3,1466.7,5589.7,24.7,0,
2017-12-22 06:14:28,0,3,4,2.2,3779.1,-39999.8,1466.7,5589.7,24.8,0,
2017-12-22 06:14:31,0,3,4,2.3,3777.6,-39999.7,1533.3,5841.6,24.8,0,
2017-12-22 06:14:34,0,3,4,2.3,3776.4,-39999.0,1533.3,5841.6,24.8,0,
2017-12-22 06:14:37,0,3,4,2.4,3775.2,-39998.6,1600.0,6093.3,24.8,0,
2017-12-22 06:14:40,0,3,4,2.5,3773.8,-39998.7,1666.7,6344.9,24.8,0,
2017-12-22 06:14:44,0,3,4,2.5,3772.4,-39998.4,1666.7,6344.9,24.8,0,
2017-12-22 06:14:47,0,3,4,2.6,3771.1,-39998.6,1733.3,6596.3,24.8,0,
2017-12-22 06:14:50,0,3,4,2.6,3770.0,-39998.3,1733.3,6596.3,24.8,0,
2017-12-22 06:14:53,0,3,4,2.7,3768.7,-39998.9,1800.0,6847.6,24.8,0,
2017-12-22 06:14:56,0,3,4,2.7,3767.3,-39998.5,1800.0,6847.6,24.8,0,
2017-12-22 06:14:59,0,3,4,2.8,3766.0,-39999.2,1866.7,7098.6,24.8,0,
2017-12-22 06:15:02,0,3,4,2.8,3764.9,-39998.6,1866.7,7098.6,24.8,0,
2017-12-22 06:15:06,0,3,4,2.9,3763.6,-39998.2,1933.3,7349.6,24.8,0,
2017-12-22 06:15:09,0,3,4,2.9,3762.4,-39998.7,1933.3,7349.6,24.8,0,
2017-12-22 06:15:12,0,3,4,3.0,3761.1,-39998.2,2000.0,7600.3,24.8,0,
2017-12-22 06:15:15,0,3,4,3.0,3759.7,-39998.7,2000.0,7600.3,24.8,0,
2017-12-22 06:15:18,0,3,4,3.1,3758.6,-39999.2,2066.6,7850.9,24.8,0,
2017-12-22 06:15:21,0,3,4,3.1,3757.3,-39998.4,2066.6,7850.9,24.8,0,
2017-12-22 06:15:24,0,3,4,3.2,3756.1,-39998.7,2133.3,8101.4,24.8,0,
2017-12-22 06:15:28,0,3,4,3.2,3754.8,-39998.8,2133.3,8101.4,24.8,0,
2017-12-22 06:15:31,0,3,4,3.3,3753.6,-39998.9,2200.0,8351.7,24.8,0,
2017-12-22 06:15:34,0,3,4,3.3,3752.4,-39999.0,2200.0,8351.7,24.7,0,
2017-12-22 06:15:37,0,3,4,3.4,3751.1,-39999.0,2266.6,8601.8,24.8,0,
2017-12-22 06:15:40,0,3,4,3.4,3750.0,-39998.8,2266.6,8601.8,24.8,0,
2017-12-22 06:15:43,0,3,4,3.5,3748.7,-39999.3,2333.3,8851.8,24.8,0,
2017-12-22 06:15:46,0,3,4,3.6,3747.5,-40000.2,2400.0,9101.6,24.8,0,
2017-12-22 06:15:49,0,3,4,3.6,3746.4,-39999.1,2400.0,9101.6,24.8,0,
2017-12-22 06:15:53,0,3,4,3.7,3745.2,-39999.6,2466.6,9351.3,24.8,0,
2017-12-22 06:15:56,0,3,4,3.7,3744.0,-39998.0,2466.6,9351.3,24.8,0,
2017-12-22 06:15:59,0,3,4,3.8,3742.8,-39999.5,2533.3,9600.8,24.8,0,
2017-12-22 06:16:02,0,3,4,3.8,3741.9,-39998.0,2533.3,9600.8,24.8,0,
2017-12-22 06:16:05,0,3,4,3.9,3740.7,-39999.1,2600.0,9850.2,24.8,0,
2017-12-22 06:16:08,0,3,4,3.9,3739.5,-39999.3,2600.0,9850.2,24.8,0,
2017-12-22 06:16:11,0,3,4,4.0,3738.3,-39999.4,2666.6,10099.4,24.8,0,
2017-12-22 06:16:15,0,3,4,4.0,3737.2,-39998.4,2666.6,10099.4,24.8,0,
2017-12-22 06:16:18,0,3,4,4.1,3736.1,-39998.7,2733.3,10348.5,24.8,0,
2017-12-22 06:16:21,0,3,4,4.1,3734.8,-39999.0,2733.3,10348.5,24.7,0,
2017-12-22 06:16:24,0,3,4,4.2,3733.9,-39998.6,2799.9,10597.5,24.8,0,
2017-12-22 06:16:27,0,3,4,4.2,3732.6,-39998.5,2799.9,10597.5,24.8,0,
2017-12-22 06:16:30,0,3,4,4.3,3731.6,-39998.3,2866.6,10846.3,24.8,0,
2017-12-22 06:16:33,0,3,4,4.3,3730.6,-39998.5,2866.6,10846.3,24.8,0,
2017-12-22 06:16:37,0,3,4,4.4,3729.6,-39998.4,2933.3,11094.9,24.8,0,
2017-12-22 06:16:40,0,3,4,4.4,3728.3,-39998.7,2933.3,11094.9,24.8,0,
2017-12-22 06:16:43,0,3,4,4.5,3727.3,-39999.0,2999.9,11343.5,24.8,0,
2017-12-22 06:16:46,0,3,4,4.5,3726.3,-39999.3,2999.9,11343.5,24.8,0,
2017-12-22 06:16:49,0,3,4,4.6,3725.4,-39999.2,3066.6,11591.9,24.8,0,
2017-12-22 06:16:52,0,3,4,4.6,3724.2,-39998.9,3066.6,11591.9,24.8,0,
2017-12-22 06:16:55,0,3,4,4.7,3723.2,-39998.9,3133.2,11840.1,24.8,0,
2017-12-22 06:16:58,0,3,4,4.8,3722.3,-39999.0,3199.9,12088.3,24.8,0,
2017-12-22 06:17:02,0,3,4,4.8,3721.2,-39998.4,3199.9,12088.3,24.8,0,
2017-12-22 06:17:05,0,3,4,4.9,3720.2,-39999.0,3266.6,12336.3,24.8,0,
2017-12-22 06:17:08,0,3,4,4.9,3719.3,-39998.5,3266.6,12336.3,24.8,0,
2017-12-22 06:17:11,0,3,4,5.0,3718.2,-39998.2,3333.2,12584.1,24.7,0,
2017-12-22 06:17:14,0,3,4,5.0,3717.2,-39998.7,3333.2,12584.1,24.7,0,
2017-12-22 06:17:17,0,3,4,5.1,3716.3,-39999.1,3399.9,12831.9,24.8,0,
2017-12-22 06:17:20,0,3,4,5.1,3715.2,-39999.0,3399.9,12831.9,24.7,0,
2017-12-22 06:17:24,0,3,4,5.2,3714.4,-39998.9,3466.6,13079.5,24.7,0,
2017-12-22 06:17:27,0,3,4,5.2,3713.5,-39998.7,3466.6,13079.5,24.7,0,
2017-12-22 06:17:30,0,3,4,5.3,3712.4,-39998.8,3533.2,13327.0,24.7,0,
2017-12-22 06:17:33,0,3,4,5.3,3711.6,-39998.8,3533.2,13327.0,24.7,0,
2017-12-22 06:17:36,0,3,4,5.4,3710.7,-39998.8,3599.9,13574.5,24.7,0,
2017-12-22 06:17:39,0,3,4,5.4,3709.7,-39998.5,3599.9,13574.5,24.7,0,
2017-12-22 06:17:42,0,3,4,5.5,3708.8,-39999.0,3666.5,13821.7,24.7,0,
2017-12-22 06:17:46,0,3,4,5.5,3707.9,-39998.7,3666.5,13821.7,24.7,0,
2017-12-22 06:17:49,0,3,4,5.6,3707.0,-39998.6,3733.2,14068.9,24.7,0,
2017-12-22 06:17:52,0,3,4,5.6,3706.1,-39998.8,3733.2,14068.9,24.7,0,
2017-12-22 06:17:55,0,3,4,5.7,3705.2,-39999.1,3799.9,14315.9,24.7,0,
2017-12-22 06:17:58,0,3,4,5.7,3704.3,-39998.5,3799.9,14315.9,24.7,0,
2017-12-22 06:18:01,0,3,4,5.8,3703.4,-39998.8,3866.5,14562.9,24.7,0,
2017-12-22 06:18:04,0,3,4,5.9,3702.6,-39999.0,3933.2,14809.7,24.7,0,
2017-12-22 06:18:07,0,3,4,5.9,3701.7,-39999.2,3933.2,14809.7,24.6,0,
2017-12-22 06:18:11,0,3,4,6.0,3700.9,-39998.7,3999.9,15056.4,24.7,0,
2017-12-22 06:18:14,0,3,4,6.0,3700.0,-39999.3,3999.9,15056.4,24.7,0,
2017-12-22 06:18:17,0,3,4,6.1,3699.1,-39999.0,4066.5,15303.0,24.7,0,
2017-12-22 06:18:20,0,3,4,6.1,3698.3,-39999.0,4066.5,15303.0,24.6,0,
2017-12-22 06:18:23,0,3,4,6.2,3697.3,-39998.9,4133.2,15549.5,24.7,0,
2017-12-22 06:18:26,0,3,4,6.2,3696.5,-39998.8,4133.2,15549.5,24.6,0,
2017-12-22 06:18:29,0,3,4,6.3,3695.7,-39998.8,4199.9,15795.9,24.7,0,
2017-12-22 06:18:33,0,3,4,6.3,3694.9,-39998.9,4199.9,15795.9,24.7,0,
2017-12-22 06:18:36,0,3,4,6.4,3693.9,-39999.5,4266.5,16042.1,24.7,0,
2017-12-22 06:18:39,0,3,4,6.4,3693.3,-39999.0,4266.5,16042.1,24.6,0,
2017-12-22 06:18:42,0,3,4,6.5,3692.3,-39998.7,4333.2,16288.3,24.7,0,
2017-12-22 06:18:45,0,3,4,6.5,3691.6,-39998.5,4333.2,16288.3,24.7,0,
2017-12-22 06:18:48,0,3,4,6.6,3690.8,-39998.6,4399.8,16534.4,24.6,0,
2017-12-22 06:18:51,0,3,4,6.6,3690.1,-39999.1,4399.8,16534.4,24.6,0,
2017-12-22 06:18:54,0,3,4,6.7,3689.1,-39998.4,4466.5,16780.3,24.6,0,
2017-12-22 06:18:58,0,3,4,6.7,3688.4,-39999.0,4466.5,16780.3,24.6,0,
2017-12-22 06:19:01,0,3,4,6.8,3687.4,-39998.7,4533.2,17026.2,24.6,0,
2017-12-22 06:19:04,0,3,4,6.8,3686.8,-39998.7,4533.2,17026.2,24.6,0,
2017-12-22 06:19:07,0,3,4,6.9,3686.0,-39998.6,4599.8,17271.9,24.6,0,
2017-12-22 06:19:10,0,3,4,7.0,3685.2,-39998.9,4666.5,17517.6,24.6,0,
2017-12-22 06:19:13,0,3,4,7.0,3684.2,-39998.7,4666.5,17517.6,24.6,0,
2017-12-22 06:19:17,0,3,4,7.1,3683.5,-39998.7,4733.2,17763.2,24.6,0,
2017-12-22 06:19:20,0,3,4,7.1,3682.9,-39998.7,4733.2,17763.2,24.6,0,
2017-12-22 06:19:23,0,3,4,7.2,3682.1,-39998.4,4799.8,18008.6,24.6,0,
2017-12-22 06:19:26,0,3,4,7.2,3681.4,-39998.5,4799.8,18008.6,24.6,0,
2017-12-22 06:19:29,0,3,4,7.3,3680.5,-39998.9,4866.5,18254.0,24.6,0,
2017-12-22 06:19:32,0,3,4,7.3,3679.7,-39998.8,4866.5,18254.0,24.7,0,
2017-12-22 06:19:35,0,3,4,7.4,3679.0,-39998.2,4933.1,18499.3,24.7,0,
2017-12-22 06:19:38,0,3,4,7.4,3678.4,-39998.5,4933.1,18499.3,24.6,0,
2017-12-22 06:19:41,0,3,4,7.5,3677.6,-39998.5,4999.8,18744.4,24.6,0,
2017-12-22 06:19:45,0,3,4,7.5,3677.0,-39998.7,4999.8,18744.4,24.7,0,
2017-12-22 06:19:48,0,3,4,7.6,3676.2,-39998.6,5066.5,18989.5,24.7,0,
2017-12-22 06:19:51,0,3,4,7.6,3675.3,-39998.3,5066.5,18989.5,24.7,0,
2017-12-22 06:19:54,0,3,4,7.7,3674.6,-39998.8,5133.1,19234.5,24.7,0,
2017-12-22 06:19:57,0,3,4,7.7,3674.0,-39998.5,5133.1,19234.5,24.7,0,
2017-12-22 06:20:00,0,3,4,7.8,3673.2,-39998.9,5199.8,19479.4,24.7,0,
2017-12-22 06:20:03,0,3,4,7.8,3672.5,-39998.9,5199.8,19479.4,24.7,0,
2017-12-22 06:20:07,0,3,4,7.9,3671.6,-39998.2,5266.4,19724.2,24.7,0,
2017-12-22 06:20:10,0,3,4,7.9,3671.0,-39998.5,5266.4,19724.2,24.7,0,
2017-12-22 06:20:13,0,3,4,8.0,3670.1,-39998.7,5333.1,19968.9,24.7,0,
2017-12-22 06:20:16,0,3,4,8.1,3669.6,-39999.0,5399.8,20213.5,24.7,0,
2017-12-22 06:20:19,0,3,4,8.1,3668.7,-39998.8,5399.8,20213.5,24.7,0,
2017-12-22 06:20:23,0,3,4,8.2,3668.0,-39998.8,5466.4,20458.1,24.8,0,
2017-12-22 06:20:26,0,3,4,8.2,3667.4,-39998.7,5466.4,20458.1,24.7,0,
2017-12-22 06:20:29,0,3,4,8.3,3666.7,-39999.1,5533.1,20702.5,24.7,0,
2017-12-22 06:20:32,0,3,4,8.3,3665.9,-39998.9,5533.1,20702.5,24.7,0,
2017-12-22 06:20:35,0,3,4,8.4,3665.3,-39998.7,5599.8,20946.9,24.7,0,
2017-12-22 06:20:38,0,3,4,8.4,3664.6,-39999.0,5599.8,20946.9,24.7,0,
2017-12-22 06:20:41,0,3,4,8.5,3663.9,-39998.7,5666.4,21191.1,24.7,0,
2017-12-22 06:20:45,0,3,4,8.5,3663.2,-39998.2,5666.4,21191.1,24.7,0,
2017-12-22 06:20:48,0,3,4,8.6,3662.6,-39999.0,5733.1,21435.3,24.7,0,
2017-12-22 06:20:51,0,3,4,8.6,3661.9,-39998.6,5733.1,21435.3,24.7,0,
2017-12-22 06:20:54,0,3,4,8.7,3661.1,-39998.7,5799.8,21679.4,24.6,0,
2017-12-22 06:20:57,0,3,4,8.7,3660.5,-39999.2,5799.8,21679.4,24.7,0,
2017-12-22 06:21:00,0,3,4,8.8,3659.9,-39999.0,5866.4,21923.4,24.7,0,
2017-12-22 06:21:03,0,3,4,8.8,3659.1,-39999.5,5866.4,21923.4,24.7,0,
2017-12-22 06:21:06,0,3,4,8.9,3658.5,-39999.1,5933.1,22167.3,24.7,0,
2017-12-22 06:21:10,0,3,4,8.9,3657.8,-39999.2,5933.1,22167.3,24.7,0,
2017-12-22 06:21:13,0,3,4,9.0,3657.2,-39999.3,5999.7,22411.2,24.7,0,
2017-12-22 06:21:16,0,3,4,9.0,3656.5,-39998.9,5999.7,22411.2,24.7,0,
2017-12-22 06:21:19,0,3,4,9.1,3655.9,-39999.2,6066.4,22654.9,24.7,0,
2017-12-22 06:21:22,0,3,4,9.1,3655.2,-39999.3,6066.4,22654.9,24.7,0,
2017-12-22 06:21:25,0,3,4,9.2,3654.5,-39998.7,6133.1,22898.6,24.7,0,
2017-12-22 06:21:28,0,3,4,9.3,3654.0,-39999.1,6199.7,23142.2,24.7,0,
2017-12-22 06:21:32,0,3,4,9.3,3653.4,-39998.5,6199.7,23142.2,24.7,0,
2017-12-22 06:21:35,0,3,4,9.4,3652.6,-39999.0,6266.4,23385.7,24.7,0,
2017-12-22 06:21:38,0,3,4,9.4,3651.9,-39998.5,6266.4,23385.7,24.7,0,
2017-12-22 06:21:41,0,3,4,9.5,3651.4,-39998.6,6333.1,23629.1,24.7,0,
2017-12-22 06:21:44,0,3,4,9.5,3650.8,-39998.7,6333.1,23629.1,24.7,0,
2017-12-22 06:21:47,0,3,4,9.6,3650.1,-39998.7,6399.7,23872.4,24.7,0,
2017-12-22 06:21:51,0,3,4,9.6,3649.4,-39999.0,6399.7,23872.4,24.7,0,
2017-12-22 06:21:54,0,3,4,9.7,3648.8,-39999.0,6466.4,24115.7,24.6,0,
2017-12-22 06:21:57,0,3,4,9.7,3648.3,-39998.8,6466.4,24115.7,24.7,0,
2017-12-22 06:22:00,0,3,4,9.8,3647.6,-39998.5,6533.0,24358.9,24.7,0,
2017-12-22 06:22:03,0,3,4,9.8,3647.0,-39998.9,6533.0,24358.9,24.7,0,
2017-12-22 06:22:06,0,3,4,9.9,3646.3,-39998.6,6599.7,24602.0,24.7,0,
2017-12-22 06:22:09,0,3,4,9.9,3645.6,-39999.1,6599.7,24602.0,24.7,0,
2017-12-22 06:22:13,0,3,4,10.0,3645.2,-39998.8,6666.4,24845.0,24.7,0,
2017-12-22 06:22:16,0,3,4,10.0,3644.4,-39998.3,6666.4,24845.0,24.7,0,
2017-12-22 06:22:19,0,3,4,10.1,3644.0,-39998.2,6733.0,25087.9,24.7,0,
2017-12-22 06:22:22,0,3,4,10.1,3643.3,-39998.7,6733.0,25087.9,24.7,0,
2017-12-22 06:22:25,0,3,4,10.2,3642.7,-39998.7,6799.7,25330.8,24.7,0,
2017-12-22 06:22:28,0,3,4,10.2,3642.0,-39998.7,6799.7,25330.8,24.7,0,
2017-12-22 06:22:31,0,3,4,10.3,3641.4,-39998.5,6866.4,25573.6,24.7,0,
2017-12-22 06:22:34,0,3,4,10.4,3640.9,-39998.6,6933.0,25816.3,24.7,0,
2017-12-22 06:22:38,0,3,4,10.4,3640.3,-39998.7,6933.0,25816.3,24.7,0,
2017-12-22 06:22:41,0,3,4,10.5,3639.7,-39998.8,6999.7,26058.9,24.8,0,
2017-12-22 06:22:44,0,3,4,10.5,3639.1,-39998.7,6999.7,26058.9,24.8,0,
2017-12-22 06:22:47,0,3,4,10.6,3638.4,-39998.5,7066.3,26301.5,24.7,0,
2017-12-22 06:22:50,0,3,4,10.6,3638.0,-39999.3,7066.3,26301.5,24.7,0,
2017-12-22 06:22:53,0,3,4,10.7,3637.2,-39998.9,7133.0,26544.0,24.8,0,
2017-12-22 06:22:56,0,3,4,10.7,3636.8,-39999.6,7133.0,26544.0,24.7,0,
2017-12-22 06:23:00,0,3,4,10.8,3636.1,-39999.5,7199.7,26786.4,24.8,0,
2017-12-22 06:23:03,0,3,4,10.8,3635.6,-39998.6,7199.7,26786.4,24.8,0,
2017-12-22 06:23:06,0,3,4,10.9,3635.0,-39999.3,7266.3,27028.7,24.8,0,
2017-12-22 06:23:09,0,3,4,10.9,3634.4,-39999.0,7266.3,27028.7,24.8,0,
2017-12-22 06:23:12,0,3,4,11.0,3633.7,-39999.3,7333.0,27271.0,24.8,0,
2017-12-22 06:23:15,0,3,4,11.0,3633.3,-39999.0,7333.0,27271.0,24.8,0,
2017-12-22 06:23:18,0,3,4,11.1,3632.5,-39998.7,7399.7,27513.2,24.8,0,
2017-12-22 06:23:21,0,3,4,11.1,3632.1,-39999.0,7399.7,27513.2,24.8,0,
2017-12-22 06:23:25,0,3,4,11.2,3631.4,-39998.5,7466.3,27755.3,24.8,0,
2017-12-22 06:23:28,0,3,4,11.2,3631.0,-39999.2,7466.3,27755.3,24.7,0,
2017-12-22 06:23:31,0,3,4,11.3,3630.3,-39999.2,7533.0,27997.3,24.8,0,
2017-12-22 06:23:34,0,3,4,11.3,3629.8,-39999.0,7533.0,27997.3,24.8,0,
2017-12-22 06:23:37,0,3,4,11.4,3629.3,-39998.7,7599.7,28239.3,24.7,0,
2017-12-22 06:23:40,0,3,4,11.4,3628.5,-39999.0,7599.7,28239.3,24.8,0,
2017-12-22 06:23:43,0,3,4,11.5,3628.0,-39999.0,7666.3,28481.2,24.8,0,
2017-12-22 06:23:46,0,3,4,11.6,3627.4,-39999.1,7733.0,28723.0,24.7,0,
2017-12-22 06:23:49,0,3,4,11.6,3627.1,-39999.5,7733.0,28723.0,24.7,0,
2017-12-22 06:23:53,0,3,4,11.7,3626.4,-39999.0,7799.6,28964.8,24.8,0,
2017-12-22 06:23:56,0,3,4,11.7,3625.9,-39999.1,7799.6,28964.8,24.8,0,
2017-12-22 06:23:59,0,3,4,11.8,3625.3,-39999.0,7866.3,29206.4,24.8,0,
2017-12-22 06:24:02,0,3,4,11.8,3624.7,-39998.9,7866.3,29206.4,24.8,0,
2017-12-22 06:24:05,0,3,4,11.9,3624.1,-39999.2,7933.0,29448.0,24.8,0,
2017-12-22 06:24:08,0,3,4,11.9,3623.7,-39999.0,7933.0,29448.0,24.7,0,
2017-12-22 06:24:11,0,3,4,12.0,3623.1,-39998.5,7999.6,29689.6,24.8,0,
2017-12-22 06:24:15,0,3,4,12.0,3622.6,-39998.8,7999.6,29689.6,24.7,0,
2017-12-22 06:24:18,0,3,4,12.1,3622.0,-39998.7,8066.3,29931.1,24.8,0,
2017-12-22 06:24:21,0,3,4,12.1,3621.5,-39999.3,8066.3,29931.1,24.8,0,
2017-12-22 06:24:24,0,3,4,12.2,3620.8,-39998.7,8133.0,30172.5,24.8,0,
2017-12-22 06:24:27,0,3,4,12.2,3620.4,-39998.7,8133.0,30172.5,24.7,0,
2017-12-22 06:24:30,0,3,4,12.3,3619.8,-39998.4,8199.6,30413.8,24.7,0,
2017-12-22 06:24:33,0,3,4,12.3,3619.2,-39998.6,8199.6,30413.8,24.7,0,
2017-12-22 06:24:37,0,3,4,12.4,3618.8,-39999.0,8266.3,30655.1,24.8,0,
2017-12-22 06:24:40,0,3,4,12.4,3618.2,-39998.6,8266.3,30655.1,24.7,0,
2017-12-22 06:24:43,0,3,4,12.5,3617.7,-39999.2,8332.9,30896.2,24.8,0,
2017-12-22 06:24:46,0,3,4,12.5,3617.1,-39999.0,8332.9,30896.2,24.8,0,
2017-12-22 06:24:49,0,3,4,12.6,3616.5,-39998.9,8399.6,31137.4,24.7,0,
2017-12-22 06:24:52,0,3,4,12.7,3615.9,-39999.0,8466.3,31378.4,24.7,0,
2017-12-22 06:24:56,0,3,4,12.7,3615.3,-39999.2,8466.3,31378.4,24.7,0,
2017-12-22 06:24:59,0,3,4,12.8,3615.0,-39998.5,8532.9,31619.4,24.7,0,
2017-12-22 06:25:02,0,3,4,12.8,3614.3,-39999.2,8532.9,31619.4,24.7,0,
2017-12-22 06:25:05,0,3,4,12.9,3613.8,-39999.0,8599.6,31860.3,24.8,0,
2017-12-22 06:25:08,0,3,4,12.9,3613.3,-39999.0,8599.6,31860.3,24.8,0,
2017-12-22 06:25:11,0,3,4,13.0,3612.9,-39998.6,8666.3,32101.2,24.8,0,
2017-12-22 06:25:14,0,3,4,13.0,3612.4,-39999.0,8666.3,32101.2,24.7,0,
2017-12-22 06:25:18,0,3,4,13.1,3611.8,-39999.0,8732.9,32342.0,24.7,0,
2017-12-22 06:25:21,0,3,4,13.1,3611.2,-39999.2,8732.9,32342.0,24.8,0,
2017-12-22 06:25:24,0,3,4,13.2,3610.7,-39999.2,8799.6,32582.7,24.7,0,
2017-12-22 06:25:27,0,3,4,13.2,3610.1,-39998.8,8799.6,32582.7,24.8,0,
2017-12-22 06:25:30,0,3,4,13.3,3609.6,-39998.7,8866.3,32823.3,24.7,0,
2017-12-22 06:25:34,0,3,4,13.3,3609.1,-39998.7,8866.3,32823.3,24.8,0,
2017-12-22 06:25:37,0,3,4,13.4,3608.6,-39998.6,8932.9,33063.9,24.8,0,
2017-12-22 06:25:40,0,3,4,13.4,3608.0,-39998.6,8932.9,33063.9,24.8,0,
2017-12-22 06:25:43,0,3,4,13.5,3607.5,-39998.7,8999.6,33304.4,24.8,0,
2017-12-22 06:25:46,0,3,4,13.5,3607.0,-39999.0,8999.6,33304.4,24.8,0,
2017-12-22 06:25:49,0,3,4,13.6,3606.5,-39999.1,9066.2,33544.9,24.8,0,
2017-12-22 06:25:52,0,3,4,13.7,3605.9,-39998.7,9132.9,33785.2,24.7,0,
2017-12-22 06:25:56,0,3,4,13.7,3605.5,-39999.0,9132.9,33785.2,24.8,0,
2017-12-22 06:25:59,0,3,4,13.8,3604.9,-39998.3,9199.6,34025.5,24.8,0,
2017-12-22 06:26:02,0,3,4,13.8,3604.4,-39998.3,9199.6,34025.5,24.8,0,
2017-12-22 06:26:05,0,3,4,13.9,3603.8,-39998.7,9266.2,34265.8,24.8,0,
2017-12-22 06:26:08,0,3,4,13.9,3603.5,-39999.0,9266.2,34265.8,24.8,0,
2017-12-22 06:26:11,0,3,4,14.0,3602.9,-39998.5,9332.9,34506.0,24.8,0,
2017-12-22 06:26:14,0,3,4,14.0,3602.4,-39999.0,9332.9,34506.0,24.8,0,
2017-12-22 06:26:18,0,3,4,14.1,3601.8,-39999.0,9399.5,34746.1,24.8,0,
2017-12-22 06:26:21,0,3,4,14.1,3601.4,-39998.3,9399.5,34746.1,24.8,0,
2017-12-22 06:26:24,0,3,4,14.2,3600.8,-39998.7,9466.2,34986.1,24.8,0,
2017-12-22 06:26:27,0,3,4,14.2,3600.4,-39998.7,9466.2,34986.1,24.8,0,
2017-12-22 06:26:30,0,3,4,14.3,3599.8,-39998.9,9532.9,35226.1,24.8,0,
2017-12-22 06:26:33,0,3,4,14.3,3599.3,-39999.0,9532.9,35226.1,24.8,0,
2017-12-22 06:26:36,0,3,4,14.4,3598.7,-39998.5,9599.5,35466.1,24.8,0,
2017-12-22 06:26:40,0,3,4,14.4,3598.3,-39999.0,9599.5,35466.1,24.8,0,
2017-12-22 06:26:43,0,3,4,14.5,3597.8,-39998.5,9666.2,35705.9,24.8,0,
2017-12-22 06:26:46,0,3,4,14.5,3597.3,-39998.4,9666.2,35705.9,24.8,0,
2017-12-22 06:26:49,0,3,4,14.6,3596.8,-39998.7,9732.9,35945.7,24.8,0,
2017-12-22 06:26:52,0,3,4,14.6,3596.3,-39998.8,9732.9,35945.7,24.8,0,
2017-12-22 06:26:55,0,3,4,14.7,3595.9,-39999.0,9799.5,36185.5,24.8,0,
2017-12-22 06:26:58,0,3,4,14.8,3595.2,-39999.0,9866.2,36425.1,24.9,0,
2017-12-22 06:27:01,0,3,4,14.8,3594.9,-39998.8,9866.2,36425.1,24.9,0,
2017-12-22 06:27:04,0,3,4,14.9,3594.4,-39999.0,9932.8,36664.8,24.9,0,
2017-12-22 06:27:08,0,3,4,14.9,3593.7,-39999.1,9932.8,36664.8,24.9,0,
2017-12-22 06:27:11,0,3,4,15.0,3593.4,-39998.6,9999.5,36904.3,24.9,0,
2017-12-22 06:27:14,0,3,4,15.0,3592.8,-39999.0,9999.5,36904.3,24.9,0,
2017-12-22 06:27:17,0,3,4,15.1,3592.3,-39998.8,10066.2,37143.8,24.9,0,
2017-12-22 06:27:20,0,3,4,15.1,3591.8,-39999.0,10066.2,37143.8,24.9,0,
2017-12-22 06:27:23,0,3,4,15.2,3591.3,-39999.2,10132.8,37383.2,24.9,0,
2017-12-22 06:27:26,0,3,4,15.2,3590.8,-39999.4,10132.8,37383.2,24.9,0,
2017-12-22 06:27:30,0,3,4,15.3,3590.4,-39999.0,10199.5,37622.6,24.9,0,
2017-12-22 06:27:33,0,3,4,15.3,3589.7,-39998.8,10199.5,37622.6,24.9,0,
2017-12-22 06:27:36,0,3,4,15.4,3589.3,-39999.2,10266.2,37861.9,24.8,0,
2017-12-22 06:27:39,0,3,4,15.4,3588.9,-39999.0,10266.2,37861.9,24.9,0,
2017-12-22 06:27:42,0,3,4,15.5,3588.3,-39999.3,10332.8,38101.1,24.8,0,
2017-12-22 06:27:45,0,3,4,15.5,3587.9,-39999.0,10332.8,38101.1,24.8,0,
2017-12-22 06:27:48,0,3,4,15.6,3587.3,-39998.5,10399.5,38340.3,24.8,0,
2017-12-22 06:27:51,0,3,4,15.6,3586.8,-39998.7,10399.5,38340.3,24.8,0,
2017-12-22 06:27:54,0,3,4,15.7,3586.5,-39998.3,10466.2,38579.4,24.8,0,
2017-12-22 06:27:58,0,3,4,15.7,3585.8,-39999.1,10466.2,38579.4,24.9,0,
2017-12-22 06:28:01,0,3,4,15.8,3585.3,-39998.3,10532.8,38818.4,24.8,0,
2017-12-22 06:28:04,0,3,4,15.8,3584.8,-39998.5,10532.8,38818.4,24.8,0,
2017-12-22 06:28:07,0,3,4,15.9,3584.4,-39998.7,10599.5,39057.4,24.8,0,
2017-12-22 06:28:10,0,3,4,16.0,3583.8,-39998.1,10666.1,39296.3,24.8,0,
2017-12-22 06:28:13,0,3,4,16.0,3583.3,-39998.7,10666.1,39296.3,24.8,0,
2017-12-22 06:28:17,0,3,4,16.1,3582.8,-39998.3,10732.8,39535.1,24.8,0,
2017-12-22 06:28:20,0,3,4,16.1,3582.5,-39998.7,10732.8,39535.1,24.8,0,
2017-12-22 06:28:23,0,3,4,16.2,3582.0,-39998.9,10799.5,39773.9,24.8,0,
2017-12-22 06:28:26,0,3,4,16.2,3581.4,-39998.5,10799.5,39773.9,24.9,0,
2017-12-22 06:28:29,0,3,4,16.3,3580.9,-39999.0,10866.1,40012.6,24.9,0,
2017-12-22 06:28:32,0,3,4,16.3,3580.5,-39999.2,10866.1,40012.6,24.9,0,
2017-12-22 06:28:35,0,3,4,16.4,3580.0,-39998.3,10932.8,40251.2,24.9,0,
2017-12-22 06:28:38,0,3,4,16.4,3579.5,-39998.3,10932.8,40251.2,24.9,0,
2017-12-22 06:28:42,0,3,4,16.5,3578.9,-39998.5,10999.4,40489.8,24.9,0,
2017-12-22 06:28:45,0,3,4,16.5,3578.6,-39998.7,10999.4,40489.8,24.9,0,
2017-12-22 06:28:48,0,3,4,16.6,3577.9,-39998.6,11066.1,40728.4,24.9,0,
2017-12-22 06:28:51,0,3,4,16.6,3577.6,-39998.7,11066.1,40728.4,24.9,0,
2017-12-22 06:28:54,0,3,4,16.7,3577.0,-39998.6,11132.8,40966.8,24.9,0,
2017-12-22 06:28:57,0,3,4,16.7,3576.6,-39998.5,11132.8,40966.8,24.9,0,
2017-12-22 06:29:00,0,3,4,16.8,3576.0,-39999.0,11199.4,41205.3,24.9,0,
2017-12-22 06:29:04,0,3,4,16.8,3575.6,-39998.3,11199.4,41205.3,24.9,0,
2017-12-22 06:29:07,0,3,4,16.9,3575.0,-39998.9,11266.1,41443.6,24.9,0,
2017-12-22 06:29:10,0,3,4,16.9,3574.7,-39998.5,11266.1,41443.6,24.9,0,
2017-12-22 06:29:13,0,3,4,17.0,3574.1,-39998.5,11332.8,41681.9,24.9,0,
2017-12-22 06:29:16,0,3,4,17.1,3573.7,-39998.0,11399.4,41920.1,24.9,0,
2017-12-22 06:29:20,0,3,4,17.1,3573.0,-39998.8,11399.4,41920.1,24.9,0,
2017-12-22 06:29:23,0,3,4,17.2,3572.7,-39998.5,11466.1,42158.3,24.9,0,
2017-12-22 06:29:26,0,3,4,17.2,3572.2,-39998.7,11466.1,42158.3,24.9,0,
2017-12-22 06:29:29,0,3,4,17.3,3571.6,-39998.7,11532.7,42396.4,24.9,0,
2017-12-22 06:29:32,0,3,4,17.3,3571.1,-39998.7,11532.7,42396.4,24.9,0,
2017-12-22 06:29:35,0,3,4,17.4,3570.8,-39998.7,11599.4,42634.4,24.9,0,
2017-12-22 06:29:38,0,3,4,17.4,3570.1,-39999.0,11599.4,42634.4,24.9,0,
2017-12-22 06:29:41,0,3,4,17.5,3569.7,-39998.7,11666.1,42872.4,24.8,0,
2017-12-22 06:29:44,0,3,4,17.5,3569.3,-39998.6,11666.1,42872.4,24.9,0,
2017-12-22 06:29:47,0,3,4,17.6,3568.9,-39998.5,11732.7,43110.3,24.9,0,
2017-12-22 06:29:51,0,3,4,17.6,3568.3,-39998.7,11732.7,43110.3,24.9,0,
2017-12-22 06:29:54,0,3,4,17.7,3567.8,-39998.3,11799.4,43348.1,25.0,0,
2017-12-22 06:29:57,0,3,4,17.7,3567.3,-39998.8,11799.4,43348.1,24.9,0,
2017-12-22 06:30:00,0,3,4,17.8,3566.9,-39998.7,11866.1,43585.9,24.9,0,
2017-12-22 06:30:03,0,3,4,17.8,3566.3,-39998.6,11866.1,43585.9,24.9,0,
2017-12-22 06:30:06,0,3,4,17.9,3565.8,-39999.0,11932.7,43823.7,24.9,0,
2017-12-22 06:30:09,0,3,4,17.9,3565.4,-39998.7,11932.7,43823.7,24.9,0,
2017-12-22 06:30:12,0,3,4,18.0,3564.8,-39998.8,11999.4,44061.3,24.9,0,
2017-12-22 06:30:16,0,3,4,18.0,3564.4,-39998.1,11999.4,44061.3,25.0,0,
2017-12-22 06:30:19,0,3,4,18.1,3564.0,-39998.5,12066.0,44298.9,24.9,0,
2017-12-22 06:30:22,0,3,4,18.1,3563.5,-39998.8,12066.0,44298.9,24.9,0,
2017-12-22 06:30:25,0,3,4,18.2,3563.0,-39998.6,12132.7,44536.5,25.0,0,
2017-12-22 06:30:28,0,3,4,18.2,3562.5,-39999.0,12132.7,44536.5,25.0,0,
2017-12-22 06:30:31,0,3,4,18.3,3561.9,-39998.6,12199.4,44774.0,25.0,0,
2017-12-22 06:30:34,0,3,4,18.4,3561.5,-39998.6,12266.0,45011.4,25.0,0,
2017-12-22 06:30:38,0,3,4,18.4,3561.0,-39998.5,12266.0,45011.4,25.0,0,
2017-12-22 06:30:41,0,3,4,18.5,3560.5,-39998.2,12332.7,45248.7,25.0,0,
2017-12-22 06:30:44,0,3,4,18.5,3560.1,-39998.5,12332.7,45248.7,25.0,0,
2017-12-22 06:30:47,0,3,4,18.6,3559.5,-39998.5,12399.3,45486.0,25.0,0,
2017-12-22 06:30:50,0,3,4,18.6,3559.2,-39998.3,12399.3,45486.0,25.0,0,
2017-12-22 06:30:53,0,3,4,18.7,3558.6,-39998.8,12466.0,45723.3,25.0,0,
2017-12-22 06:30:56,0,3,4,18.7,3558.2,-39998.2,12466.0,45723.3,25.0,0,
2017-12-22 06:31:00,0,3,4,18.8,3557.5,-39998.3,12532.7,45960.4,25.0,0,
2017-12-22 06:31:03,0,3,4,18.8,3557.2,-39998.5,12532.7,45960.4,25.0,0,
2017-12-22 06:31:06,0,3,4,18.9,3556.6,-39998.5,12599.3,46197.5,25.0,0,
2017-12-22 06:31:09,0,3,4,18.9,3556.2,-39998.5,12599.3,46197.5,25.0,0,
2017-12-22 06:31:12,0,3,4,19.0,3555.7,-39998.6,12666.0,46434.6,25.0,0,
2017-12-22 06:31:15,0,3,4,19.0,3555.3,-39998.8,12666.0,46434.6,25.0,0,
2017-12-22 06:31:18,0,3,4,19.1,3554.6,-39998.4,12732.7,46671.6,24.9,0,
2017-12-22 06:31:21,0,3,4,19.1,3554.3,-39998.0,12732.7,46671.6,24.9,0,
2017-12-22 06:31:25,0,3,4,19.2,3553.7,-39998.5,12799.3,46908.5,24.9,0,
2017-12-22 06:31:28,0,3,4,19.2,3553.2,-39998.0,12799.3,46908.5,24.9,0,
2017-12-22 06:31:31,0,3,4,19.3,3552.6,-39998.5,12866.0,47145.4,24.9,0,
2017-12-22 06:31:34,0,3,4,19.4,3552.2,-39998.7,12932.6,47382.2,24.9,0,
2017-12-22 06:31:37,0,3,4,19.4,3551.7,-39998.5,12932.6,47382.2,24.9,0,
2017-12-22 06:31:41,0,3,4,19.5,3551.3,-39998.3,12999.3,47618.9,24.9,0,
2017-12-22 06:31:44,0,3,4,19.5,3550.9,-39998.2,12999.3,47618.9,24.9,0,
2017-12-22 06:31:47,0,3,4,19.6,3550.3,-39998.6,13066.0,47855.6,24.9,0,
2017-12-22 06:31:50,0,3,4,19.6,3549.8,-39999.3,13066.0,47855.6,25.0,0,
2017-12-22 06:31:53,0,3,4,19.7,3549.3,-39998.5,13132.6,48092.2,25.0,0,
2017-12-22 06:31:56,0,3,4,19.7,3548.8,-39998.8,13132.6,48092.2,25.0,0,
2017-12-22 06:31:59,0,3,4,19.8,3548.4,-39998.5,13199.3,48328.7,25.0,0,
2017-12-22 06:32:03,0,3,4,19.8,3547.9,-39998.7,13199.3,48328.7,25.0,0,
2017-12-22 06:32:06,0,3,4,19.9,3547.3,-39998.8,13265.9,48565.2,25.0,0,
2017-12-22 06:32:09,0,3,4,19.9,3546.8,-39997.9,13265.9,48565.2,25.0,0,
2017-12-22 06:32:12,0,3,4,20.0,3546.5,-39998.5,13332.6,48801.6,25.0,0,
2017-12-22 06:32:15,0,3,4,20.0,3545.8,-39998.8,13332.6,48801.6,25.0,0,
2017-12-22 06:32:18,0,3,4,20.1,3545.4,-39998.1,13399.3,49038.0,25.0,0,
2017-12-22 06:32:21,0,3,4,20.1,3544.9,-39998.3,13399.3,49038.0,25.0,0,
2017-12-22 06:32:24,0,3,4,20.2,3544.4,-39998.3,13465.9,49274.3,25.0,0,
2017-12-22 06:32:28,0,3,4,20.2,3543.9,-39998.5,13465.9,49274.3,25.0,0,
2017-12-22 06:32:31,0,3,4,20.3,3543.4,-39998.5,13532.6,49510.5,25.0,0,
2017-12-22 06:32:34,0,3,4,20.3,3542.9,-39998.7,13532.6,49510.5,25.0,0,
2017-12-22 06:32:37,0,3,4,20.4,3542.5,-39998.8,13599.3,49746.7,25.0,0,
2017-12-22 06:32:40,0,3,4,20.4,3542.0,-39998.4,13599.3,49746.7,25.0,0,
2017-12-22 06:32:43,0,3,4,20.5,3541.4,-39998.5,13665.9,49982.8,25.0,0,
2017-12-22 06:32:46,0,3,4,20.6,3541.0,-39998.4,13732.6,50218.9,25.0,0,
2017-12-22 06:32:50,0,3,4,20.6,3540.3,-39998.8,13732.6,50218.9,25.0,0,
2017-12-22 06:32:53,0,3,4,20.7,3539.9,-39998.6,13799.2,50454.8,25.0,0,
2017-12-22 06:32:56,0,3,4,20.7,3539.4,-39998.3,13799.2,50454.8,25.0,0,
2017-12-22 06:32:59,0,3,4,20.8,3539.0,-39998.3,13865.9,50690.8,25.0,0,
2017-12-22 06:33:02,0,3,4,20.8,3538.4,-39998.2,13865.9,50690.8,25.0,0,
2017-12-22 06:33:05,0,3,4,20.9,3537.9,-39998.4,13932.6,50926.6,25.0,0,
2017-12-22 06:33:08,0,3,4,20.9,3537.4,-39998.5,13932.6,50926.6,25.0,0,
2017-12-22 06:33:11,0,3,4,21.0,3536.9,-39998.6,13999.2,51162.4,25.0,0,
2017-12-22 06:33:15,0,3,4,21.0,3536.4,-39998.2,13999.2,51162.4,25.0,0,
2017-12-22 06:33:18,0,3,4,21.1,3535.9,-39998.7,14065.9,51398.1,25.0,0,
2017-12-22 06:33:21,0,3,4,21.1,3535.3,-39998.5,14065.9,51398.1,24.9,0,
2017-12-22 06:33:24,0,3,4,21.2,3534.8,-39998.3,14132.5,51633.8,24.9,0,
2017-12-22 06:33:27,0,3,4,21.2,3534.3,-39998.5,14132.5,51633.8,24.9,0,
2017-12-22 06:33:30,0,3,4,21.3,3533.9,-39998.1,14199.2,51869.4,24.9,0,
2017-12-22 06:33:34,0,3,4,21.3,3533.4,-39998.3,14199.2,51869.4,24.9,0,
2017-12-22 06:33:37,0,3,4,21.4,3532.8,-39998.0,14265.9,52104.9,24.9,0,
2017-12-22 06:33:40,0,3,4,21.4,3532.4,-39997.9,14265.9,52104.9,24.9,0,
2017-12-22 06:33:43,0,3,4,21.5,3531.9,-39998.4,14332.5,52340.3,25.0,0,
2017-12-22 06:33:46,0,3,4,21.5,3531.3,-39998.0,14332.5,52340.3,24.9,0,
2017-12-22 06:33:49,0,3,4,21.6,3530.8,-39998.0,14399.2,52575.7,24.9,0,
2017-12-22 06:33:52,0,3,4,21.7,3530.3,-39998.5,14465.8,52811.1,25.0,0,
2017-12-22 06:33:55,0,3,4,21.7,3529.8,-39998.2,14465.8,52811.1,25.0,0,
2017-12-22 06:33:59,0,3,4,21.8,3529.3,-39998.3,14532.5,53046.3,25.0,0,
2017-12-22 06:34:02,0,3,4,21.8,3528.8,-39997.8,14532.5,53046.3,25.0,0,
2017-12-22 06:34:05,0,3,4,21.9,3528.2,-39998.0,14599.2,53281.5,25.0,0,
2017-12-22 06:34:08,0,3,4,21.9,3527.8,-39998.2,14599.2,53281.5,25.0,0,
2017-12-22 06:34:11,0,3,4,22.0,3527.1,-39998.0,14665.8,53516.7,25.0,0,
2017-12-22 06:34:14,0,3,4,22.0,3526.8,-39998.2,14665.8,53516.7,25.0,0,
2017-12-22 06:34:17,0,3,4,22.1,3526.1,-39998.1,14732.5,53751.7,25.0,0,
2017-12-22 06:34:21,0,3,4,22.1,3525.7,-39998.5,14732.5,53751.7,25.0,0,
2017-12-22 06:34:24,0,3,4,22.2,3525.1,-39998.1,14799.1,53986.8,25.0,0,
2017-12-22 06:34:27,0,3,4,22.2,3524.7,-39998.3,14799.1,53986.8,25.0,0,
2017-12-22 06:34:30,0,3,4,22.3,3524.1,-39998.1,14865.8,54221.7,25.0,0,
2017-12-22 06:34:33,0,3,4,22.3,3523.7,-39998.1,14865.8,54221.7,25.0,0,
2017-12-22 06:34:36,0,3,4,22.4,3523.2,-39998.3,14932.5,54456.6,25.0,0,
2017-12-22 06:34:39,0,3,4,22.4,3522.7,-39997.8,14932.5,54456.6,25.0,0,
2017-12-22 06:34:43,0,3,4,22.5,3522.0,-39997.6,14999.1,54691.4,25.0,0,
2017-12-22 06:34:46,0,3,4,22.5,3521.6,-39997.7,14999.1,54691.4,25.0,0,
2017-12-22 06:34:49,0,3,4,22.6,3520.9,-40000.5,15065.8,54926.1,25.0,0,
2017-12-22 06:34:52,0,3,4,22.6,3520.5,-40001.1,15065.8,54926.1,25.0,0,
2017-12-22 06:34:55,0,3,4,22.7,3519.9,-40001.1,15132.5,55160.8,25.0,0,
2017-12-22 06:34:58,0,3,4,22.8,3519.5,-40000.9,15199.1,55395.5,25.0,0,
2017-12-22 06:35:01,0,3,4,22.8,3518.9,-40001.5,15199.1,55395.5,25.0,0,
2017-12-22 06:35:04,0,3,4,22.9,3518.5,-40001.3,15265.8,55630.1,25.0,0,
2017-12-22 06:35:08,0,3,4,22.9,3517.8,-40001.5,15265.8,55630.1,25.0,0,
2017-12-22 06:35:11,0,3,4,23.0,3517.3,-40001.5,15332.5,55864.6,25.0,0,
2017-12-22 06:35:14,0,3,4,23.0,3516.8,-40000.8,15332.5,55864.6,25.0,0,
2017-12-22 06:35:17,0,3,4,23.1,3516.4,-40001.3,15399.1,56099.0,25.0,0,
2017-12-22 06:35:20,0,3,4,23.1,3515.7,-40000.8,15399.1,56099.0,25.0,0,
2017-12-22 06:35:23,0,3,4,23.2,3515.3,-40001.2,15465.8,56333.4,25.0,0,
2017-12-22 06:35:26,0,3,4,23.2,3514.8,-40001.0,15465.8,56333.4,25.0,0,
2017-12-22 06:35:30,0,3,4,23.3,3514.2,-40000.8,15532.5,56567.7,25.0,0,
2017-12-22 06:35:33,0,3,4,23.3,3513.7,-40000.7,15532.5,56567.7,25.0,0,
2017-12-22 06:35:36,0,3,4,23.4,3513.3,-40000.7,15599.1,56801.9,25.0,0,
2017-12-22 06:35:39,0,3,4,23.4,3512.8,-40001.2,15599.1,56801.9,25.0,0,
2017-12-22 06:35:42,0,3,4,23.5,3512.1,-40000.9,15665.8,57036.1,25.0,0,
2017-12-22 06:35:45,0,3,4,23.5,3511.5,-40001.0,15665.8,57036.1,25.0,0,
2017-12-22 06:35:48,0,3,4,23.6,3511.1,-40000.8,15732.5,57270.2,25.0,0,
2017-12-22 06:35:52,0,3,4,23.6,3510.4,-40000.7,15732.5,57270.2,25.0,0,
2017-12-22 06:35:55,0,3,4,23.7,3510.0,-40001.3,15799.2,57504.2,25.0,0,
2017-12-22 06:35:58,0,3,4,23.7,3509.5,-40000.8,15799.2,57504.2,25.0,0,
2017-12-22 06:36:01,0,3,4,23.8,3509.0,-40000.8,15865.8,57738.2,25.0,0,
2017-12-22 06:36:04,0,3,4,23.9,3508.4,-40000.5,15932.5,57972.1,25.0,0,
2017-12-22 06:36:07,0,3,4,23.9,3507.9,-40000.9,15932.5,57972.1,25.0,0,
2017-12-22 06:36:10,0,3,4,24.0,3507.4,-40000.9,15999.2,58206.0,25.0,0,
2017-12-22 06:36:14,0,3,4,24.0,3506.9,-40000.7,15999.2,58206.0,25.0,0,
2017-12-22 06:36:17,0,3,4,24.1,3506.3,-40000.4,16065.8,58439.7,25.0,0,
2017-12-22 06:36:20,0,3,4,24.1,3505.7,-40000.6,16065.8,58439.7,25.1,0,
2017-12-22 06:36:23,0,3,4,24.2,3505.2,-40001.0,16132.5,58673.4,25.1,0,
2017-12-22 06:36:26,0,3,4,24.2,3504.7,-40001.0,16132.5,58673.4,25.1,0,
2017-12-22 06:36:29,0,3,4,24.3,3504.1,-40000.5,16199.2,58907.1,25.1,0,
2017-12-22 06:36:32,0,3,4,24.3,3503.5,-40000.8,16199.2,58907.1,25.1,0,
2017-12-22 06:36:36,0,3,4,24.4,3503.0,-40000.8,16265.8,59140.6,25.1,0,
2017-12-22 06:36:39,0,3,4,24.4,3502.5,-40001.0,16265.8,59140.6,25.1,0,
2017-12-22 06:36:42,0,3,4,24.5,3502.0,-40000.7,16332.5,59374.1,25.1,0,
2017-12-22 06:36:45,0,3,4,24.5,3501.4,-40001.0,16332.5,59374.1,25.1,0,
2017-12-22 06:36:48,0,3,4,24.6,3500.9,-40001.0,16399.2,59607.5,25.1,0,
2017-12-22 06:36:51,0,3,4,24.6,3500.3,-40001.0,16399.2,59607.5,25.0,0,
2017-12-22 06:36:54,0,3,4,24.7,3499.7,-40000.7,16465.9,59840.9,25.0,0,
2017-12-22 06:36:57,0,3,4,24.7,3499.3,-40000.8,16465.9,59840.9,25.0,0,
2017-12-22 06:37:01,0,3,4,24.8,3498.6,-40000.7,16532.5,60074.2,25.0,0,
2017-12-22 06:37:04,0,3,4,24.8,3498.2,-40000.8,16532.5,60074.2,25.0,0,
2017-12-22 06:37:07,0,3,4,24.9,3497.6,-40000.8,16599.2,60307.4,25.0,0,
2017-12-22 06:37:10,0,3,4,24.9,3497.1,-40001.0,16599.2,60307.4,25.0,0,
2017-12-22 06:37:13,0,3,4,25.0,3496.5,-40000.8,16665.9,60540.5,25.0,0,
2017-12-22 06:37:16,0,3,4,25.1,3495.8,-40000.7,16732.5,60773.6,25.1,0,
2017-12-22 06:37:19,0,3,4,25.1,3495.4,-40000.7,16732.5,60773.6,25.1,0,
2017-12-22 06:37:23,0,3,4,25.2,3494.8,-40000.3,16799.2,61006.6,25.0,0,
2017-12-22 06:37:26,0,3,4,25.2,3494.1,-40000.7,16799.2,61006.6,25.0,0,
2017-12-22 06:37:29,0,3,4,25.3,3493.6,-40000.6,16865.9,61239.5,25.1,0,
2017-12-22 06:37:32,0,3,4,25.3,3493.1,-40000.6,16865.9,61239.5,25.0,0,
2017-12-22 06:37:35,0,3,4,25.4,3492.5,-40000.5,16932.5,61472.3,25.1,0,
2017-12-22 06:37:38,0,3,4,25.4,3491.9,-40000.3,16932.5,61472.3,25.0,0,
2017-12-22 06:37:41,0,3,4,25.5,3491.4,-40000.8,16999.2,61705.1,25.0,0,
2017-12-22 06:37:44,0,3,4,25.5,3490.8,-40000.7,16999.2,61705.1,25.0,0,
2017-12-22 06:37:48,0,3,4,25.6,3490.3,-40000.5,17065.9,61937.8,25.0,0,
2017-12-22 06:37:51,0,3,4,25.6,3489.6,-40000.7,17065.9,61937.8,25.0,0,
2017-12-22 06:37:54,0,3,4,25.7,3489.1,-40000.7,17132.5,62170.5,25.0,0,
2017-12-22 06:37:57,0,3,4,25.7,3488.5,-40000.6,17132.5,62170.5,25.0,0,
2017-12-22 06:38:00,0,3,4,25.8,3487.9,-40000.5,17199.2,62403.0,25.0,0,
2017-12-22 06:38:03,0,3,4,25.8,3487.3,-40000.3,17199.2,62403.0,25.0,0,
2017-12-22 06:38:06,0,3,4,25.9,3486.8,-40000.9,17265.9,62635.5,25.0,0,
2017-12-22 06:38:10,0,3,4,25.9,3486.2,-40001.1,17265.9,62635.5,25.0,0,
2017-12-22 06:38:13,0,3,4,26.0,3485.7,-40000.6,17332.6,62867.9,25.0,0,
2017-12-22 06:38:16,0,3,4,26.0,3485.0,-40000.5,17332.6,62867.9,25.0,0,
2017-12-22 06:38:19,0,3,4,26.1,3484.4,-40000.6,17399.2,63100.2,25.0,0,
2017-12-22 06:38:22,0,3,4,26.2,3483.8,-40000.5,17465.9,63332.5,25.0,0,
2017-12-22 06:38:25,0,3,4,26.2,3483.3,-40000.5,17465.9,63332.5,25.0,0,
2017-12-22 06:38:29,0,3,4,26.3,3482.5,-40000.5,17532.6,63564.7,25.0,0,
2017-12-22 06:38:32,0,3,4,26.3,3482.1,-40000.8,17532.6,63564.7,25.0,0,
2017-12-22 06:38:35,0,3,4,26.4,3481.4,-40000.6,17599.2,63796.8,25.0,0,
2017-12-22 06:38:38,0,3,4,26.4,3480.7,-40000.5,17599.2,63796.8,25.0,0,
2017-12-22 06:38:41,0,3,4,26.5,3480.2,-40000.8,17665.9,64028.8,25.0,0,
2017-12-22 06:38:44,0,3,4,26.5,3479.5,-40000.5,17665.9,64028.8,25.0,0,
2017-12-22 06:38:47,0,3,4,26.6,3478.8,-40000.6,17732.6,64260.8,25.0,0,
2017-12-22 06:38:50,0,3,4,26.6,3478.3,-40000.7,17732.6,64260.8,25.0,0,
2017-12-22 06:38:54,0,3,4,26.7,3477.6,-40000.3,17799.2,64492.6,25.0,0,
2017-12-22 06:38:57,0,3,4,26.7,3476.9,-40000.8,17799.2,64492.6,25.0,0,
2017-12-22 06:39:00,0,3,4,26.8,3476.4,-40000.4,17865.9,64724.4,25.0,0,
2017-12-22 06:39:03,0,3,4,26.8,3475.7,-40000.0,17865.9,64724.4,25.0,0,
2017-12-22 06:39:06,0,3,4,26.9,3475.1,-40000.9,17932.6,64956.1,25.0,0,
2017-12-22 06:39:09,0,3,4,26.9,3474.5,-40000.0,17932.6,64956.1,25.0,0,
2017-12-22 06:39:12,0,3,4,27.0,3473.8,-40000.5,17999.2,65187.8,25.0,0,
2017-12-22 06:39:16,0,3,4,27.0,3473.2,-40000.0,17999.2,65187.8,25.0,0,
2017-12-22 06:39:19,0,3,4,27.1,3472.5,-40000.2,18065.9,65419.3,25.0,0,
2017-12-22 06:39:22,0,3,4,27.1,3471.9,-40001.0,18065.9,65419.3,25.0,0,
2017-12-22 06:39:25,0,3,4,27.2,3471.1,-40000.2,18132.6,65650.8,25.0,0,
2017-12-22 06:39:28,0,3,4,27.3,3470.5,-40000.6,18199.2,65882.1,25.0,0,
2017-12-22 06:39:31,0,3,4,27.3,3469.9,-40000.2,18199.2,65882.1,25.0,0,
2017-12-22 06:39:35,0,3,4,27.4,3469.2,-40000.3,18265.9,66113.4,25.0,0,
2017-12-22 06:39:38,0,3,4,27.4,3468.5,-40000.6,18265.9,66113.4,25.0,0,
2017-12-22 06:39:41,0,3,4,27.5,3467.9,-40000.3,18332.6,66344.6,25.0,0,
2017-12-22 06:39:44,0,3,4,27.5,3467.2,-40000.4,18332.6,66344.6,25.0,0,
2017-12-22 06:39:47,0,3,4,27.6,3466.6,-40000.5,18399.3,66575.7,25.0,0,
2017-12-22 06:39:50,0,3,4,27.6,3465.8,-40000.3,18399.3,66575.7,25.0,0,
2017-12-22 06:39:54,0,3,4,27.7,3465.1,-40000.1,18465.9,66806.8,25.0,0,
2017-12-22 06:39:57,0,3,4,27.7,3464.3,-40000.2,18465.9,66806.8,25.0,0,
2017-12-22 06:40:00,0,3,4,27.8,3463.7,-40000.0,18532.6,67037.7,25.0,0,
2017-12-22 06:40:03,0,3,4,27.8,3462.9,-40000.3,18532.6,67037.7,25.0,0,
2017-12-22 06:40:06,0,3,4,27.9,3462.3,-40000.3,18599.3,67268.6,25.0,0,
2017-12-22 06:40:09,0,3,4,27.9,3461.6,-40000.0,18599.3,67268.6,25.0,0,
2017-12-22 06:40:12,0,3,4,28.0,3460.9,-40000.0,18665.9,67499.3,25.0,0,
2017-12-22 06:40:16,0,3,4,28.0,3460.2,-40000.5,18665.9,67499.3,25.0,0,
2017-12-22 06:40:19,0,3,4,28.1,3459.5,-39999.4,18732.6,67730.0,25.0,0,
2017-12-22 06:40:22,0,3,4,28.1,3458.8,-39999.7,18732.6,67730.0,25.0,0,
2017-12-22 06:40:25,0,3,4,28.2,3458.2,-40001.0,18799.3,67960.6,25.0,0,
2017-12-22 06:40:28,0,3,4,28.2,3457.3,-40000.5,18799.3,67960.6,25.0,0,
2017-12-22 06:40:31,0,3,4,28.3,3456.7,-40000.3,18865.9,68191.0,25.0,0,
2017-12-22 06:40:34,0,3,4,28.4,3455.9,-40000.3,18932.6,68421.4,25.0,0,
2017-12-22 06:40:37,0,3,4,28.4,3455.2,-39999.8,18932.6,68421.4,25.1,0,
2017-12-22 06:40:41,0,3,4,28.5,3454.6,-40000.3,18999.3,68651.7,25.0,0,
2017-12-22 06:40:44,0,3,4,28.5,3453.7,-39999.7,18999.3,68651.7,25.1,0,
2017-12-22 06:40:47,0,3,4,28.6,3453.1,-39999.8,19065.9,68881.9,25.0,0,
2017-12-22 06:40:50,0,3,4,28.6,3452.4,-39999.7,19065.9,68881.9,25.0,0,
2017-12-22 06:40:53,0,3,4,28.7,3451.5,-39999.5,19132.6,69112.1,25.0,0,
2017-12-22 06:40:56,0,3,4,28.7,3450.9,-40000.5,19132.6,69112.1,25.0,0,
2017-12-22 06:40:59,0,3,4,28.8,3450.0,-39999.6,19199.3,69342.1,25.1,0,
2017-12-22 06:41:03,0,3,4,28.8,3449.2,-40000.3,19199.3,69342.1,25.1,0,
2017-12-22 06:41:06,0,3,4,28.9,3448.5,-39999.5,19265.9,69572.0,25.0,0,
2017-12-22 06:41:09,0,3,4,28.9,3447.9,-40000.0,19265.9,69572.0,25.1,0,
2017-12-22 06:41:12,0,3,4,29.0,3447.1,-40000.0,19332.6,69801.8,25.1,0,
2017-12-22 06:41:15,0,3,4,29.0,3446.3,-40000.0,19332.6,69801.8,25.1,0,
2017-12-22 06:41:18,0,3,4,29.1,3445.5,-39999.8,19399.3,70031.6,25.1,0,
2017-12-22 06:41:21,0,3,4,29.1,3444.8,-39999.3,19399.3,70031.6,25.1,0,
2017-12-22 06:41:25,0,3,4,29.2,3444.0,-39999.7,19465.9,70261.2,25.1,0,
2017-12-22 06:41:28,0,3,4,29.2,3443.2,-40000.3,19465.9,70261.2,25.1,0,
2017-12-22 06:41:31,0,3,4,29.3,3442.3,-39999.8,19532.6,70490.7,25.1,0,
2017-12-22 06:41:34,0,3,4,29.3,3441.7,-40000.3,19532.6,70490.7,25.1,0,
2017-12-22 06:41:37,0,3,4,29.4,3440.9,-39999.6,19599.3,70720.2,25.1,0,
2017-12-22 06:41:40,0,3,4,29.5,3440.1,-39999.7,19665.9,70949.5,25.1,0,
2017-12-22 06:41:43,0,3,4,29.5,3439.3,-39999.8,19665.9,70949.5,25.1,0,
2017-12-22 06:41:47,0,3,4,29.6,3438.4,-39999.8,19732.6,71178.8,25.1,0,
2017-12-22 06:41:50,0,3,4,29.6,3437.7,-39999.6,19732.6,71178.8,25.1,0,
2017-12-22 06:41:53,0,3,4,29.7,3436.8,-39999.2,19799.2,71407.9,25.0,0,
2017-12-22 06:41:56,0,3,4,29.7,3436.0,-40000.2,19799.2,71407.9,25.0,0,
2017-12-22 06:41:59,0,3,4,29.8,3435.1,-39999.8,19865.9,71636.9,25.0,0,
2017-12-22 06:42:02,0,3,4,29.8,3434.3,-39999.5,19865.9,71636.9,25.0,0,
2017-12-22 06:42:05,0,3,4,29.9,3433.5,-39999.5,19932.6,71865.8,25.1,0,
2017-12-22 06:42:09,0,3,4,29.9,3432.6,-39999.2,19932.6,71865.8,25.0,0,
2017-12-22 06:42:12,0,3,4,30.0,3431.8,-39999.8,19999.2,72094.6,25.1,0,
2017-12-22 06:42:15,0,3,4,30.0,3430.9,-39999.7,19999.2,72094.6,25.1,0,
2017-12-22 06:42:18,0,3,4,30.1,3430.3,-39999.2,20065.9,72323.3,25.1,0,
2017-12-22 06:42:21,0,3,4,30.1,3429.2,-39999.6,20065.9,72323.3,25.1,0,
2017-12-22 06:42:24,0,3,4,30.2,3428.4,-39999.7,20132.6,72551.9,25.1,0,
2017-12-22 06:42:28,0,3,4,30.2,3427.5,-39999.5,20132.6,72551.9,25.1,0,
2017-12-22 06:42:31,0,3,4,30.3,3426.6,-39999.7,20199.2,72780.4,25.1,0,
2017-12-22 06:42:34,0,3,4,30.3,3425.8,-39999.5,20199.2,72780.4,25.1,0,
2017-12-22 06:42:37,0,3,4,30.4,3425.0,-39999.7,20265.9,73008.8,25.1,0,
2017-12-22 06:42:40,0,3,4,30.4,3424.1,-39999.8,20265.9,73008.8,25.1,0,
2017-12-22 06:42:43,0,3,4,30.5,3423.2,-39999.4,20332.6,73237.0,25.1,0,
2017-12-22 06:42:46,0,3,4,30.6,3422.3,-39999.2,20399.2,73465.2,25.1,0,
2017-12-22 06:42:49,0,3,4,30.6,3421.4,-39999.4,20399.2,73465.2,25.1,0,
2017-12-22 06:42:53,0,3,4,30.7,3420.5,-39999.7,20465.9,73693.2,25.1,0,
2017-12-22 06:42:56,0,3,4,30.7,3419.7,-39999.7,20465.9,73693.2,25.1,0,
2017-12-22 06:42:59,0,3,4,30.8,3418.7,-39999.5,20532.6,73921.1,25.1,0,
2017-12-22 06:43:02,0,3,4,30.8,3417.8,-39999.0,20532.6,73921.1,25.1,0,
2017-12-22 06:43:05,0,3,4,30.9,3416.8,-39999.2,20599.2,74148.9,25.1,0,
2017-12-22 06:43:08,0,3,4,30.9,3415.9,-39999.0,20599.2,74148.9,25.1,0,
2017-12-22 06:43:11,0,3,4,31.0,3414.8,-39999.0,20665.9,74376.6,25.1,0,
2017-12-22 06:43:15,0,3,4,31.0,3413.9,-39999.0,20665.9,74376.6,25.1,0,
2017-12-22 06:43:18,0,3,4,31.1,3413.0,-39999.2,20732.6,74604.1,25.1,0,
2017-12-22 06:43:21,0,3,4,31.1,3411.8,-39998.9,20732.6,74604.1,25.1,0,
2017-12-22 06:43:24,0,3,4,31.2,3410.8,-39999.5,20799.2,74831.5,25.1,0,
2017-12-22 06:43:27,0,3,4,31.2,3409.9,-39998.7,20799.2,74831.5,25.1,0,
2017-12-22 06:43:30,0,3,4,31.3,3408.7,-39998.9,20865.9,75058.8,25.1,0,
2017-12-22 06:43:33,0,3,4,31.3,3407.6,-39999.7,20865.9,75058.8,25.1,0,
2017-12-22 06:43:37,0,3,4,31.4,3406.6,-39999.3,20932.6,75286.0,25.1,0,
2017-12-22 06:43:40,0,3,4,31.4,3405.5,-39999.1,20932.6,75286.0,25.1,0,
2017-12-22 06:43:43,0,3,4,31.5,3404.3,-39999.0,20999.2,75513.0,25.1,0,
2017-12-22 06:43:46,0,3,4,31.5,3403.2,-39999.1,20999.2,75513.0,25.1,0,
2017-12-22 06:43:49,0,3,4,31.6,3402.0,-39998.5,21065.9,75739.9,25.1,0,
2017-12-22 06:43:52,0,3,4,31.7,3400.9,-39999.0,21132.5,75966.6,25.1,0,
2017-12-22 06:43:55,0,3,4,31.7,3399.8,-39999.0,21132.5,75966.6,25.1,0,
2017-12-22 06:43:59,0,3,4,31.8,3398.6,-39998.6,21199.2,76193.1,25.2,0,
2017-12-22 06:44:02,0,3,4,31.8,3397.3,-39999.0,21199.2,76193.1,25.2,0,
2017-12-22 06:44:05,0,3,4,31.9,3395.9,-39998.6,21265.9,76419.5,25.2,0,
2017-12-22 06:44:08,0,3,4,31.9,3394.7,-39999.1,21265.9,76419.5,25.2,0,
2017-12-22 06:44:11,0,3,4,32.0,3393.3,-39998.6,21332.5,76645.8,25.2,0,
2017-12-22 06:44:14,0,3,4,32.0,3392.0,-39998.7,21332.5,76645.8,25.2,0,
2017-12-22 06:44:18,0,3,4,32.1,3390.7,-39998.7,21399.2,76871.8,25.2,0,
2017-12-22 06:44:21,0,3,4,32.1,3389.2,-39998.5,21399.2,76871.8,25.2,0,
2017-12-22 06:44:24,0,3,4,32.2,3387.8,-39998.5,21465.9,77097.7,25.2,0,
2017-12-22 06:44:27,0,3,4,32.2,3386.3,-39998.5,21465.9,77097.7,25.2,0,
2017-12-22 06:44:30,0,3,4,32.3,3384.8,-39998.7,21532.5,77323.4,25.2,0,
2017-12-22 06:44:33,0,3,4,32.3,3383.2,-39998.3,21532.5,77323.4,25.2,0,
2017-12-22 06:44:36,0,3,4,32.4,3381.6,-39998.6,21599.2,77548.9,25.3,0,
2017-12-22 06:44:39,0,3,4,32.4,3380.2,-39998.7,21599.2,77548.9,25.3,0,
2017-12-22 06:44:43,0,3,4,32.5,3378.4,-39998.2,21665.8,77774.2,25.3,0,
2017-12-22 06:44:46,0,3,4,32.5,3376.8,-39998.6,21665.8,77774.2,25.3,0,
2017-12-22 06:44:49,0,3,4,32.6,3374.9,-39998.6,21732.5,77999.3,25.3,0,
2017-12-22 06:44:52,0,3,4,32.6,3373.1,-39998.5,21732.5,77999.3,25.3,0,
2017-12-22 06:44:55,0,3,4,32.7,3371.3,-39998.6,21799.2,78224.2,25.3,0,
2017-12-22 06:44:58,0,3,4,32.8,3369.5,-39998.2,21865.8,78448.8,25.2,0,
2017-12-22 06:45:02,0,3,4,32.8,3367.5,-39997.6,21865.8,78448.8,25.2,0,
2017-12-22 06:45:05,0,3,4,32.9,3365.4,-39997.7,21932.5,78673.1,25.2,0,
2017-12-22 06:45:08,0,3,4,32.9,3363.3,-39997.8,21932.5,78673.1,25.2,0,
2017-12-22 06:45:11,0,3,4,33.0,3361.2,-39998.5,21999.1,78897.2,25.2,0,
2017-12-22 06:45:14,0,3,4,33.0,3358.9,-39997.6,21999.1,78897.2,25.2,0,
2017-12-22 06:45:17,0,3,4,33.1,3356.7,-40000.5,22065.8,79121.0,25.1,0,
2017-12-22 06:45:20,0,3,4,33.1,3354.1,-40001.1,22065.8,79121.0,25.2,0,
2017-12-22 06:45:23,0,3,4,33.2,3351.8,-40000.3,22132.5,79344.5,25.2,0,
2017-12-22 06:45:27,0,3,4,33.2,3349.3,-40001.0,22132.5,79344.5,25.2,0,
2017-12-22 06:45:30,0,3,4,33.3,3346.6,-40000.7,22199.1,79567.7,25.2,0,
2017-12-22 06:45:33,0,3,4,33.3,3343.8,-40001.0,22199.1,79567.7,25.2,0,
2017-12-22 06:45:36,0,3,4,33.4,3341.1,-40000.5,22265.8,79790.6,25.3,0,
2017-12-22 06:45:39,0,3,4,33.4,3338.2,-40000.8,22265.8,79790.6,25.3,0,
2017-12-22 06:45:42,0,3,4,33.5,3335.3,-40001.0,22332.5,80013.1,25.3,0,
2017-12-22 06:45:45,0,3,4,33.5,3332.2,-40000.0,22332.5,80013.1,25.3,0,
2017-12-22 06:45:49,0,3,4,33.6,3329.0,-39999.8,22399.2,80235.2,25.3,0,
2017-12-22 06:45:52,0,3,4,33.6,3325.9,-39999.3,22399.2,80235.2,25.3,0,
2017-12-22 06:45:55,0,3,4,33.7,3322.7,-39998.5,22465.8,80456.9,25.3,0,
2017-12-22 06:45:58,0,3,4,33.7,3319.3,-39998.2,22465.8,80456.9,25.3,0,
2017-12-22 06:46:01,0,3,4,33.8,3315.7,-39997.9,22532.5,80678.1,25.3,0,
2017-12-22 06:46:04,0,3,4,33.8,3312.0,-39999.7,22532.5,80678.1,25.3,0,
2017-12-22 06:46:07,0,3,4,33.9,3308.5,-40000.1,22599.1,80898.9,25.3,0,
2017-12-22 06:46:10,0,3,4,34.0,3304.7,-39999.7,22665.8,81119.2,25.3,0,
2017-12-22 06:46:14,0,3,4,34.0,3300.6,-40000.3,22665.8,81119.2,25.3,0,
2017-12-22 06:46:14,0,3,4,34.0,3300.0,-40000.3,22665.8,81119.2,25.3,3,下限电压到
2017-12-22 06:46:17,0,3,4,34.1,3357.9,19.4,22665.8,81119.3,25.3,3,下限电压到
2017-12-22 06:46:20,0,3,4,34.1,3365.1,20.0,22665.8,81119.3,25.3,3,下限电压到
2017-12-22 06:46:23,0,3,4,34.2,3370.2,20.1,22665.9,81119.4,25.3,3,下限电压到
2017-12-22 06:46:26,0,3,4,34.2,3373.6,22.3,22665.9,81119.4,25.3,3,下限电压到
2017-12-22 06:46:29,0,3,4,34.3,3376.6,20.6,22665.9,81119.6,25.3,3,下限电压到
2017-12-22 06:46:32,0,3,4,34.3,3379.1,22.1,22665.9,81119.6,25.3,3,下限电压到
2017-12-22 06:46:35,0,3,4,34.4,3381.3,22.3,22665.9,81119.7,25.3,3,下限电压到
2017-12-22 06:46:38,0,3,4,34.4,3383.1,21.9,22665.9,81119.7,25.3,3,下限电压到
2017-12-22 06:46:42,0,3,4,34.5,3384.7,22.7,22666.0,81119.8,25.3,3,下限电压到
2017-12-22 06:46:45,0,3,4,34.5,3386.2,21.2,22666.0,81119.8,25.3,3,下限电压到
2017-12-22 06:46:50,0,4,6,0.0,3387.9,0,0.0,0.0,25.3,0,
