2017-12-22 05:33:19,0,0,3,0.0,3407.9,0,0.0,0.0,24.8,0,
2017-12-22 05:33:47,0,0,3,0.4,3409.1,18.2,0.0,0.0,24.6,0,
2017-12-22 05:33:50,0,0,3,0.4,3409.2,19.5,0.0,0.0,24.6,0,
2017-12-22 05:33:53,0,0,3,0.5,3409.4,19.9,0.0,0.0,24.6,0,
2017-12-22 05:33:56,0,0,3,0.5,3409.4,17.9,0.0,0.0,24.7,0,
2017-12-22 05:33:59,0,0,3,0.6,3409.7,19.5,0.0,0.0,24.7,0,
2017-12-22 05:34:02,0,0,3,0.6,3409.7,19.5,0.0,0.0,24.7,0,
2017-12-22 05:34:05,0,0,3,0.7,3409.8,17.8,0.0,0.0,24.7,0,
2017-12-22 05:34:08,0,0,3,0.7,3409.9,19.8,0.0,0.0,24.7,0,
2017-12-22 05:34:12,0,0,3,0.8,3410.1,17.8,0.0,0.0,24.7,0,
2017-12-22 05:34:15,0,0,3,0.8,3410.1,19.2,0.0,0.0,24.7,0,
2017-12-22 05:34:18,0,0,3,0.9,3410.1,18.0,0.0,0.0,24.7,0,
2017-12-22 05:34:21,0,0,3,0.9,3410.2,19.4,0.0,0.0,24.7,0,
2017-12-22 05:34:24,0,0,3,1.0,3410.2,19.4,0.0,0.0,24.7,0,
2017-12-22 05:34:25,0,0,3,1.0,3410.4,19.4,0.0,0.0,24.7,1,时间到
2017-12-22 05:34:29,0,1,2,0.0,3410.4,0,0.0,0.0,24.7,0,
2017-12-22 05:34:51,0,1,2,0.4,3486.2,40000.5,266.7,925.6,24.8,0,
2017-12-22 05:34:54,0,1,2,0.4,3490.4,40000.2,266.7,925.6,24.8,0,
2017-12-22 05:34:58,0,1,2,0.5,3494.6,40001.1,333.4,1158.5,24.8,0,
2017-12-22 05:35:01,0,1,2,0.5,3498.7,40001.0,333.4,1158.5,24.8,0,
2017-12-22 05:35:04,0,1,2,0.6,3502.6,40000.8,400.0,1392.0,24.8,0,
2017-12-22 05:35:07,0,1,2,0.6,3506.1,40001.0,400.0,1392.0,24.8,0,
2017-12-22 05:35:11,0,1,2,0.7,3509.5,40000.8,466.7,1625.9,24.8,0,
2017-12-22 05:35:14,0,1,2,0.7,3512.8,40001.0,466.7,1625.9,24.8,0,
2017-12-22 05:35:17,0,1,2,0.8,3515.6,40001.1,533.4,1860.2,24.8,0,
2017-12-22 05:35:20,0,1,2,0.8,3518.7,40001.3,533.4,1860.2,24.8,0,
2017-12-22 05:35:23,0,1,2,0.9,3521.4,40001.3,600.0,2094.8,24.8,0,
2017-12-22 05:35:27,0,1,2,0.9,3524.1,40001.3,600.0,2094.8,24.8,0,
2017-12-22 05:35:30,0,1,2,1.0,3526.7,40001.5,666.7,2329.8,24.8,0,
2017-12-22 05:35:33,0,1,2,1.0,3528.9,40001.6,666.7,2329.8,24.8,0,
2017-12-22 05:35:36,0,1,2,1.1,3531.2,40001.5,733.4,2565.1,24.9,0,
2017-12-22 05:35:39,0,1,2,1.1,3533.0,40001.3,733.4,2565.1,24.9,0,
2017-12-22 05:35:42,0,1,2,1.2,3534.8,40001.2,800.0,2800.7,24.9,0,
2017-12-22 05:35:45,0,1,2,1.2,3536.6,40001.5,800.0,2800.7,25.0,0,
2017-12-22 05:35:48,0,1,2,1.3,3538.5,40001.5,866.7,3036.5,25.0,0,
2017-12-22 05:35:51,0,1,2,1.4,3540.1,40001.2,933.4,3272.6,25.0,0,
2017-12-22 05:35:54,0,1,2,1.4,3541.5,40001.3,933.4,3272.6,24.9,0,
2017-12-22 05:35:58,0,1,2,1.5,3542.9,40001.4,1000.1,3508.8,24.9,0,
2017-12-22 05:36:01,0,1,2,1.5,3544.1,40001.2,1000.1,3508.8,24.9,0,
2017-12-22 05:36:04,0,1,2,1.6,3545.4,40001.7,1066.7,3745.1,24.9,0,
2017-12-22 05:36:07,0,1,2,1.6,3546.5,40001.7,1066.7,3745.1,24.9,0,
2017-12-22 05:36:10,0,1,2,1.7,3547.7,40001.8,1133.4,3981.6,24.9,0,
2017-12-22 05:36:13,0,1,2,1.7,3548.7,40001.2,1133.4,3981.6,24.9,0,
2017-12-22 05:36:17,0,1,2,1.8,3549.7,40001.8,1200.1,4218.2,24.9,0,
2017-12-22 05:36:20,0,1,2,1.8,3550.6,40001.5,1200.1,4218.2,24.9,0,
2017-12-22 05:36:23,0,1,2,1.9,3551.6,40001.5,1266.7,4455.0,24.9,0,
2017-12-22 05:36:26,0,1,2,1.9,3552.5,40002.0,1266.7,4455.0,25.0,0,
2017-12-22 05:36:29,0,1,2,2.0,3553.3,40001.6,1333.4,4691.9,24.9,0,
2017-12-22 05:36:32,0,1,2,2.0,3554.4,40001.8,1333.4,4691.9,24.9,0,
2017-12-22 05:36:35,0,1,2,2.1,3555.2,40001.5,1400.1,4928.9,24.9,0,
2017-12-22 05:36:39,0,1,2,2.1,3555.9,40001.5,1400.1,4928.9,24.9,0,
2017-12-22 05:36:42,0,1,2,2.2,3556.8,40001.7,1466.8,5166.0,24.9,0,
2017-12-22 05:36:45,0,1,2,2.2,3557.7,40001.8,1466.8,5166.0,24.9,0,
2017-12-22 05:36:48,0,1,2,2.3,3558.5,40001.5,1533.4,5403.2,24.9,0,
2017-12-22 05:36:52,0,1,2,2.4,3559.4,40002.0,1600.1,5640.5,24.9,0,
2017-12-22 05:36:55,0,1,2,2.4,3560.2,40002.0,1600.1,5640.5,24.9,0,
2017-12-22 05:36:58,0,1,2,2.5,3560.9,40002.0,1666.8,5877.9,24.9,0,
2017-12-22 05:37:01,0,1,2,2.5,3561.8,40002.0,1666.8,5877.9,24.9,0,
2017-12-22 05:37:04,0,1,2,2.6,3562.5,40001.6,1733.5,6115.4,24.8,0,
2017-12-22 05:37:07,0,1,2,2.6,3563.3,40001.6,1733.5,6115.4,24.8,0,
2017-12-22 05:37:10,0,1,2,2.7,3564.0,40001.6,1800.1,6353.0,24.8,0,
2017-12-22 05:37:13,0,1,2,2.7,3564.8,40002.2,1800.1,6353.0,24.8,0,
2017-12-22 05:37:17,0,1,2,2.8,3565.5,40001.6,1866.8,6590.7,24.8,0,
2017-12-22 05:37:20,0,1,2,2.8,3566.3,40001.5,1866.8,6590.7,24.8,0,
2017-12-22 05:37:23,0,1,2,2.9,3567.1,40001.7,1933.5,6828.6,24.8,0,
2017-12-22 05:37:26,0,1,2,2.9,3567.9,40001.8,1933.5,6828.6,24.8,0,
2017-12-22 05:37:29,0,1,2,3.0,3568.7,40001.8,2000.1,7066.5,24.8,0,
2017-12-22 05:37:32,0,1,2,3.0,3569.5,40001.6,2000.1,7066.5,24.7,0,
2017-12-22 05:37:35,0,1,2,3.1,3570.2,40001.8,2066.8,7304.5,24.8,0,
2017-12-22 05:37:38,0,1,2,3.1,3571.1,40002.0,2066.8,7304.5,24.7,0,
2017-12-22 05:37:41,0,1,2,3.2,3571.9,40002.0,2133.5,7542.6,24.7,0,
2017-12-22 05:37:44,0,1,2,3.2,3572.8,40001.8,2133.5,7542.6,24.7,0,
2017-12-22 05:37:47,0,1,2,3.3,3573.5,40002.0,2200.2,7780.8,24.7,0,
2017-12-22 05:37:51,0,1,2,3.3,3574.3,40002.0,2200.2,7780.8,24.7,0,
2017-12-22 05:37:54,0,1,2,3.4,3575.1,40001.6,2266.8,8019.1,24.7,0,
2017-12-22 05:37:57,0,1,2,3.4,3575.8,40001.8,2266.8,8019.1,24.7,0,
2017-12-22 05:38:00,0,1,2,3.5,3576.7,40001.3,2333.5,8257.6,24.6,0,
2017-12-22 05:38:03,0,1,2,3.5,3577.4,40002.0,2333.5,8257.6,24.6,0,
2017-12-22 05:38:06,0,1,2,3.6,3578.2,40001.5,2400.2,8496.1,24.6,0,
2017-12-22 05:38:09,0,1,2,3.6,3579.0,40001.8,2400.2,8496.1,24.6,0,
2017-12-22 05:38:12,0,1,2,3.7,3579.8,40001.7,2466.9,8734.7,24.6,0,
2017-12-22 05:38:15,0,1,2,3.7,3580.5,40002.0,2466.9,8734.7,24.6,0,
2017-12-22 05:38:18,0,1,2,3.8,3581.4,40002.2,2533.5,8973.4,24.6,0,
2017-12-22 05:38:21,0,1,2,3.9,3582.2,40001.7,2600.2,9212.3,24.6,0,
2017-12-22 05:38:24,0,1,2,3.9,3582.9,40002.0,2600.2,9212.3,24.6,0,
2017-12-22 05:38:27,0,1,2,4.0,3583.8,40001.4,2666.9,9451.2,24.6,0,
2017-12-22 05:38:30,0,1,2,4.0,3584.6,40002.1,2666.9,9451.2,24.6,0,
2017-12-22 05:38:33,0,1,2,4.1,3585.3,40001.8,2733.5,9690.2,24.6,0,
2017-12-22 05:38:36,0,1,2,4.1,3586.2,40001.8,2733.5,9690.2,24.6,0,
2017-12-22 05:38:40,0,1,2,4.2,3587.1,40002.5,2800.2,9929.4,24.6,0,
2017-12-22 05:38:43,0,1,2,4.2,3587.9,40001.6,2800.2,9929.4,24.6,0,
2017-12-22 05:38:46,0,1,2,4.3,3588.9,40001.8,2866.9,10168.7,24.7,0,
2017-12-22 05:38:49,0,1,2,4.3,3589.6,40001.8,2866.9,10168.7,24.7,0,
2017-12-22 05:38:52,0,1,2,4.4,3590.4,40001.8,2933.6,10408.0,24.7,0,
2017-12-22 05:38:55,0,1,2,4.4,3591.2,40001.8,2933.6,10408.0,24.7,0,
2017-12-22 05:38:58,0,1,2,4.5,3592.1,40001.8,3000.2,10647.5,24.6,0,
2017-12-22 05:39:01,0,1,2,4.5,3592.9,40001.5,3000.2,10647.5,24.6,0,
2017-12-22 05:39:04,0,1,2,4.6,3593.7,40001.5,3066.9,10887.1,24.6,0,
2017-12-22 05:39:08,0,1,2,4.6,3594.5,40001.5,3066.9,10887.1,24.6,0,
2017-12-22 05:39:11,0,1,2,4.7,3595.2,40001.6,3133.6,11126.8,24.6,0,
2017-12-22 05:39:14,0,1,2,4.7,3596.3,40001.8,3133.6,11126.8,24.7,0,
2017-12-22 05:39:17,0,1,2,4.8,3597.0,40001.8,3200.2,11366.5,24.7,0,
2017-12-22 05:39:20,0,1,2,4.8,3597.9,40001.8,3200.2,11366.5,24.7,0,
2017-12-22 05:39:23,0,1,2,4.9,3598.7,40001.5,3266.9,11606.4,24.6,0,
2017-12-22 05:39:27,0,1,2,4.9,3599.5,40001.8,3266.9,11606.4,24.7,0,
2017-12-22 05:39:30,0,1,2,5.0,3600.4,40001.7,3333.6,11846.5,24.7,0,
2017-12-22 05:39:33,0,1,2,5.0,3601.2,40001.5,3333.6,11846.5,24.7,0,
2017-12-22 05:39:36,0,1,2,5.1,3601.9,40001.5,3400.3,12086.6,24.7,0,
2017-12-22 05:39:39,0,1,2,5.1,3602.9,40001.7,3400.3,12086.6,24.7,0,
2017-12-22 05:39:42,0,1,2,5.2,3603.6,40001.4,3466.9,12326.8,24.7,0,
2017-12-22 05:39:45,0,1,2,5.2,3604.5,40001.3,3466.9,12326.8,24.7,0,
2017-12-22 05:39:48,0,1,2,5.3,3605.2,40001.5,3533.6,12567.1,24.7,0,
2017-12-22 05:39:51,0,1,2,5.3,3606.0,40001.5,3533.6,12567.1,24.7,0,
2017-12-22 05:39:54,0,1,2,5.4,3606.9,40001.4,3600.3,12807.5,24.7,0,
2017-12-22 05:39:58,0,1,2,5.5,3607.8,40001.8,3666.9,13048.1,24.7,0,
2017-12-22 05:40:01,0,1,2,5.5,3608.6,40001.3,3666.9,13048.1,24.7,0,
2017-12-22 05:40:04,0,1,2,5.6,3609.4,40001.6,3733.6,13288.7,24.7,0,
2017-12-22 05:40:07,0,1,2,5.6,3610.1,40001.3,3733.6,13288.7,24.7,0,
2017-12-22 05:40:10,0,1,2,5.7,3610.9,40001.6,3800.3,13529.4,24.7,0,
2017-12-22 05:40:13,0,1,2,5.7,3611.6,40001.5,3800.3,13529.4,24.7,0,
2017-12-22 05:40:16,0,1,2,5.8,3612.3,40001.2,3867.0,13770.3,24.7,0,
2017-12-22 05:40:19,0,1,2,5.8,3613.2,40001.3,3867.0,13770.3,24.7,0,
2017-12-22 05:40:22,0,1,2,5.9,3614.1,40001.4,3933.6,14011.2,24.8,0,
2017-12-22 05:40:25,0,1,2,5.9,3614.9,40001.3,3933.6,14011.2,24.7,0,
2017-12-22 05:40:28,0,1,2,6.0,3615.6,40001.5,4000.3,14252.2,24.8,0,
2017-12-22 05:40:32,0,1,2,6.0,3616.5,40001.2,4000.3,14252.2,24.8,0,
2017-12-22 05:40:35,0,1,2,6.1,3617.3,40001.3,4067.0,14493.4,24.8,0,
2017-12-22 05:40:38,0,1,2,6.1,3617.9,40001.6,4067.0,14493.4,24.8,0,
2017-12-22 05:40:41,0,1,2,6.2,3618.7,40001.4,4133.6,14734.6,24.8,0,
2017-12-22 05:40:44,0,1,2,6.2,3619.5,40001.5,4133.6,14734.6,24.8,0,
2017-12-22 05:40:47,0,1,2,6.3,3620.3,40001.3,4200.3,14975.9,24.7,0,
2017-12-22 05:40:51,0,1,2,6.3,3621.1,40001.5,4200.3,14975.9,24.7,0,
2017-12-22 05:40:54,0,1,2,6.4,3621.8,40001.3,4267.0,15217.4,24.8,0,
2017-12-22 05:40:57,0,1,2,6.4,3622.6,40001.3,4267.0,15217.4,24.8,0,
2017-12-22 05:41:00,0,1,2,6.5,3623.3,40001.5,4333.7,15458.9,24.7,0,
2017-12-22 05:41:03,0,1,2,6.5,3624.0,40001.3,4333.7,15458.9,24.7,0,
2017-12-22 05:41:06,0,1,2,6.6,3624.7,40001.4,4400.3,15700.5,24.8,0,
2017-12-22 05:41:09,0,1,2,6.7,3625.4,40001.7,4467.0,15942.2,24.7,0,
2017-12-22 05:41:13,0,1,2,6.7,3626.2,40001.5,4467.0,15942.2,24.8,0,
2017-12-22 05:41:16,0,1,2,6.8,3626.9,40001.3,4533.7,16184.0,24.8,0,
2017-12-22 05:41:19,0,1,2,6.8,3627.7,40001.3,4533.7,16184.0,24.8,0,
2017-12-22 05:41:22,0,1,2,6.9,3628.4,40001.2,4600.3,16426.0,24.8,0,
2017-12-22 05:41:25,0,1,2,6.9,3629.1,40001.1,4600.3,16426.0,24.8,0,
2017-12-22 05:41:28,0,1,2,7.0,3629.9,40001.3,4667.0,16668.0,24.8,0,
2017-12-22 05:41:31,0,1,2,7.0,3630.5,40001.3,4667.0,16668.0,24.7,0,
2017-12-22 05:41:34,0,1,2,7.1,3631.1,40001.3,4733.7,16910.0,24.7,0,
2017-12-22 05:41:38,0,1,2,7.1,3632.0,40001.6,4733.7,16910.0,24.7,0,
2017-12-22 05:41:41,0,1,2,7.2,3632.6,40001.2,4800.4,17152.2,24.8,0,
2017-12-22 05:41:44,0,1,2,7.2,3633.4,40001.2,4800.4,17152.2,24.8,0,
2017-12-22 05:41:47,0,1,2,7.3,3634.1,40001.5,4867.0,17394.5,24.8,0,
2017-12-22 05:41:50,0,1,2,7.3,3634.8,40001.6,4867.0,17394.5,24.8,0,
2017-12-22 05:41:53,0,1,2,7.4,3635.5,40001.5,4933.7,17636.8,24.8,0,
2017-12-22 05:41:57,0,1,2,7.4,3636.0,40001.3,4933.7,17636.8,24.8,0,
2017-12-22 05:42:00,0,1,2,7.5,3636.9,40001.3,5000.4,17879.3,24.7,0,
2017-12-22 05:42:03,0,1,2,7.5,3637.5,40001.4,5000.4,17879.3,24.7,0,
2017-12-22 05:42:06,0,1,2,7.6,3638.3,40001.3,5067.0,18121.8,24.7,0,
2017-12-22 05:42:09,0,1,2,7.7,3638.9,40001.5,5133.7,18364.4,24.8,0,
2017-12-22 05:42:13,0,1,2,7.7,3639.6,40001.6,5133.7,18364.4,24.8,0,
2017-12-22 05:42:16,0,1,2,7.8,3640.2,40001.8,5200.4,18607.1,24.8,0,
2017-12-22 05:42:19,0,1,2,7.8,3640.9,40001.3,5200.4,18607.1,24.8,0,
2017-12-22 05:42:22,0,1,2,7.9,3641.6,40000.9,5267.1,18849.9,24.8,0,
2017-12-22 05:42:25,0,1,2,7.9,3642.2,40001.5,5267.1,18849.9,24.8,0,
2017-12-22 05:42:28,0,1,2,8.0,3642.8,40000.9,5333.7,19092.8,24.8,0,
2017-12-22 05:42:31,0,1,2,8.0,3643.5,40001.5,5333.7,19092.8,24.8,0,
2017-12-22 05:42:34,0,1,2,8.1,3644.3,40001.2,5400.4,19335.7,24.8,0,
2017-12-22 05:42:37,0,1,2,8.1,3644.8,40001.2,5400.4,19335.7,24.8,0,
2017-12-22 05:42:41,0,1,2,8.2,3645.4,40000.7,5467.1,19578.7,24.8,0,
2017-12-22 05:42:44,0,1,2,8.2,3646.2,40000.9,5467.1,19578.7,24.8,0,
2017-12-22 05:42:47,0,1,2,8.3,3646.9,40001.3,5533.7,19821.9,24.8,0,
2017-12-22 05:42:50,0,1,2,8.3,3647.4,40001.4,5533.7,19821.9,24.8,0,
2017-12-22 05:42:53,0,1,2,8.4,3648.2,40001.5,5600.4,20065.0,24.8,0,
2017-12-22 05:42:56,0,1,2,8.4,3648.8,40001.2,5600.4,20065.0,24.8,0,
2017-12-22 05:43:00,0,1,2,8.5,3649.4,40001.5,5667.1,20308.3,24.8,0,
2017-12-22 05:43:03,0,1,2,8.5,3650.1,40001.3,5667.1,20308.3,24.8,0,
2017-12-22 05:43:06,0,1,2,8.6,3650.6,40000.8,5733.8,20551.7,24.8,0,
2017-12-22 05:43:09,0,1,2,8.6,3651.3,40001.0,5733.8,20551.7,24.8,0,
2017-12-22 05:43:12,0,1,2,8.7,3651.8,40001.3,5800.4,20795.1,24.8,0,
2017-12-22 05:43:16,0,1,2,8.8,3652.6,40001.1,5867.1,21038.6,24.7,0,
2017-12-22 05:43:19,0,1,2,8.8,3653.2,40001.1,5867.1,21038.6,24.8,0,
2017-12-22 05:43:22,0,1,2,8.9,3653.9,40001.4,5933.8,21282.2,24.7,0,
2017-12-22 05:43:25,0,1,2,8.9,3654.5,40001.3,5933.8,21282.2,24.7,0,
2017-12-22 05:43:28,0,1,2,9.0,3654.9,40001.5,6000.4,21525.9,24.7,0,
2017-12-22 05:43:31,0,1,2,9.0,3655.6,40001.3,6000.4,21525.9,24.7,0,
2017-12-22 05:43:34,0,1,2,9.1,3656.1,40001.3,6067.1,21769.7,24.6,0,
2017-12-22 05:43:37,0,1,2,9.1,3656.7,40001.0,6067.1,21769.7,24.6,0,
2017-12-22 05:43:40,0,1,2,9.2,3657.2,40001.5,6133.8,22013.5,24.6,0,
2017-12-22 05:43:43,0,1,2,9.2,3657.9,40001.3,6133.8,22013.5,24.7,0,
2017-12-22 05:43:46,0,1,2,9.3,3658.4,40001.3,6200.5,22257.4,24.7,0,
2017-12-22 05:43:49,0,1,2,9.3,3659.1,40001.3,6200.5,22257.4,24.7,0,
2017-12-22 05:43:53,0,1,2,9.4,3659.6,40001.1,6267.1,22501.4,24.7,0,
2017-12-22 05:43:56,0,1,2,9.4,3660.3,40001.4,6267.1,22501.4,24.7,0,
2017-12-22 05:43:59,0,1,2,9.5,3660.9,40001.1,6333.8,22745.4,24.7,0,
2017-12-22 05:44:02,0,1,2,9.5,3661.5,40001.0,6333.8,22745.4,24.7,0,
2017-12-22 05:44:05,0,1,2,9.6,3661.9,40001.1,6400.5,22989.6,24.7,0,
2017-12-22 05:44:08,0,1,2,9.6,3662.4,40001.4,6400.5,22989.6,24.6,0,
2017-12-22 05:44:11,0,1,2,9.7,3663.1,40001.2,6467.1,23233.8,24.6,0,
2017-12-22 05:44:14,0,1,2,9.7,3663.6,40000.8,6467.1,23233.8,24.6,0,
2017-12-22 05:44:17,0,1,2,9.8,3664.1,40000.5,6533.8,23478.0,24.6,0,
2017-12-22 05:44:20,0,1,2,9.8,3664.7,40001.0,6533.8,23478.0,24.6,0,
2017-12-22 05:44:24,0,1,2,9.9,3665.1,40001.3,6600.5,23722.4,24.6,0,
2017-12-22 05:44:27,0,1,2,9.9,3665.8,40001.1,6600.5,23722.4,24.6,0,
2017-12-22 05:44:30,0,1,2,10.0,3666.3,40001.3,6667.1,23966.8,24.6,0,
2017-12-22 05:44:33,0,1,2,10.0,3666.9,40001.0,6667.1,23966.8,24.6,0,
2017-12-22 05:44:36,0,1,2,10.1,3667.5,40001.0,6733.8,24211.2,24.6,0,
2017-12-22 05:44:40,0,1,2,10.2,3667.9,40001.4,6800.5,24455.8,24.6,0,
2017-12-22 05:44:43,0,1,2,10.2,3668.6,40001.0,6800.5,24455.8,24.6,0,
2017-12-22 05:44:46,0,1,2,10.3,3669.1,40001.1,6867.2,24700.4,24.6,0,
2017-12-22 05:44:49,0,1,2,10.3,3669.6,40001.3,6867.2,24700.4,24.7,0,
2017-12-22 05:44:52,0,1,2,10.4,3670.1,40000.8,6933.8,24945.1,24.7,0,
2017-12-22 05:44:55,0,1,2,10.4,3670.5,40000.8,6933.8,24945.1,24.7,0,
2017-12-22 05:44:58,0,1,2,10.5,3671.1,40001.2,7000.5,25189.8,24.7,0,
2017-12-22 05:45:02,0,1,2,10.5,3671.7,40001.0,7000.5,25189.8,24.7,0,
2017-12-22 05:45:05,0,1,2,10.6,3672.2,40001.3,7067.2,25434.6,24.6,0,
2017-12-22 05:45:08,0,1,2,10.6,3672.7,40000.8,7067.2,25434.6,24.7,0,
2017-12-22 05:45:11,0,1,2,10.7,3673.2,40000.7,7133.8,25679.5,24.7,0,
2017-12-22 05:45:15,0,1,2,10.7,3673.7,40000.7,7133.8,25679.5,24.7,0,
2017-12-22 05:45:18,0,1,2,10.8,3674.2,40000.5,7200.5,25924.4,24.6,0,
2017-12-22 05:45:21,0,1,2,10.8,3674.6,40000.5,7200.5,25924.4,24.6,0,
2017-12-22 05:45:24,0,1,2,10.9,3675.2,40001.0,7267.2,26169.4,24.6,0,
2017-12-22 05:45:27,0,1,2,10.9,3675.5,40001.0,7267.2,26169.4,24.6,0,
2017-12-22 05:45:30,0,1,2,11.0,3675.8,40000.5,7333.8,26414.4,24.6,0,
2017-12-22 05:45:33,0,1,2,11.0,3676.3,40000.6,7333.8,26414.4,24.6,0,
2017-12-22 05:45:36,0,1,2,11.1,3676.7,40001.2,7400.5,26659.5,24.6,0,
2017-12-22 05:45:39,0,1,2,11.1,3677.3,40001.0,7400.5,26659.5,24.6,0,
2017-12-22 05:45:42,0,1,2,11.2,3677.7,40001.0,7467.2,26904.7,24.6,0,
2017-12-22 05:45:45,0,1,2,11.3,3678.2,40000.8,7533.9,27149.9,24.6,0,
2017-12-22 05:45:49,0,1,2,11.3,3678.5,40001.1,7533.9,27149.9,24.6,0,
2017-12-22 05:45:52,0,1,2,11.4,3678.9,40000.9,7600.5,27395.2,24.7,0,
2017-12-22 05:45:55,0,1,2,11.4,3679.4,40000.6,7600.5,27395.2,24.7,0,
2017-12-22 05:45:58,0,1,2,11.5,3679.8,40001.2,7667.2,27640.5,24.7,0,
2017-12-22 05:46:01,0,1,2,11.5,3680.2,40001.0,7667.2,27640.5,24.7,0,
2017-12-22 05:46:04,0,1,2,11.6,3680.6,40001.2,7733.9,27885.9,24.7,0,
2017-12-22 05:46:07,0,1,2,11.6,3681.1,40000.9,7733.9,27885.9,24.6,0,
2017-12-22 05:46:10,0,1,2,11.7,3681.4,40000.9,7800.5,28131.3,24.7,0,
2017-12-22 05:46:13,0,1,2,11.7,3681.8,40000.6,7800.5,28131.3,24.7,0,
2017-12-22 05:46:16,0,1,2,11.8,3682.2,40000.8,7867.2,28376.8,24.6,0,
2017-12-22 05:46:19,0,1,2,11.8,3682.6,40000.5,7867.2,28376.8,24.7,0,
2017-12-22 05:46:22,0,1,2,11.9,3683.1,40001.0,7933.9,28622.3,24.6,0,
2017-12-22 05:46:25,0,1,2,11.9,3683.4,40001.1,7933.9,28622.3,24.6,0,
2017-12-22 05:46:28,0,1,2,12.0,3683.9,40000.7,8000.5,28867.9,24.6,0,
2017-12-22 05:46:32,0,1,2,12.0,3684.2,40000.5,8000.5,28867.9,24.6,0,
2017-12-22 05:46:35,0,1,2,12.1,3684.7,40000.8,8067.2,29113.6,24.6,0,
2017-12-22 05:46:38,0,1,2,12.1,3685.0,40000.4,8067.2,29113.6,24.6,0,
2017-12-22 05:46:41,0,1,2,12.2,3685.4,40001.1,8133.9,29359.3,24.6,0,
2017-12-22 05:46:44,0,1,2,12.2,3685.8,40000.9,8133.9,29359.3,24.6,0,
2017-12-22 05:46:47,0,1,2,12.3,3686.3,40001.0,8200.6,29605.0,24.6,0,
2017-12-22 05:46:50,0,1,2,12.3,3686.5,40001.0,8200.6,29605.0,24.6,0,
2017-12-22 05:46:53,0,1,2,12.4,3686.9,40000.7,8267.2,29850.8,24.6,0,
2017-12-22 05:46:56,0,1,2,12.4,3687.4,40001.0,8267.2,29850.8,24.6,0,
2017-12-22 05:46:59,0,1,2,12.5,3687.5,40001.4,8333.9,30096.6,24.6,0,
2017-12-22 05:47:03,0,1,2,12.5,3688.0,40001.0,8333.9,30096.6,24.6,0,
2017-12-22 05:47:06,0,1,2,12.6,3688.3,40001.3,8400.6,30342.5,24.6,0,
2017-12-22 05:47:09,0,1,2,12.6,3688.8,40000.9,8400.6,30342.5,24.6,0,
2017-12-22 05:47:12,0,1,2,12.7,3689.1,40000.9,8467.2,30588.5,24.6,0,
2017-12-22 05:47:15,0,1,2,12.7,3689.5,40001.2,8467.2,30588.5,24.6,0,
2017-12-22 05:47:18,0,1,2,12.8,3689.8,40000.2,8533.9,30834.4,24.6,0,
2017-12-22 05:47:21,0,1,2,12.8,3690.1,40000.5,8533.9,30834.4,24.6,0,
2017-12-22 05:47:24,0,1,2,12.9,3690.5,40000.7,8600.6,31080.5,24.6,0,
2017-12-22 05:47:27,0,1,2,13.0,3691.0,40000.4,8667.2,31326.5,24.7,0,
2017-12-22 05:47:30,0,1,2,13.0,3691.2,40000.3,8667.2,31326.5,24.7,0,
2017-12-22 05:47:33,0,1,2,13.1,3691.7,40000.5,8733.9,31572.7,24.7,0,
2017-12-22 05:47:36,0,1,2,13.1,3692.0,40000.8,8733.9,31572.7,24.7,0,
2017-12-22 05:47:39,0,1,2,13.2,3692.4,40000.6,8800.6,31818.8,24.7,0,
2017-12-22 05:47:43,0,1,2,13.2,3692.8,40000.9,8800.6,31818.8,24.7,0,
2017-12-22 05:47:46,0,1,2,13.3,3693.0,40000.8,8867.2,32065.0,24.6,0,
2017-12-22 05:47:49,0,1,2,13.3,3693.3,40000.7,8867.2,32065.0,24.6,0,
2017-12-22 05:47:52,0,1,2,13.4,3693.9,40000.7,8933.9,32311.3,24.6,0,
2017-12-22 05:47:55,0,1,2,13.4,3694.2,40000.7,8933.9,32311.3,24.7,0,
2017-12-22 05:47:58,0,1,2,13.5,3694.3,40000.8,9000.6,32557.6,24.7,0,
2017-12-22 05:48:01,0,1,2,13.5,3694.8,40000.8,9000.6,32557.6,24.7,0,
2017-12-22 05:48:04,0,1,2,13.6,3695.1,40001.0,9067.2,32803.9,24.7,0,
2017-12-22 05:48:07,0,1,2,13.6,3695.5,40001.3,9067.2,32803.9,24.7,0,
2017-12-22 05:48:10,0,1,2,13.7,3695.8,40001.2,9133.9,33050.3,24.7,0,
2017-12-22 05:48:13,0,1,2,13.7,3696.2,40000.8,9133.9,33050.3,24.7,0,
2017-12-22 05:48:16,0,1,2,13.8,3696.4,40001.0,9200.6,33296.7,24.7,0,
2017-12-22 05:48:19,0,1,2,13.8,3696.9,40001.0,9200.6,33296.7,24.7,0,
2017-12-22 05:48:22,0,1,2,13.9,3697.1,40000.6,9267.3,33543.2,24.7,0,
2017-12-22 05:48:26,0,1,2,13.9,3697.5,40000.9,9267.3,33543.2,24.7,0,
2017-12-22 05:48:29,0,1,2,14.0,3697.6,40000.0,9333.9,33789.7,24.7,0,
2017-12-22 05:48:32,0,1,2,14.0,3698.2,40000.7,9333.9,33789.7,24.7,0,
2017-12-22 05:48:35,0,1,2,14.1,3698.5,40000.3,9400.6,34036.3,24.7,0,
2017-12-22 05:48:38,0,1,2,14.1,3698.9,40001.0,9400.6,34036.3,24.7,0,
2017-12-22 05:48:41,0,1,2,14.2,3699.1,40001.0,9467.3,34282.9,24.7,0,
2017-12-22 05:48:44,0,1,2,14.2,3699.6,40000.6,9467.3,34282.9,24.7,0,
2017-12-22 05:48:47,0,1,2,14.3,3699.8,40001.0,9533.9,34529.6,24.7,0,
2017-12-22 05:48:50,0,1,2,14.3,3700.1,40000.5,9533.9,34529.6,24.7,0,
2017-12-22 05:48:53,0,1,2,14.4,3700.5,40001.3,9600.6,34776.3,24.7,0,
2017-12-22 05:48:57,0,1,2,14.4,3700.8,40000.8,9600.6,34776.3,24.7,0,
2017-12-22 05:49:00,0,1,2,14.5,3701.1,40001.0,9667.3,35023.0,24.7,0,
2017-12-22 05:49:03,0,1,2,14.5,3701.5,40000.8,9667.3,35023.0,24.7,0,
2017-12-22 05:49:06,0,1,2,14.6,3702.0,40000.7,9733.9,35269.8,24.7,0,
2017-12-22 05:49:09,0,1,2,14.7,3702.4,40001.0,9800.6,35516.6,24.7,0,
2017-12-22 05:49:12,0,1,2,14.7,3702.7,40000.5,9800.6,35516.6,24.7,0,
2017-12-22 05:49:15,0,1,2,14.8,3702.8,40001.1,9867.3,35763.5,24.7,0,
2017-12-22 05:49:19,0,1,2,14.8,3703.3,40000.7,9867.3,35763.5,24.7,0,
2017-12-22 05:49:22,0,1,2,14.9,3703.6,40001.0,9934.0,36010.4,24.7,0,
2017-12-22 05:49:25,0,1,2,14.9,3703.8,40000.5,9934.0,36010.4,24.7,0,
2017-12-22 05:49:28,0,1,2,15.0,3704.2,40000.8,10000.6,36257.4,24.7,0,
2017-12-22 05:49:31,0,1,2,15.0,3704.5,40001.0,10000.6,36257.4,24.6,0,
2017-12-22 05:49:34,0,1,2,15.1,3704.9,40000.5,10067.3,36504.4,24.6,0,
2017-12-22 05:49:37,0,1,2,15.1,3705.2,40000.6,10067.3,36504.4,24.6,0,
2017-12-22 05:49:40,0,1,2,15.2,3705.5,40000.9,10134.0,36751.4,24.6,0,
2017-12-22 05:49:43,0,1,2,15.2,3705.9,40000.7,10134.0,36751.4,24.6,0,
2017-12-22 05:49:47,0,1,2,15.3,3706.3,40000.8,10200.6,36998.5,24.6,0,
2017-12-22 05:49:50,0,1,2,15.3,3706.6,40000.8,10200.6,36998.5,24.6,0,
2017-12-22 05:49:53,0,1,2,15.4,3706.8,40001.0,10267.3,37245.6,24.6,0,
2017-12-22 05:49:56,0,1,2,15.4,3707.3,40001.2,10267.3,37245.6,24.6,0,
2017-12-22 05:49:59,0,1,2,15.5,3707.7,40000.9,10334.0,37492.8,24.6,0,
2017-12-22 05:50:02,0,1,2,15.5,3707.9,40000.8,10334.0,37492.8,24.6,0,
2017-12-22 05:50:05,0,1,2,15.6,3708.4,40000.8,10400.6,37740.0,24.6,0,
2017-12-22 05:50:08,0,1,2,15.6,3708.7,40001.0,10400.6,37740.0,24.6,0,
2017-12-22 05:50:11,0,1,2,15.7,3708.9,40000.6,10467.3,37987.3,24.6,0,
2017-12-22 05:50:14,0,1,2,15.7,3709.3,40001.0,10467.3,37987.3,24.6,0,
2017-12-22 05:50:17,0,1,2,15.8,3709.7,40000.8,10534.0,38234.6,24.6,0,
2017-12-22 05:50:21,0,1,2,15.8,3710.0,40000.8,10534.0,38234.6,24.6,0,
2017-12-22 05:50:24,0,1,2,15.9,3710.4,40001.0,10600.6,38481.9,24.6,0,
2017-12-22 05:50:27,0,1,2,15.9,3710.6,40000.7,10600.6,38481.9,24.6,0,
2017-12-22 05:50:30,0,1,2,16.0,3711.0,40001.0,10667.3,38729.3,24.6,0,
2017-12-22 05:50:33,0,1,2,16.0,3711.4,40000.6,10667.3,38729.3,24.7,0,
2017-12-22 05:50:37,0,1,2,16.1,3711.8,40001.0,10734.0,38976.7,24.6,0,
2017-12-22 05:50:40,0,1,2,16.2,3712.1,40000.6,10800.7,39224.2,24.6,0,
2017-12-22 05:50:43,0,1,2,16.2,3712.4,40001.0,10800.7,39224.2,24.6,0,
2017-12-22 05:50:46,0,1,2,16.3,3712.6,40000.8,10867.3,39471.7,24.6,0,
2017-12-22 05:50:49,0,1,2,16.3,3712.9,40000.8,10867.3,39471.7,24.7,0,
2017-12-22 05:50:52,0,1,2,16.4,3713.3,40000.8,10934.0,39719.3,24.7,0,
2017-12-22 05:50:55,0,1,2,16.4,3713.7,40000.5,10934.0,39719.3,24.7,0,
2017-12-22 05:50:58,0,1,2,16.5,3714.0,40001.0,11000.7,39966.9,24.7,0,
2017-12-22 05:51:01,0,1,2,16.5,3714.4,40000.7,11000.7,39966.9,24.7,0,
2017-12-22 05:51:04,0,1,2,16.6,3714.8,40001.0,11067.3,40214.6,24.7,0,
2017-12-22 05:51:07,0,1,2,16.6,3714.9,40001.0,11067.3,40214.6,24.7,0,
2017-12-22 05:51:10,0,1,2,16.7,3715.4,40001.3,11134.0,40462.3,24.7,0,
2017-12-22 05:51:13,0,1,2,16.7,3715.8,40000.3,11134.0,40462.3,24.6,0,
2017-12-22 05:51:16,0,1,2,16.8,3716.1,40001.0,11200.7,40710.0,24.6,0,
2017-12-22 05:51:19,0,1,2,16.8,3716.5,40000.9,11200.7,40710.0,24.6,0,
2017-12-22 05:51:22,0,1,2,16.9,3716.8,40000.8,11267.3,40957.8,24.6,0,
2017-12-22 05:51:25,0,1,2,16.9,3717.1,40001.2,11267.3,40957.8,24.7,0,
2017-12-22 05:51:28,0,1,2,17.0,3717.4,40001.0,11334.0,41205.7,24.7,0,
2017-12-22 05:51:31,0,1,2,17.0,3717.8,40001.2,11334.0,41205.7,24.6,0,
2017-12-22 05:51:34,0,1,2,17.1,3718.1,40000.8,11400.7,41453.5,24.7,0,
2017-12-22 05:51:37,0,1,2,17.1,3718.5,40000.9,11400.7,41453.5,24.7,0,
2017-12-22 05:51:41,0,1,2,17.2,3718.8,40001.0,11467.4,41701.5,24.7,0,
2017-12-22 05:51:44,0,1,2,17.2,3719.2,40000.5,11467.4,41701.5,24.7,0,
2017-12-22 05:51:47,0,1,2,17.3,3719.5,40000.3,11534.0,41949.4,24.6,0,
2017-12-22 05:51:50,0,1,2,17.3,3720.0,40000.7,11534.0,41949.4,24.6,0,
2017-12-22 05:51:53,0,1,2,17.4,3720.3,40000.5,11600.7,42197.5,24.6,0,
2017-12-22 05:51:56,0,1,2,17.4,3720.6,40000.6,11600.7,42197.5,24.6,0,
2017-12-22 05:51:59,0,1,2,17.5,3721.0,40000.7,11667.4,42445.5,24.7,0,
2017-12-22 05:52:03,0,1,2,17.5,3721.4,40000.9,11667.4,42445.5,24.7,0,
2017-12-22 05:52:06,0,1,2,17.6,3721.8,40000.5,11734.0,42693.6,24.7,0,
2017-12-22 05:52:09,0,1,2,17.6,3722.2,40000.7,11734.0,42693.6,24.8,0,
2017-12-22 05:52:12,0,1,2,17.7,3722.5,40001.1,11800.7,42941.8,24.7,0,
2017-12-22 05:52:15,0,1,2,17.7,3722.7,40000.9,11800.7,42941.8,24.7,0,
2017-12-22 05:52:18,0,1,2,17.8,3723.3,40000.7,11867.4,43190.0,24.8,0,
2017-12-22 05:52:21,0,1,2,17.8,3723.6,40000.5,11867.4,43190.0,24.8,0,
2017-12-22 05:52:25,0,1,2,17.9,3723.8,40000.8,11934.0,43438.2,24.8,0,
2017-12-22 05:52:28,0,1,2,18.0,3724.4,40000.9,12000.7,43686.6,24.7,0,
2017-12-22 05:52:31,0,1,2,18.0,3724.8,40001.0,12000.7,43686.6,24.7,0,
2017-12-22 05:52:34,0,1,2,18.1,3725.0,40000.7,12067.4,43934.9,24.7,0,
2017-12-22 05:52:37,0,1,2,18.1,3725.4,40000.5,12067.4,43934.9,24.8,0,
2017-12-22 05:52:40,0,1,2,18.2,3725.9,40001.0,12134.0,44183.3,24.7,0,
2017-12-22 05:52:43,0,1,2,18.2,3726.1,40000.4,12134.0,44183.3,24.7,0,
2017-12-22 05:52:46,0,1,2,18.3,3726.5,40000.6,12200.7,44431.7,24.7,0,
2017-12-22 05:52:50,0,1,2,18.3,3726.9,40000.5,12200.7,44431.7,24.7,0,
2017-12-22 05:52:53,0,1,2,18.4,3727.4,40001.1,12267.4,44680.2,24.8,0,
2017-12-22 05:52:56,0,1,2,18.4,3727.6,40000.6,12267.4,44680.2,24.8,0,
2017-12-22 05:52:59,0,1,2,18.5,3728.0,40000.7,12334.1,44928.7,24.8,0,
2017-12-22 05:53:02,0,1,2,18.5,3728.4,40001.0,12334.1,44928.7,24.8,0,
2017-12-22 05:53:05,0,1,2,18.6,3728.9,40001.0,12400.7,45177.3,24.7,0,
2017-12-22 05:53:09,0,1,2,18.6,3729.2,40000.8,12400.7,45177.3,24.8,0,
2017-12-22 05:53:12,0,1,2,18.7,3729.6,40001.0,12467.4,45425.9,24.8,0,
2017-12-22 05:53:15,0,1,2,18.7,3730.1,40000.7,12467.4,45425.9,24.8,0,
2017-12-22 05:53:18,0,1,2,18.8,3730.4,40001.0,12534.1,45674.6,24.8,0,
2017-12-22 05:53:21,0,1,2,18.9,3730.8,40001.0,12600.7,45923.4,24.8,0,
2017-12-22 05:53:25,0,1,2,18.9,3731.3,40000.8,12600.7,45923.4,24.8,0,
2017-12-22 05:53:28,0,1,2,19.0,3731.5,40001.0,12667.4,46172.1,24.7,0,
2017-12-22 05:53:31,0,1,2,19.0,3732.1,40000.7,12667.4,46172.1,24.8,0,
2017-12-22 05:53:34,0,1,2,19.1,3732.4,40000.9,12734.1,46421.0,24.8,0,
2017-12-22 05:53:37,0,1,2,19.1,3732.8,40000.6,12734.1,46421.0,24.7,0,
2017-12-22 05:53:41,0,1,2,19.2,3733.2,40000.7,12800.7,46669.9,24.7,0,
2017-12-22 05:53:44,0,1,2,19.2,3733.6,40000.6,12800.7,46669.9,24.7,0,
2017-12-22 05:53:47,0,1,2,19.3,3734.2,40000.9,12867.4,46918.8,24.8,0,
2017-12-22 05:53:50,0,1,2,19.3,3734.6,40000.5,12867.4,46918.8,24.8,0,
2017-12-22 05:53:53,0,1,2,19.4,3734.9,40001.2,12934.1,47167.8,24.7,0,
2017-12-22 05:53:56,0,1,2,19.4,3735.2,40000.7,12934.1,47167.8,24.8,0,
2017-12-22 05:53:59,0,1,2,19.5,3735.8,40000.8,13000.7,47416.8,24.8,0,
2017-12-22 05:54:03,0,1,2,19.5,3736.2,40000.5,13000.7,47416.8,24.8,0,
2017-12-22 05:54:06,0,1,2,19.6,3736.6,40000.5,13067.4,47665.9,24.8,0,
2017-12-22 05:54:09,0,1,2,19.6,3737.1,40001.0,13067.4,47665.9,24.8,0,
2017-12-22 05:54:12,0,1,2,19.7,3737.3,40000.8,13134.1,47915.1,24.8,0,
2017-12-22 05:54:15,0,1,2,19.7,3737.7,40001.2,13134.1,47915.1,24.8,0,
2017-12-22 05:54:18,0,1,2,19.8,3738.3,40000.6,13200.8,48164.3,24.8,0,
2017-12-22 05:54:21,0,1,2,19.8,3738.8,40000.5,13200.8,48164.3,24.8,0,
2017-12-22 05:54:24,0,1,2,19.9,3739.0,40000.7,13267.4,48413.5,24.8,0,
2017-12-22 05:54:28,0,1,2,20.0,3739.4,40000.8,13334.1,48662.9,24.8,0,
2017-12-22 05:54:31,0,1,2,20.0,3740.0,40001.0,13334.1,48662.9,24.8,0,
2017-12-22 05:54:34,0,1,2,20.1,3740.4,40000.9,13400.8,48912.2,24.8,0,
2017-12-22 05:54:37,0,1,2,20.1,3740.7,40000.8,13400.8,48912.2,24.7,0,
2017-12-22 05:54:40,0,1,2,20.2,3741.3,40000.8,13467.4,49161.6,24.7,0,
2017-12-22 05:54:43,0,1,2,20.2,3741.6,40000.6,13467.4,49161.6,24.7,0,
2017-12-22 05:54:46,0,1,2,20.3,3742.0,40001.0,13534.1,49411.1,24.7,0,
2017-12-22 05:54:49,0,1,2,20.3,3742.4,40000.5,13534.1,49411.1,24.7,0,
2017-12-22 05:54:52,0,1,2,20.4,3742.8,40000.7,13600.8,49660.6,24.6,0,
2017-12-22 05:54:55,0,1,2,20.4,3743.3,40000.3,13600.8,49660.6,24.6,0,
2017-12-22 05:54:58,0,1,2,20.5,3743.6,40000.7,13667.4,49910.2,24.6,0,
2017-12-22 05:55:01,0,1,2,20.5,3744.1,40000.7,13667.4,49910.2,24.6,0,
2017-12-22 05:55:04,0,1,2,20.6,3744.6,40000.7,13734.1,50159.9,24.6,0,
2017-12-22 05:55:07,0,1,2,20.6,3745.0,40000.3,13734.1,50159.9,24.6,0,
2017-12-22 05:55:11,0,1,2,20.7,3745.5,40000.8,13800.8,50409.6,24.6,0,
2017-12-22 05:55:14,0,1,2,20.7,3746.0,40000.8,13800.8,50409.6,24.6,0,
2017-12-22 05:55:17,0,1,2,20.8,3746.3,40000.7,13867.4,50659.3,24.7,0,
2017-12-22 05:55:20,0,1,2,20.8,3746.8,40000.9,13867.4,50659.3,24.7,0,
2017-12-22 05:55:23,0,1,2,20.9,3747.3,40000.3,13934.1,50909.1,24.7,0,
2017-12-22 05:55:26,0,1,2,20.9,3747.7,40000.9,13934.1,50909.1,24.7,0,
2017-12-22 05:55:29,0,1,2,21.0,3748.1,40000.9,14000.8,51159.0,24.7,0,
2017-12-22 05:55:33,0,1,2,21.0,3748.6,40000.5,14000.8,51159.0,24.7,0,
2017-12-22 05:55:36,0,1,2,21.1,3749.2,40001.0,14067.5,51408.9,24.8,0,
2017-12-22 05:55:39,0,1,2,21.1,3749.5,40000.7,14067.5,51408.9,24.8,0,
2017-12-22 05:55:42,0,1,2,21.2,3750.1,40000.6,14134.1,51658.9,24.8,0,
2017-12-22 05:55:46,0,1,2,21.3,3750.5,40000.6,14200.8,51908.9,24.8,0,
2017-12-22 05:55:49,0,1,2,21.3,3751.0,40000.3,14200.8,51908.9,24.8,0,
2017-12-22 05:55:52,0,1,2,21.4,3751.4,40000.7,14267.5,52159.0,24.8,0,
2017-12-22 05:55:55,0,1,2,21.4,3751.9,40000.3,14267.5,52159.0,24.8,0,
2017-12-22 05:55:58,0,1,2,21.5,3752.2,40000.4,14334.1,52409.2,24.8,0,
2017-12-22 05:56:01,0,1,2,21.5,3752.7,40000.8,14334.1,52409.2,24.8,0,
2017-12-22 05:56:04,0,1,2,21.6,3753.3,40000.3,14400.8,52659.4,24.8,0,
2017-12-22 05:56:07,0,1,2,21.6,3753.7,40000.3,14400.8,52659.4,24.8,0,
2017-12-22 05:56:10,0,1,2,21.7,3754.2,40000.3,14467.5,52909.7,24.8,0,
2017-12-22 05:56:13,0,1,2,21.7,3754.7,40000.4,14467.5,52909.7,24.8,0,
2017-12-22 05:56:16,0,1,2,21.8,3755.2,40000.3,14534.1,53160.0,24.8,0,
2017-12-22 05:56:19,0,1,2,21.8,3755.7,40000.5,14534.1,53160.0,24.8,0,
2017-12-22 05:56:23,0,1,2,21.9,3756.0,40000.3,14600.8,53410.4,24.8,0,
2017-12-22 05:56:26,0,1,2,21.9,3756.7,40000.7,14600.8,53410.4,24.8,0,
2017-12-22 05:56:29,0,1,2,22.0,3757.2,40000.8,14667.5,53660.9,24.8,0,
2017-12-22 05:56:32,0,1,2,22.0,3757.7,40000.5,14667.5,53660.9,24.8,0,
2017-12-22 05:56:35,0,1,2,22.1,3758.1,40000.7,14734.1,53911.4,24.8,0,
2017-12-22 05:56:38,0,1,2,22.1,3758.7,40000.6,14734.1,53911.4,24.8,0,
2017-12-22 05:56:42,0,1,2,22.2,3759.2,40001.0,14800.8,54162.0,24.8,0,
2017-12-22 05:56:45,0,1,2,22.2,3759.6,40001.0,14800.8,54162.0,24.8,0,
2017-12-22 05:56:48,0,1,2,22.3,3760.2,40001.0,14867.5,54412.7,24.8,0,
2017-12-22 05:56:51,0,1,2,22.3,3760.6,40001.0,14867.5,54412.7,24.8,0,
2017-12-22 05:56:55,0,1,2,22.4,3761.1,40001.3,14934.1,54663.4,24.8,0,
2017-12-22 05:56:58,0,1,2,22.5,3761.7,40001.1,15000.8,54914.2,24.8,0,
2017-12-22 05:57:01,0,1,2,22.5,3762.1,40001.0,15000.8,54914.2,24.8,0,
2017-12-22 05:57:04,0,1,2,22.6,3762.6,40000.5,15067.5,55165.1,24.8,0,
2017-12-22 05:57:07,0,1,2,22.6,3763.2,40000.8,15067.5,55165.1,24.8,0,
2017-12-22 05:57:10,0,1,2,22.7,3763.7,40001.0,15134.2,55416.0,24.8,0,
2017-12-22 05:57:13,0,1,2,22.7,3764.3,40000.7,15134.2,55416.0,24.7,0,
2017-12-22 05:57:16,0,1,2,22.8,3764.7,40001.1,15200.8,55667.0,24.8,0,
2017-12-22 05:57:20,0,1,2,22.8,3765.3,40000.6,15200.8,55667.0,24.8,0,
2017-12-22 05:57:23,0,1,2,22.9,3765.8,40000.8,15267.5,55918.0,24.7,0,
2017-12-22 05:57:26,0,1,2,22.9,3766.2,40000.6,15267.5,55918.0,24.8,0,
2017-12-22 05:57:29,0,1,2,23.0,3767.0,40000.8,15334.2,56169.1,24.8,0,
2017-12-22 05:57:32,0,1,2,23.0,3767.3,40001.0,15334.2,56169.1,24.8,0,
2017-12-22 05:57:36,0,1,2,23.1,3767.9,40000.8,15400.8,56420.3,24.8,0,
2017-12-22 05:57:39,0,1,2,23.1,3768.6,40000.7,15400.8,56420.3,24.8,0,
2017-12-22 05:57:42,0,1,2,23.2,3769.0,40000.7,15467.5,56671.6,24.8,0,
2017-12-22 05:57:45,0,1,2,23.2,3769.5,40000.8,15467.5,56671.6,24.8,0,
2017-12-22 05:57:48,0,1,2,23.3,3770.1,40001.0,15534.2,56922.9,24.8,0,
2017-12-22 05:57:51,0,1,2,23.4,3770.6,40000.4,15600.8,57174.3,24.8,0,
2017-12-22 05:57:55,0,1,2,23.4,3771.2,40000.5,15600.8,57174.3,24.8,0,
2017-12-22 05:57:58,0,1,2,23.5,3771.7,40000.8,15667.5,57425.7,24.8,0,
2017-12-22 05:58:01,0,1,2,23.5,3772.2,40000.5,15667.5,57425.7,24.8,0,
2017-12-22 05:58:04,0,1,2,23.6,3772.9,40000.8,15734.2,57677.2,24.8,0,
2017-12-22 05:58:07,0,1,2,23.6,3773.3,40000.8,15734.2,57677.2,24.8,0,
2017-12-22 05:58:10,0,1,2,23.7,3773.9,40000.3,15800.8,57928.8,24.8,0,
2017-12-22 05:58:14,0,1,2,23.7,3774.5,40000.9,15800.8,57928.8,24.8,0,
2017-12-22 05:58:17,0,1,2,23.8,3775.1,40000.3,15867.5,58180.5,24.8,0,
2017-12-22 05:58:20,0,1,2,23.8,3775.8,40000.5,15867.5,58180.5,24.8,0,
2017-12-22 05:58:23,0,1,2,23.9,3776.2,40000.9,15934.2,58432.2,24.8,0,
2017-12-22 05:58:26,0,1,2,23.9,3777.0,40000.6,15934.2,58432.2,24.9,0,
2017-12-22 05:58:29,0,1,2,24.0,3777.4,40000.5,16000.9,58684.1,24.9,0,
2017-12-22 05:58:33,0,1,2,24.0,3778.0,40000.8,16000.9,58684.1,24.8,0,
2017-12-22 05:58:36,0,1,2,24.1,3778.5,40000.0,16067.5,58935.9,24.9,0,
2017-12-22 05:58:39,0,1,2,24.1,3779.2,40001.1,16067.5,58935.9,24.8,0,
2017-12-22 05:58:42,0,1,2,24.2,3779.7,40000.3,16134.2,59187.9,24.9,0,
2017-12-22 05:58:45,0,1,2,24.3,3780.2,40000.3,16200.9,59439.9,24.9,0,
2017-12-22 05:58:49,0,1,2,24.3,3780.9,40000.2,16200.9,59439.9,24.9,0,
2017-12-22 05:58:52,0,1,2,24.4,3781.4,39999.7,16267.5,59692.0,24.9,0,
2017-12-22 05:58:55,0,1,2,24.4,3782.2,40000.3,16267.5,59692.0,24.8,0,
2017-12-22 05:58:58,0,1,2,24.5,3782.8,40000.5,16334.2,59944.2,24.8,0,
2017-12-22 05:59:01,0,1,2,24.5,3783.4,40000.6,16334.2,59944.2,24.8,0,
2017-12-22 05:59:05,0,1,2,24.6,3784.0,40000.7,16400.9,60196.5,24.8,0,
2017-12-22 05:59:08,0,1,2,24.6,3784.4,40000.1,16400.9,60196.5,24.8,0,
2017-12-22 05:59:11,0,1,2,24.7,3785.1,40001.0,16467.5,60448.8,24.8,0,
2017-12-22 05:59:14,0,1,2,24.7,3785.8,40000.4,16467.5,60448.8,24.8,0,
2017-12-22 05:59:17,0,1,2,24.8,3786.3,40000.1,16534.2,60701.2,24.8,0,
2017-12-22 05:59:20,0,1,2,24.8,3786.9,40000.3,16534.2,60701.2,24.8,0,
2017-12-22 05:59:23,0,1,2,24.9,3787.6,40000.3,16600.9,60953.7,24.8,0,
2017-12-22 05:59:27,0,1,2,24.9,3788.1,40000.5,16600.9,60953.7,24.8,0,
2017-12-22 05:59:30,0,1,2,25.0,3788.8,40000.5,16667.5,61206.2,24.8,0,
2017-12-22 05:59:33,0,1,2,25.0,3789.3,40000.7,16667.5,61206.2,24.8,0,
2017-12-22 05:59:36,0,1,2,25.1,3790.0,40000.5,16734.2,61458.9,24.8,0,
2017-12-22 05:59:39,0,1,2,25.1,3790.6,40000.7,16734.2,61458.9,24.8,0,
2017-12-22 05:59:42,0,1,2,25.2,3791.1,40000.5,16800.9,61711.6,24.8,0,
2017-12-22 05:59:45,0,1,2,25.2,3791.7,40000.5,16800.9,61711.6,24.8,0,
2017-12-22 05:59:48,0,1,2,25.3,3792.3,40000.7,16867.5,61964.4,24.8,0,
2017-12-22 05:59:51,0,1,2,25.3,3792.9,40000.5,16867.5,61964.4,24.8,0,
2017-12-22 05:59:54,0,1,2,25.4,3793.6,40000.6,16934.2,62217.3,24.8,0,
2017-12-22 05:59:57,0,1,2,25.4,3794.3,40000.6,16934.2,62217.3,24.8,0,
2017-12-22 06:00:00,0,1,2,25.5,3794.9,40001.0,17000.9,62470.2,24.8,0,
2017-12-22 06:00:04,0,1,2,25.6,3795.4,40000.5,17067.6,62723.3,24.8,0,
2017-12-22 06:00:07,0,1,2,25.6,3796.1,40001.0,17067.6,62723.3,24.8,0,
2017-12-22 06:00:10,0,1,2,25.7,3796.8,40000.7,17134.2,62976.4,24.8,0,
2017-12-22 06:00:13,0,1,2,25.7,3797.5,40000.6,17134.2,62976.4,24.8,0,
2017-12-22 06:00:17,0,1,2,25.8,3798.1,40000.4,17200.9,63229.6,24.8,0,
2017-12-22 06:00:20,0,1,2,25.8,3798.7,40000.8,17200.9,63229.6,24.8,0,
2017-12-22 06:00:23,0,1,2,25.9,3799.4,40000.7,17267.6,63482.9,24.8,0,
2017-12-22 06:00:26,0,1,2,25.9,3800.1,40000.7,17267.6,63482.9,24.8,0,
2017-12-22 06:00:29,0,1,2,26.0,3800.8,40000.5,17334.2,63736.3,24.8,0,
2017-12-22 06:00:32,0,1,2,26.0,3801.4,40000.2,17334.2,63736.3,24.8,0,
2017-12-22 06:00:36,0,1,2,26.1,3802.2,40000.6,17400.9,63989.7,24.8,0,
2017-12-22 06:00:39,0,1,2,26.1,3802.8,40000.3,17400.9,63989.7,24.8,0,
2017-12-22 06:00:42,0,1,2,26.2,3803.4,40000.7,17467.6,64243.3,24.8,0,
2017-12-22 06:00:45,0,1,2,26.2,3804.1,40000.9,17467.6,64243.3,24.8,0,
2017-12-22 06:00:48,0,1,2,26.3,3804.7,40000.5,17534.2,64496.9,24.8,0,
2017-12-22 06:00:51,0,1,2,26.3,3805.5,40000.5,17534.2,64496.9,24.8,0,
2017-12-22 06:00:54,0,1,2,26.4,3806.0,40000.3,17600.9,64750.6,24.8,0,
2017-12-22 06:00:57,0,1,2,26.5,3806.8,40000.7,17667.6,65004.4,24.8,0,
2017-12-22 06:01:01,0,1,2,26.5,3807.4,40000.4,17667.6,65004.4,24.8,0,
2017-12-22 06:01:04,0,1,2,26.6,3808.2,40000.5,17734.2,65258.3,24.8,0,
2017-12-22 06:01:07,0,1,2,26.6,3809.0,40000.3,17734.2,65258.3,24.8,0,
2017-12-22 06:01:10,0,1,2,26.7,3809.6,40000.3,17800.9,65512.2,24.8,0,
2017-12-22 06:01:14,0,1,2,26.7,3810.5,40000.8,17800.9,65512.2,24.8,0,
2017-12-22 06:01:17,0,1,2,26.8,3811.2,40000.7,17867.6,65766.3,24.8,0,
2017-12-22 06:01:20,0,1,2,26.8,3811.8,40000.7,17867.6,65766.3,24.8,0,
2017-12-22 06:01:23,0,1,2,26.9,3812.5,40000.8,17934.2,66020.4,24.8,0,
2017-12-22 06:01:26,0,1,2,26.9,3813.2,40000.3,17934.2,66020.4,24.8,0,
2017-12-22 06:01:29,0,1,2,27.0,3814.0,40000.8,18000.9,66274.7,24.8,0,
2017-12-22 06:01:32,0,1,2,27.0,3814.7,40000.4,18000.9,66274.7,24.8,0,
2017-12-22 06:01:36,0,1,2,27.1,3815.2,40000.5,18067.6,66529.0,24.8,0,
2017-12-22 06:01:39,0,1,2,27.1,3815.9,40000.3,18067.6,66529.0,24.8,0,
2017-12-22 06:01:42,0,1,2,27.2,3816.7,40000.3,18134.3,66783.4,24.8,0,
2017-12-22 06:01:45,0,1,2,27.2,3817.3,40000.3,18134.3,66783.4,24.9,0,
2017-12-22 06:01:48,0,1,2,27.3,3818.3,40000.3,18200.9,67037.9,24.9,0,
2017-12-22 06:01:51,0,1,2,27.3,3819.0,40000.8,18200.9,67037.9,24.9,0,
2017-12-22 06:01:55,0,1,2,27.4,3819.5,40000.8,18267.6,67292.5,24.9,0,
2017-12-22 06:01:58,0,1,2,27.5,3820.4,40000.2,18334.3,67547.2,24.9,0,
2017-12-22 06:02:01,0,1,2,27.5,3821.1,40000.5,18334.3,67547.2,24.9,0,
2017-12-22 06:02:04,0,1,2,27.6,3821.9,40001.0,18400.9,67802.0,24.9,0,
2017-12-22 06:02:07,0,1,2,27.6,3822.5,40000.5,18400.9,67802.0,24.9,0,
2017-12-22 06:02:10,0,1,2,27.7,3823.2,40001.0,18467.6,68056.9,24.9,0,
2017-12-22 06:02:14,0,1,2,27.7,3824.2,40000.7,18467.6,68056.9,24.9,0,
2017-12-22 06:02:17,0,1,2,27.8,3824.9,40000.4,18534.3,68311.8,24.9,0,
2017-12-22 06:02:20,0,1,2,27.8,3825.5,40000.6,18534.3,68311.8,24.9,0,
2017-12-22 06:02:23,0,1,2,27.9,3826.2,40000.5,18600.9,68566.9,24.9,0,
2017-12-22 06:02:26,0,1,2,27.9,3827.0,40000.5,18600.9,68566.9,24.9,0,
2017-12-22 06:02:29,0,1,2,28.0,3827.8,40000.7,18667.6,68822.1,24.9,0,
2017-12-22 06:02:32,0,1,2,28.0,3828.6,40000.5,18667.6,68822.1,24.9,0,
2017-12-22 06:02:35,0,1,2,28.1,3829.2,40000.5,18734.3,69077.3,25.0,0,
2017-12-22 06:02:38,0,1,2,28.1,3829.9,40000.3,18734.3,69077.3,25.0,0,
2017-12-22 06:02:41,0,1,2,28.2,3830.8,40000.5,18800.9,69332.7,25.0,0,
2017-12-22 06:02:44,0,1,2,28.2,3831.5,40000.6,18800.9,69332.7,25.0,0,
2017-12-22 06:02:47,0,1,2,28.3,3832.2,40000.4,18867.6,69588.1,25.0,0,
2017-12-22 06:02:51,0,1,2,28.3,3833.0,40000.1,18867.6,69588.1,25.0,0,
2017-12-22 06:02:54,0,1,2,28.4,3833.9,40000.3,18934.3,69843.7,25.0,0,
2017-12-22 06:02:57,0,1,2,28.4,3834.7,40000.1,18934.3,69843.7,25.0,0,
2017-12-22 06:03:00,0,1,2,28.5,3835.4,40000.9,19000.9,70099.4,25.0,0,
2017-12-22 06:03:03,0,1,2,28.5,3836.0,40000.8,19000.9,70099.4,25.0,0,
2017-12-22 06:03:06,0,1,2,28.6,3837.0,40000.5,19067.6,70355.1,25.0,0,
2017-12-22 06:03:09,0,1,2,28.6,3837.6,40000.8,19067.6,70355.1,24.9,0,
2017-12-22 06:03:12,0,1,2,28.7,3838.5,40000.0,19134.3,70611.0,24.9,0,
2017-12-22 06:03:16,0,1,2,28.8,3839.2,40000.3,19200.9,70866.9,24.9,0,
2017-12-22 06:03:19,0,1,2,28.8,3840.2,40000.3,19200.9,70866.9,24.8,0,
2017-12-22 06:03:22,0,1,2,28.9,3840.9,40000.8,19267.6,71123.0,24.8,0,
2017-12-22 06:03:25,0,1,2,28.9,3841.8,40000.1,19267.6,71123.0,24.8,0,
2017-12-22 06:03:28,0,1,2,29.0,3842.5,40000.2,19334.3,71379.1,24.8,0,
2017-12-22 06:03:31,0,1,2,29.0,3843.4,40000.3,19334.3,71379.1,24.8,0,
2017-12-22 06:03:34,0,1,2,29.1,3844.1,40000.0,19400.9,71635.4,24.8,0,
2017-12-22 06:03:38,0,1,2,29.1,3844.9,40000.4,19400.9,71635.4,24.8,0,
2017-12-22 06:03:41,0,1,2,29.2,3845.8,40000.1,19467.6,71891.7,24.8,0,
2017-12-22 06:03:44,0,1,2,29.2,3846.6,40000.4,19467.6,71891.7,24.9,0,
2017-12-22 06:03:47,0,1,2,29.3,3847.2,40000.2,19534.3,72148.2,24.8,0,
2017-12-22 06:03:50,0,1,2,29.3,3848.1,40000.2,19534.3,72148.2,24.9,0,
2017-12-22 06:03:53,0,1,2,29.4,3848.9,40000.3,19600.9,72404.8,24.9,0,
2017-12-22 06:03:56,0,1,2,29.4,3849.8,40000.3,19600.9,72404.8,24.9,0,
2017-12-22 06:03:59,0,1,2,29.5,3850.6,40000.3,19667.6,72661.5,24.9,0,
2017-12-22 06:04:02,0,1,2,29.5,3851.3,40000.2,19667.6,72661.5,24.9,0,
2017-12-22 06:04:05,0,1,2,29.6,3852.3,40000.3,19734.3,72918.3,24.9,0,
2017-12-22 06:04:08,0,1,2,29.6,3853.1,40000.5,19734.3,72918.3,24.9,0,
2017-12-22 06:04:12,0,1,2,29.7,3854.0,39999.9,19801.0,73175.2,24.9,0,
2017-12-22 06:04:15,0,1,2,29.7,3854.8,40000.8,19801.0,73175.2,24.9,0,
2017-12-22 06:04:18,0,1,2,29.8,3855.7,40000.0,19867.6,73432.2,24.9,0,
2017-12-22 06:04:21,0,1,2,29.8,3856.5,39999.9,19867.6,73432.2,25.0,0,
2017-12-22 06:04:24,0,1,2,29.9,3857.2,40000.0,19934.3,73689.3,25.0,0,
2017-12-22 06:04:27,0,1,2,30.0,3858.3,40000.3,20001.0,73946.5,25.0,0,
2017-12-22 06:04:30,0,1,2,30.0,3859.1,40000.3,20001.0,73946.5,25.0,0,
2017-12-22 06:04:34,0,1,2,30.1,3859.9,40000.0,20067.6,74203.8,25.0,0,
2017-12-22 06:04:37,0,1,2,30.1,3860.8,40000.2,20067.6,74203.8,25.0,0,
2017-12-22 06:04:40,0,1,2,30.2,3861.6,40000.0,20134.3,74461.2,25.0,0,
2017-12-22 06:04:43,0,1,2,30.2,3862.4,40000.5,20134.3,74461.2,25.0,0,
2017-12-22 06:04:46,0,1,2,30.3,3863.1,40000.0,20201.0,74718.8,25.0,0,
2017-12-22 06:04:49,0,1,2,30.3,3863.9,40000.3,20201.0,74718.8,25.0,0,
2017-12-22 06:04:52,0,1,2,30.4,3864.9,40000.3,20267.6,74976.4,25.0,0,
2017-12-22 06:04:55,0,1,2,30.4,3865.7,40000.3,20267.6,74976.4,25.0,0,
2017-12-22 06:04:58,0,1,2,30.5,3866.6,40000.3,20334.3,75234.2,25.0,0,
2017-12-22 06:05:01,0,1,2,30.5,3867.7,40000.6,20334.3,75234.2,25.0,0,
2017-12-22 06:05:05,0,1,2,30.6,3868.5,40000.4,20401.0,75492.1,25.0,0,
2017-12-22 06:05:08,0,1,2,30.6,3869.5,40000.3,20401.0,75492.1,24.9,0,
2017-12-22 06:05:11,0,1,2,30.7,3870.4,39999.8,20467.6,75750.1,24.9,0,
2017-12-22 06:05:14,0,1,2,30.7,3871.1,40000.1,20467.6,75750.1,25.0,0,
2017-12-22 06:05:17,0,1,2,30.8,3872.0,40000.4,20534.3,76008.2,24.9,0,
2017-12-22 06:05:20,0,1,2,30.8,3873.0,40000.3,20534.3,76008.2,24.9,0,
2017-12-22 06:05:24,0,1,2,30.9,3873.8,40000.3,20601.0,76266.4,25.0,0,
2017-12-22 06:05:27,0,1,2,30.9,3874.7,40000.0,20601.0,76266.4,25.0,0,
2017-12-22 06:05:30,0,1,2,31.0,3875.6,40000.5,20667.6,76524.7,25.0,0,
2017-12-22 06:05:33,0,1,2,31.0,3876.4,40000.3,20667.6,76524.7,25.0,0,
2017-12-22 06:05:36,0,1,2,31.1,3877.3,40000.3,20734.3,76783.2,25.0,0,
2017-12-22 06:05:39,0,1,2,31.1,3878.1,40000.0,20734.3,76783.2,25.0,0,
2017-12-22 06:05:42,0,1,2,31.2,3879.2,40000.3,20801.0,77041.7,25.0,0,
2017-12-22 06:05:45,0,1,2,31.2,3880.1,40000.0,20801.0,77041.7,25.0,0,
2017-12-22 06:05:48,0,1,2,31.3,3881.1,40000.3,20867.6,77300.4,24.9,0,
2017-12-22 06:05:51,0,1,2,31.4,3881.9,40000.3,20934.3,77559.2,25.0,0,
2017-12-22 06:05:54,0,1,2,31.4,3882.8,40000.3,20934.3,77559.2,24.9,0,
2017-12-22 06:05:57,0,1,2,31.5,3883.6,40000.0,21001.0,77818.1,24.9,0,
2017-12-22 06:06:01,0,1,2,31.5,3884.5,40000.2,21001.0,77818.1,25.0,0,
2017-12-22 06:06:04,0,1,2,31.6,3885.5,39999.9,21067.6,78077.1,24.9,0,
2017-12-22 06:06:07,0,1,2,31.6,3886.5,39999.7,21067.6,78077.1,25.0,0,
2017-12-22 06:06:10,0,1,2,31.7,3887.3,39999.6,21134.3,78336.3,25.0,0,
2017-12-22 06:06:13,0,1,2,31.7,3888.4,39999.7,21134.3,78336.3,25.0,0,
2017-12-22 06:06:16,0,1,2,31.8,3889.2,39999.6,21201.0,78595.6,25.0,0,
2017-12-22 06:06:19,0,1,2,31.8,3890.2,39999.7,21201.0,78595.6,25.0,0,
2017-12-22 06:06:22,0,1,2,31.9,3891.0,40000.3,21267.6,78854.9,25.0,0,
2017-12-22 06:06:25,0,1,2,31.9,3891.9,39999.7,21267.6,78854.9,25.0,0,
2017-12-22 06:06:29,0,1,2,32.0,3892.8,39999.5,21334.3,79114.5,25.0,0,
2017-12-22 06:06:32,0,1,2,32.0,3893.7,39999.2,21334.3,79114.5,25.0,0,
2017-12-22 06:06:35,0,1,2,32.1,3894.7,39999.5,21401.0,79374.1,25.0,0,
2017-12-22 06:06:38,0,1,2,32.1,3895.6,39999.0,21401.0,79374.1,25.0,0,
2017-12-22 06:06:41,0,1,2,32.2,3896.7,39998.5,21467.6,79633.8,25.0,0,
2017-12-22 06:06:44,0,1,2,32.2,3897.7,39998.2,21467.6,79633.8,25.0,0,
2017-12-22 06:06:47,0,1,2,32.3,3898.5,39997.8,21534.3,79893.7,25.0,0,
2017-12-22 06:06:50,0,1,2,32.3,3899.5,39998.9,21534.3,79893.7,25.0,0,
2017-12-22 06:06:53,0,1,2,32.4,3900.0,39499.9,21600.9,80153.6,25.0,0,
2017-12-22 06:06:56,0,1,2,32.4,3900.2,38444.7,21600.9,80153.6,25.0,0,
2017-12-22 06:07:00,0,1,2,32.5,3900.1,37302.2,21664.2,80400.3,25.0,0,
2017-12-22 06:07:03,0,1,2,32.5,3900.1,36451.3,21664.2,80400.3,25.0,0,
2017-12-22 06:07:06,0,1,2,32.6,3900.1,35480.6,21724.5,80635.4,25.0,0,
2017-12-22 06:07:09,0,1,2,32.6,3900.0,34754.8,21724.5,80635.4,25.0,0,
2017-12-22 06:07:12,0,1,2,32.7,3899.8,33894.3,21782.3,80860.8,25.0,0,
2017-12-22 06:07:16,0,1,2,32.8,3899.9,33301.5,21837.8,81077.3,25.0,0,
2017-12-22 06:07:19,0,1,2,32.8,3900.1,32721.6,21837.8,81077.3,25.0,0,
2017-12-22 06:07:22,0,1,2,32.9,3900.0,31991.0,21891.4,81286.3,25.0,0,
2017-12-22 06:07:25,0,1,2,32.9,3900.0,31351.3,21891.4,81286.3,25.0,0,
2017-12-22 06:07:28,0,1,2,33.0,3900.1,30805.7,21943.1,81488.1,25.0,0,
2017-12-22 06:07:32,0,1,2,33.0,3900.0,30194.4,21943.1,81488.1,25.0,0,
2017-12-22 06:07:35,0,1,2,33.1,3900.1,29592.2,21992.9,81682.4,25.0,0,
2017-12-22 06:07:38,0,1,2,33.1,3900.0,29075.0,21992.9,81682.4,25.0,0,
2017-12-22 06:07:41,0,1,2,33.2,3900.0,28509.6,22041.0,81870.0,25.0,0,
2017-12-22 06:07:44,0,1,2,33.2,3900.0,28001.4,22041.0,81870.0,25.0,0,
2017-12-22 06:07:48,0,1,2,33.3,3899.9,27443.0,22087.2,82050.2,25.0,0,
2017-12-22 06:07:51,0,1,2,33.3,3899.8,26972.4,22087.2,82050.2,25.0,0,
2017-12-22 06:07:54,0,1,2,33.4,3900.0,26427.5,22131.9,82224.5,25.0,0,
2017-12-22 06:07:57,0,1,2,33.4,3900.0,26162.3,22131.9,82224.5,24.9,0,
2017-12-22 06:08:00,0,1,2,33.5,3900.0,25577.0,22175.3,82393.7,24.9,0,
2017-12-22 06:08:03,0,1,2,33.5,3899.9,25081.2,22175.3,82393.7,24.9,0,
2017-12-22 06:08:06,0,1,2,33.6,3900.1,24693.7,22217.0,82556.3,24.9,0,
2017-12-22 06:08:09,0,1,2,33.7,3899.9,24202.0,22257.3,82713.6,24.9,0,
2017-12-22 06:08:12,0,1,2,33.7,3900.0,23838.3,22257.3,82713.6,24.9,0,
2017-12-22 06:08:16,0,1,2,33.8,3899.9,23375.5,22296.3,82865.5,24.9,0,
2017-12-22 06:08:19,0,1,2,33.8,3900.2,23129.2,22296.3,82865.5,24.9,0,
2017-12-22 06:08:22,0,1,2,33.9,3899.9,22555.3,22333.9,83012.1,24.9,0,
2017-12-22 06:08:25,0,1,2,33.9,3900.0,22229.2,22333.9,83012.1,24.9,0,
2017-12-22 06:08:28,0,1,2,34.0,3900.2,21940.7,22370.5,83154.8,24.8,0,
2017-12-22 06:08:31,0,1,2,34.0,3899.9,21407.8,22370.5,83154.8,24.8,0,
2017-12-22 06:08:34,0,1,2,34.1,3900.1,21127.9,22405.8,83292.4,24.9,0,
2017-12-22 06:08:38,0,1,2,34.1,3900.1,20710.1,22405.8,83292.4,24.9,0,
2017-12-22 06:08:41,0,1,2,34.2,3900.0,20398.9,22439.9,83425.4,24.9,0,
2017-12-22 06:08:44,0,1,2,34.2,3899.9,19941.9,22439.9,83425.4,24.9,0,
2017-12-22 06:08:47,0,1,2,34.3,3900.1,19693.1,22472.8,83553.7,24.9,0,
2017-12-22 06:08:50,0,1,2,34.3,3899.9,19308.6,22472.8,83553.7,24.9,0,
2017-12-22 06:08:53,0,1,2,34.4,3899.9,18965.5,22504.8,83678.6,24.9,0,
2017-12-22 06:08:56,0,1,2,34.4,3899.9,18633.2,22504.8,83678.6,25.0,0,
2017-12-22 06:09:00,0,1,2,34.5,3900.1,18263.7,22535.6,83798.9,25.0,0,
2017-12-22 06:09:03,0,1,2,34.5,3900.0,17952.1,22535.6,83798.9,25.0,0,
2017-12-22 06:09:06,0,1,2,34.6,3900.1,17676.8,22565.5,83915.5,25.0,0,
2017-12-22 06:09:09,0,1,2,34.6,3900.1,17411.6,22565.5,83915.5,25.0,0,
2017-12-22 06:09:12,0,1,2,34.7,3900.2,17161.2,22594.5,84028.4,25.0,0,
2017-12-22 06:09:16,0,1,2,34.8,3900.1,16769.2,22622.5,84137.8,24.9,0,
2017-12-22 06:09:19,0,1,2,34.8,3900.1,16517.5,22622.5,84137.8,24.9,0,
2017-12-22 06:09:22,0,1,2,34.9,3900.0,16189.6,22649.6,84243.3,24.9,0,
2017-12-22 06:09:25,0,1,2,34.9,3900.0,15864.6,22649.6,84243.3,24.9,0,
2017-12-22 06:09:28,0,1,2,35.0,3900.1,15708.6,22675.8,84345.7,24.9,0,
2017-12-22 06:09:31,0,1,2,35.0,3900.0,15400.4,22675.8,84345.7,24.9,0,
2017-12-22 06:09:34,0,1,2,35.1,3900.0,15203.5,22701.3,84445.0,24.9,0,
2017-12-22 06:09:38,0,1,2,35.1,3900.0,14900.7,22701.3,84445.0,24.9,0,
2017-12-22 06:09:41,0,1,2,35.2,3900.1,14641.3,22725.9,84540.9,24.9,0,
2017-12-22 06:09:44,0,1,2,35.2,3900.1,14420.9,22725.9,84540.9,24.8,0,
2017-12-22 06:09:47,0,1,2,35.3,3900.0,14204.3,22749.7,84633.7,24.9,0,
2017-12-22 06:09:50,0,1,2,35.3,3899.9,13886.7,22749.7,84633.7,24.8,0,
2017-12-22 06:09:53,0,1,2,35.4,3899.9,13677.7,22772.7,84723.5,24.9,0,
2017-12-22 06:09:57,0,1,2,35.4,3899.9,13474.2,22772.7,84723.5,24.9,0,
2017-12-22 06:10:00,0,1,2,35.5,3899.9,13210.6,22795.1,84810.7,24.8,0,
2017-12-22 06:10:03,0,1,2,35.5,3900.0,12946.9,22795.1,84810.7,24.9,0,
2017-12-22 06:10:06,0,1,2,35.6,3900.0,12811.5,22816.6,84894.6,24.8,0,
2017-12-22 06:10:09,0,1,2,35.6,3900.0,12555.9,22816.6,84894.6,24.9,0,
2017-12-22 06:10:13,0,1,2,35.7,3899.9,12367.2,22837.5,84976.2,24.8,0,
2017-12-22 06:10:15,0,1,2,35.8,3900.0,12126.6,22857.7,85055.1,24.8,0,
2017-12-22 06:10:18,0,1,2,35.8,3900.0,11999.3,22857.7,85055.1,24.8,0,
2017-12-22 06:10:22,0,1,2,35.9,3900.0,11790.0,22877.4,85131.7,24.8,0,
2017-12-22 06:10:25,0,1,2,35.9,3900.0,11590.2,22877.4,85131.7,24.8,0,
2017-12-22 06:10:28,0,1,2,36.0,3900.0,11358.2,22896.3,85205.7,24.8,0,
2017-12-22 06:10:31,0,1,2,36.0,3900.1,11238.5,22896.3,85205.7,24.8,0,
2017-12-22 06:10:34,0,1,2,36.1,3900.0,11014.4,22914.8,85277.4,24.8,0,
2017-12-22 06:10:37,0,1,2,36.1,3900.0,10953.3,22914.8,85277.4,24.8,0,
2017-12-22 06:10:40,0,1,2,36.2,3900.2,10870.8,22932.9,85348.1,24.8,0,
2017-12-22 06:10:43,0,1,2,36.2,3900.2,10681.5,22932.9,85348.1,24.8,0,
2017-12-22 06:10:46,0,1,2,36.3,3900.1,10520.1,22950.5,85416.7,24.8,0,
2017-12-22 06:10:50,0,1,2,36.3,3900.1,10363.4,22950.5,85416.7,24.8,0,
2017-12-22 06:10:53,0,1,2,36.4,3900.0,10080.8,22967.4,85482.9,24.8,0,
2017-12-22 06:10:55,0,1,2,36.4,3900.0,9978.8,22967.4,85482.9,24.8,5,终止电流到
2017-12-22 06:10:56,0,1,2,36.4,3893.0,1.9,22967.4,85482.9,24.8,5,终止电流到
2017-12-22 06:10:59,0,1,2,36.5,3891.7,0.5,22967.4,85482.9,24.8,5,终止电流到
2017-12-22 06:11:02,0,1,2,36.5,3891.0,-0.1,22967.4,85482.9,24.8,5,终止电流到
2017-12-22 06:11:07,0,2,3,0.0,3889.8,0,0.0,0.0,24.8,0,
2017-12-22 06:11:30,0,2,3,0.4,3887.3,18.1,0.0,0.0,24.8,0,
2017-12-22 06:11:33,0,2,3,0.4,3887.1,20.8,0.0,0.0,24.7,0,
2017-12-22 06:11:36,0,2,3,0.5,3886.9,18.4,0.0,0.0,24.7,0,
2017-12-22 06:11:39,0,2,3,0.5,3886.6,18.4,0.0,0.0,24.8,0,
2017-12-22 06:11:42,0,2,3,0.6,3886.6,18.6,0.0,0.0,24.8,0,
2017-12-22 06:11:45,0,2,3,0.6,3886.4,18.4,0.0,0.0,24.8,0,
2017-12-22 06:11:49,0,2,3,0.7,3886.2,20.4,0.0,0.0,24.8,0,
2017-12-22 06:11:52,0,2,3,0.7,3886.1,18.5,0.0,0.0,24.8,0,
2017-12-22 06:11:55,0,2,3,0.8,3886.1,18.6,0.0,0.0,24.8,0,
2017-12-22 06:11:58,0,2,3,0.8,3885.9,18.5,0.0,0.0,24.8,0,
2017-12-22 06:12:01,0,2,3,0.9,3885.9,18.1,0.0,0.0,24.8,0,
2017-12-22 06:12:04,0,2,3,0.9,3885.6,18.5,0.0,0.0,24.8,0,
2017-12-22 06:12:07,0,2,3,1.0,3885.6,18.5,0.0,0.0,24.7,0,
2017-12-22 06:12:08,0,2,3,1.0,3885.5,18.7,0.0,0.0,24.8,1,时间到
2017-12-22 06:12:12,0,3,4,0.0,3885.4,0,0.0,0.0,24.8,0,
2017-12-22 06:12:34,0,3,4,0.4,3837.3,-40000.0,266.7,1025.8,24.7,0,
2017-12-22 06:12:38,0,3,4,0.4,3834.7,-40000.2,266.7,1025.8,24.8,0,
2017-12-22 06:12:41,0,3,4,0.5,3832.4,-39999.5,333.4,1281.3,24.8,0,
2017-12-22 06:12:44,0,3,4,0.5,3830.4,-40000.8,333.4,1281.3,24.7,0,
2017-12-22 06:12:47,0,3,4,0.6,3828.5,-40000.5,400.0,1536.6,24.7,0,
2017-12-22 06:12:50,0,3,4,0.6,3826.6,-40001.5,400.0,1536.6,24.7,0,
2017-12-22 06:12:53,0,3,4,0.7,3824.7,-40001.0,466.7,1791.6,24.8,0,
2017-12-22 06:12:56,0,3,4,0.7,3823.0,-40001.4,466.7,1791.6,24.8,0,
2017-12-22 06:13:00,0,3,4,0.8,3821.3,-40001.3,533.4,2046.4,24.8,0,
2017-12-22 06:13:03,0,3,4,0.8,3819.7,-40001.5,533.4,2046.4,24.8,0,
2017-12-22 06:13:06,0,3,4,0.9,3818.2,-40001.5,600.0,2301.1,24.8,0,
2017-12-22 06:13:09,0,3,4,0.9,3816.5,-40001.3,600.0,2301.1,24.8,0,
2017-12-22 06:13:12,0,3,4,1.0,3815.2,-40002.3,666.7,2555.5,24.8,0,
2017-12-22 06:13:15,0,3,4,1.0,3813.7,-40002.3,666.7,2555.5,24.8,0,
2017-12-22 06:13:18,0,3,4,1.1,3812.3,-40002.2,733.4,2809.7,24.8,0,
2017-12-22 06:13:22,0,3,4,1.1,3810.8,-40002.3,733.4,2809.7,24.8,0,
2017-12-22 06:13:25,0,3,4,1.2,3809.4,-40002.2,800.1,3063.8,24.8,0,
2017-12-22 06:13:28,0,3,4,1.2,3808.1,-40002.0,800.1,3063.8,24.7,0,
2017-12-22 06:13:31,0,3,4,1.3,3806.6,-40001.8,866.7,3317.7,24.8,0,
2017-12-22 06:13:34,0,3,4,1.3,3805.2,-40003.0,866.7,3317.7,24.8,0,
2017-12-22 06:13:37,0,3,4,1.4,3803.9,-40002.2,933.4,3571.4,24.8,0,
2017-12-22 06:13:40,0,3,4,1.5,3802.7,-39999.0,1000.1,3824.9,24.8,0,
2017-12-22 06:13:44,0,3,4,1.5,3801.4,-39999.5,1000.1,3824.9,24.8,0,
2017-12-22 06:13:47,0,3,4,1.6,3799.8,-39999.0,1066.7,4078.2,24.8,0,
2017-12-22 06:13:50,0,3,4,1.6,3798.6,-39998.8,1066.7,4078.2,24.8,0,
2017-12-22 06:13:53,0,3,4,1.7,3797.1,-39999.7,1133.4,4331.4,24.8,0,
2017-12-22 06:13:56,0,3,4,1.7,3795.9,-39999.3,1133.4,4331.4,24.7,0,
2017-12-22 06:14:00,0,3,4,1.8,3794.5,-39999.5,1200.1,4584.4,24.7,0,
2017-12-22 06:14:03,0,3,4,1.8,3793.1,-39998.8,1200.1,4584.4,24.8,0,
2017-12-22 06:14:06,0,3,4,1.9,3791.8,-39998.8,1266.7,4837.2,24.8,0,
2017-12-22 06:14:09,0,3,4,1.9,3790.5,-39998.7,1266.7,4837.2,24.8,0,
2017-12-22 06:14:12,0,3,4,2.0,3789.3,-39998.5,1333.4,5089.8,24.8,0,
2017-12-22 06:14:15,0,3,4,2.0,3787.9,-39998.8,1333.4,5089.8,24.7,0,
2017-12-22 06:14:18,0,3,4,2.1,3786.7,-39998.5,1400.1,5342.3,24.8,0,
2017-12-22 06:14:22,0,3,4,2.1,3785.3,-39999.0,1400.1,5342.3,24.7,0,
2017-12-22 06:14:25,0,3,4,2.2,3783.9,-39999.4,1466.7,5594.7,24.7,0,
2017-12-22 06:14:28,0,3,4,2.2,3782.7,-39999.8,1466.7,5594.7,24.8,0,
2017-12-22 06:14:31,0,3,4,2.3,3781.3,-39998.8,1533.4,5846.8,24.8,0,
2017-12-22 06:14:34,0,3,4,2.3,3780.1,-39999.1,1533.4,5846.8,24.8,0,
2017-12-22 06:14:37,0,3,4,2.4,3778.9,-39999.6,1600.0,6098.8,24.8,0,
2017-12-22 06:14:40,0,3,4,2.5,3777.6,-39999.5,1666.7,6350.6,24.8,0,
2017-12-22 06:14:44,0,3,4,2.5,3776.2,-39999.5,1666.7,6350.6,24.8,0,
2017-12-22 06:14:47,0,3,4,2.6,3775.0,-39999.2,1733.4,6602.3,24.8,0,
2017-12-22 06:14:50,0,3,4,2.6,3773.6,-39999.2,1733.4,6602.3,24.8,0,
2017-12-22 06:14:53,0,3,4,2.7,3772.4,-39999.5,1800.0,6853.8,24.8,0,
2017-12-22 06:14:56,0,3,4,2.7,3771.0,-39999.5,1800.0,6853.8,24.8,0,
2017-12-22 06:14:59,0,3,4,2.8,3769.8,-39999.0,1866.7,7105.2,24.8,0,
2017-12-22 06:15:02,0,3,4,2.8,3768.4,-39999.7,1866.7,7105.2,24.8,0,
2017-12-22 06:15:06,0,3,4,2.9,3767.3,-39999.3,1933.4,7356.3,24.8,0,
2017-12-22 06:15:09,0,3,4,2.9,3766.1,-39999.5,1933.4,7356.3,24.8,0,
2017-12-22 06:15:12,0,3,4,3.0,3764.7,-39999.6,2000.0,7607.3,24.8,0,
2017-12-22 06:15:15,0,3,4,3.0,3763.5,-39999.6,2000.0,7607.3,24.8,0,
2017-12-22 06:15:18,0,3,4,3.1,3762.2,-39999.2,2066.7,7858.2,24.8,0,
2017-12-22 06:15:21,0,3,4,3.1,3760.9,-39999.6,2066.7,7858.2,24.8,0,
2017-12-22 06:15:24,0,3,4,3.2,3759.6,-39999.5,2133.4,8108.9,24.8,0,
2017-12-22 06:15:28,0,3,4,3.2,3758.4,-39999.2,2133.4,8108.9,24.8,0,
2017-12-22 06:15:31,0,3,4,3.3,3757.0,-39999.2,2200.0,8359.4,24.8,0,
2017-12-22 06:15:34,0,3,4,3.3,3755.9,-39999.0,2200.0,8359.4,24.7,0,
2017-12-22 06:15:37,0,3,4,3.4,3754.5,-39999.2,2266.7,8609.8,24.8,0,
2017-12-22 06:15:40,0,3,4,3.4,3753.4,-39999.8,2266.7,8609.8,24.8,0,
2017-12-22 06:15:43,0,3,4,3.5,3752.1,-39999.5,2333.4,8860.0,24.8,0,
2017-12-22 06:15:46,0,3,4,3.6,3751.0,-39999.5,2400.0,9110.1,24.8,0,
2017-12-22 06:15:49,0,3,4,3.6,3749.7,-39999.4,2400.0,9110.1,24.8,0,
2017-12-22 06:15:53,0,3,4,3.7,3748.5,-40000.3,2466.7,9360.0,24.8,0,
2017-12-22 06:15:56,0,3,4,3.7,3747.4,-40000.2,2466.7,9360.0,24.8,0,
2017-12-22 06:15:59,0,3,4,3.8,3746.2,-39999.8,2533.4,9609.7,24.8,0,
2017-12-22 06:16:02,0,3,4,3.8,3745.0,-39999.8,2533.4,9609.7,24.8,0,
2017-12-22 06:16:05,0,3,4,3.9,3743.8,-39999.4,2600.0,9859.3,24.8,0,
2017-12-22 06:16:08,0,3,4,3.9,3742.7,-39999.0,2600.0,9859.3,24.8,0,
2017-12-22 06:16:11,0,3,4,4.0,3741.5,-40000.0,2666.7,10108.8,24.8,0,
2017-12-22 06:16:15,0,3,4,4.0,3740.3,-39999.7,2666.7,10108.8,24.8,0,
2017-12-22 06:16:18,0,3,4,4.1,3739.3,-39999.5,2733.4,10358.1,24.8,0,
2017-12-22 06:16:21,0,3,4,4.1,3738.0,-39999.6,2733.4,10358.1,24.7,0,
2017-12-22 06:16:24,0,3,4,4.2,3736.9,-39999.3,2800.0,10607.3,24.8,0,
2017-12-22 06:16:27,0,3,4,4.2,3735.7,-39999.8,2800.0,10607.3,24.8,0,
2017-12-22 06:16:30,0,3,4,4.3,3734.5,-39999.7,2866.7,10856.3,24.8,0,
2017-12-22 06:16:33,0,3,4,4.3,3733.5,-39999.9,2866.7,10856.3,24.8,0,
2017-12-22 06:16:37,0,3,4,4.4,3732.4,-39999.5,2933.4,11105.2,24.8,0,
2017-12-22 06:16:40,0,3,4,4.4,3731.2,-39999.6,2933.4,11105.2,24.8,0,
2017-12-22 06:16:43,0,3,4,4.5,3730.2,-40000.2,3000.0,11353.9,24.8,0,
2017-12-22 06:16:46,0,3,4,4.5,3729.2,-39999.3,3000.0,11353.9,24.8,0,
2017-12-22 06:16:49,0,3,4,4.6,3728.2,-39999.5,3066.7,11602.5,24.8,0,
2017-12-22 06:16:52,0,3,4,4.6,3727.0,-39999.9,3066.7,11602.5,24.8,0,
2017-12-22 06:16:55,0,3,4,4.7,3725.9,-40000.0,3133.4,11850.9,24.8,0,
2017-12-22 06:16:58,0,3,4,4.8,3724.9,-40000.0,3200.0,12099.3,24.8,0,
2017-12-22 06:17:02,0,3,4,4.8,3723.8,-39999.8,3200.0,12099.3,24.8,0,
2017-12-22 06:17:05,0,3,4,4.9,3722.8,-39999.8,3266.7,12347.5,24.8,0,
2017-12-22 06:17:08,0,3,4,4.9,3721.9,-40000.0,3266.7,12347.5,24.8,0,
2017-12-22 06:17:11,0,3,4,5.0,3720.8,-40000.1,3333.4,12595.5,24.7,0,
2017-12-22 06:17:14,0,3,4,5.0,3719.8,-40000.0,3333.4,12595.5,24.7,0,
2017-12-22 06:17:17,0,3,4,5.1,3718.9,-39999.6,3400.0,12843.5,24.8,0,
2017-12-22 06:17:20,0,3,4,5.1,3717.9,-40000.2,3400.0,12843.5,24.7,0,
2017-12-22 06:17:24,0,3,4,5.2,3716.9,-40000.0,3466.7,13091.3,24.7,0,
2017-12-22 06:17:27,0,3,4,5.2,3715.9,-40000.1,3466.7,13091.3,24.7,0,
2017-12-22 06:17:30,0,3,4,5.3,3714.8,-39999.7,3533.4,13339.0,24.7,0,
2017-12-22 06:17:33,0,3,4,5.3,3714.0,-39999.8,3533.4,13339.0,24.7,0,
2017-12-22 06:17:36,0,3,4,5.4,3713.0,-40000.0,3600.0,13586.5,24.7,0,
2017-12-22 06:17:39,0,3,4,5.4,3712.0,-39999.8,3600.0,13586.5,24.7,0,
2017-12-22 06:17:42,0,3,4,5.5,3711.3,-39999.8,3666.7,13834.0,24.7,0,
2017-12-22 06:17:46,0,3,4,5.5,3710.3,-39999.5,3666.7,13834.0,24.7,0,
2017-12-22 06:17:49,0,3,4,5.6,3709.2,-40000.1,3733.4,14081.3,24.7,0,
2017-12-22 06:17:52,0,3,4,5.6,3708.3,-39999.9,3733.4,14081.3,24.7,0,
2017-12-22 06:17:55,0,3,4,5.7,3707.4,-39999.6,3800.0,14328.5,24.7,0,
2017-12-22 06:17:58,0,3,4,5.7,3706.4,-40000.0,3800.0,14328.5,24.7,0,
2017-12-22 06:18:01,0,3,4,5.8,3705.6,-39999.7,3866.7,14575.6,24.7,0,
2017-12-22 06:18:04,0,3,4,5.9,3704.7,-40000.0,3933.4,14822.6,24.7,0,
2017-12-22 06:18:07,0,3,4,5.9,3703.7,-40000.2,3933.4,14822.6,24.6,0,
2017-12-22 06:18:11,0,3,4,6.0,3702.9,-39999.8,4000.0,15069.5,24.7,0,
2017-12-22 06:18:14,0,3,4,6.0,3702.1,-39999.9,4000.0,15069.5,24.7,0,
2017-12-22 06:18:17,0,3,4,6.1,3701.3,-39999.8,4066.7,15316.2,24.7,0,
2017-12-22 06:18:20,0,3,4,6.1,3700.3,-40000.2,4066.7,15316.2,24.6,0,
2017-12-22 06:18:23,0,3,4,6.2,3699.5,-39999.5,4133.4,15562.9,24.7,0,
2017-12-22 06:18:26,0,3,4,6.2,3698.7,-39999.7,4133.4,15562.9,24.6,0,
2017-12-22 06:18:29,0,3,4,6.3,3697.7,-40000.0,4200.0,15809.4,24.7,0,
2017-12-22 06:18:33,0,3,4,6.3,3697.0,-40000.2,4200.0,15809.4,24.7,0,
2017-12-22 06:18:36,0,3,4,6.4,3696.0,-40000.5,4266.7,16055.8,24.7,0,
2017-12-22 06:18:39,0,3,4,6.4,3695.3,-40000.3,4266.7,16055.8,24.6,0,
2017-12-22 06:18:42,0,3,4,6.5,3694.4,-40000.3,4333.4,16302.2,24.7,0,
2017-12-22 06:18:45,0,3,4,6.5,3693.6,-40000.0,4333.4,16302.2,24.7,0,
2017-12-22 06:18:48,0,3,4,6.6,3692.7,-40000.0,4400.0,16548.4,24.6,0,
2017-12-22 06:18:51,0,3,4,6.6,3692.0,-40000.2,4400.0,16548.4,24.6,0,
2017-12-22 06:18:54,0,3,4,6.7,3691.1,-40000.0,4466.7,16794.5,24.6,0,
2017-12-22 06:18:58,0,3,4,6.7,3690.3,-40000.2,4466.7,16794.5,24.6,0,
2017-12-22 06:19:01,0,3,4,6.8,3689.5,-40000.0,4533.4,17040.5,24.6,0,
2017-12-22 06:19:04,0,3,4,6.8,3688.8,-40000.0,4533.4,17040.5,24.6,0,
2017-12-22 06:19:07,0,3,4,6.9,3688.0,-39999.9,4600.0,17286.4,24.6,0,
2017-12-22 06:19:10,0,3,4,7.0,3687.2,-39999.7,4666.7,17532.2,24.6,0,
2017-12-22 06:19:13,0,3,4,7.0,3686.4,-39999.7,4666.7,17532.2,24.6,0,
2017-12-22 06:19:17,0,3,4,7.1,3685.5,-39999.9,4733.4,17777.9,24.6,0,
2017-12-22 06:19:20,0,3,4,7.1,3684.8,-39999.6,4733.4,17777.9,24.6,0,
2017-12-22 06:19:23,0,3,4,7.2,3684.0,-39999.8,4800.0,18023.5,24.6,0,
2017-12-22 06:19:26,0,3,4,7.2,3683.2,-39999.2,4800.0,18023.5,24.6,0,
2017-12-22 06:19:29,0,3,4,7.3,3682.6,-40000.0,4866.7,18269.0,24.6,0,
2017-12-22 06:19:32,0,3,4,7.3,3681.7,-39999.8,4866.7,18269.0,24.7,0,
2017-12-22 06:19:35,0,3,4,7.4,3681.1,-39999.3,4933.3,18514.4,24.7,0,
2017-12-22 06:19:38,0,3,4,7.4,3680.2,-39999.8,4933.3,18514.4,24.6,0,
2017-12-22 06:19:41,0,3,4,7.5,3679.5,-39999.5,5000.0,18759.8,24.6,0,
2017-12-22 06:19:45,0,3,4,7.5,3678.8,-39999.5,5000.0,18759.8,24.7,0,
2017-12-22 06:19:48,0,3,4,7.6,3678.1,-39998.8,5066.7,19005.0,24.7,0,
2017-12-22 06:19:51,0,3,4,7.6,3677.3,-39999.5,5066.7,19005.0,24.7,0,
2017-12-22 06:19:54,0,3,4,7.7,3676.5,-39999.7,5133.3,19250.1,24.7,0,
2017-12-22 06:19:57,0,3,4,7.7,3675.7,-39999.0,5133.3,19250.1,24.7,0,
2017-12-22 06:20:00,0,3,4,7.8,3675.1,-39999.8,5200.0,19495.1,24.7,0,
2017-12-22 06:20:03,0,3,4,7.8,3674.4,-39999.2,5200.0,19495.1,24.7,0,
2017-12-22 06:20:07,0,3,4,7.9,3673.6,-40000.2,5266.7,19740.1,24.7,0,
2017-12-22 06:20:10,0,3,4,7.9,3672.8,-39999.5,5266.7,19740.1,24.7,0,
2017-12-22 06:20:13,0,3,4,8.0,3672.1,-39999.5,5333.3,19984.9,24.7,0,
2017-12-22 06:20:16,0,3,4,8.1,3671.5,-39999.4,5400.0,20229.7,24.7,0,
2017-12-22 06:20:19,0,3,4,8.1,3670.7,-39999.3,5400.0,20229.7,24.7,0,
2017-12-22 06:20:23,0,3,4,8.2,3670.0,-39999.9,5466.7,20474.3,24.8,0,
2017-12-22 06:20:26,0,3,4,8.2,3669.3,-39999.7,5466.7,20474.3,24.7,0,
2017-12-22 06:20:29,0,3,4,8.3,3668.6,-39999.4,5533.3,20718.9,24.7,0,
2017-12-22 06:20:32,0,3,4,8.3,3667.9,-39999.9,5533.3,20718.9,24.7,0,
2017-12-22 06:20:35,0,3,4,8.4,3667.1,-39999.3,5600.0,20963.4,24.7,0,
2017-12-22 06:20:38,0,3,4,8.4,3666.5,-39999.0,5600.0,20963.4,24.7,0,
2017-12-22 06:20:41,0,3,4,8.5,3665.7,-39999.6,5666.7,21207.8,24.7,0,
2017-12-22 06:20:45,0,3,4,8.5,3665.2,-39999.2,5666.7,21207.8,24.7,0,
2017-12-22 06:20:48,0,3,4,8.6,3664.5,-39999.4,5733.3,21452.1,24.7,0,
2017-12-22 06:20:51,0,3,4,8.6,3663.8,-39999.0,5733.3,21452.1,24.7,0,
2017-12-22 06:20:54,0,3,4,8.7,3663.1,-40000.0,5800.0,21696.3,24.6,0,
2017-12-22 06:20:57,0,3,4,8.7,3662.4,-39999.8,5800.0,21696.3,24.7,0,
2017-12-22 06:21:00,0,3,4,8.8,3661.8,-39999.5,5866.7,21940.5,24.7,0,
2017-12-22 06:21:03,0,3,4,8.8,3661.1,-39999.3,5866.7,21940.5,24.7,0,
2017-12-22 06:21:06,0,3,4,8.9,3660.3,-39999.5,5933.3,22184.5,24.7,0,
2017-12-22 06:21:10,0,3,4,8.9,3659.7,-39999.5,5933.3,22184.5,24.7,0,
2017-12-22 06:21:13,0,3,4,9.0,3659.0,-39999.2,6000.0,22428.5,24.7,0,
2017-12-22 06:21:16,0,3,4,9.0,3658.4,-39999.2,6000.0,22428.5,24.7,0,
2017-12-22 06:21:19,0,3,4,9.1,3657.8,-39999.2,6066.7,22672.4,24.7,0,
2017-12-22 06:21:22,0,3,4,9.1,3657.0,-39999.5,6066.7,22672.4,24.7,0,
2017-12-22 06:21:25,0,3,4,9.2,3656.5,-40000.3,6133.3,22916.2,24.7,0,
2017-12-22 06:21:28,0,3,4,9.3,3655.9,-39999.3,6200.0,23159.9,24.7,0,
2017-12-22 06:21:32,0,3,4,9.3,3655.1,-39999.4,6200.0,23159.9,24.7,0,
2017-12-22 06:21:35,0,3,4,9.4,3654.5,-39999.3,6266.6,23403.5,24.7,0,
2017-12-22 06:21:38,0,3,4,9.4,3653.8,-39999.5,6266.6,23403.5,24.7,0,
2017-12-22 06:21:41,0,3,4,9.5,3653.2,-39999.9,6333.3,23647.1,24.7,0,
2017-12-22 06:21:44,0,3,4,9.5,3652.7,-39999.2,6333.3,23647.1,24.7,0,
2017-12-22 06:21:47,0,3,4,9.6,3651.9,-39999.6,6400.0,23890.5,24.7,0,
2017-12-22 06:21:51,0,3,4,9.6,3651.3,-39999.2,6400.0,23890.5,24.7,0,
2017-12-22 06:21:54,0,3,4,9.7,3650.7,-39999.2,6466.6,24133.9,24.6,0,
2017-12-22 06:21:57,0,3,4,9.7,3650.1,-39998.8,6466.6,24133.9,24.7,0,
2017-12-22 06:22:00,0,3,4,9.8,3649.6,-39999.0,6533.3,24377.2,24.7,0,
2017-12-22 06:22:03,0,3,4,9.8,3649.0,-39999.5,6533.3,24377.2,24.7,0,
2017-12-22 06:22:06,0,3,4,9.9,3648.1,-39999.6,6600.0,24620.5,24.7,0,
2017-12-22 06:22:09,0,3,4,9.9,3647.7,-39998.7,6600.0,24620.5,24.7,0,
2017-12-22 06:22:13,0,3,4,10.0,3647.0,-40000.0,6666.6,24863.6,24.7,0,
2017-12-22 06:22:16,0,3,4,10.0,3646.5,-39999.5,6666.6,24863.6,24.7,0,
2017-12-22 06:22:19,0,3,4,10.1,3645.8,-39998.8,6733.3,25106.7,24.7,0,
2017-12-22 06:22:22,0,3,4,10.1,3645.1,-39999.2,6733.3,25106.7,24.7,0,
2017-12-22 06:22:25,0,3,4,10.2,3644.6,-39999.5,6800.0,25349.7,24.7,0,
2017-12-22 06:22:28,0,3,4,10.2,3644.0,-39999.6,6800.0,25349.7,24.7,0,
2017-12-22 06:22:31,0,3,4,10.3,3643.4,-39998.2,6866.6,25592.6,24.7,0,
2017-12-22 06:22:34,0,3,4,10.4,3642.8,-39999.5,6933.3,25835.5,24.7,0,
2017-12-22 06:22:38,0,3,4,10.4,3642.3,-39999.2,6933.3,25835.5,24.7,0,
2017-12-22 06:22:41,0,3,4,10.5,3641.7,-39999.0,7000.0,26078.2,24.8,0,
2017-12-22 06:22:44,0,3,4,10.5,3641.0,-39999.4,7000.0,26078.2,24.8,0,
2017-12-22 06:22:47,0,3,4,10.6,3640.3,-39999.3,7066.6,26320.9,24.7,0,
2017-12-22 06:22:50,0,3,4,10.6,3639.9,-39999.3,7066.6,26320.9,24.7,0,
2017-12-22 06:22:53,0,3,4,10.7,3639.3,-39999.7,7133.3,26563.6,24.8,0,
2017-12-22 06:22:56,0,3,4,10.7,3638.7,-39999.1,7133.3,26563.6,24.7,0,
2017-12-22 06:23:00,0,3,4,10.8,3638.1,-40000.0,7200.0,26806.1,24.8,0,
2017-12-22 06:23:03,0,3,4,10.8,3637.5,-39999.7,7200.0,26806.1,24.8,0,
2017-12-22 06:23:06,0,3,4,10.9,3637.0,-40000.0,7266.6,27048.6,24.8,0,
2017-12-22 06:23:09,0,3,4,10.9,3636.4,-39999.2,7266.6,27048.6,24.8,0,
2017-12-22 06:23:12,0,3,4,11.0,3635.8,-39999.0,7333.3,27291.0,24.8,0,
2017-12-22 06:23:15,0,3,4,11.0,3635.2,-39999.2,7333.3,27291.0,24.8,0,
2017-12-22 06:23:18,0,3,4,11.1,3634.6,-39999.4,7399.9,27533.3,24.8,0,
2017-12-22 06:23:21,0,3,4,11.1,3634.1,-39999.0,7399.9,27533.3,24.8,0,
2017-12-22 06:23:25,0,3,4,11.2,3633.4,-39999.5,7466.6,27775.5,24.8,0,
2017-12-22 06:23:28,0,3,4,11.2,3633.0,-39999.8,7466.6,27775.5,24.7,0,
2017-12-22 06:23:31,0,3,4,11.3,3632.3,-39999.2,7533.3,28017.7,24.8,0,
2017-12-22 06:23:34,0,3,4,11.3,3631.8,-39999.6,7533.3,28017.7,24.8,0,
2017-12-22 06:23:37,0,3,4,11.4,3631.3,-39999.9,7599.9,28259.8,24.7,0,
2017-12-22 06:23:40,0,3,4,11.4,3630.7,-39999.7,7599.9,28259.8,24.8,0,
2017-12-22 06:23:43,0,3,4,11.5,3630.2,-39999.4,7666.6,28501.9,24.8,0,
2017-12-22 06:23:46,0,3,4,11.6,3629.7,-39999.7,7733.3,28743.8,24.7,0,
2017-12-22 06:23:49,0,3,4,11.6,3629.1,-39999.9,7733.3,28743.8,24.7,0,
2017-12-22 06:23:53,0,3,4,11.7,3628.5,-39999.7,7799.9,28985.7,24.8,0,
2017-12-22 06:23:56,0,3,4,11.7,3627.9,-39999.3,7799.9,28985.7,24.8,0,
2017-12-22 06:23:59,0,3,4,11.8,3627.4,-40000.1,7866.6,29227.6,24.8,0,
2017-12-22 06:24:02,0,3,4,11.8,3626.8,-39999.7,7866.6,29227.6,24.8,0,
2017-12-22 06:24:05,0,3,4,11.9,3626.4,-40000.0,7933.3,29469.3,24.8,0,
2017-12-22 06:24:08,0,3,4,11.9,3625.9,-39999.6,7933.3,29469.3,24.7,0,
2017-12-22 06:24:11,0,3,4,12.0,3625.4,-40000.0,7999.9,29711.0,24.8,0,
2017-12-22 06:24:15,0,3,4,12.0,3624.6,-40000.0,7999.9,29711.0,24.7,0,
2017-12-22 06:24:18,0,3,4,12.1,3624.3,-40000.1,8066.6,29952.6,24.8,0,
2017-12-22 06:24:21,0,3,4,12.1,3623.7,-39999.6,8066.6,29952.6,24.8,0,
2017-12-22 06:24:24,0,3,4,12.2,3623.2,-39999.7,8133.3,30194.2,24.8,0,
2017-12-22 06:24:27,0,3,4,12.2,3622.5,-39999.6,8133.3,30194.2,24.7,0,
2017-12-22 06:24:30,0,3,4,12.3,3622.1,-40000.2,8199.9,30435.7,24.7,0,
2017-12-22 06:24:33,0,3,4,12.3,3621.5,-39999.3,8199.9,30435.7,24.7,0,
2017-12-22 06:24:37,0,3,4,12.4,3621.0,-40000.0,8266.6,30677.1,24.8,0,
2017-12-22 06:24:40,0,3,4,12.4,3620.5,-39999.6,8266.6,30677.1,24.7,0,
2017-12-22 06:24:43,0,3,4,12.5,3619.9,-40000.0,8333.3,30918.4,24.8,0,
2017-12-22 06:24:46,0,3,4,12.5,3619.4,-40000.0,8333.3,30918.4,24.8,0,
2017-12-22 06:24:49,0,3,4,12.6,3618.9,-39999.7,8399.9,31159.7,24.7,0,
2017-12-22 06:24:52,0,3,4,12.7,3618.3,-40000.2,8466.6,31401.0,24.7,0,
2017-12-22 06:24:56,0,3,4,12.7,3617.8,-40000.2,8466.6,31401.0,24.7,0,
2017-12-22 06:24:59,0,3,4,12.8,3617.2,-39999.7,8533.3,31642.1,24.7,0,
2017-12-22 06:25:02,0,3,4,12.8,3616.8,-40000.2,8533.3,31642.1,24.7,0,
2017-12-22 06:25:05,0,3,4,12.9,3616.1,-39999.7,8599.9,31883.2,24.8,0,
2017-12-22 06:25:08,0,3,4,12.9,3615.7,-39999.9,8599.9,31883.2,24.8,0,
2017-12-22 06:25:11,0,3,4,13.0,3615.2,-40000.0,8666.6,32124.2,24.8,0,
2017-12-22 06:25:14,0,3,4,13.0,3614.7,-40000.2,8666.6,32124.2,24.7,0,
2017-12-22 06:25:18,0,3,4,13.1,3614.2,-40000.2,8733.3,32365.2,24.7,0,
2017-12-22 06:25:21,0,3,4,13.1,3613.7,-39999.3,8733.3,32365.2,24.8,0,
2017-12-22 06:25:24,0,3,4,13.2,3613.2,-39999.8,8799.9,32606.1,24.7,0,
2017-12-22 06:25:27,0,3,4,13.2,3612.7,-39999.7,8799.9,32606.1,24.8,0,
2017-12-22 06:25:30,0,3,4,13.3,3612.0,-39999.4,8866.6,32846.9,24.7,0,
2017-12-22 06:25:34,0,3,4,13.3,3611.7,-39999.3,8866.6,32846.9,24.8,0,
2017-12-22 06:25:37,0,3,4,13.4,3611.1,-39999.5,8933.2,33087.6,24.8,0,
2017-12-22 06:25:40,0,3,4,13.4,3610.6,-39999.1,8933.2,33087.6,24.8,0,
2017-12-22 06:25:43,0,3,4,13.5,3610.0,-39999.2,8999.9,33328.3,24.8,0,
2017-12-22 06:25:46,0,3,4,13.5,3609.6,-39999.3,8999.9,33328.3,24.8,0,
2017-12-22 06:25:49,0,3,4,13.6,3609.0,-39999.6,9066.6,33568.9,24.8,0,
2017-12-22 06:25:52,0,3,4,13.7,3608.6,-39999.5,9133.2,33809.5,24.7,0,
2017-12-22 06:25:56,0,3,4,13.7,3608.0,-39999.6,9133.2,33809.5,24.8,0,
2017-12-22 06:25:59,0,3,4,13.8,3607.6,-39999.3,9199.9,34050.0,24.8,0,
2017-12-22 06:26:02,0,3,4,13.8,3607.0,-39999.5,9199.9,34050.0,24.8,0,
2017-12-22 06:26:05,0,3,4,13.9,3606.6,-39999.7,9266.6,34290.4,24.8,0,
2017-12-22 06:26:08,0,3,4,13.9,3606.0,-39999.5,9266.6,34290.4,24.8,0,
2017-12-22 06:26:11,0,3,4,14.0,3605.6,-39999.8,9333.2,34530.8,24.8,0,
2017-12-22 06:26:14,0,3,4,14.0,3605.0,-39999.3,9333.2,34530.8,24.8,0,
2017-12-22 06:26:18,0,3,4,14.1,3604.5,-39999.8,9399.9,34771.1,24.8,0,
2017-12-22 06:26:21,0,3,4,14.1,3604.1,-39999.7,9399.9,34771.1,24.8,0,
2017-12-22 06:26:24,0,3,4,14.2,3603.6,-39999.5,9466.6,35011.4,24.8,0,
2017-12-22 06:26:27,0,3,4,14.2,3603.0,-39999.6,9466.6,35011.4,24.8,0,
2017-12-22 06:26:30,0,3,4,14.3,3602.6,-39999.3,9533.2,35251.5,24.8,0,
2017-12-22 06:26:33,0,3,4,14.3,3602.2,-39999.2,9533.2,35251.5,24.8,0,
2017-12-22 06:26:36,0,3,4,14.4,3601.5,-39999.5,9599.9,35491.7,24.8,0,
2017-12-22 06:26:40,0,3,4,14.4,3601.2,-39999.7,9599.9,35491.7,24.8,0,
2017-12-22 06:26:43,0,3,4,14.5,3600.6,-39999.5,9666.6,35731.7,24.8,0,
2017-12-22 06:26:46,0,3,4,14.5,3600.1,-39999.1,9666.6,35731.7,24.8,0,
2017-12-22 06:26:49,0,3,4,14.6,3599.6,-39999.2,9733.2,35971.7,24.8,0,
2017-12-22 06:26:52,0,3,4,14.6,3599.0,-39999.5,9733.2,35971.7,24.8,0,
2017-12-22 06:26:55,0,3,4,14.7,3598.6,-39999.2,9799.9,36211.6,24.8,0,
2017-12-22 06:26:58,0,3,4,14.8,3598.2,-39998.9,9866.6,36451.5,24.9,0,
2017-12-22 06:27:01,0,3,4,14.8,3597.6,-39999.2,9866.6,36451.5,24.9,0,
2017-12-22 06:27:04,0,3,4,14.9,3597.2,-39999.6,9933.2,36691.3,24.9,0,
2017-12-22 06:27:08,0,3,4,14.9,3596.6,-39999.1,9933.2,36691.3,24.9,0,
2017-12-22 06:27:11,0,3,4,15.0,3596.2,-39999.5,9999.9,36931.1,24.9,0,
2017-12-22 06:27:14,0,3,4,15.0,3595.7,-39999.2,9999.9,36931.1,24.9,0,
2017-12-22 06:27:17,0,3,4,15.1,3595.3,-39999.5,10066.5,37170.7,24.9,0,
2017-12-22 06:27:20,0,3,4,15.1,3594.8,-39999.3,10066.5,37170.7,24.9,0,
2017-12-22 06:27:23,0,3,4,15.2,3594.4,-39999.4,10133.2,37410.4,24.9,0,
2017-12-22 06:27:26,0,3,4,15.2,3593.7,-39999.8,10133.2,37410.4,24.9,0,
2017-12-22 06:27:30,0,3,4,15.3,3593.2,-40000.0,10199.9,37649.9,24.9,0,
2017-12-22 06:27:33,0,3,4,15.3,3592.8,-39999.3,10199.9,37649.9,24.9,0,
2017-12-22 06:27:36,0,3,4,15.4,3592.4,-39999.2,10266.5,37889.4,24.8,0,
2017-12-22 06:27:39,0,3,4,15.4,3591.8,-39999.2,10266.5,37889.4,24.9,0,
2017-12-22 06:27:42,0,3,4,15.5,3591.5,-39999.4,10333.2,38128.9,24.8,0,
2017-12-22 06:27:45,0,3,4,15.5,3590.8,-39999.0,10333.2,38128.9,24.8,0,
2017-12-22 06:27:48,0,3,4,15.6,3590.3,-39999.4,10399.9,38368.3,24.8,0,
2017-12-22 06:27:51,0,3,4,15.6,3589.9,-39999.8,10399.9,38368.3,24.8,0,
2017-12-22 06:27:54,0,3,4,15.7,3589.4,-39999.5,10466.5,38607.6,24.8,0,
2017-12-22 06:27:58,0,3,4,15.7,3589.0,-39999.7,10466.5,38607.6,24.9,0,
2017-12-22 06:28:01,0,3,4,15.8,3588.4,-39999.6,10533.2,38846.8,24.8,0,
2017-12-22 06:28:04,0,3,4,15.8,3588.0,-39999.8,10533.2,38846.8,24.8,0,
2017-12-22 06:28:07,0,3,4,15.9,3587.5,-39999.8,10599.9,39086.0,24.8,0,
2017-12-22 06:28:10,0,3,4,16.0,3587.1,-39999.3,10666.5,39325.1,24.8,0,
2017-12-22 06:28:13,0,3,4,16.0,3586.6,-39999.7,10666.5,39325.1,24.8,0,
2017-12-22 06:28:17,0,3,4,16.1,3586.1,-39999.3,10733.2,39564.2,24.8,0,
2017-12-22 06:28:20,0,3,4,16.1,3585.4,-39999.8,10733.2,39564.2,24.8,0,
2017-12-22 06:28:23,0,3,4,16.2,3585.1,-39999.9,10799.9,39803.2,24.8,0,
2017-12-22 06:28:26,0,3,4,16.2,3584.6,-39999.5,10799.9,39803.2,24.9,0,
2017-12-22 06:28:29,0,3,4,16.3,3584.0,-39999.0,10866.5,40042.1,24.9,0,
2017-12-22 06:28:32,0,3,4,16.3,3583.6,-39999.0,10866.5,40042.1,24.9,0,
2017-12-22 06:28:35,0,3,4,16.4,3583.1,-40000.0,10933.2,40281.0,24.9,0,
2017-12-22 06:28:38,0,3,4,16.4,3582.7,-39999.0,10933.2,40281.0,24.9,0,
2017-12-22 06:28:42,0,3,4,16.5,3582.1,-39999.2,10999.9,40519.9,24.9,0,
2017-12-22 06:28:45,0,3,4,16.5,3581.6,-39999.5,10999.9,40519.9,24.9,0,
2017-12-22 06:28:48,0,3,4,16.6,3581.2,-39999.2,11066.5,40758.6,24.9,0,
2017-12-22 06:28:51,0,3,4,16.6,3580.8,-39999.3,11066.5,40758.6,24.9,0,
2017-12-22 06:28:54,0,3,4,16.7,3580.3,-39999.4,11133.2,40997.3,24.9,0,
2017-12-22 06:28:57,0,3,4,16.7,3579.9,-39999.3,11133.2,40997.3,24.9,0,
2017-12-22 06:29:00,0,3,4,16.8,3579.3,-39999.2,11199.8,41235.9,24.9,0,
2017-12-22 06:29:04,0,3,4,16.8,3578.8,-39999.8,11199.8,41235.9,24.9,0,
2017-12-22 06:29:07,0,3,4,16.9,3578.4,-39999.6,11266.5,41474.5,24.9,0,
2017-12-22 06:29:10,0,3,4,16.9,3577.9,-40000.0,11266.5,41474.5,24.9,0,
2017-12-22 06:29:13,0,3,4,17.0,3577.3,-39999.5,11333.2,41713.0,24.9,0,
2017-12-22 06:29:16,0,3,4,17.1,3577.0,-39999.3,11399.8,41951.5,24.9,0,
2017-12-22 06:29:20,0,3,4,17.1,3576.4,-39999.6,11399.8,41951.5,24.9,0,
2017-12-22 06:29:23,0,3,4,17.2,3576.0,-39999.5,11466.5,42189.9,24.9,0,
2017-12-22 06:29:26,0,3,4,17.2,3575.6,-39999.0,11466.5,42189.9,24.9,0,
2017-12-22 06:29:29,0,3,4,17.3,3575.0,-39999.5,11533.2,42428.2,24.9,0,
2017-12-22 06:29:32,0,3,4,17.3,3574.6,-39999.2,11533.2,42428.2,24.9,0,
2017-12-22 06:29:35,0,3,4,17.4,3574.2,-39999.3,11599.8,42666.5,24.9,0,
2017-12-22 06:29:38,0,3,4,17.4,3573.6,-40000.5,11599.8,42666.5,24.9,0,
2017-12-22 06:29:41,0,3,4,17.5,3573.2,-39999.4,11666.5,42904.7,24.8,0,
2017-12-22 06:29:44,0,3,4,17.5,3572.8,-39999.8,11666.5,42904.7,24.9,0,
2017-12-22 06:29:47,0,3,4,17.6,3572.3,-39999.1,11733.2,43142.9,24.9,0,
2017-12-22 06:29:51,0,3,4,17.6,3571.9,-39999.7,11733.2,43142.9,24.9,0,
2017-12-22 06:29:54,0,3,4,17.7,3571.3,-39999.9,11799.8,43381.0,25.0,0,
2017-12-22 06:29:57,0,3,4,17.7,3570.8,-39999.5,11799.8,43381.0,24.9,0,
2017-12-22 06:30:00,0,3,4,17.8,3570.4,-39999.5,11866.5,43619.0,24.9,0,
2017-12-22 06:30:03,0,3,4,17.8,3569.9,-39999.4,11866.5,43619.0,24.9,0,
2017-12-22 06:30:06,0,3,4,17.9,3569.5,-39999.9,11933.2,43857.0,24.9,0,
2017-12-22 06:30:09,0,3,4,17.9,3569.0,-39999.5,11933.2,43857.0,24.9,0,
2017-12-22 06:30:12,0,3,4,18.0,3568.4,-39999.4,11999.8,44094.9,24.9,0,
2017-12-22 06:30:16,0,3,4,18.0,3568.1,-39999.7,11999.8,44094.9,25.0,0,
2017-12-22 06:30:19,0,3,4,18.1,3567.6,-39999.5,12066.5,44332.8,24.9,0,
2017-12-22 06:30:22,0,3,4,18.1,3567.0,-39999.6,12066.5,44332.8,24.9,0,
2017-12-22 06:30:25,0,3,4,18.2,3566.5,-39999.9,12133.2,44570.5,25.0,0,
2017-12-22 06:30:28,0,3,4,18.2,3566.1,-39999.2,12133.2,44570.5,25.0,0,
2017-12-22 06:30:31,0,3,4,18.3,3565.7,-39999.8,12199.8,44808.3,25.0,0,
2017-12-22 06:30:34,0,3,4,18.4,3565.2,-39999.2,12266.5,45045.9,25.0,0,
2017-12-22 06:30:38,0,3,4,18.4,3564.7,-39999.5,12266.5,45045.9,25.0,0,
2017-12-22 06:30:41,0,3,4,18.5,3564.1,-39999.7,12333.2,45283.5,25.0,0,
2017-12-22 06:30:44,0,3,4,18.5,3563.7,-39999.6,12333.2,45283.5,25.0,0,
2017-12-22 06:30:47,0,3,4,18.6,3563.3,-40000.0,12399.8,45521.1,25.0,0,
2017-12-22 06:30:50,0,3,4,18.6,3562.8,-39999.5,12399.8,45521.1,25.0,0,
2017-12-22 06:30:53,0,3,4,18.7,3562.3,-39999.8,12466.5,45758.6,25.0,0,
2017-12-22 06:30:56,0,3,4,18.7,3561.8,-39999.2,12466.5,45758.6,25.0,0,
2017-12-22 06:31:00,0,3,4,18.8,3561.4,-40000.1,12533.2,45996.0,25.0,0,
2017-12-22 06:31:03,0,3,4,18.8,3560.9,-39999.8,12533.2,45996.0,25.0,0,
2017-12-22 06:31:06,0,3,4,18.9,3560.3,-39999.7,12599.8,46233.4,25.0,0,
2017-12-22 06:31:09,0,3,4,18.9,3560.0,-40000.0,12599.8,46233.4,25.0,0,
2017-12-22 06:31:12,0,3,4,19.0,3559.5,-39999.5,12666.5,46470.7,25.0,0,
2017-12-22 06:31:15,0,3,4,19.0,3559.1,-40000.0,12666.5,46470.7,25.0,0,
2017-12-22 06:31:18,0,3,4,19.1,3558.5,-40000.0,12733.1,46708.0,24.9,0,
2017-12-22 06:31:21,0,3,4,19.1,3558.0,-39999.3,12733.1,46708.0,24.9,0,
2017-12-22 06:31:25,0,3,4,19.2,3557.6,-39999.6,12799.8,46945.1,24.9,0,
2017-12-22 06:31:28,0,3,4,19.2,3557.1,-39999.8,12799.8,46945.1,24.9,0,
2017-12-22 06:31:31,0,3,4,19.3,3556.5,-39999.8,12866.5,47182.3,24.9,0,
2017-12-22 06:31:34,0,3,4,19.4,3556.1,-39999.6,12933.1,47419.3,24.9,0,
2017-12-22 06:31:37,0,3,4,19.4,3555.5,-39999.5,12933.1,47419.3,24.9,0,
2017-12-22 06:31:41,0,3,4,19.5,3555.1,-40000.3,12999.8,47656.3,24.9,0,
2017-12-22 06:31:44,0,3,4,19.5,3554.7,-39999.8,12999.8,47656.3,24.9,0,
2017-12-22 06:31:47,0,3,4,19.6,3554.1,-40000.3,13066.5,47893.3,24.9,0,
2017-12-22 06:31:50,0,3,4,19.6,3553.6,-39999.7,13066.5,47893.3,25.0,0,
2017-12-22 06:31:53,0,3,4,19.7,3553.1,-39999.8,13133.1,48130.2,25.0,0,
2017-12-22 06:31:56,0,3,4,19.7,3552.7,-39999.6,13133.1,48130.2,25.0,0,
2017-12-22 06:31:59,0,3,4,19.8,3552.3,-39999.7,13199.8,48367.0,25.0,0,
2017-12-22 06:32:03,0,3,4,19.8,3551.8,-39999.7,13199.8,48367.0,25.0,0,
2017-12-22 06:32:06,0,3,4,19.9,3551.2,-39999.3,13266.5,48603.8,25.0,0,
2017-12-22 06:32:09,0,3,4,19.9,3550.8,-39999.5,13266.5,48603.8,25.0,0,
2017-12-22 06:32:12,0,3,4,20.0,3550.3,-39999.8,13333.1,48840.5,25.0,0,
2017-12-22 06:32:15,0,3,4,20.0,3549.9,-39999.3,13333.1,48840.5,25.0,0,
2017-12-22 06:32:18,0,3,4,20.1,3549.4,-40000.4,13399.8,49077.1,25.0,0,
2017-12-22 06:32:21,0,3,4,20.1,3548.8,-40000.0,13399.8,49077.1,25.0,0,
2017-12-22 06:32:24,0,3,4,20.2,3548.5,-40000.0,13466.5,49313.7,25.0,0,
2017-12-22 06:32:28,0,3,4,20.2,3547.9,-39999.7,13466.5,49313.7,25.0,0,
2017-12-22 06:32:31,0,3,4,20.3,3547.6,-39999.2,13533.1,49550.2,25.0,0,
2017-12-22 06:32:34,0,3,4,20.3,3547.0,-39999.5,13533.1,49550.2,25.0,0,
2017-12-22 06:32:37,0,3,4,20.4,3546.6,-39999.5,13599.8,49786.6,25.0,0,
2017-12-22 06:32:40,0,3,4,20.4,3546.0,-40000.0,13599.8,49786.6,25.0,0,
2017-12-22 06:32:43,0,3,4,20.5,3545.6,-39999.5,13666.5,50023.0,25.0,0,
2017-12-22 06:32:46,0,3,4,20.6,3545.2,-39999.7,13733.1,50259.4,25.0,0,
2017-12-22 06:32:50,0,3,4,20.6,3544.6,-40000.3,13733.1,50259.4,25.0,0,
2017-12-22 06:32:53,0,3,4,20.7,3544.0,-39998.8,13799.8,50495.6,25.0,0,
2017-12-22 06:32:56,0,3,4,20.7,3543.6,-39999.4,13799.8,50495.6,25.0,0,
2017-12-22 06:32:59,0,3,4,20.8,3542.9,-40000.0,13866.5,50731.8,25.0,0,
2017-12-22 06:33:02,0,3,4,20.8,3542.6,-39999.5,13866.5,50731.8,25.0,0,
2017-12-22 06:33:05,0,3,4,20.9,3542.0,-40000.0,13933.1,50968.0,25.0,0,
2017-12-22 06:33:08,0,3,4,20.9,3541.5,-39999.2,13933.1,50968.0,25.0,0,
2017-12-22 06:33:11,0,3,4,21.0,3541.2,-39999.6,13999.8,51204.1,25.0,0,
2017-12-22 06:33:15,0,3,4,21.0,3540.6,-40000.0,13999.8,51204.1,25.0,0,
2017-12-22 06:33:18,0,3,4,21.1,3540.2,-39999.7,14066.5,51440.1,25.0,0,
2017-12-22 06:33:21,0,3,4,21.1,3539.6,-39999.7,14066.5,51440.1,24.9,0,
2017-12-22 06:33:24,0,3,4,21.2,3539.0,-39999.7,14133.1,51676.1,24.9,0,
2017-12-22 06:33:27,0,3,4,21.2,3538.7,-39999.8,14133.1,51676.1,24.9,0,
2017-12-22 06:33:30,0,3,4,21.3,3538.1,-39999.5,14199.8,51912.0,24.9,0,
2017-12-22 06:33:34,0,3,4,21.3,3537.6,-40000.0,14199.8,51912.0,24.9,0,
2017-12-22 06:33:37,0,3,4,21.4,3537.1,-39999.6,14266.5,52147.8,24.9,0,
2017-12-22 06:33:40,0,3,4,21.4,3536.6,-39999.7,14266.5,52147.8,24.9,0,
2017-12-22 06:33:43,0,3,4,21.5,3536.1,-39999.8,14333.1,52383.6,25.0,0,
2017-12-22 06:33:46,0,3,4,21.5,3535.7,-40000.0,14333.1,52383.6,24.9,0,
2017-12-22 06:33:49,0,3,4,21.6,3535.1,-39999.8,14399.8,52619.3,24.9,0,
2017-12-22 06:33:52,0,3,4,21.7,3534.7,-40000.4,14466.5,52854.9,25.0,0,
2017-12-22 06:33:55,0,3,4,21.7,3534.2,-39999.9,14466.5,52854.9,25.0,0,
2017-12-22 06:33:59,0,3,4,21.8,3533.8,-39999.8,14533.1,53090.5,25.0,0,
2017-12-22 06:34:02,0,3,4,21.8,3533.1,-39999.8,14533.1,53090.5,25.0,0,
2017-12-22 06:34:05,0,3,4,21.9,3532.6,-39999.6,14599.8,53326.0,25.0,0,
2017-12-22 06:34:08,0,3,4,21.9,3532.2,-39999.9,14599.8,53326.0,25.0,0,
2017-12-22 06:34:11,0,3,4,22.0,3531.6,-39999.6,14666.5,53561.5,25.0,0,
2017-12-22 06:34:14,0,3,4,22.0,3531.1,-40000.2,14666.5,53561.5,25.0,0,
2017-12-22 06:34:17,0,3,4,22.1,3530.7,-39999.7,14733.1,53796.9,25.0,0,
2017-12-22 06:34:21,0,3,4,22.1,3530.2,-40000.2,14733.1,53796.9,25.0,0,
2017-12-22 06:34:24,0,3,4,22.2,3529.6,-39999.8,14799.8,54032.2,25.0,0,
2017-12-22 06:34:27,0,3,4,22.2,3529.1,-39999.5,14799.8,54032.2,25.0,0,
2017-12-22 06:34:30,0,3,4,22.3,3528.6,-40000.2,14866.5,54267.5,25.0,0,
2017-12-22 06:34:33,0,3,4,22.3,3528.1,-39999.5,14866.5,54267.5,25.0,0,
2017-12-22 06:34:36,0,3,4,22.4,3527.7,-39999.8,14933.1,54502.7,25.0,0,
2017-12-22 06:34:39,0,3,4,22.4,3527.1,-39999.7,14933.1,54502.7,25.0,0,
2017-12-22 06:34:43,0,3,4,22.5,3526.7,-39999.2,14999.8,54737.8,25.0,0,
2017-12-22 06:34:46,0,3,4,22.5,3526.0,-39999.2,14999.8,54737.8,25.0,0,
2017-12-22 06:34:49,0,3,4,22.6,3525.5,-39999.2,15066.5,54972.9,25.0,0,
2017-12-22 06:34:52,0,3,4,22.6,3525.1,-39999.4,15066.5,54972.9,25.0,0,
2017-12-22 06:34:55,0,3,4,22.7,3524.5,-40000.0,15133.1,55207.9,25.0,0,
2017-12-22 06:34:58,0,3,4,22.8,3524.1,-39999.5,15199.8,55442.8,25.0,0,
2017-12-22 06:35:01,0,3,4,22.8,3523.5,-39999.8,15199.8,55442.8,25.0,0,
2017-12-22 06:35:04,0,3,4,22.9,3523.1,-39999.3,15266.5,55677.7,25.0,0,
2017-12-22 06:35:08,0,3,4,22.9,3522.6,-40000.1,15266.5,55677.7,25.0,0,
2017-12-22 06:35:11,0,3,4,23.0,3522.0,-39999.5,15333.1,55912.5,25.0,0,
2017-12-22 06:35:14,0,3,4,23.0,3521.6,-40000.4,15333.1,55912.5,25.0,0,
2017-12-22 06:35:17,0,3,4,23.1,3521.0,-39999.6,15399.8,56147.2,25.0,0,
2017-12-22 06:35:20,0,3,4,23.1,3520.5,-39999.8,15399.8,56147.2,25.0,0,
2017-12-22 06:35:23,0,3,4,23.2,3520.0,-39999.5,15466.5,56381.9,25.0,0,
2017-12-22 06:35:26,0,3,4,23.2,3519.5,-39999.6,15466.5,56381.9,25.0,0,
2017-12-22 06:35:30,0,3,4,23.3,3518.9,-40000.3,15533.1,56616.5,25.0,0,
2017-12-22 06:35:33,0,3,4,23.3,3518.4,-40000.3,15533.1,56616.5,25.0,0,
2017-12-22 06:35:36,0,3,4,23.4,3518.0,-39999.3,15599.8,56851.0,25.0,0,
2017-12-22 06:35:39,0,3,4,23.4,3517.5,-40000.1,15599.8,56851.0,25.0,0,
2017-12-22 06:35:42,0,3,4,23.5,3516.9,-39999.7,15666.5,57085.5,25.0,0,
2017-12-22 06:35:45,0,3,4,23.5,3516.4,-40000.0,15666.5,57085.5,25.0,0,
2017-12-22 06:35:48,0,3,4,23.6,3515.9,-39999.9,15733.1,57319.9,25.0,0,
2017-12-22 06:35:52,0,3,4,23.6,3515.3,-39999.6,15733.1,57319.9,25.0,0,
2017-12-22 06:35:55,0,3,4,23.7,3514.8,-40000.0,15799.8,57554.3,25.0,0,
2017-12-22 06:35:58,0,3,4,23.7,3514.4,-39999.9,15799.8,57554.3,25.0,0,
2017-12-22 06:36:01,0,3,4,23.8,3513.8,-39999.6,15866.4,57788.6,25.0,0,
2017-12-22 06:36:04,0,3,4,23.9,3513.2,-40000.1,15933.1,58022.8,25.0,0,
2017-12-22 06:36:07,0,3,4,23.9,3512.7,-40000.2,15933.1,58022.8,25.0,0,
2017-12-22 06:36:10,0,3,4,24.0,3512.3,-40000.0,15999.8,58256.9,25.0,0,
2017-12-22 06:36:14,0,3,4,24.0,3511.7,-39999.4,15999.8,58256.9,25.0,0,
2017-12-22 06:36:17,0,3,4,24.1,3511.2,-39999.8,16066.4,58491.0,25.0,0,
2017-12-22 06:36:20,0,3,4,24.1,3510.5,-39999.5,16066.4,58491.0,25.1,0,
2017-12-22 06:36:23,0,3,4,24.2,3510.1,-39999.9,16133.1,58725.0,25.1,0,
2017-12-22 06:36:26,0,3,4,24.2,3509.6,-39999.7,16133.1,58725.0,25.1,0,
2017-12-22 06:36:29,0,3,4,24.3,3509.1,-39999.8,16199.8,58959.0,25.1,0,
2017-12-22 06:36:32,0,3,4,24.3,3508.4,-39999.7,16199.8,58959.0,25.1,0,
2017-12-22 06:36:36,0,3,4,24.4,3507.9,-39999.8,16266.4,59192.9,25.1,0,
2017-12-22 06:36:39,0,3,4,24.4,3507.6,-40000.0,16266.4,59192.9,25.1,0,
2017-12-22 06:36:42,0,3,4,24.5,3506.9,-39999.9,16333.1,59426.7,25.1,0,
2017-12-22 06:36:45,0,3,4,24.5,3506.4,-40000.2,16333.1,59426.7,25.1,0,
2017-12-22 06:36:48,0,3,4,24.6,3505.8,-39999.7,16399.8,59660.4,25.1,0,
2017-12-22 06:36:51,0,3,4,24.6,3505.4,-39999.5,16399.8,59660.4,25.0,0,
2017-12-22 06:36:54,0,3,4,24.7,3504.8,-40000.0,16466.4,59894.1,25.0,0,
2017-12-22 06:36:57,0,3,4,24.7,3504.2,-39999.5,16466.4,59894.1,25.0,0,
2017-12-22 06:37:01,0,3,4,24.8,3503.7,-39999.6,16533.1,60127.7,25.0,0,
2017-12-22 06:37:04,0,3,4,24.8,3503.3,-40000.0,16533.1,60127.7,25.0,0,
2017-12-22 06:37:07,0,3,4,24.9,3502.6,-39999.5,16599.8,60361.2,25.0,0,
2017-12-22 06:37:10,0,3,4,24.9,3502.1,-39999.6,16599.8,60361.2,25.0,0,
2017-12-22 06:37:13,0,3,4,25.0,3501.6,-39999.6,16666.4,60594.7,25.0,0,
2017-12-22 06:37:16,0,3,4,25.1,3501.0,-40000.1,16733.1,60828.1,25.1,0,
2017-12-22 06:37:19,0,3,4,25.1,3500.6,-39999.7,16733.1,60828.1,25.1,0,
2017-12-22 06:37:23,0,3,4,25.2,3499.9,-39999.8,16799.8,61061.4,25.0,0,
2017-12-22 06:37:26,0,3,4,25.2,3499.4,-39999.7,16799.8,61061.4,25.0,0,
2017-12-22 06:37:29,0,3,4,25.3,3498.9,-40000.0,16866.4,61294.7,25.1,0,
2017-12-22 06:37:32,0,3,4,25.3,3498.4,-39999.8,16866.4,61294.7,25.0,0,
2017-12-22 06:37:35,0,3,4,25.4,3497.7,-39999.9,16933.1,61527.9,25.1,0,
2017-12-22 06:37:38,0,3,4,25.4,3497.1,-39999.7,16933.1,61527.9,25.0,0,
2017-12-22 06:37:41,0,3,4,25.5,3496.7,-40000.0,16999.8,61761.0,25.0,0,
2017-12-22 06:37:44,0,3,4,25.5,3496.2,-40000.1,16999.8,61761.0,25.0,0,
2017-12-22 06:37:48,0,3,4,25.6,3495.7,-39999.9,17066.4,61994.1,25.0,0,
2017-12-22 06:37:51,0,3,4,25.6,3495.0,-39999.8,17066.4,61994.1,25.0,0,
2017-12-22 06:37:54,0,3,4,25.7,3494.4,-39999.3,17133.1,62227.0,25.0,0,
2017-12-22 06:37:57,0,3,4,25.7,3493.8,-40000.1,17133.1,62227.0,25.0,0,
2017-12-22 06:38:00,0,3,4,25.8,3493.3,-39999.9,17199.8,62459.9,25.0,0,
2017-12-22 06:38:03,0,3,4,25.8,3492.8,-39999.8,17199.8,62459.9,25.0,0,
2017-12-22 06:38:06,0,3,4,25.9,3492.2,-39999.1,17266.4,62692.8,25.0,0,
2017-12-22 06:38:10,0,3,4,25.9,3491.7,-39999.7,17266.4,62692.8,25.0,0,
2017-12-22 06:38:13,0,3,4,26.0,3491.1,-39999.8,17333.1,62925.5,25.0,0,
2017-12-22 06:38:16,0,3,4,26.0,3490.4,-39999.8,17333.1,62925.5,25.0,0,
2017-12-22 06:38:19,0,3,4,26.1,3490.0,-39999.8,17399.8,63158.2,25.0,0,
2017-12-22 06:38:22,0,3,4,26.2,3489.3,-39999.5,17466.4,63390.8,25.0,0,
2017-12-22 06:38:25,0,3,4,26.2,3488.8,-39999.3,17466.4,63390.8,25.0,0,
2017-12-22 06:38:29,0,3,4,26.3,3488.2,-39999.7,17533.1,63623.4,25.0,0,
2017-12-22 06:38:32,0,3,4,26.3,3487.6,-39999.4,17533.1,63623.4,25.0,0,
2017-12-22 06:38:35,0,3,4,26.4,3487.1,-39999.8,17599.8,63855.9,25.0,0,
2017-12-22 06:38:38,0,3,4,26.4,3486.5,-39999.6,17599.8,63855.9,25.0,0,
2017-12-22 06:38:41,0,3,4,26.5,3485.9,-40000.0,17666.4,64088.3,25.0,0,
2017-12-22 06:38:44,0,3,4,26.5,3485.3,-39999.9,17666.4,64088.3,25.0,0,
2017-12-22 06:38:47,0,3,4,26.6,3484.7,-39999.7,17733.1,64320.6,25.0,0,
2017-12-22 06:38:50,0,3,4,26.6,3484.1,-39999.6,17733.1,64320.6,25.0,0,
2017-12-22 06:38:54,0,3,4,26.7,3483.4,-40000.3,17799.8,64552.8,25.0,0,
2017-12-22 06:38:57,0,3,4,26.7,3482.8,-40000.2,17799.8,64552.8,25.0,0,
2017-12-22 06:39:00,0,3,4,26.8,3482.4,-40000.3,17866.4,64785.0,25.0,0,
2017-12-22 06:39:03,0,3,4,26.8,3481.6,-40000.2,17866.4,64785.0,25.0,0,
2017-12-22 06:39:06,0,3,4,26.9,3481.1,-40000.0,17933.1,65017.1,25.0,0,
2017-12-22 06:39:09,0,3,4,26.9,3480.5,-39999.6,17933.1,65017.1,25.0,0,
2017-12-22 06:39:12,0,3,4,27.0,3479.7,-40000.5,17999.8,65249.1,25.0,0,
2017-12-22 06:39:16,0,3,4,27.0,3479.3,-40000.0,17999.8,65249.1,25.0,0,
2017-12-22 06:39:19,0,3,4,27.1,3478.6,-39999.4,18066.4,65481.1,25.0,0,
2017-12-22 06:39:22,0,3,4,27.1,3477.9,-39999.9,18066.4,65481.1,25.0,0,
2017-12-22 06:39:25,0,3,4,27.2,3477.3,-39999.7,18133.1,65712.9,25.0,0,
2017-12-22 06:39:28,0,3,4,27.3,3476.6,-39999.4,18199.8,65944.7,25.0,0,
2017-12-22 06:39:31,0,3,4,27.3,3476.1,-40000.0,18199.8,65944.7,25.0,0,
2017-12-22 06:39:35,0,3,4,27.4,3475.3,-39999.8,18266.4,66176.4,25.0,0,
2017-12-22 06:39:38,0,3,4,27.4,3474.8,-39999.7,18266.4,66176.4,25.0,0,
2017-12-22 06:39:41,0,3,4,27.5,3474.2,-40000.1,18333.1,66408.0,25.0,0,
2017-12-22 06:39:44,0,3,4,27.5,3473.6,-39999.8,18333.1,66408.0,25.0,0,
2017-12-22 06:39:47,0,3,4,27.6,3472.8,-39999.8,18399.8,66639.6,25.0,0,
2017-12-22 06:39:50,0,3,4,27.6,3472.2,-39999.8,18399.8,66639.6,25.0,0,
2017-12-22 06:39:54,0,3,4,27.7,3471.6,-40000.0,18466.4,66871.0,25.0,0,
2017-12-22 06:39:57,0,3,4,27.7,3470.7,-39999.7,18466.4,66871.0,25.0,0,
2017-12-22 06:40:00,0,3,4,27.8,3470.2,-39999.6,18533.1,67102.4,25.0,0,
2017-12-22 06:40:03,0,3,4,27.8,3469.5,-40000.3,18533.1,67102.4,25.0,0,
2017-12-22 06:40:06,0,3,4,27.9,3468.8,-39999.9,18599.8,67333.6,25.0,0,
2017-12-22 06:40:09,0,3,4,27.9,3468.1,-40000.2,18599.8,67333.6,25.0,0,
2017-12-22 06:40:12,0,3,4,28.0,3467.4,-39999.7,18666.4,67564.8,25.0,0,
2017-12-22 06:40:16,0,3,4,28.0,3466.8,-40000.0,18666.4,67564.8,25.0,0,
2017-12-22 06:40:19,0,3,4,28.1,3466.1,-39999.8,18733.1,67795.9,25.0,0,
2017-12-22 06:40:22,0,3,4,28.1,3465.5,-40000.0,18733.1,67795.9,25.0,0,
2017-12-22 06:40:25,0,3,4,28.2,3464.9,-40000.0,18799.8,68027.0,25.0,0,
2017-12-22 06:40:28,0,3,4,28.2,3464.1,-39999.9,18799.8,68027.0,25.0,0,
2017-12-22 06:40:31,0,3,4,28.3,3463.3,-40000.0,18866.4,68257.9,25.0,0,
2017-12-22 06:40:34,0,3,4,28.4,3462.7,-40000.1,18933.1,68488.7,25.0,0,
2017-12-22 06:40:37,0,3,4,28.4,3462.0,-40000.0,18933.1,68488.7,25.1,0,
2017-12-22 06:40:41,0,3,4,28.5,3461.3,-40000.0,18999.8,68719.5,25.0,0,
2017-12-22 06:40:44,0,3,4,28.5,3460.6,-39999.7,18999.8,68719.5,25.1,0,
2017-12-22 06:40:47,0,3,4,28.6,3459.8,-40000.5,19066.4,68950.2,25.0,0,
2017-12-22 06:40:50,0,3,4,28.6,3459.1,-39999.8,19066.4,68950.2,25.0,0,
2017-12-22 06:40:53,0,3,4,28.7,3458.4,-40000.1,19133.1,69180.7,25.0,0,
2017-12-22 06:40:56,0,3,4,28.7,3457.7,-39999.8,19133.1,69180.7,25.0,0,
2017-12-22 06:40:59,0,3,4,28.8,3456.9,-40000.3,19199.8,69411.2,25.1,0,
2017-12-22 06:41:03,0,3,4,28.8,3456.1,-40000.3,19199.8,69411.2,25.1,0,
2017-12-22 06:41:06,0,3,4,28.9,3455.4,-40000.0,19266.4,69641.6,25.0,0,
2017-12-22 06:41:09,0,3,4,28.9,3454.7,-40000.1,19266.4,69641.6,25.1,0,
2017-12-22 06:41:12,0,3,4,29.0,3454.0,-40000.0,19333.1,69871.9,25.1,0,
2017-12-22 06:41:15,0,3,4,29.0,3453.3,-39999.5,19333.1,69871.9,25.1,0,
2017-12-22 06:41:18,0,3,4,29.1,3452.3,-40000.2,19399.8,70102.1,25.1,0,
2017-12-22 06:41:21,0,3,4,29.1,3451.6,-39999.5,19399.8,70102.1,25.1,0,
2017-12-22 06:41:25,0,3,4,29.2,3450.9,-40000.3,19466.4,70332.2,25.1,0,
2017-12-22 06:41:28,0,3,4,29.2,3450.2,-39999.5,19466.4,70332.2,25.1,0,
2017-12-22 06:41:31,0,3,4,29.3,3449.4,-39999.8,19533.1,70562.2,25.1,0,
2017-12-22 06:41:34,0,3,4,29.3,3448.7,-39999.7,19533.1,70562.2,25.1,0,
2017-12-22 06:41:37,0,3,4,29.4,3447.9,-39999.6,19599.8,70792.1,25.1,0,
2017-12-22 06:41:40,0,3,4,29.5,3447.1,-40000.0,19666.4,71021.9,25.1,0,
2017-12-22 06:41:43,0,3,4,29.5,3446.3,-40000.0,19666.4,71021.9,25.1,0,
2017-12-22 06:41:47,0,3,4,29.6,3445.5,-39999.7,19733.1,71251.6,25.1,0,
2017-12-22 06:41:50,0,3,4,29.6,3444.7,-40000.3,19733.1,71251.6,25.1,0,
2017-12-22 06:41:53,0,3,4,29.7,3444.0,-39999.6,19799.8,71481.2,25.0,0,
2017-12-22 06:41:56,0,3,4,29.7,3443.1,-40000.7,19799.8,71481.2,25.0,0,
2017-12-22 06:41:59,0,3,4,29.8,3442.4,-39999.9,19866.4,71710.7,25.0,0,
2017-12-22 06:42:02,0,3,4,29.8,3441.5,-39999.7,19866.4,71710.7,25.0,0,
2017-12-22 06:42:05,0,3,4,29.9,3440.8,-40000.0,19933.1,71940.1,25.1,0,
2017-12-22 06:42:09,0,3,4,29.9,3440.1,-39999.6,19933.1,71940.1,25.0,0,
2017-12-22 06:42:12,0,3,4,30.0,3439.3,-40000.2,19999.8,72169.4,25.1,0,
2017-12-22 06:42:15,0,3,4,30.0,3438.4,-39999.1,19999.8,72169.4,25.1,0,
2017-12-22 06:42:18,0,3,4,30.1,3437.6,-39999.8,20066.4,72398.6,25.1,0,
2017-12-22 06:42:21,0,3,4,30.1,3436.8,-40000.0,20066.4,72398.6,25.1,0,
2017-12-22 06:42:24,0,3,4,30.2,3435.8,-39999.9,20133.1,72627.7,25.1,0,
2017-12-22 06:42:28,0,3,4,30.2,3435.0,-40000.1,20133.1,72627.7,25.1,0,
2017-12-22 06:42:31,0,3,4,30.3,3434.2,-39999.8,20199.8,72856.7,25.1,0,
2017-12-22 06:42:34,0,3,4,30.3,3433.3,-40000.1,20199.8,72856.7,25.1,0,
2017-12-22 06:42:37,0,3,4,30.4,3432.6,-39999.9,20266.4,73085.6,25.1,0,
2017-12-22 06:42:40,0,3,4,30.4,3431.8,-39999.6,20266.4,73085.6,25.1,0,
2017-12-22 06:42:43,0,3,4,30.5,3431.0,-40000.0,20333.1,73314.3,25.1,0,
2017-12-22 06:42:46,0,3,4,30.6,3430.0,-39999.6,20399.8,73543.0,25.1,0,
2017-12-22 06:42:49,0,3,4,30.6,3429.2,-40000.0,20399.8,73543.0,25.1,0,
2017-12-22 06:42:53,0,3,4,30.7,3428.4,-39999.5,20466.4,73771.6,25.1,0,
2017-12-22 06:42:56,0,3,4,30.7,3427.5,-39999.5,20466.4,73771.6,25.1,0,
2017-12-22 06:42:59,0,3,4,30.8,3426.6,-40000.0,20533.1,74000.0,25.1,0,
2017-12-22 06:43:02,0,3,4,30.8,3425.8,-39999.4,20533.1,74000.0,25.1,0,
2017-12-22 06:43:05,0,3,4,30.9,3425.0,-40000.0,20599.8,74228.3,25.1,0,
2017-12-22 06:43:08,0,3,4,30.9,3423.9,-39999.7,20599.8,74228.3,25.1,0,
2017-12-22 06:43:11,0,3,4,31.0,3423.0,-39999.7,20666.4,74456.6,25.1,0,
2017-12-22 06:43:15,0,3,4,31.0,3422.3,-40000.0,20666.4,74456.6,25.1,0,
2017-12-22 06:43:18,0,3,4,31.1,3421.4,-39999.3,20733.1,74684.7,25.1,0,
2017-12-22 06:43:21,0,3,4,31.1,3420.3,-40000.0,20733.1,74684.7,25.1,0,
2017-12-22 06:43:24,0,3,4,31.2,3419.5,-39999.4,20799.8,74912.7,25.1,0,
2017-12-22 06:43:27,0,3,4,31.2,3418.5,-39999.3,20799.8,74912.7,25.1,0,
2017-12-22 06:43:30,0,3,4,31.3,3417.7,-39999.7,20866.4,75140.6,25.1,0,
2017-12-22 06:43:33,0,3,4,31.3,3416.7,-39999.5,20866.4,75140.6,25.1,0,
2017-12-22 06:43:37,0,3,4,31.4,3415.8,-39999.9,20933.1,75368.3,25.1,0,
2017-12-22 06:43:40,0,3,4,31.4,3414.8,-39999.4,20933.1,75368.3,25.1,0,
2017-12-22 06:43:43,0,3,4,31.5,3413.7,-39999.8,20999.7,75596.0,25.1,0,
2017-12-22 06:43:46,0,3,4,31.5,3412.7,-40000.0,20999.7,75596.0,25.1,0,
2017-12-22 06:43:49,0,3,4,31.6,3411.9,-39999.7,21066.4,75823.5,25.1,0,
2017-12-22 06:43:52,0,3,4,31.7,3410.7,-39999.8,21133.1,76050.8,25.1,0,
2017-12-22 06:43:55,0,3,4,31.7,3409.7,-39999.7,21133.1,76050.8,25.1,0,
2017-12-22 06:43:59,0,3,4,31.8,3408.7,-39999.4,21199.7,76278.1,25.2,0,
2017-12-22 06:44:02,0,3,4,31.8,3407.6,-39999.5,21199.7,76278.1,25.2,0,
2017-12-22 06:44:05,0,3,4,31.9,3406.5,-39999.6,21266.4,76505.2,25.2,0,
2017-12-22 06:44:08,0,3,4,31.9,3405.4,-39999.9,21266.4,76505.2,25.2,0,
2017-12-22 06:44:11,0,3,4,32.0,3404.2,-39999.4,21333.1,76732.2,25.2,0,
2017-12-22 06:44:14,0,3,4,32.0,3403.1,-39999.9,21333.1,76732.2,25.2,0,
2017-12-22 06:44:18,0,3,4,32.1,3402.0,-39999.7,21399.7,76959.0,25.2,0,
2017-12-22 06:44:21,0,3,4,32.1,3400.9,-39999.3,21399.7,76959.0,25.2,0,
2017-12-22 06:44:24,0,3,4,32.2,3399.5,-39999.8,21466.4,77185.7,25.2,0,
2017-12-22 06:44:27,0,3,4,32.2,3398.5,-39999.5,21466.4,77185.7,25.2,0,
2017-12-22 06:44:30,0,3,4,32.3,3397.2,-39999.8,21533.1,77412.2,25.2,0,
2017-12-22 06:44:33,0,3,4,32.3,3396.0,-39999.7,21533.1,77412.2,25.2,0,
2017-12-22 06:44:36,0,3,4,32.4,3394.5,-39999.5,21599.7,77638.6,25.3,0,
2017-12-22 06:44:39,0,3,4,32.4,3393.4,-39999.3,21599.7,77638.6,25.3,0,
2017-12-22 06:44:43,0,3,4,32.5,3391.9,-39999.2,21666.4,77864.8,25.3,0,
2017-12-22 06:44:46,0,3,4,32.5,3390.7,-39999.6,21666.4,77864.8,25.3,0,
2017-12-22 06:44:49,0,3,4,32.6,3389.0,-39999.8,21733.1,78090.8,25.3,0,
2017-12-22 06:44:52,0,3,4,32.6,3387.6,-39999.2,21733.1,78090.8,25.3,0,
2017-12-22 06:44:55,0,3,4,32.7,3386.1,-39999.6,21799.7,78316.6,25.3,0,
2017-12-22 06:44:58,0,3,4,32.8,3384.8,-39999.5,21866.4,78542.3,25.2,0,
2017-12-22 06:45:02,0,3,4,32.8,3383.2,-39999.7,21866.4,78542.3,25.2,0,
2017-12-22 06:45:05,0,3,4,32.9,3381.6,-39999.8,21933.1,78767.7,25.2,0,
2017-12-22 06:45:08,0,3,4,32.9,3379.9,-39999.8,21933.1,78767.7,25.2,0,
2017-12-22 06:45:11,0,3,4,33.0,3378.3,-40000.0,21999.7,78992.9,25.2,0,
2017-12-22 06:45:14,0,3,4,33.0,3376.4,-39999.5,21999.7,78992.9,25.2,0,
2017-12-22 06:45:17,0,3,4,33.1,3374.7,-39999.8,22066.4,79218.0,25.1,0,
2017-12-22 06:45:20,0,3,4,33.1,3372.9,-39999.5,22066.4,79218.0,25.2,0,
2017-12-22 06:45:23,0,3,4,33.2,3370.9,-39999.6,22133.1,79442.7,25.2,0,
2017-12-22 06:45:27,0,3,4,33.2,3369.0,-39999.5,22133.1,79442.7,25.2,0,
2017-12-22 06:45:30,0,3,4,33.3,3366.9,-39999.8,22199.7,79667.2,25.2,0,
2017-12-22 06:45:33,0,3,4,33.3,3364.9,-40000.2,22199.7,79667.2,25.2,0,
2017-12-22 06:45:36,0,3,4,33.4,3362.7,-40000.2,22266.4,79891.5,25.3,0,
2017-12-22 06:45:39,0,3,4,33.4,3360.5,-40000.1,22266.4,79891.5,25.3,0,
2017-12-22 06:45:42,0,3,4,33.5,3358.2,-39999.9,22333.1,80115.5,25.3,0,
2017-12-22 06:45:45,0,3,4,33.5,3355.8,-40000.1,22333.1,80115.5,25.3,0,
2017-12-22 06:45:49,0,3,4,33.6,3353.5,-40000.2,22399.7,80339.1,25.3,0,
2017-12-22 06:45:52,0,3,4,33.6,3350.9,-40000.2,22399.7,80339.1,25.3,0,
2017-12-22 06:45:55,0,3,4,33.7,3348.4,-39999.7,22466.4,80562.5,25.3,0,
2017-12-22 06:45:58,0,3,4,33.7,3345.7,-40000.1,22466.4,80562.5,25.3,0,
2017-12-22 06:46:01,0,3,4,33.8,3342.8,-40000.3,22533.1,80785.6,25.3,0,
2017-12-22 06:46:04,0,3,4,33.8,3340.0,-40001.4,22533.1,80785.6,25.3,0,
2017-12-22 06:46:07,0,3,4,33.9,3337.0,-40000.7,22599.7,81008.2,25.3,0,
2017-12-22 06:46:10,0,3,4,34.0,3334.0,-40001.3,22666.4,81230.5,25.3,0,
2017-12-22 06:46:14,0,3,4,34.0,3330.6,-40000.8,22666.4,81230.5,25.3,0,
2017-12-22 06:46:17,0,3,4,34.1,3327.3,-39999.2,22733.1,81452.3,25.3,0,
2017-12-22 06:46:20,0,3,4,34.1,3323.7,-39999.2,22733.1,81452.3,25.3,0,
2017-12-22 06:46:23,0,3,4,34.2,3320.5,-39999.2,22799.7,81673.7,25.3,0,
2017-12-22 06:46:26,0,3,4,34.2,3316.8,-39999.3,22799.7,81673.7,25.3,0,
2017-12-22 06:46:29,0,3,4,34.3,3312.8,-39999.5,22866.4,81894.6,25.3,0,
2017-12-22 06:46:32,0,3,4,34.3,3309.2,-39999.5,22866.4,81894.6,25.3,0,
2017-12-22 06:46:35,0,3,4,34.4,3305.3,-39999.4,22933.1,82115.1,25.3,0,
2017-12-22 06:46:38,0,3,4,34.4,3300.9,-39999.5,22933.1,82115.1,25.3,0,
2017-12-22 06:46:39,0,3,4,34.4,3300.0,-39999.5,22933.1,82115.1,25.3,3,下限电压到
2017-12-22 06:46:42,0,3,4,34.5,3360.3,18.2,22933.1,82115.2,25.3,3,下限电压到
2017-12-22 06:46:45,0,3,4,34.5,3367.7,17.5,22933.1,82115.2,25.3,3,下限电压到
2017-12-22 06:46:50,0,4,6,0.0,3374.7,0,0.0,0.0,25.3,0,
