2017-12-22 05:33:19,0,0,3,0.0,3402.6,0,0.0,0.0,24.8,0,
2017-12-22 05:33:47,0,0,3,0.4,3403.9,23.8,0.0,0.0,24.6,0,
2017-12-22 05:33:50,0,0,3,0.4,3404.1,23.7,0.0,0.0,24.6,0,
2017-12-22 05:33:53,0,0,3,0.5,3404.2,23.7,0.0,0.0,24.6,0,
2017-12-22 05:33:56,0,0,3,0.5,3404.2,23.8,0.0,0.0,24.7,0,
2017-12-22 05:33:59,0,0,3,0.6,3404.4,23.8,0.0,0.0,24.7,0,
2017-12-22 05:34:02,0,0,3,0.6,3404.5,23.9,0.0,0.0,24.7,0,
2017-12-22 05:34:05,0,0,3,0.7,3404.5,23.7,0.0,0.0,24.7,0,
2017-12-22 05:34:08,0,0,3,0.7,3404.6,23.6,0.0,0.0,24.7,0,
2017-12-22 05:34:12,0,0,3,0.8,3404.9,23.6,0.0,0.0,24.7,0,
2017-12-22 05:34:15,0,0,3,0.8,3404.8,23.8,0.0,0.0,24.7,0,
2017-12-22 05:34:18,0,0,3,0.9,3404.9,23.6,0.0,0.0,24.7,0,
2017-12-22 05:34:21,0,0,3,0.9,3405.1,23.6,0.0,0.0,24.7,0,
2017-12-22 05:34:24,0,0,3,1.0,3405.2,23.4,0.0,0.0,24.7,0,
2017-12-22 05:34:25,0,0,3,1.0,3405.1,23.8,0.0,0.0,24.7,1,时间到
2017-12-22 05:34:29,0,1,2,0.0,3405.4,0,0.0,0.0,24.7,0,
2017-12-22 05:34:51,0,1,2,0.4,3480.4,40000.0,266.7,923.9,24.8,0,
2017-12-22 05:34:54,0,1,2,0.4,3484.8,40000.5,266.7,923.9,24.8,0,
2017-12-22 05:34:58,0,1,2,0.5,3489.3,40001.0,333.4,1156.5,24.8,0,
2017-12-22 05:35:01,0,1,2,0.5,3493.4,40001.0,333.4,1156.5,24.8,0,
2017-12-22 05:35:04,0,1,2,0.6,3497.3,40001.3,400.0,1389.6,24.8,0,
2017-12-22 05:35:07,0,1,2,0.6,3501.0,40001.8,400.0,1389.6,24.8,0,
2017-12-22 05:35:11,0,1,2,0.7,3504.6,40001.7,466.7,1623.1,24.8,0,
2017-12-22 05:35:14,0,1,2,0.7,3508.0,40002.0,466.7,1623.1,24.8,0,
2017-12-22 05:35:17,0,1,2,0.8,3511.0,40002.2,533.4,1857.1,24.8,0,
2017-12-22 05:35:20,0,1,2,0.8,3514.2,40002.2,533.4,1857.1,24.8,0,
2017-12-22 05:35:23,0,1,2,0.9,3517.2,40002.3,600.0,2091.5,24.8,0,
2017-12-22 05:35:27,0,1,2,0.9,3520.1,40002.5,600.0,2091.5,24.8,0,
2017-12-22 05:35:30,0,1,2,1.0,3522.9,40002.5,666.7,2326.3,24.8,0,
2017-12-22 05:35:33,0,1,2,1.0,3525.2,40002.8,666.7,2326.3,24.8,0,
2017-12-22 05:35:36,0,1,2,1.1,3527.7,40002.8,733.4,2561.3,24.9,0,
2017-12-22 05:35:39,0,1,2,1.1,3529.6,40002.5,733.4,2561.3,24.9,0,
2017-12-22 05:35:42,0,1,2,1.2,3531.7,40002.7,800.1,2796.7,24.9,0,
2017-12-22 05:35:45,0,1,2,1.2,3533.8,39999.7,800.1,2796.7,25.0,0,
2017-12-22 05:35:48,0,1,2,1.3,3535.7,39999.7,866.7,3032.3,25.0,0,
2017-12-22 05:35:51,0,1,2,1.4,3537.5,39999.8,933.4,3268.1,25.0,0,
2017-12-22 05:35:54,0,1,2,1.4,3539.2,40000.0,933.4,3268.1,24.9,0,
2017-12-22 05:35:58,0,1,2,1.5,3540.7,39999.8,1000.1,3504.2,24.9,0,
2017-12-22 05:36:01,0,1,2,1.5,3542.2,39999.8,1000.1,3504.2,24.9,0,
2017-12-22 05:36:04,0,1,2,1.6,3543.5,39999.9,1066.7,3740.4,24.9,0,
2017-12-22 05:36:07,0,1,2,1.6,3544.9,39999.7,1066.7,3740.4,24.9,0,
2017-12-22 05:36:10,0,1,2,1.7,3545.9,40000.2,1133.4,3976.8,24.9,0,
2017-12-22 05:36:13,0,1,2,1.7,3547.0,39999.8,1133.4,3976.8,24.9,0,
2017-12-22 05:36:17,0,1,2,1.8,3548.1,40000.2,1200.1,4213.3,24.9,0,
2017-12-22 05:36:20,0,1,2,1.8,3549.1,40000.2,1200.1,4213.3,24.9,0,
2017-12-22 05:36:23,0,1,2,1.9,3550.2,40000.2,1266.7,4449.9,24.9,0,
2017-12-22 05:36:26,0,1,2,1.9,3551.1,40000.0,1266.7,4449.9,25.0,0,
2017-12-22 05:36:29,0,1,2,2.0,3551.9,40000.2,1333.4,4686.7,24.9,0,
2017-12-22 05:36:32,0,1,2,2.0,3552.8,40000.4,1333.4,4686.7,24.9,0,
2017-12-22 05:36:35,0,1,2,2.1,3553.8,40000.1,1400.1,4923.6,24.9,0,
2017-12-22 05:36:39,0,1,2,2.1,3554.7,40000.3,1400.1,4923.6,24.9,0,
2017-12-22 05:36:42,0,1,2,2.2,3555.4,39999.7,1466.7,5160.5,24.9,0,
2017-12-22 05:36:45,0,1,2,2.2,3556.5,40000.0,1466.7,5160.5,24.9,0,
2017-12-22 05:36:48,0,1,2,2.3,3557.2,40000.0,1533.4,5397.6,24.9,0,
2017-12-22 05:36:52,0,1,2,2.4,3558.0,40000.2,1600.1,5634.8,24.9,0,
2017-12-22 05:36:55,0,1,2,2.4,3558.9,39999.9,1600.1,5634.8,24.9,0,
2017-12-22 05:36:58,0,1,2,2.5,3559.8,40000.2,1666.7,5872.1,24.9,0,
2017-12-22 05:37:01,0,1,2,2.5,3560.6,40000.0,1666.7,5872.1,24.9,0,
2017-12-22 05:37:04,0,1,2,2.6,3561.3,39999.8,1733.4,6109.5,24.8,0,
2017-12-22 05:37:07,0,1,2,2.6,3562.1,39999.9,1733.4,6109.5,24.8,0,
2017-12-22 05:37:10,0,1,2,2.7,3562.8,39999.9,1800.1,6347.1,24.8,0,
2017-12-22 05:37:13,0,1,2,2.7,3563.7,39999.8,1800.1,6347.1,24.8,0,
2017-12-22 05:37:17,0,1,2,2.8,3564.5,40000.2,1866.7,6584.7,24.8,0,
2017-12-22 05:37:20,0,1,2,2.8,3565.2,40000.0,1866.7,6584.7,24.8,0,
2017-12-22 05:37:23,0,1,2,2.9,3566.0,40000.0,1933.4,6822.4,24.8,0,
2017-12-22 05:37:26,0,1,2,2.9,3566.7,39999.9,1933.4,6822.4,24.8,0,
2017-12-22 05:37:29,0,1,2,3.0,3567.6,40000.1,2000.1,7060.2,24.8,0,
2017-12-22 05:37:32,0,1,2,3.0,3568.3,40000.0,2000.1,7060.2,24.7,0,
2017-12-22 05:37:35,0,1,2,3.1,3569.1,40000.1,2066.7,7298.1,24.8,0,
2017-12-22 05:37:38,0,1,2,3.1,3569.8,40000.0,2066.7,7298.1,24.7,0,
2017-12-22 05:37:41,0,1,2,3.2,3570.6,40000.0,2133.4,7536.1,24.7,0,
2017-12-22 05:37:44,0,1,2,3.2,3571.5,40000.2,2133.4,7536.1,24.7,0,
2017-12-22 05:37:47,0,1,2,3.3,3572.3,39999.9,2200.1,7774.3,24.7,0,
2017-12-22 05:37:51,0,1,2,3.3,3573.1,39999.8,2200.1,7774.3,24.7,0,
2017-12-22 05:37:54,0,1,2,3.4,3573.9,40000.0,2266.7,8012.5,24.7,0,
2017-12-22 05:37:57,0,1,2,3.4,3574.5,39999.8,2266.7,8012.5,24.7,0,
2017-12-22 05:38:00,0,1,2,3.5,3575.5,40000.0,2333.4,8250.8,24.6,0,
2017-12-22 05:38:03,0,1,2,3.5,3576.3,39999.8,2333.4,8250.8,24.6,0,
2017-12-22 05:38:06,0,1,2,3.6,3577.0,39999.9,2400.1,8489.2,24.6,0,
2017-12-22 05:38:09,0,1,2,3.6,3577.7,40000.2,2400.1,8489.2,24.6,0,
2017-12-22 05:38:12,0,1,2,3.7,3578.5,39999.8,2466.7,8727.7,24.6,0,
2017-12-22 05:38:15,0,1,2,3.7,3579.4,39999.7,2466.7,8727.7,24.6,0,
2017-12-22 05:38:18,0,1,2,3.8,3580.3,39999.6,2533.4,8966.4,24.6,0,
2017-12-22 05:38:21,0,1,2,3.9,3581.1,39999.7,2600.1,9205.1,24.6,0,
2017-12-22 05:38:24,0,1,2,3.9,3581.8,40000.0,2600.1,9205.1,24.6,0,
2017-12-22 05:38:27,0,1,2,4.0,3582.6,39999.5,2666.7,9443.9,24.6,0,
2017-12-22 05:38:30,0,1,2,4.0,3583.3,39999.7,2666.7,9443.9,24.6,0,
2017-12-22 05:38:33,0,1,2,4.1,3584.1,39999.8,2733.4,9682.9,24.6,0,
2017-12-22 05:38:36,0,1,2,4.1,3584.9,40000.0,2733.4,9682.9,24.6,0,
2017-12-22 05:38:40,0,1,2,4.2,3585.8,40000.0,2800.1,9921.9,24.6,0,
2017-12-22 05:38:43,0,1,2,4.2,3586.6,40000.0,2800.1,9921.9,24.6,0,
2017-12-22 05:38:46,0,1,2,4.3,3587.5,40000.0,2866.7,10161.1,24.7,0,
2017-12-22 05:38:49,0,1,2,4.3,3588.3,40000.2,2866.7,10161.1,24.7,0,
2017-12-22 05:38:52,0,1,2,4.4,3589.0,39999.8,2933.4,10400.3,24.7,0,
2017-12-22 05:38:55,0,1,2,4.4,3589.9,40000.0,2933.4,10400.3,24.7,0,
2017-12-22 05:38:58,0,1,2,4.5,3590.8,40000.0,3000.1,10639.7,24.6,0,
2017-12-22 05:39:01,0,1,2,4.5,3591.6,39999.9,3000.1,10639.7,24.6,0,
2017-12-22 05:39:04,0,1,2,4.6,3592.2,40000.2,3066.7,10879.2,24.6,0,
2017-12-22 05:39:08,0,1,2,4.6,3593.3,40000.0,3066.7,10879.2,24.6,0,
2017-12-22 05:39:11,0,1,2,4.7,3594.0,40000.0,3133.4,11118.7,24.6,0,
2017-12-22 05:39:14,0,1,2,4.7,3594.8,40000.0,3133.4,11118.7,24.7,0,
2017-12-22 05:39:17,0,1,2,4.8,3595.6,40000.2,3200.1,11358.4,24.7,0,
2017-12-22 05:39:20,0,1,2,4.8,3596.6,39999.8,3200.1,11358.4,24.7,0,
2017-12-22 05:39:23,0,1,2,4.9,3597.3,40000.0,3266.7,11598.2,24.6,0,
2017-12-22 05:39:27,0,1,2,4.9,3598.1,40000.2,3266.7,11598.2,24.7,0,
2017-12-22 05:39:30,0,1,2,5.0,3599.0,40000.0,3333.4,11838.1,24.7,0,
2017-12-22 05:39:33,0,1,2,5.0,3599.7,39999.7,3333.4,11838.1,24.7,0,
2017-12-22 05:39:36,0,1,2,5.1,3600.7,40000.0,3400.1,12078.1,24.7,0,
2017-12-22 05:39:39,0,1,2,5.1,3601.5,40000.0,3400.1,12078.1,24.7,0,
2017-12-22 05:39:42,0,1,2,5.2,3602.3,40000.0,3466.7,12318.2,24.7,0,
2017-12-22 05:39:45,0,1,2,5.2,3603.1,39999.8,3466.7,12318.2,24.7,0,
2017-12-22 05:39:48,0,1,2,5.3,3604.0,40000.0,3533.4,12558.5,24.7,0,
2017-12-22 05:39:51,0,1,2,5.3,3604.7,40000.2,3533.4,12558.5,24.7,0,
2017-12-22 05:39:54,0,1,2,5.4,3605.4,40000.2,3600.1,12798.8,24.7,0,
2017-12-22 05:39:58,0,1,2,5.5,3606.2,40000.2,3666.7,13039.2,24.7,0,
2017-12-22 05:40:01,0,1,2,5.5,3607.1,39999.8,3666.7,13039.2,24.7,0,
2017-12-22 05:40:04,0,1,2,5.6,3608.0,40000.0,3733.4,13279.7,24.7,0,
2017-12-22 05:40:07,0,1,2,5.6,3608.7,40000.2,3733.4,13279.7,24.7,0,
2017-12-22 05:40:10,0,1,2,5.7,3609.6,39999.9,3800.1,13520.3,24.7,0,
2017-12-22 05:40:13,0,1,2,5.7,3610.4,40000.0,3800.1,13520.3,24.7,0,
2017-12-22 05:40:16,0,1,2,5.8,3611.0,40000.0,3866.7,13761.1,24.7,0,
2017-12-22 05:40:19,0,1,2,5.8,3611.9,40000.2,3866.7,13761.1,24.7,0,
2017-12-22 05:40:22,0,1,2,5.9,3612.8,40000.0,3933.4,14001.9,24.8,0,
2017-12-22 05:40:25,0,1,2,5.9,3613.6,40000.2,3933.4,14001.9,24.7,0,
2017-12-22 05:40:28,0,1,2,6.0,3614.2,39999.7,4000.1,14242.8,24.8,0,
2017-12-22 05:40:32,0,1,2,6.0,3615.0,40000.0,4000.1,14242.8,24.8,0,
2017-12-22 05:40:35,0,1,2,6.1,3615.8,40000.0,4066.7,14483.9,24.8,0,
2017-12-22 05:40:38,0,1,2,6.1,3616.7,40000.0,4066.7,14483.9,24.8,0,
2017-12-22 05:40:41,0,1,2,6.2,3617.5,40000.0,4133.4,14725.0,24.8,0,
2017-12-22 05:40:44,0,1,2,6.2,3618.1,39999.8,4133.4,14725.0,24.8,0,
2017-12-22 05:40:47,0,1,2,6.3,3618.9,39999.5,4200.1,14966.2,24.7,0,
2017-12-22 05:40:51,0,1,2,6.3,3619.6,40000.0,4200.1,14966.2,24.7,0,
2017-12-22 05:40:54,0,1,2,6.4,3620.5,40000.2,4266.7,15207.6,24.8,0,
2017-12-22 05:40:57,0,1,2,6.4,3621.3,40000.0,4266.7,15207.6,24.8,0,
2017-12-22 05:41:00,0,1,2,6.5,3622.1,39999.8,4333.4,15449.0,24.7,0,
2017-12-22 05:41:03,0,1,2,6.5,3622.7,39999.9,4333.4,15449.0,24.7,0,
2017-12-22 05:41:06,0,1,2,6.6,3623.4,40000.3,4400.1,15690.5,24.8,0,
2017-12-22 05:41:09,0,1,2,6.7,3624.2,40000.0,4466.7,15932.1,24.7,0,
2017-12-22 05:41:13,0,1,2,6.7,3625.0,40000.1,4466.7,15932.1,24.8,0,
2017-12-22 05:41:16,0,1,2,6.8,3625.7,39999.8,4533.4,16173.8,24.8,0,
2017-12-22 05:41:19,0,1,2,6.8,3626.4,39999.9,4533.4,16173.8,24.8,0,
2017-12-22 05:41:22,0,1,2,6.9,3627.2,39999.8,4600.1,16415.6,24.8,0,
2017-12-22 05:41:25,0,1,2,6.9,3627.8,40000.2,4600.1,16415.6,24.8,0,
2017-12-22 05:41:28,0,1,2,7.0,3628.6,40000.2,4666.7,16657.5,24.8,0,
2017-12-22 05:41:31,0,1,2,7.0,3629.1,39999.8,4666.7,16657.5,24.7,0,
2017-12-22 05:41:34,0,1,2,7.1,3630.0,39999.8,4733.4,16899.5,24.7,0,
2017-12-22 05:41:38,0,1,2,7.1,3630.7,40000.0,4733.4,16899.5,24.7,0,
2017-12-22 05:41:41,0,1,2,7.2,3631.5,39999.8,4800.1,17141.6,24.8,0,
2017-12-22 05:41:44,0,1,2,7.2,3632.1,40000.1,4800.1,17141.6,24.8,0,
2017-12-22 05:41:47,0,1,2,7.3,3632.8,39999.8,4866.7,17383.8,24.8,0,
2017-12-22 05:41:50,0,1,2,7.3,3633.6,39999.8,4866.7,17383.8,24.8,0,
2017-12-22 05:41:53,0,1,2,7.4,3634.3,40000.0,4933.4,17626.0,24.8,0,
2017-12-22 05:41:57,0,1,2,7.4,3634.9,40000.0,4933.4,17626.0,24.8,0,
2017-12-22 05:42:00,0,1,2,7.5,3635.7,40000.0,5000.1,17868.4,24.7,0,
2017-12-22 05:42:03,0,1,2,7.5,3636.4,39999.8,5000.1,17868.4,24.7,0,
2017-12-22 05:42:06,0,1,2,7.6,3637.0,39999.9,5066.7,18110.8,24.7,0,
2017-12-22 05:42:09,0,1,2,7.7,3637.7,39999.7,5133.4,18353.3,24.8,0,
2017-12-22 05:42:13,0,1,2,7.7,3638.4,39999.7,5133.4,18353.3,24.8,0,
2017-12-22 05:42:16,0,1,2,7.8,3639.1,39999.7,5200.1,18595.9,24.8,0,
2017-12-22 05:42:19,0,1,2,7.8,3639.8,39999.8,5200.1,18595.9,24.8,0,
2017-12-22 05:42:22,0,1,2,7.9,3640.5,39999.7,5266.7,18838.6,24.8,0,
2017-12-22 05:42:25,0,1,2,7.9,3641.2,40000.0,5266.7,18838.6,24.8,0,
2017-12-22 05:42:28,0,1,2,8.0,3641.8,39999.8,5333.4,19081.4,24.8,0,
2017-12-22 05:42:31,0,1,2,8.0,3642.4,39999.8,5333.4,19081.4,24.8,0,
2017-12-22 05:42:34,0,1,2,8.1,3643.1,39999.8,5400.1,19324.2,24.8,0,
2017-12-22 05:42:37,0,1,2,8.1,3643.8,39999.8,5400.1,19324.2,24.8,0,
2017-12-22 05:42:41,0,1,2,8.2,3644.5,39999.7,5466.7,19567.2,24.8,0,
2017-12-22 05:42:44,0,1,2,8.2,3645.1,40000.0,5466.7,19567.2,24.8,0,
2017-12-22 05:42:47,0,1,2,8.3,3645.6,40000.0,5533.4,19810.2,24.8,0,
2017-12-22 05:42:50,0,1,2,8.3,3646.5,40000.0,5533.4,19810.2,24.8,0,
2017-12-22 05:42:53,0,1,2,8.4,3646.9,39999.8,5600.1,20053.3,24.8,0,
2017-12-22 05:42:56,0,1,2,8.4,3647.7,40000.0,5600.1,20053.3,24.8,0,
2017-12-22 05:43:00,0,1,2,8.5,3648.3,39999.7,5666.7,20296.5,24.8,0,
2017-12-22 05:43:03,0,1,2,8.5,3649.0,39999.5,5666.7,20296.5,24.8,0,
2017-12-22 05:43:06,0,1,2,8.6,3649.5,39999.9,5733.4,20539.7,24.8,0,
2017-12-22 05:43:09,0,1,2,8.6,3650.1,40000.0,5733.4,20539.7,24.8,0,
2017-12-22 05:43:12,0,1,2,8.7,3650.9,40000.2,5800.0,20783.1,24.8,0,
2017-12-22 05:43:16,0,1,2,8.8,3651.6,40000.0,5866.7,21026.5,24.7,0,
2017-12-22 05:43:19,0,1,2,8.8,3652.1,40000.3,5866.7,21026.5,24.8,0,
2017-12-22 05:43:22,0,1,2,8.9,3652.7,40000.2,5933.4,21270.1,24.7,0,
2017-12-22 05:43:25,0,1,2,8.9,3653.4,40000.0,5933.4,21270.1,24.7,0,
2017-12-22 05:43:28,0,1,2,9.0,3653.9,39999.9,6000.0,21513.7,24.7,0,
2017-12-22 05:43:31,0,1,2,9.0,3654.6,40000.0,6000.0,21513.7,24.7,0,
2017-12-22 05:43:34,0,1,2,9.1,3655.2,40000.0,6066.7,21757.3,24.6,0,
2017-12-22 05:43:37,0,1,2,9.1,3655.8,39999.9,6066.7,21757.3,24.6,0,
2017-12-22 05:43:40,0,1,2,9.2,3656.3,39999.9,6133.4,22001.1,24.6,0,
2017-12-22 05:43:43,0,1,2,9.2,3656.8,39999.5,6133.4,22001.1,24.7,0,
2017-12-22 05:43:46,0,1,2,9.3,3657.5,40000.0,6200.0,22244.9,24.7,0,
2017-12-22 05:43:49,0,1,2,9.3,3658.0,40000.0,6200.0,22244.9,24.7,0,
2017-12-22 05:43:53,0,1,2,9.4,3658.6,40000.0,6266.7,22488.8,24.7,0,
2017-12-22 05:43:56,0,1,2,9.4,3659.2,39999.9,6266.7,22488.8,24.7,0,
2017-12-22 05:43:59,0,1,2,9.5,3659.8,40000.0,6333.4,22732.8,24.7,0,
2017-12-22 05:44:02,0,1,2,9.5,3660.4,40000.0,6333.4,22732.8,24.7,0,
2017-12-22 05:44:05,0,1,2,9.6,3661.1,40000.0,6400.0,22976.8,24.7,0,
2017-12-22 05:44:08,0,1,2,9.6,3661.4,40000.0,6400.0,22976.8,24.6,0,
2017-12-22 05:44:11,0,1,2,9.7,3662.1,40000.0,6466.7,23220.9,24.6,0,
2017-12-22 05:44:14,0,1,2,9.7,3662.6,40000.0,6466.7,23220.9,24.6,0,
2017-12-22 05:44:17,0,1,2,9.8,3663.1,39999.8,6533.4,23465.1,24.6,0,
2017-12-22 05:44:20,0,1,2,9.8,3663.8,40000.0,6533.4,23465.1,24.6,0,
2017-12-22 05:44:24,0,1,2,9.9,3664.3,39999.7,6600.0,23709.4,24.6,0,
2017-12-22 05:44:27,0,1,2,9.9,3664.8,40000.0,6600.0,23709.4,24.6,0,
2017-12-22 05:44:30,0,1,2,10.0,3665.6,39999.8,6666.7,23953.7,24.6,0,
2017-12-22 05:44:33,0,1,2,10.0,3666.0,39999.8,6666.7,23953.7,24.6,0,
2017-12-22 05:44:36,0,1,2,10.1,3666.6,39999.7,6733.4,24198.1,24.6,0,
2017-12-22 05:44:40,0,1,2,10.2,3667.1,39999.6,6800.0,24442.6,24.6,0,
2017-12-22 05:44:43,0,1,2,10.2,3667.8,40000.0,6800.0,24442.6,24.6,0,
2017-12-22 05:44:46,0,1,2,10.3,3668.1,40000.0,6866.7,24687.1,24.6,0,
2017-12-22 05:44:49,0,1,2,10.3,3668.7,39999.8,6866.7,24687.1,24.7,0,
2017-12-22 05:44:52,0,1,2,10.4,3669.2,39999.9,6933.4,24931.7,24.7,0,
2017-12-22 05:44:55,0,1,2,10.4,3669.8,39999.7,6933.4,24931.7,24.7,0,
2017-12-22 05:44:58,0,1,2,10.5,3670.3,40000.0,7000.0,25176.4,24.7,0,
2017-12-22 05:45:02,0,1,2,10.5,3670.9,40000.0,7000.0,25176.4,24.7,0,
2017-12-22 05:45:05,0,1,2,10.6,3671.3,39999.6,7066.7,25421.2,24.7,0,
2017-12-22 05:45:08,0,1,2,10.6,3671.9,39999.5,7066.7,25421.2,24.7,0,
2017-12-22 05:45:11,0,1,2,10.7,3672.3,39999.9,7133.4,25666.0,24.7,0,
2017-12-22 05:45:15,0,1,2,10.7,3672.9,39999.6,7133.4,25666.0,24.7,0,
2017-12-22 05:45:18,0,1,2,10.8,3673.4,39999.8,7200.0,25910.8,24.6,0,
2017-12-22 05:45:21,0,1,2,10.8,3673.8,39999.7,7200.0,25910.8,24.6,0,
2017-12-22 05:45:24,0,1,2,10.9,3674.3,40000.0,7266.7,26155.7,24.6,0,
2017-12-22 05:45:27,0,1,2,10.9,3674.7,40000.0,7266.7,26155.7,24.6,0,
2017-12-22 05:45:30,0,1,2,11.0,3675.2,39999.8,7333.4,26400.7,24.6,0,
2017-12-22 05:45:33,0,1,2,11.0,3675.6,40000.0,7333.4,26400.7,24.6,0,
2017-12-22 05:45:36,0,1,2,11.1,3676.1,39999.7,7400.0,26645.8,24.6,0,
2017-12-22 05:45:39,0,1,2,11.1,3676.4,39999.9,7400.0,26645.8,24.6,0,
2017-12-22 05:45:42,0,1,2,11.2,3676.9,40000.0,7466.7,26890.9,24.6,0,
2017-12-22 05:45:45,0,1,2,11.3,3677.3,39999.8,7533.4,27136.0,24.6,0,
2017-12-22 05:45:49,0,1,2,11.3,3677.8,39999.7,7533.4,27136.0,24.6,0,
2017-12-22 05:45:52,0,1,2,11.4,3678.1,40000.1,7600.0,27381.2,24.7,0,
2017-12-22 05:45:55,0,1,2,11.4,3678.7,39999.9,7600.0,27381.2,24.7,0,
2017-12-22 05:45:58,0,1,2,11.5,3679.1,39999.8,7666.7,27626.5,24.7,0,
2017-12-22 05:46:01,0,1,2,11.5,3679.6,40000.0,7666.7,27626.5,24.7,0,
2017-12-22 05:46:04,0,1,2,11.6,3679.9,39999.7,7733.4,27871.8,24.7,0,
2017-12-22 05:46:07,0,1,2,11.6,3680.4,39999.8,7733.4,27871.8,24.6,0,
2017-12-22 05:46:10,0,1,2,11.7,3680.9,40000.0,7800.0,28117.2,24.7,0,
2017-12-22 05:46:13,0,1,2,11.7,3681.3,40000.2,7800.0,28117.2,24.7,0,
2017-12-22 05:46:16,0,1,2,11.8,3681.7,39999.9,7866.7,28362.6,24.6,0,
2017-12-22 05:46:19,0,1,2,11.8,3682.2,39999.8,7866.7,28362.6,24.7,0,
2017-12-22 05:46:22,0,1,2,11.9,3682.6,40000.0,7933.4,28608.1,24.6,0,
2017-12-22 05:46:25,0,1,2,11.9,3682.8,39999.7,7933.4,28608.1,24.6,0,
2017-12-22 05:46:28,0,1,2,12.0,3683.3,39999.9,8000.0,28853.7,24.6,0,
2017-12-22 05:46:32,0,1,2,12.0,3683.6,40000.2,8000.0,28853.7,24.6,0,
2017-12-22 05:46:35,0,1,2,12.1,3684.1,40000.0,8066.7,29099.3,24.6,0,
2017-12-22 05:46:38,0,1,2,12.1,3684.5,40000.0,8066.7,29099.3,24.6,0,
2017-12-22 05:46:41,0,1,2,12.2,3684.9,40000.0,8133.4,29344.9,24.6,0,
2017-12-22 05:46:44,0,1,2,12.2,3685.2,39999.8,8133.4,29344.9,24.6,0,
2017-12-22 05:46:47,0,1,2,12.3,3685.6,40000.1,8200.0,29590.6,24.6,0,
2017-12-22 05:46:50,0,1,2,12.3,3686.1,40000.0,8200.0,29590.6,24.6,0,
2017-12-22 05:46:53,0,1,2,12.4,3686.3,39999.7,8266.7,29836.4,24.6,0,
2017-12-22 05:46:56,0,1,2,12.4,3686.8,40000.0,8266.7,29836.4,24.6,0,
2017-12-22 05:46:59,0,1,2,12.5,3687.1,39999.8,8333.4,30082.1,24.6,0,
2017-12-22 05:47:03,0,1,2,12.5,3687.5,39999.7,8333.4,30082.1,24.6,0,
2017-12-22 05:47:06,0,1,2,12.6,3687.9,40000.0,8400.0,30328.0,24.6,0,
2017-12-22 05:47:09,0,1,2,12.6,3688.1,40000.0,8400.0,30328.0,24.6,0,
2017-12-22 05:47:12,0,1,2,12.7,3688.7,40000.0,8466.7,30573.9,24.6,0,
2017-12-22 05:47:15,0,1,2,12.7,3688.9,40000.0,8466.7,30573.9,24.6,0,
2017-12-22 05:47:18,0,1,2,12.8,3689.5,40000.0,8533.4,30819.8,24.6,0,
2017-12-22 05:47:21,0,1,2,12.8,3689.8,40000.0,8533.4,30819.8,24.6,0,
2017-12-22 05:47:24,0,1,2,12.9,3690.2,40000.0,8600.0,31065.8,24.6,0,
2017-12-22 05:47:27,0,1,2,13.0,3690.5,39999.7,8666.7,31311.8,24.7,0,
2017-12-22 05:47:30,0,1,2,13.0,3690.8,40000.2,8666.7,31311.8,24.7,0,
2017-12-22 05:47:33,0,1,2,13.1,3691.2,40000.0,8733.4,31557.9,24.7,0,
2017-12-22 05:47:36,0,1,2,13.1,3691.5,40000.0,8733.4,31557.9,24.7,0,
2017-12-22 05:47:39,0,1,2,13.2,3691.9,39999.9,8800.0,31804.0,24.7,0,
2017-12-22 05:47:43,0,1,2,13.2,3692.3,40000.0,8800.0,31804.0,24.7,0,
2017-12-22 05:47:46,0,1,2,13.3,3692.5,39999.8,8866.7,32050.2,24.6,0,
2017-12-22 05:47:49,0,1,2,13.3,3693.0,39999.8,8866.7,32050.2,24.6,0,
2017-12-22 05:47:52,0,1,2,13.4,3693.4,39999.8,8933.4,32296.4,24.6,0,
2017-12-22 05:47:55,0,1,2,13.4,3693.7,39999.9,8933.4,32296.4,24.7,0,
2017-12-22 05:47:58,0,1,2,13.5,3693.9,39999.9,9000.0,32542.7,24.7,0,
2017-12-22 05:48:01,0,1,2,13.5,3694.4,40000.0,9000.0,32542.7,24.7,0,
2017-12-22 05:48:04,0,1,2,13.6,3694.6,40000.0,9066.7,32789.0,24.7,0,
2017-12-22 05:48:07,0,1,2,13.6,3695.1,40000.0,9066.7,32789.0,24.7,0,
2017-12-22 05:48:10,0,1,2,13.7,3695.5,39999.7,9133.4,33035.3,24.7,0,
2017-12-22 05:48:13,0,1,2,13.7,3695.6,39999.8,9133.4,33035.3,24.7,0,
2017-12-22 05:48:16,0,1,2,13.8,3696.1,39999.7,9200.0,33281.7,24.7,0,
2017-12-22 05:48:19,0,1,2,13.8,3696.4,40000.1,9200.0,33281.7,24.7,0,
2017-12-22 05:48:22,0,1,2,13.9,3696.7,39999.7,9266.7,33528.2,24.7,0,
2017-12-22 05:48:26,0,1,2,13.9,3697.1,40000.0,9266.7,33528.2,24.7,0,
2017-12-22 05:48:29,0,1,2,14.0,3697.4,39999.3,9333.4,33774.6,24.7,0,
2017-12-22 05:48:32,0,1,2,14.0,3697.7,40000.0,9333.4,33774.6,24.7,0,
2017-12-22 05:48:35,0,1,2,14.1,3698.1,40000.0,9400.0,34021.2,24.7,0,
2017-12-22 05:48:38,0,1,2,14.1,3698.4,39999.7,9400.0,34021.2,24.7,0,
2017-12-22 05:48:41,0,1,2,14.2,3698.8,39999.7,9466.7,34267.7,24.8,0,
2017-12-22 05:48:44,0,1,2,14.2,3699.2,40000.2,9466.7,34267.7,24.7,0,
2017-12-22 05:48:47,0,1,2,14.3,3699.6,39999.7,9533.4,34514.4,24.7,0,
2017-12-22 05:48:50,0,1,2,14.3,3700.0,40000.0,9533.4,34514.4,24.7,0,
2017-12-22 05:48:53,0,1,2,14.4,3700.2,39999.7,9600.0,34761.0,24.7,0,
2017-12-22 05:48:57,0,1,2,14.4,3700.6,39999.7,9600.0,34761.0,24.7,0,
2017-12-22 05:49:00,0,1,2,14.5,3700.9,40000.0,9666.7,35007.7,24.7,0,
2017-12-22 05:49:03,0,1,2,14.5,3701.1,39999.8,9666.7,35007.7,24.7,0,
2017-12-22 05:49:06,0,1,2,14.6,3701.6,40000.0,9733.4,35254.5,24.7,0,
2017-12-22 05:49:09,0,1,2,14.7,3701.8,40000.0,9800.0,35501.3,24.7,0,
2017-12-22 05:49:12,0,1,2,14.7,3702.2,39999.7,9800.0,35501.3,24.7,0,
2017-12-22 05:49:15,0,1,2,14.8,3702.6,39999.7,9866.7,35748.1,24.7,0,
2017-12-22 05:49:19,0,1,2,14.8,3702.9,39999.7,9866.7,35748.1,24.7,0,
2017-12-22 05:49:22,0,1,2,14.9,3703.2,39999.8,9933.4,35995.0,24.7,0,
2017-12-22 05:49:25,0,1,2,14.9,3703.6,39999.8,9933.4,35995.0,24.7,0,
2017-12-22 05:49:28,0,1,2,15.0,3703.9,40000.2,10000.0,36241.9,24.7,0,
2017-12-22 05:49:31,0,1,2,15.0,3704.3,39999.7,10000.0,36241.9,24.6,0,
2017-12-22 05:49:34,0,1,2,15.1,3704.6,39999.9,10066.7,36488.9,24.6,0,
2017-12-22 05:49:37,0,1,2,15.1,3704.8,39999.5,10066.7,36488.9,24.6,0,
2017-12-22 05:49:40,0,1,2,15.2,3705.2,39999.7,10133.4,36735.9,24.6,0,
2017-12-22 05:49:43,0,1,2,15.2,3705.6,40000.0,10133.4,36735.9,24.6,0,
2017-12-22 05:49:47,0,1,2,15.3,3705.9,39999.9,10200.0,36982.9,24.6,0,
2017-12-22 05:49:50,0,1,2,15.3,3706.3,39999.8,10200.0,36982.9,24.6,0,
2017-12-22 05:49:53,0,1,2,15.4,3706.7,40000.0,10266.7,37230.0,24.6,0,
2017-12-22 05:49:56,0,1,2,15.4,3707.0,40000.0,10266.7,37230.0,24.6,0,
2017-12-22 05:49:59,0,1,2,15.5,3707.4,39999.7,10333.4,37477.2,24.6,0,
2017-12-22 05:50:02,0,1,2,15.5,3707.7,40000.0,10333.4,37477.2,24.6,0,
2017-12-22 05:50:05,0,1,2,15.6,3707.9,39999.8,10400.0,37724.4,24.6,0,
2017-12-22 05:50:08,0,1,2,15.6,3708.4,40000.0,10400.0,37724.4,24.6,0,
2017-12-22 05:50:11,0,1,2,15.7,3708.7,40000.0,10466.7,37971.6,24.6,0,
2017-12-22 05:50:14,0,1,2,15.7,3708.9,40000.0,10466.7,37971.6,24.6,0,
2017-12-22 05:50:17,0,1,2,15.8,3709.4,40000.0,10533.4,38218.9,24.6,0,
2017-12-22 05:50:21,0,1,2,15.8,3709.7,39999.8,10533.4,38218.9,24.6,0,
2017-12-22 05:50:24,0,1,2,15.9,3710.0,39999.9,10600.0,38466.2,24.6,0,
2017-12-22 05:50:27,0,1,2,15.9,3710.3,39999.8,10600.0,38466.2,24.6,0,
2017-12-22 05:50:30,0,1,2,16.0,3710.7,39999.7,10666.7,38713.5,24.6,0,
2017-12-22 05:50:33,0,1,2,16.0,3711.1,40000.0,10666.7,38713.5,24.7,0,
2017-12-22 05:50:37,0,1,2,16.1,3711.5,40000.0,10733.4,38960.9,24.6,0,
2017-12-22 05:50:40,0,1,2,16.2,3711.8,40000.0,10800.0,39208.4,24.6,0,
2017-12-22 05:50:43,0,1,2,16.2,3712.0,40000.0,10800.0,39208.4,24.6,0,
2017-12-22 05:50:46,0,1,2,16.3,3712.4,39999.7,10866.7,39455.9,24.6,0,
2017-12-22 05:50:49,0,1,2,16.3,3712.8,39999.9,10866.7,39455.9,24.7,0,
2017-12-22 05:50:52,0,1,2,16.4,3713.1,40000.0,10933.4,39703.4,24.7,0,
2017-12-22 05:50:55,0,1,2,16.4,3713.4,39999.9,10933.4,39703.4,24.7,0,
2017-12-22 05:50:58,0,1,2,16.5,3713.7,39999.7,11000.0,39951.0,24.7,0,
2017-12-22 05:51:01,0,1,2,16.5,3714.1,40000.0,11000.0,39951.0,24.7,0,
2017-12-22 05:51:04,0,1,2,16.6,3714.4,39999.8,11066.7,40198.6,24.7,0,
2017-12-22 05:51:07,0,1,2,16.6,3714.8,39999.7,11066.7,40198.6,24.7,0,
2017-12-22 05:51:10,0,1,2,16.7,3715.1,40000.0,11133.4,40446.3,24.7,0,
2017-12-22 05:51:13,0,1,2,16.7,3715.4,40000.0,11133.4,40446.3,24.6,0,
2017-12-22 05:51:16,0,1,2,16.8,3715.7,40000.1,11200.0,40694.0,24.6,0,
2017-12-22 05:51:19,0,1,2,16.8,3716.1,39999.8,11200.0,40694.0,24.6,0,
2017-12-22 05:51:22,0,1,2,16.9,3716.5,40000.3,11266.7,40941.8,24.6,0,
2017-12-22 05:51:25,0,1,2,16.9,3716.8,40000.2,11266.7,40941.8,24.7,0,
2017-12-22 05:51:28,0,1,2,17.0,3717.3,39999.8,11333.4,41189.6,24.7,0,
2017-12-22 05:51:31,0,1,2,17.0,3717.5,40000.0,11333.4,41189.6,24.6,0,
2017-12-22 05:51:34,0,1,2,17.1,3717.8,39999.2,11400.0,41437.4,24.7,0,
2017-12-22 05:51:37,0,1,2,17.1,3718.2,40000.0,11400.0,41437.4,24.7,0,
2017-12-22 05:51:41,0,1,2,17.2,3718.6,39999.8,11466.7,41685.3,24.7,0,
2017-12-22 05:51:44,0,1,2,17.2,3718.9,40000.0,11466.7,41685.3,24.6,0,
2017-12-22 05:51:47,0,1,2,17.3,3719.3,39999.2,11533.3,41933.3,24.6,0,
2017-12-22 05:51:50,0,1,2,17.3,3719.6,39999.9,11533.3,41933.3,24.6,0,
2017-12-22 05:51:53,0,1,2,17.4,3720.1,40000.0,11600.0,42181.3,24.6,0,
2017-12-22 05:51:56,0,1,2,17.4,3720.3,40000.1,11600.0,42181.3,24.6,0,
2017-12-22 05:51:59,0,1,2,17.5,3720.9,40000.0,11666.7,42429.3,24.7,0,
2017-12-22 05:52:03,0,1,2,17.5,3721.2,40000.0,11666.7,42429.3,24.7,0,
2017-12-22 05:52:06,0,1,2,17.6,3721.6,39999.8,11733.3,42677.4,24.7,0,
2017-12-22 05:52:09,0,1,2,17.6,3722.0,40000.0,11733.3,42677.4,24.8,0,
2017-12-22 05:52:12,0,1,2,17.7,3722.2,40000.0,11800.0,42925.5,24.7,0,
2017-12-22 05:52:15,0,1,2,17.7,3722.5,40000.0,11800.0,42925.5,24.8,0,
2017-12-22 05:52:18,0,1,2,17.8,3722.9,40000.1,11866.7,43173.7,24.8,0,
2017-12-22 05:52:21,0,1,2,17.8,3723.3,39999.8,11866.7,43173.7,24.8,0,
2017-12-22 05:52:25,0,1,2,17.9,3723.8,39999.7,11933.3,43421.9,24.8,0,
2017-12-22 05:52:28,0,1,2,18.0,3724.2,39999.8,12000.0,43670.2,24.7,0,
2017-12-22 05:52:31,0,1,2,18.0,3724.5,39999.8,12000.0,43670.2,24.7,0,
2017-12-22 05:52:34,0,1,2,18.1,3724.8,40000.2,12066.7,43918.5,24.7,0,
2017-12-22 05:52:37,0,1,2,18.1,3725.3,39999.8,12066.7,43918.5,24.8,0,
2017-12-22 05:52:40,0,1,2,18.2,3725.6,39999.7,12133.3,44166.9,24.7,0,
2017-12-22 05:52:43,0,1,2,18.2,3726.0,39999.7,12133.3,44166.9,24.7,0,
2017-12-22 05:52:46,0,1,2,18.3,3726.4,40000.1,12200.0,44415.3,24.7,0,
2017-12-22 05:52:50,0,1,2,18.3,3726.8,40000.2,12200.0,44415.3,24.7,0,
2017-12-22 05:52:53,0,1,2,18.4,3727.0,39999.5,12266.7,44663.8,24.8,0,
2017-12-22 05:52:56,0,1,2,18.4,3727.6,39999.8,12266.7,44663.8,24.8,0,
2017-12-22 05:52:59,0,1,2,18.5,3727.9,40000.0,12333.3,44912.3,24.8,0,
2017-12-22 05:53:02,0,1,2,18.5,3728.3,40000.7,12333.3,44912.3,24.8,0,
2017-12-22 05:53:05,0,1,2,18.6,3728.6,40000.0,12400.0,45160.9,24.7,0,
2017-12-22 05:53:09,0,1,2,18.6,3729.1,39999.8,12400.0,45160.9,24.8,0,
2017-12-22 05:53:12,0,1,2,18.7,3729.5,39999.9,12466.7,45409.5,24.8,0,
2017-12-22 05:53:15,0,1,2,18.7,3729.9,39999.9,12466.7,45409.5,24.8,0,
2017-12-22 05:53:18,0,1,2,18.8,3730.2,40000.0,12533.3,45658.1,24.8,0,
2017-12-22 05:53:21,0,1,2,18.9,3730.5,40000.0,12600.0,45906.8,24.8,0,
2017-12-22 05:53:25,0,1,2,18.9,3731.1,39999.8,12600.0,45906.8,24.8,0,
2017-12-22 05:53:28,0,1,2,19.0,3731.5,39999.9,12666.7,46155.6,24.7,0,
2017-12-22 05:53:31,0,1,2,19.0,3731.9,39999.9,12666.7,46155.6,24.8,0,
2017-12-22 05:53:34,0,1,2,19.1,3732.2,39999.7,12733.3,46404.4,24.8,0,
2017-12-22 05:53:37,0,1,2,19.1,3732.7,39999.7,12733.3,46404.4,24.7,0,
2017-12-22 05:53:41,0,1,2,19.2,3733.1,39999.8,12800.0,46653.3,24.7,0,
2017-12-22 05:53:44,0,1,2,19.2,3733.5,40000.0,12800.0,46653.3,24.7,0,
2017-12-22 05:53:47,0,1,2,19.3,3733.8,39999.7,12866.7,46902.2,24.8,0,
2017-12-22 05:53:50,0,1,2,19.3,3734.3,39999.8,12866.7,46902.2,24.8,0,
2017-12-22 05:53:53,0,1,2,19.4,3734.8,39999.9,12933.3,47151.1,24.7,0,
2017-12-22 05:53:56,0,1,2,19.4,3735.1,39999.7,12933.3,47151.1,24.8,0,
2017-12-22 05:53:59,0,1,2,19.5,3735.6,39999.7,13000.0,47400.1,24.8,0,
2017-12-22 05:54:03,0,1,2,19.5,3736.0,40000.0,13000.0,47400.1,24.8,0,
2017-12-22 05:54:06,0,1,2,19.6,3736.3,39999.8,13066.7,47649.2,24.8,0,
2017-12-22 05:54:09,0,1,2,19.6,3736.8,39999.8,13066.7,47649.2,24.8,0,
2017-12-22 05:54:12,0,1,2,19.7,3737.2,39999.9,13133.3,47898.4,24.8,0,
2017-12-22 05:54:15,0,1,2,19.7,3737.5,39999.7,13133.3,47898.4,24.8,0,
2017-12-22 05:54:18,0,1,2,19.8,3738.0,40000.0,13200.0,48147.5,24.8,0,
2017-12-22 05:54:21,0,1,2,19.8,3738.4,39999.8,13200.0,48147.5,24.8,0,
2017-12-22 05:54:24,0,1,2,19.9,3738.7,40000.2,13266.7,48396.8,24.8,0,
2017-12-22 05:54:28,0,1,2,20.0,3739.3,40000.0,13333.3,48646.0,24.8,0,
2017-12-22 05:54:31,0,1,2,20.0,3739.6,40000.0,13333.3,48646.0,24.8,0,
2017-12-22 05:54:34,0,1,2,20.1,3740.2,39999.8,13400.0,48895.4,24.8,0,
2017-12-22 05:54:37,0,1,2,20.1,3740.6,39999.8,13400.0,48895.4,24.7,0,
2017-12-22 05:54:40,0,1,2,20.2,3741.1,39999.8,13466.7,49144.8,24.7,0,
2017-12-22 05:54:43,0,1,2,20.2,3741.4,39999.5,13466.7,49144.8,24.7,0,
2017-12-22 05:54:46,0,1,2,20.3,3741.7,39999.8,13533.3,49394.2,24.7,0,
2017-12-22 05:54:49,0,1,2,20.3,3742.1,39999.8,13533.3,49394.2,24.7,0,
2017-12-22 05:54:52,0,1,2,20.4,3742.7,39999.8,13600.0,49643.7,24.6,0,
2017-12-22 05:54:55,0,1,2,20.4,3743.0,39999.7,13600.0,49643.7,24.6,0,
2017-12-22 05:54:58,0,1,2,20.5,3743.4,39999.7,13666.7,49893.3,24.6,0,
2017-12-22 05:55:01,0,1,2,20.5,3744.0,39999.8,13666.7,49893.3,24.6,0,
2017-12-22 05:55:04,0,1,2,20.6,3744.3,39999.8,13733.3,50142.9,24.6,0,
2017-12-22 05:55:07,0,1,2,20.6,3744.8,40000.0,13733.3,50142.9,24.6,0,
2017-12-22 05:55:11,0,1,2,20.7,3745.3,39999.7,13800.0,50392.6,24.6,0,
2017-12-22 05:55:14,0,1,2,20.7,3745.5,39999.8,13800.0,50392.6,24.6,0,
2017-12-22 05:55:17,0,1,2,20.8,3746.1,39999.9,13866.7,50642.3,24.7,0,
2017-12-22 05:55:20,0,1,2,20.8,3746.6,40000.3,13866.7,50642.3,24.7,0,
2017-12-22 05:55:23,0,1,2,20.9,3747.0,40000.1,13933.3,50892.1,24.7,0,
2017-12-22 05:55:26,0,1,2,20.9,3747.5,40000.0,13933.3,50892.1,24.7,0,
2017-12-22 05:55:29,0,1,2,21.0,3747.9,39999.6,14000.0,51141.9,24.7,0,
2017-12-22 05:55:33,0,1,2,21.0,3748.4,40000.0,14000.0,51141.9,24.7,0,
2017-12-22 05:55:36,0,1,2,21.1,3749.0,39999.7,14066.7,51391.8,24.8,0,
2017-12-22 05:55:39,0,1,2,21.1,3749.5,39999.8,14066.7,51391.8,24.8,0,
2017-12-22 05:55:42,0,1,2,21.2,3749.9,40000.0,14133.3,51641.8,24.8,0,
2017-12-22 05:55:46,0,1,2,21.3,3750.2,40000.0,14200.0,51891.8,24.8,0,
2017-12-22 05:55:49,0,1,2,21.3,3750.8,39999.9,14200.0,51891.8,24.8,0,
2017-12-22 05:55:52,0,1,2,21.4,3751.3,39999.7,14266.7,52141.9,24.8,0,
2017-12-22 05:55:55,0,1,2,21.4,3751.7,39999.8,14266.7,52141.9,24.8,0,
2017-12-22 05:55:58,0,1,2,21.5,3752.1,39999.8,14333.3,52392.0,24.8,0,
2017-12-22 05:56:01,0,1,2,21.5,3752.5,40000.0,14333.3,52392.0,24.8,0,
2017-12-22 05:56:04,0,1,2,21.6,3753.1,39999.8,14400.0,52642.2,24.8,0,
2017-12-22 05:56:07,0,1,2,21.6,3753.5,39999.6,14400.0,52642.2,24.8,0,
2017-12-22 05:56:10,0,1,2,21.7,3753.9,39999.7,14466.7,52892.5,24.8,0,
2017-12-22 05:56:13,0,1,2,21.7,3754.3,40000.1,14466.7,52892.5,24.8,0,
2017-12-22 05:56:16,0,1,2,21.8,3754.8,39999.7,14533.3,53142.8,24.8,0,
2017-12-22 05:56:19,0,1,2,21.8,3755.4,39999.8,14533.3,53142.8,24.8,0,
2017-12-22 05:56:23,0,1,2,21.9,3755.9,39999.7,14600.0,53393.2,24.8,0,
2017-12-22 05:56:26,0,1,2,21.9,3756.3,39999.7,14600.0,53393.2,24.8,0,
2017-12-22 05:56:29,0,1,2,22.0,3757.0,39999.7,14666.7,53643.6,24.8,0,
2017-12-22 05:56:32,0,1,2,22.0,3757.3,39999.8,14666.7,53643.6,24.8,0,
2017-12-22 05:56:35,0,1,2,22.1,3757.8,39999.9,14733.3,53894.1,24.8,0,
2017-12-22 05:56:38,0,1,2,22.1,3758.4,39999.7,14733.3,53894.1,24.8,0,
2017-12-22 05:56:42,0,1,2,22.2,3759.0,40000.0,14800.0,54144.7,24.8,0,
2017-12-22 05:56:45,0,1,2,22.2,3759.5,40000.0,14800.0,54144.7,24.8,0,
2017-12-22 05:56:48,0,1,2,22.3,3759.7,40000.4,14866.7,54395.3,24.8,0,
2017-12-22 05:56:51,0,1,2,22.3,3760.4,40000.0,14866.7,54395.3,24.8,0,
2017-12-22 05:56:55,0,1,2,22.4,3760.9,40000.0,14933.3,54646.0,24.8,0,
2017-12-22 05:56:58,0,1,2,22.5,3761.5,39999.8,15000.0,54896.8,24.8,0,
2017-12-22 05:57:01,0,1,2,22.5,3761.9,40000.0,15000.0,54896.8,24.8,0,
2017-12-22 05:57:04,0,1,2,22.6,3762.4,39999.8,15066.7,55147.6,24.8,0,
2017-12-22 05:57:07,0,1,2,22.6,3763.0,39999.8,15066.7,55147.6,24.8,0,
2017-12-22 05:57:10,0,1,2,22.7,3763.5,39999.5,15133.3,55398.5,24.8,0,
2017-12-22 05:57:13,0,1,2,22.7,3764.0,39999.8,15133.3,55398.5,24.7,0,
2017-12-22 05:57:16,0,1,2,22.8,3764.5,40000.0,15200.0,55649.4,24.8,0,
2017-12-22 05:57:20,0,1,2,22.8,3765.1,39999.8,15200.0,55649.4,24.8,0,
2017-12-22 05:57:23,0,1,2,22.9,3765.4,40000.0,15266.7,55900.5,24.7,0,
2017-12-22 05:57:26,0,1,2,22.9,3766.0,39999.8,15266.7,55900.5,24.8,0,
2017-12-22 05:57:29,0,1,2,23.0,3766.7,39999.8,15333.3,56151.5,24.8,0,
2017-12-22 05:57:32,0,1,2,23.0,3767.0,39999.6,15333.3,56151.5,24.8,0,
2017-12-22 05:57:36,0,1,2,23.1,3767.7,39999.7,15400.0,56402.7,24.8,0,
2017-12-22 05:57:39,0,1,2,23.1,3768.3,39999.6,15400.0,56402.7,24.8,0,
2017-12-22 05:57:42,0,1,2,23.2,3768.7,39999.8,15466.7,56653.9,24.8,0,
2017-12-22 05:57:45,0,1,2,23.2,3769.3,39999.7,15466.7,56653.9,24.8,0,
2017-12-22 05:57:48,0,1,2,23.3,3769.7,39999.8,15533.3,56905.2,24.8,0,
2017-12-22 05:57:51,0,1,2,23.4,3770.4,39999.5,15600.0,57156.5,24.8,0,
2017-12-22 05:57:55,0,1,2,23.4,3770.8,39999.7,15600.0,57156.5,24.8,0,
2017-12-22 05:57:58,0,1,2,23.5,3771.5,39999.8,15666.7,57408.0,24.8,0,
2017-12-22 05:58:01,0,1,2,23.5,3772.1,39999.8,15666.7,57408.0,24.8,0,
2017-12-22 05:58:04,0,1,2,23.6,3772.5,39999.7,15733.3,57659.4,24.8,0,
2017-12-22 05:58:07,0,1,2,23.6,3773.0,39999.9,15733.3,57659.4,24.8,0,
2017-12-22 05:58:10,0,1,2,23.7,3773.7,39999.7,15800.0,57911.0,24.8,0,
2017-12-22 05:58:14,0,1,2,23.7,3774.2,39999.8,15800.0,57911.0,24.8,0,
2017-12-22 05:58:17,0,1,2,23.8,3774.8,40000.0,15866.7,58162.7,24.8,0,
2017-12-22 05:58:20,0,1,2,23.8,3775.5,40000.0,15866.7,58162.7,24.8,0,
2017-12-22 05:58:23,0,1,2,23.9,3775.8,39999.8,15933.3,58414.4,24.8,0,
2017-12-22 05:58:26,0,1,2,23.9,3776.6,39999.8,15933.3,58414.4,24.9,0,
2017-12-22 05:58:29,0,1,2,24.0,3777.1,39999.8,16000.0,58666.1,24.9,0,
2017-12-22 05:58:33,0,1,2,24.0,3777.6,39999.7,16000.0,58666.1,24.8,0,
2017-12-22 05:58:36,0,1,2,24.1,3778.1,40000.3,16066.7,58918.0,24.9,0,
2017-12-22 05:58:39,0,1,2,24.1,3778.9,39999.8,16066.7,58918.0,24.8,0,
2017-12-22 05:58:42,0,1,2,24.2,3779.5,39999.7,16133.3,59169.9,24.9,0,
2017-12-22 05:58:45,0,1,2,24.3,3780.0,39999.9,16200.0,59421.9,24.9,0,
2017-12-22 05:58:49,0,1,2,24.3,3780.5,39999.2,16200.0,59421.9,24.9,0,
2017-12-22 05:58:52,0,1,2,24.4,3781.2,40000.0,16266.7,59674.0,24.9,0,
2017-12-22 05:58:55,0,1,2,24.4,3781.7,39999.8,16266.7,59674.0,24.8,0,
2017-12-22 05:58:58,0,1,2,24.5,3782.3,39999.8,16333.3,59926.2,24.8,0,
2017-12-22 05:59:01,0,1,2,24.5,3783.0,40000.1,16333.3,59926.2,24.8,0,
2017-12-22 05:59:05,0,1,2,24.6,3783.7,40000.2,16400.0,60178.4,24.8,0,
2017-12-22 05:59:08,0,1,2,24.6,3784.1,40000.0,16400.0,60178.4,24.8,0,
2017-12-22 05:59:11,0,1,2,24.7,3784.7,40000.1,16466.7,60430.7,24.8,0,
2017-12-22 05:59:14,0,1,2,24.7,3785.4,40000.1,16466.7,60430.7,24.8,0,
2017-12-22 05:59:17,0,1,2,24.8,3785.9,40000.0,16533.3,60683.0,24.8,0,
2017-12-22 05:59:20,0,1,2,24.8,3786.5,40000.2,16533.3,60683.0,24.8,0,
2017-12-22 05:59:23,0,1,2,24.9,3787.1,40000.0,16600.0,60935.5,24.8,0,
2017-12-22 05:59:27,0,1,2,24.9,3787.8,40000.1,16600.0,60935.5,24.8,0,
2017-12-22 05:59:30,0,1,2,25.0,3788.4,40000.0,16666.7,61188.0,24.8,0,
2017-12-22 05:59:33,0,1,2,25.0,3788.8,40000.1,16666.7,61188.0,24.8,0,
2017-12-22 05:59:36,0,1,2,25.1,3789.6,40000.1,16733.3,61440.6,24.8,0,
2017-12-22 05:59:39,0,1,2,25.1,3790.2,39999.9,16733.3,61440.6,24.8,0,
2017-12-22 05:59:42,0,1,2,25.2,3790.7,40000.2,16800.0,61693.3,24.8,0,
2017-12-22 05:59:45,0,1,2,25.2,3791.4,39999.8,16800.0,61693.3,24.8,0,
2017-12-22 05:59:48,0,1,2,25.3,3792.0,39999.8,16866.7,61946.1,24.8,0,
2017-12-22 05:59:51,0,1,2,25.3,3792.5,39999.7,16866.7,61946.1,24.8,0,
2017-12-22 05:59:54,0,1,2,25.4,3793.1,39999.7,16933.3,62198.9,24.8,0,
2017-12-22 05:59:57,0,1,2,25.4,3793.7,40000.1,16933.3,62198.9,24.8,0,
2017-12-22 06:00:00,0,1,2,25.5,3794.5,39999.7,17000.0,62451.8,24.8,0,
2017-12-22 06:00:04,0,1,2,25.6,3795.0,40000.0,17066.7,62704.8,24.8,0,
2017-12-22 06:00:07,0,1,2,25.6,3795.8,39999.9,17066.7,62704.8,24.8,0,
2017-12-22 06:00:10,0,1,2,25.7,3796.3,39999.8,17133.3,62957.9,24.8,0,
2017-12-22 06:00:13,0,1,2,25.7,3797.0,40000.0,17133.3,62957.9,24.8,0,
2017-12-22 06:00:17,0,1,2,25.8,3797.7,39999.8,17200.0,63211.1,24.8,0,
2017-12-22 06:00:20,0,1,2,25.8,3798.3,40000.1,17200.0,63211.1,24.8,0,
2017-12-22 06:00:23,0,1,2,25.9,3799.0,40000.0,17266.7,63464.3,24.8,0,
2017-12-22 06:00:26,0,1,2,25.9,3799.7,39999.9,17266.7,63464.3,24.8,0,
2017-12-22 06:00:29,0,1,2,26.0,3800.3,40000.1,17333.3,63717.6,24.8,0,
2017-12-22 06:00:32,0,1,2,26.0,3801.0,40000.0,17333.3,63717.6,24.8,0,
2017-12-22 06:00:36,0,1,2,26.1,3801.7,40000.2,17400.0,63971.0,24.8,0,
2017-12-22 06:00:39,0,1,2,26.1,3802.3,39999.8,17400.0,63971.0,24.8,0,
2017-12-22 06:00:42,0,1,2,26.2,3802.8,40000.0,17466.7,64224.5,24.8,0,
2017-12-22 06:00:45,0,1,2,26.2,3803.6,40000.2,17466.7,64224.5,24.8,0,
2017-12-22 06:00:48,0,1,2,26.3,3804.3,39999.8,17533.3,64478.1,24.8,0,
2017-12-22 06:00:51,0,1,2,26.3,3805.0,40000.0,17533.3,64478.1,24.8,0,
2017-12-22 06:00:54,0,1,2,26.4,3805.7,40000.0,17600.0,64731.8,24.8,0,
2017-12-22 06:00:57,0,1,2,26.5,3806.2,40000.0,17666.6,64985.5,24.8,0,
2017-12-22 06:01:01,0,1,2,26.5,3806.9,40000.3,17666.6,64985.5,24.8,0,
2017-12-22 06:01:04,0,1,2,26.6,3807.7,40000.2,17733.3,65239.4,24.8,0,
2017-12-22 06:01:07,0,1,2,26.6,3808.5,40000.1,17733.3,65239.4,24.8,0,
2017-12-22 06:01:10,0,1,2,26.7,3809.2,40000.0,17800.0,65493.3,24.8,0,
2017-12-22 06:01:14,0,1,2,26.7,3809.9,39999.7,17800.0,65493.3,24.8,0,
2017-12-22 06:01:17,0,1,2,26.8,3810.6,40000.0,17866.6,65747.3,24.8,0,
2017-12-22 06:01:20,0,1,2,26.8,3811.3,40000.1,17866.6,65747.3,24.8,0,
2017-12-22 06:01:23,0,1,2,26.9,3812.0,39999.8,17933.3,66001.4,24.8,0,
2017-12-22 06:01:26,0,1,2,26.9,3812.7,40000.1,17933.3,66001.4,24.8,0,
2017-12-22 06:01:29,0,1,2,27.0,3813.3,40000.0,18000.0,66255.6,24.8,0,
2017-12-22 06:01:32,0,1,2,27.0,3814.1,39999.9,18000.0,66255.6,24.8,0,
2017-12-22 06:01:36,0,1,2,27.1,3814.7,39999.8,18066.6,66509.9,24.8,0,
2017-12-22 06:01:39,0,1,2,27.1,3815.5,40000.0,18066.6,66509.9,24.8,0,
2017-12-22 06:01:42,0,1,2,27.2,3816.2,40000.1,18133.3,66764.3,24.8,0,
2017-12-22 06:01:45,0,1,2,27.2,3816.9,40000.0,18133.3,66764.3,24.9,0,
2017-12-22 06:01:48,0,1,2,27.3,3817.7,40000.0,18200.0,67018.7,24.9,0,
2017-12-22 06:01:51,0,1,2,27.3,3818.4,39999.8,18200.0,67018.7,24.9,0,
2017-12-22 06:01:55,0,1,2,27.4,3819.2,39999.9,18266.6,67273.3,24.9,0,
2017-12-22 06:01:58,0,1,2,27.5,3819.7,40000.0,18333.3,67528.0,24.9,0,
2017-12-22 06:02:01,0,1,2,27.5,3820.5,40000.0,18333.3,67528.0,24.9,0,
2017-12-22 06:02:04,0,1,2,27.6,3821.3,39999.8,18400.0,67782.7,24.9,0,
2017-12-22 06:02:07,0,1,2,27.6,3822.0,40000.0,18400.0,67782.7,24.9,0,
2017-12-22 06:02:10,0,1,2,27.7,3822.7,40000.0,18466.6,68037.5,24.9,0,
2017-12-22 06:02:14,0,1,2,27.7,3823.5,39999.8,18466.6,68037.5,24.9,0,
2017-12-22 06:02:17,0,1,2,27.8,3824.4,40000.0,18533.3,68292.5,24.9,0,
2017-12-22 06:02:20,0,1,2,27.8,3825.0,40000.0,18533.3,68292.5,24.9,0,
2017-12-22 06:02:23,0,1,2,27.9,3825.7,40000.2,18600.0,68547.5,24.9,0,
2017-12-22 06:02:26,0,1,2,27.9,3826.5,39999.7,18600.0,68547.5,24.9,0,
2017-12-22 06:02:29,0,1,2,28.0,3827.3,39999.7,18666.6,68802.6,24.9,0,
2017-12-22 06:02:32,0,1,2,28.0,3828.0,40000.0,18666.6,68802.6,25.0,0,
2017-12-22 06:02:35,0,1,2,28.1,3828.8,39999.8,18733.3,69057.8,25.0,0,
2017-12-22 06:02:38,0,1,2,28.1,3829.6,39999.8,18733.3,69057.8,25.0,0,
2017-12-22 06:02:41,0,1,2,28.2,3830.3,39999.9,18800.0,69313.2,25.0,0,
2017-12-22 06:02:44,0,1,2,28.2,3831.1,39999.7,18800.0,69313.2,25.0,0,
2017-12-22 06:02:47,0,1,2,28.3,3831.9,39999.8,18866.6,69568.6,25.0,0,
2017-12-22 06:02:51,0,1,2,28.3,3832.7,39999.8,18866.6,69568.6,25.0,0,
2017-12-22 06:02:54,0,1,2,28.4,3833.4,40000.0,18933.3,69824.1,25.0,0,
2017-12-22 06:02:57,0,1,2,28.4,3834.1,39999.8,18933.3,69824.1,25.0,0,
2017-12-22 06:03:00,0,1,2,28.5,3835.0,39999.9,19000.0,70079.7,25.0,0,
2017-12-22 06:03:03,0,1,2,28.5,3835.7,39999.8,19000.0,70079.7,25.0,0,
2017-12-22 06:03:06,0,1,2,28.6,3836.5,39999.8,19066.6,70335.4,25.0,0,
2017-12-22 06:03:09,0,1,2,28.6,3837.2,39999.8,19066.6,70335.4,24.9,0,
2017-12-22 06:03:12,0,1,2,28.7,3838.1,39999.9,19133.3,70591.3,24.9,0,
2017-12-22 06:03:16,0,1,2,28.8,3838.7,40000.0,19200.0,70847.2,24.9,0,
2017-12-22 06:03:19,0,1,2,28.8,3839.7,39999.7,19200.0,70847.2,24.8,0,
2017-12-22 06:03:22,0,1,2,28.9,3840.4,39999.8,19266.6,71103.2,24.8,0,
2017-12-22 06:03:25,0,1,2,28.9,3841.2,40000.0,19266.6,71103.2,24.8,0,
2017-12-22 06:03:28,0,1,2,29.0,3842.1,40000.0,19333.3,71359.3,24.8,0,
2017-12-22 06:03:31,0,1,2,29.0,3842.9,39999.9,19333.3,71359.3,24.8,0,
2017-12-22 06:03:34,0,1,2,29.1,3843.7,39999.7,19400.0,71615.5,24.8,0,
2017-12-22 06:03:38,0,1,2,29.1,3844.6,40000.1,19400.0,71615.5,24.8,0,
2017-12-22 06:03:41,0,1,2,29.2,3845.3,40000.0,19466.6,71871.9,24.8,0,
2017-12-22 06:03:44,0,1,2,29.2,3846.0,40000.2,19466.6,71871.9,24.9,0,
2017-12-22 06:03:47,0,1,2,29.3,3846.8,40000.0,19533.3,72128.3,24.8,0,
2017-12-22 06:03:50,0,1,2,29.3,3847.7,39999.8,19533.3,72128.3,24.9,0,
2017-12-22 06:03:53,0,1,2,29.4,3848.5,39999.9,19600.0,72384.8,24.9,0,
2017-12-22 06:03:56,0,1,2,29.4,3849.3,39999.7,19600.0,72384.8,24.9,0,
2017-12-22 06:03:59,0,1,2,29.5,3850.2,39999.7,19666.6,72641.5,24.9,0,
2017-12-22 06:04:02,0,1,2,29.5,3851.0,40000.3,19666.6,72641.5,24.9,0,
2017-12-22 06:04:05,0,1,2,29.6,3851.8,39999.8,19733.3,72898.3,24.9,0,
2017-12-22 06:04:08,0,1,2,29.6,3852.6,40000.0,19733.3,72898.3,24.9,0,
2017-12-22 06:04:12,0,1,2,29.7,3853.4,40000.0,19800.0,73155.1,24.9,0,
2017-12-22 06:04:15,0,1,2,29.7,3854.2,39999.9,19800.0,73155.1,24.9,0,
2017-12-22 06:04:18,0,1,2,29.8,3855.2,40000.0,19866.6,73412.1,24.9,0,
2017-12-22 06:04:21,0,1,2,29.8,3856.0,40000.0,19866.6,73412.1,25.0,0,
2017-12-22 06:04:24,0,1,2,29.9,3856.7,40000.0,19933.3,73669.1,25.0,0,
2017-12-22 06:04:27,0,1,2,30.0,3857.8,40000.0,20000.0,73926.3,25.0,0,
2017-12-22 06:04:30,0,1,2,30.0,3858.5,40000.0,20000.0,73926.3,25.0,0,
2017-12-22 06:04:34,0,1,2,30.1,3859.4,40000.2,20066.6,74183.6,25.0,0,
2017-12-22 06:04:37,0,1,2,30.1,3860.3,40000.0,20066.6,74183.6,25.0,0,
2017-12-22 06:04:40,0,1,2,30.2,3861.1,39999.9,20133.3,74441.0,25.0,0,
2017-12-22 06:04:43,0,1,2,30.2,3862.0,40000.0,20133.3,74441.0,25.0,0,
2017-12-22 06:04:46,0,1,2,30.3,3862.6,39999.8,20200.0,74698.5,25.0,0,
2017-12-22 06:04:49,0,1,2,30.3,3863.6,39999.8,20200.0,74698.5,25.0,0,
2017-12-22 06:04:52,0,1,2,30.4,3864.4,40000.2,20266.6,74956.2,25.0,0,
2017-12-22 06:04:55,0,1,2,30.4,3865.4,39999.8,20266.6,74956.2,25.0,0,
2017-12-22 06:04:58,0,1,2,30.5,3866.1,40000.2,20333.3,75213.9,25.0,0,
2017-12-22 06:05:01,0,1,2,30.5,3867.2,39999.8,20333.3,75213.9,25.0,0,
2017-12-22 06:05:05,0,1,2,30.6,3867.9,40000.2,20400.0,75471.7,25.0,0,
2017-12-22 06:05:08,0,1,2,30.6,3869.0,40000.2,20400.0,75471.7,24.9,0,
2017-12-22 06:05:11,0,1,2,30.7,3869.8,40000.0,20466.6,75729.7,24.9,0,
2017-12-22 06:05:14,0,1,2,30.7,3870.6,39999.7,20466.6,75729.7,25.0,0,
2017-12-22 06:05:17,0,1,2,30.8,3871.5,40000.0,20533.3,75987.8,24.9,0,
2017-12-22 06:05:20,0,1,2,30.8,3872.5,40000.0,20533.3,75987.8,24.9,0,
2017-12-22 06:05:24,0,1,2,30.9,3873.5,40000.0,20600.0,76245.9,25.0,0,
2017-12-22 06:05:27,0,1,2,30.9,3874.3,40000.0,20600.0,76245.9,25.0,0,
2017-12-22 06:05:30,0,1,2,31.0,3875.0,40000.2,20666.6,76504.2,25.0,0,
2017-12-22 06:05:33,0,1,2,31.0,3876.0,40000.0,20666.6,76504.2,25.0,0,
2017-12-22 06:05:36,0,1,2,31.1,3876.9,40000.2,20733.3,76762.7,25.0,0,
2017-12-22 06:05:39,0,1,2,31.1,3877.7,40000.0,20733.3,76762.7,25.0,0,
2017-12-22 06:05:42,0,1,2,31.2,3878.7,40000.1,20800.0,77021.2,25.0,0,
2017-12-22 06:05:45,0,1,2,31.2,3879.6,40000.0,20800.0,77021.2,25.0,0,
2017-12-22 06:05:48,0,1,2,31.3,3880.5,40000.2,20866.6,77279.8,24.9,0,
2017-12-22 06:05:51,0,1,2,31.4,3881.4,40000.0,20933.3,77538.6,25.0,0,
2017-12-22 06:05:54,0,1,2,31.4,3882.2,39999.8,20933.3,77538.6,24.9,0,
2017-12-22 06:05:57,0,1,2,31.5,3883.1,40000.0,21000.0,77797.5,24.9,0,
2017-12-22 06:06:01,0,1,2,31.5,3884.2,40000.0,21000.0,77797.5,25.0,0,
2017-12-22 06:06:04,0,1,2,31.6,3885.1,40000.0,21066.6,78056.5,25.0,0,
2017-12-22 06:06:07,0,1,2,31.6,3885.9,40000.0,21066.6,78056.5,25.0,0,
2017-12-22 06:06:10,0,1,2,31.7,3886.9,39999.7,21133.3,78315.6,25.0,0,
2017-12-22 06:06:13,0,1,2,31.7,3887.7,40000.0,21133.3,78315.6,25.0,0,
2017-12-22 06:06:16,0,1,2,31.8,3888.7,40000.0,21200.0,78574.8,25.0,0,
2017-12-22 06:06:19,0,1,2,31.8,3889.6,40000.0,21200.0,78574.8,25.0,0,
2017-12-22 06:06:22,0,1,2,31.9,3890.3,40000.0,21266.6,78834.1,25.0,0,
2017-12-22 06:06:25,0,1,2,31.9,3891.4,40000.0,21266.6,78834.1,25.0,0,
2017-12-22 06:06:29,0,1,2,32.0,3892.3,39999.9,21333.3,79093.6,25.0,0,
2017-12-22 06:06:32,0,1,2,32.0,3893.4,40000.0,21333.3,79093.6,25.0,0,
2017-12-22 06:06:35,0,1,2,32.1,3894.3,40000.2,21400.0,79353.2,25.0,0,
2017-12-22 06:06:38,0,1,2,32.1,3895.1,39999.8,21400.0,79353.2,25.0,0,
2017-12-22 06:06:41,0,1,2,32.2,3896.2,40000.2,21466.6,79612.9,25.0,0,
2017-12-22 06:06:44,0,1,2,32.2,3897.0,39999.8,21466.6,79612.9,25.0,0,
2017-12-22 06:06:47,0,1,2,32.3,3898.0,39999.9,21533.3,79872.7,25.0,0,
2017-12-22 06:06:50,0,1,2,32.3,3898.7,40000.5,21533.3,79872.7,25.0,0,
2017-12-22 06:06:53,0,1,2,32.4,3899.9,40000.1,21600.0,80132.7,25.0,0,
2017-12-22 06:06:56,0,1,2,32.4,3900.1,39058.6,21600.0,80132.7,25.0,0,
2017-12-22 06:07:00,0,1,2,32.5,3900.0,37994.5,21664.6,80384.7,25.0,0,
2017-12-22 06:07:03,0,1,2,32.5,3900.0,36965.3,21664.6,80384.7,25.0,0,
2017-12-22 06:07:06,0,1,2,32.6,3900.2,36121.5,21725.9,80623.6,25.0,0,
2017-12-22 06:07:09,0,1,2,32.6,3900.1,35230.0,21725.9,80623.6,25.0,0,
2017-12-22 06:07:12,0,1,2,32.7,3900.0,34444.0,21784.4,80852.1,25.0,0,
2017-12-22 06:07:16,0,1,2,32.8,3899.9,33674.7,21840.6,81071.0,25.0,0,
2017-12-22 06:07:19,0,1,2,32.8,3899.9,33088.6,21840.6,81071.0,25.0,0,
2017-12-22 06:07:22,0,1,2,32.9,3900.1,32286.8,21894.8,81282.4,25.0,0,
2017-12-22 06:07:25,0,1,2,32.9,3899.9,31790.4,21894.8,81282.4,25.0,0,
2017-12-22 06:07:28,0,1,2,33.0,3900.0,31081.6,21947.0,81485.9,25.0,0,
2017-12-22 06:07:32,0,1,2,33.0,3900.0,30478.0,21947.0,81485.9,25.0,0,
2017-12-22 06:07:35,0,1,2,33.1,3900.1,29932.9,21997.1,81681.6,25.0,0,
2017-12-22 06:07:38,0,1,2,33.1,3899.9,29339.7,21997.1,81681.6,25.0,0,
2017-12-22 06:07:41,0,1,2,33.2,3900.1,28846.3,22045.9,81871.8,25.0,0,
2017-12-22 06:07:44,0,1,2,33.2,3900.0,28189.1,22045.9,81871.8,25.0,0,
2017-12-22 06:07:48,0,1,2,33.3,3900.0,27767.6,22092.8,82054.6,25.0,0,
2017-12-22 06:07:51,0,1,2,33.3,3900.1,27295.0,22092.8,82054.6,25.0,0,
2017-12-22 06:07:54,0,1,2,33.4,3900.0,26742.7,22138.0,82231.0,25.0,0,
2017-12-22 06:07:57,0,1,2,33.4,3900.1,26289.2,22138.0,82231.0,24.9,0,
2017-12-22 06:08:00,0,1,2,33.5,3900.1,25830.3,22181.7,82401.4,24.9,0,
2017-12-22 06:08:03,0,1,2,33.5,3900.1,25433.3,22181.7,82401.4,24.9,0,
2017-12-22 06:08:06,0,1,2,33.6,3900.0,24991.6,22224.0,82566.4,24.9,0,
2017-12-22 06:08:09,0,1,2,33.7,3900.1,24507.9,22264.8,82725.7,24.9,0,
2017-12-22 06:08:12,0,1,2,33.7,3900.0,24020.6,22264.8,82725.7,24.9,0,
2017-12-22 06:08:16,0,1,2,33.8,3900.0,23600.5,22304.2,82879.1,24.9,0,
2017-12-22 06:08:19,0,1,2,33.8,3899.9,23189.4,22304.2,82879.1,24.9,0,
2017-12-22 06:08:22,0,1,2,33.9,3900.0,22788.2,22342.2,83027.5,24.9,0,
2017-12-22 06:08:25,0,1,2,33.9,3900.0,22549.0,22342.2,83027.5,24.9,0,
2017-12-22 06:08:28,0,1,2,34.0,3899.9,22101.0,22379.2,83171.5,24.8,0,
2017-12-22 06:08:31,0,1,2,34.0,3900.0,21608.3,22379.2,83171.5,24.8,0,
2017-12-22 06:08:34,0,1,2,34.1,3899.9,21178.9,22414.7,83310.2,24.9,0,
2017-12-22 06:08:38,0,1,2,34.1,3900.1,20913.7,22414.7,83310.2,24.9,0,
2017-12-22 06:08:41,0,1,2,34.2,3900.0,20506.6,22449.1,83444.1,24.9,0,
2017-12-22 06:08:44,0,1,2,34.2,3900.0,20090.9,22449.1,83444.1,24.9,0,
2017-12-22 06:08:47,0,1,2,34.3,3900.0,19889.3,22482.3,83573.8,24.9,0,
2017-12-22 06:08:50,0,1,2,34.3,3900.0,19404.5,22482.3,83573.8,24.9,0,
2017-12-22 06:08:53,0,1,2,34.4,3900.0,19155.9,22514.4,83698.9,24.9,0,
2017-12-22 06:08:56,0,1,2,34.4,3900.0,18783.7,22514.4,83698.9,25.0,0,
2017-12-22 06:09:00,0,1,2,34.5,3900.0,18492.6,22545.6,83820.6,25.0,0,
2017-12-22 06:09:03,0,1,2,34.5,3900.0,18171.3,22545.6,83820.6,25.0,0,
2017-12-22 06:09:06,0,1,2,34.6,3899.9,17765.6,22575.7,83937.9,25.0,0,
2017-12-22 06:09:09,0,1,2,34.6,3900.0,17497.5,22575.7,83937.9,25.0,0,
2017-12-22 06:09:12,0,1,2,34.7,3899.9,17193.0,22604.8,84051.4,24.9,0,
2017-12-22 06:09:16,0,1,2,34.8,3900.2,16978.6,22633.1,84161.7,24.9,0,
2017-12-22 06:09:19,0,1,2,34.8,3900.0,16557.3,22633.1,84161.7,24.9,0,
2017-12-22 06:09:22,0,1,2,34.9,3899.9,16267.7,22660.3,84268.0,24.9,0,
2017-12-22 06:09:25,0,1,2,34.9,3900.0,16024.6,22660.3,84268.0,24.9,0,
2017-12-22 06:09:28,0,1,2,35.0,3900.1,15744.8,22686.6,84370.7,24.9,0,
2017-12-22 06:09:31,0,1,2,35.0,3899.9,15508.6,22686.6,84370.7,24.9,0,
2017-12-22 06:09:34,0,1,2,35.1,3899.9,15247.4,22712.3,84470.7,24.9,0,
2017-12-22 06:09:38,0,1,2,35.1,3899.9,14936.5,22712.3,84470.7,24.9,0,
2017-12-22 06:09:41,0,1,2,35.2,3900.1,14714.8,22737.0,84567.1,24.9,0,
2017-12-22 06:09:44,0,1,2,35.2,3899.9,14500.6,22737.0,84567.1,24.8,0,
2017-12-22 06:09:47,0,1,2,35.3,3900.1,14319.8,22761.0,84660.8,24.9,0,
2017-12-22 06:09:50,0,1,2,35.3,3900.1,13992.7,22761.0,84660.8,24.8,0,
2017-12-22 06:09:53,0,1,2,35.4,3900.1,13723.0,22784.1,84750.9,24.9,0,
2017-12-22 06:09:57,0,1,2,35.4,3900.1,13578.2,22784.1,84750.9,24.9,0,
2017-12-22 06:10:00,0,1,2,35.5,3899.9,13241.9,22806.5,84838.1,24.8,0,
2017-12-22 06:10:03,0,1,2,35.5,3900.1,13044.7,22806.5,84838.1,24.9,0,
2017-12-22 06:10:06,0,1,2,35.6,3900.0,12848.7,22828.2,84922.6,24.8,0,
2017-12-22 06:10:09,0,1,2,35.6,3900.1,12625.4,22828.2,84922.6,24.9,0,
2017-12-22 06:10:13,0,1,2,35.7,3900.1,12405.8,22849.1,85004.5,24.8,0,
2017-12-22 06:10:15,0,1,2,35.8,3899.9,12189.8,22869.5,85083.7,24.8,0,
2017-12-22 06:10:18,0,1,2,35.8,3900.0,11977.6,22869.5,85083.7,24.8,0,
2017-12-22 06:10:22,0,1,2,35.9,3900.0,11828.6,22889.2,85160.6,24.8,0,
2017-12-22 06:10:25,0,1,2,35.9,3900.1,11651.6,22889.2,85160.6,24.8,0,
2017-12-22 06:10:28,0,1,2,36.0,3900.1,11477.5,22908.3,85235.2,24.8,0,
2017-12-22 06:10:31,0,1,2,36.0,3899.9,11276.9,22908.3,85235.2,24.8,0,
2017-12-22 06:10:34,0,1,2,36.1,3900.0,11108.8,22926.8,85307.4,24.8,0,
2017-12-22 06:10:37,0,1,2,36.1,3900.1,10915.7,22926.8,85307.4,24.8,0,
2017-12-22 06:10:40,0,1,2,36.2,3900.0,10645.1,22944.7,85377.0,24.8,0,
2017-12-22 06:10:43,0,1,2,36.2,3900.1,10611.9,22944.7,85377.0,24.8,0,
2017-12-22 06:10:46,0,1,2,36.3,3900.2,10532.0,22962.3,85445.6,24.8,0,
2017-12-22 06:10:50,0,1,2,36.3,3900.0,10348.8,22962.3,85445.6,24.8,0,
2017-12-22 06:10:53,0,1,2,36.4,3900.2,10192.9,22979.3,85512.2,24.8,0,
2017-12-22 06:10:56,0,1,2,36.4,3900.0,10015.4,22979.3,85512.2,24.8,0,
2017-12-22 06:10:56,0,1,2,36.4,3900.2,10000.0,22979.3,85512.2,24.8,5,终止电流到
2017-12-22 06:10:59,0,1,2,36.5,3892.4,1.9,22979.3,85512.2,24.8,5,终止电流到
2017-12-22 06:11:02,0,1,2,36.5,3891.5,1.8,22979.3,85512.2,24.8,5,终止电流到
2017-12-22 06:11:07,0,2,3,0.0,3890.2,0,0.0,0.0,24.8,0,
2017-12-22 06:11:30,0,2,3,0.4,3887.7,23.3,0.0,0.0,24.8,0,
2017-12-22 06:11:33,0,2,3,0.4,3887.3,23.8,0.0,0.0,24.7,0,
2017-12-22 06:11:36,0,2,3,0.5,3887.2,23.7,0.0,0.0,24.7,0,
2017-12-22 06:11:39,0,2,3,0.5,3887.0,23.7,0.0,0.0,24.8,0,
2017-12-22 06:11:42,0,2,3,0.6,3886.7,23.6,0.0,0.0,24.8,0,
2017-12-22 06:11:45,0,2,3,0.6,3886.7,23.5,0.0,0.0,24.8,0,
2017-12-22 06:11:49,0,2,3,0.7,3886.5,23.6,0.0,0.0,24.8,0,
2017-12-22 06:11:52,0,2,3,0.7,3886.3,23.5,0.0,0.0,24.8,0,
2017-12-22 06:11:55,0,2,3,0.8,3886.3,23.4,0.0,0.0,24.8,0,
2017-12-22 06:11:58,0,2,3,0.8,3886.2,23.7,0.0,0.0,24.8,0,
2017-12-22 06:12:01,0,2,3,0.9,3886.0,23.4,0.0,0.0,24.8,0,
2017-12-22 06:12:04,0,2,3,0.9,3886.1,23.3,0.0,0.0,24.8,0,
2017-12-22 06:12:07,0,2,3,1.0,3885.9,23.3,0.0,0.0,24.7,0,
2017-12-22 06:12:08,0,2,3,1.0,3886.0,23.5,0.0,0.0,24.8,1,时间到
2017-12-22 06:12:12,0,3,4,0.0,3885.7,0,0.0,0.0,24.8,0,
2017-12-22 06:12:34,0,3,4,0.4,3837.6,-39999.5,266.7,1025.8,24.7,0,
2017-12-22 06:12:38,0,3,4,0.4,3835.4,-39999.3,266.7,1025.8,24.8,0,
2017-12-22 06:12:41,0,3,4,0.5,3833.1,-39999.6,333.3,1281.3,24.8,0,
2017-12-22 06:12:44,0,3,4,0.5,3831.0,-39999.5,333.3,1281.3,24.7,0,
2017-12-22 06:12:47,0,3,4,0.6,3829.0,-39999.7,400.0,1536.6,24.7,0,
2017-12-22 06:12:50,0,3,4,0.6,3827.2,-39999.7,400.0,1536.6,24.7,0,
2017-12-22 06:12:53,0,3,4,0.7,3825.3,-40000.0,466.7,1791.7,24.8,0,
2017-12-22 06:12:56,0,3,4,0.7,3823.7,-39999.4,466.7,1791.7,24.8,0,
2017-12-22 06:13:00,0,3,4,0.8,3821.9,-40000.6,533.3,2046.5,24.8,0,
2017-12-22 06:13:03,0,3,4,0.8,3820.4,-40000.2,533.3,2046.5,24.8,0,
2017-12-22 06:13:06,0,3,4,0.9,3818.8,-40000.5,600.0,2301.2,24.8,0,
2017-12-22 06:13:09,0,3,4,0.9,3817.3,-40000.2,600.0,2301.2,24.8,0,
2017-12-22 06:13:12,0,3,4,1.0,3815.8,-39999.3,666.6,2555.6,24.8,0,
2017-12-22 06:13:15,0,3,4,1.0,3814.5,-40000.3,666.6,2555.6,24.8,0,
2017-12-22 06:13:18,0,3,4,1.1,3813.0,-40000.3,733.3,2809.9,24.8,0,
2017-12-22 06:13:22,0,3,4,1.1,3811.6,-39999.3,733.3,2809.9,24.8,0,
2017-12-22 06:13:25,0,3,4,1.2,3810.2,-40000.0,800.0,3064.0,24.8,0,
2017-12-22 06:13:28,0,3,4,1.2,3808.9,-40000.8,800.0,3064.0,24.7,0,
2017-12-22 06:13:31,0,3,4,1.3,3807.4,-39999.7,866.6,3317.9,24.8,0,
2017-12-22 06:13:34,0,3,4,1.3,3806.1,-39999.7,866.6,3317.9,24.8,0,
2017-12-22 06:13:37,0,3,4,1.4,3804.8,-39999.7,933.3,3571.6,24.8,0,
2017-12-22 06:13:40,0,3,4,1.5,3803.4,-39999.7,1000.0,3825.2,24.8,0,
2017-12-22 06:13:44,0,3,4,1.5,3802.1,-39999.6,1000.0,3825.2,24.8,0,
2017-12-22 06:13:47,0,3,4,1.6,3800.9,-39999.7,1066.6,4078.6,24.8,0,
2017-12-22 06:13:50,0,3,4,1.6,3799.5,-39999.5,1066.6,4078.6,24.8,0,
2017-12-22 06:13:53,0,3,4,1.7,3798.2,-39999.2,1133.3,4331.8,24.8,0,
2017-12-22 06:13:56,0,3,4,1.7,3796.8,-39999.4,1133.3,4331.8,24.7,0,
2017-12-22 06:14:00,0,3,4,1.8,3795.6,-39999.6,1200.0,4584.9,24.7,0,
2017-12-22 06:14:03,0,3,4,1.8,3794.1,-39999.7,1200.0,4584.9,24.8,0,
2017-12-22 06:14:06,0,3,4,1.9,3792.9,-39999.5,1266.6,4837.8,24.8,0,
2017-12-22 06:14:09,0,3,4,1.9,3791.5,-39999.6,1266.6,4837.8,24.8,0,
2017-12-22 06:14:12,0,3,4,2.0,3790.3,-39999.5,1333.3,5090.5,24.8,0,
2017-12-22 06:14:15,0,3,4,2.0,3789.0,-39999.1,1333.3,5090.5,24.7,0,
2017-12-22 06:14:18,0,3,4,2.1,3787.7,-39999.3,1400.0,5343.1,24.8,0,
2017-12-22 06:14:22,0,3,4,2.1,3786.5,-39999.0,1400.0,5343.1,24.7,0,
2017-12-22 06:14:25,0,3,4,2.2,3785.2,-39999.2,1466.6,5595.5,24.7,0,
2017-12-22 06:14:28,0,3,4,2.2,3783.9,-39998.9,1466.6,5595.5,24.8,0,
2017-12-22 06:14:31,0,3,4,2.3,3782.7,-39999.0,1533.3,5847.7,24.8,0,
2017-12-22 06:14:34,0,3,4,2.3,3781.3,-39999.2,1533.3,5847.7,24.8,0,
2017-12-22 06:14:37,0,3,4,2.4,3780.0,-39999.2,1600.0,6099.8,24.8,0,
2017-12-22 06:14:40,0,3,4,2.5,3778.8,-39999.5,1666.6,6351.7,24.8,0,
2017-12-22 06:14:44,0,3,4,2.5,3777.5,-39999.2,1666.6,6351.7,24.8,0,
2017-12-22 06:14:47,0,3,4,2.6,3776.1,-39999.3,1733.3,6603.4,24.8,0,
2017-12-22 06:14:50,0,3,4,2.6,3774.9,-39999.6,1733.3,6603.4,24.8,0,
2017-12-22 06:14:53,0,3,4,2.7,3773.6,-39999.5,1800.0,6855.0,24.8,0,
2017-12-22 06:14:56,0,3,4,2.7,3772.4,-39999.3,1800.0,6855.0,24.8,0,
2017-12-22 06:14:59,0,3,4,2.8,3771.0,-39999.3,1866.6,7106.4,24.8,0,
2017-12-22 06:15:02,0,3,4,2.8,3769.8,-39999.0,1866.6,7106.4,24.8,0,
2017-12-22 06:15:06,0,3,4,2.9,3768.6,-39999.5,1933.3,7357.7,24.8,0,
2017-12-22 06:15:09,0,3,4,2.9,3767.3,-39999.2,1933.3,7357.7,24.8,0,
2017-12-22 06:15:12,0,3,4,3.0,3766.0,-39999.1,2000.0,7608.8,24.8,0,
2017-12-22 06:15:15,0,3,4,3.0,3764.8,-39999.3,2000.0,7608.8,24.8,0,
2017-12-22 06:15:18,0,3,4,3.1,3763.4,-39999.3,2066.6,7859.7,24.8,0,
2017-12-22 06:15:21,0,3,4,3.1,3762.1,-39999.3,2066.6,7859.7,24.8,0,
2017-12-22 06:15:24,0,3,4,3.2,3760.9,-39999.2,2133.3,8110.5,24.8,0,
2017-12-22 06:15:28,0,3,4,3.2,3759.7,-39999.2,2133.3,8110.5,24.8,0,
2017-12-22 06:15:31,0,3,4,3.3,3758.4,-39999.4,2199.9,8361.1,24.8,0,
2017-12-22 06:15:34,0,3,4,3.3,3757.2,-39998.9,2199.9,8361.1,24.8,0,
2017-12-22 06:15:37,0,3,4,3.4,3755.9,-39999.6,2266.6,8611.6,24.8,0,
2017-12-22 06:15:40,0,3,4,3.4,3754.7,-39998.8,2266.6,8611.6,24.8,0,
2017-12-22 06:15:43,0,3,4,3.5,3753.4,-39999.2,2333.3,8861.9,24.8,0,
2017-12-22 06:15:46,0,3,4,3.6,3752.3,-39999.0,2399.9,9112.0,24.8,0,
2017-12-22 06:15:49,0,3,4,3.6,3751.0,-39999.2,2399.9,9112.0,24.8,0,
2017-12-22 06:15:53,0,3,4,3.7,3749.9,-39999.2,2466.6,9362.0,24.8,0,
2017-12-22 06:15:56,0,3,4,3.7,3748.8,-39998.9,2466.6,9362.0,24.8,0,
2017-12-22 06:15:59,0,3,4,3.8,3747.6,-39998.6,2533.3,9611.8,24.8,0,
2017-12-22 06:16:02,0,3,4,3.8,3746.3,-39999.8,2533.3,9611.8,24.8,0,
2017-12-22 06:16:05,0,3,4,3.9,3745.2,-39999.5,2599.9,9861.5,24.8,0,
2017-12-22 06:16:08,0,3,4,3.9,3744.0,-39999.5,2599.9,9861.5,24.8,0,
2017-12-22 06:16:11,0,3,4,4.0,3742.9,-39999.7,2666.6,10111.1,24.8,0,
2017-12-22 06:16:15,0,3,4,4.0,3741.6,-39999.2,2666.6,10111.1,24.8,0,
2017-12-22 06:16:18,0,3,4,4.1,3740.5,-39998.7,2733.3,10360.5,24.8,0,
2017-12-22 06:16:21,0,3,4,4.1,3739.4,-39999.3,2733.3,10360.5,24.7,0,
2017-12-22 06:16:24,0,3,4,4.2,3738.3,-39999.3,2799.9,10609.7,24.8,0,
2017-12-22 06:16:27,0,3,4,4.2,3737.2,-39999.3,2799.9,10609.7,24.8,0,
2017-12-22 06:16:30,0,3,4,4.3,3736.0,-39999.2,2866.6,10858.8,24.8,0,
2017-12-22 06:16:33,0,3,4,4.3,3734.9,-39999.2,2866.6,10858.8,24.8,0,
2017-12-22 06:16:37,0,3,4,4.4,3733.8,-39999.1,2933.2,11107.8,24.8,0,
2017-12-22 06:16:40,0,3,4,4.4,3732.6,-39998.5,2933.2,11107.8,24.8,0,
2017-12-22 06:16:43,0,3,4,4.5,3731.6,-39999.2,2999.9,11356.6,24.8,0,
2017-12-22 06:16:46,0,3,4,4.5,3730.6,-39998.8,2999.9,11356.6,24.8,0,
2017-12-22 06:16:49,0,3,4,4.6,3729.6,-39998.8,3066.6,11605.3,24.8,0,
2017-12-22 06:16:52,0,3,4,4.6,3728.5,-39999.0,3066.6,11605.3,24.8,0,
2017-12-22 06:16:55,0,3,4,4.7,3727.3,-39999.2,3133.2,11853.8,24.8,0,
2017-12-22 06:16:58,0,3,4,4.8,3726.3,-39998.8,3199.9,12102.2,24.8,0,
2017-12-22 06:17:02,0,3,4,4.8,3725.2,-39998.8,3199.9,12102.2,24.8,0,
2017-12-22 06:17:05,0,3,4,4.9,3724.2,-39998.9,3266.6,12350.5,24.8,0,
2017-12-22 06:17:08,0,3,4,4.9,3723.3,-39998.9,3266.6,12350.5,24.8,0,
2017-12-22 06:17:11,0,3,4,5.0,3722.2,-39998.8,3333.2,12598.6,24.7,0,
2017-12-22 06:17:14,0,3,4,5.0,3721.3,-39999.2,3333.2,12598.6,24.7,0,
2017-12-22 06:17:17,0,3,4,5.1,3720.2,-39999.2,3399.9,12846.7,24.8,0,
2017-12-22 06:17:20,0,3,4,5.1,3719.3,-39999.1,3399.9,12846.7,24.7,0,
2017-12-22 06:17:24,0,3,4,5.2,3718.3,-39998.8,3466.5,13094.5,24.7,0,
2017-12-22 06:17:27,0,3,4,5.2,3717.2,-39998.7,3466.5,13094.5,24.7,0,
2017-12-22 06:17:30,0,3,4,5.3,3716.3,-39999.3,3533.2,13342.3,24.7,0,
2017-12-22 06:17:33,0,3,4,5.3,3715.2,-39999.1,3533.2,13342.3,24.7,0,
2017-12-22 06:17:36,0,3,4,5.4,3714.3,-39999.1,3599.9,13590.0,24.7,0,
2017-12-22 06:17:39,0,3,4,5.4,3713.5,-39999.1,3599.9,13590.0,24.7,0,
2017-12-22 06:17:42,0,3,4,5.5,3712.4,-39999.7,3666.5,13837.5,24.7,0,
2017-12-22 06:17:46,0,3,4,5.5,3711.6,-39999.2,3666.5,13837.5,24.7,0,
2017-12-22 06:17:49,0,3,4,5.6,3710.6,-39999.2,3733.2,14084.9,24.7,0,
2017-12-22 06:17:52,0,3,4,5.6,3709.6,-39999.2,3733.2,14084.9,24.7,0,
2017-12-22 06:17:55,0,3,4,5.7,3708.7,-39999.4,3799.9,14332.2,24.7,0,
2017-12-22 06:17:58,0,3,4,5.7,3707.8,-39999.4,3799.9,14332.2,24.7,0,
2017-12-22 06:18:01,0,3,4,5.8,3706.8,-39999.5,3866.5,14579.4,24.7,0,
2017-12-22 06:18:04,0,3,4,5.9,3706.0,-39998.8,3933.2,14826.4,24.7,0,
2017-12-22 06:18:07,0,3,4,5.9,3705.1,-39999.2,3933.2,14826.4,24.6,0,
2017-12-22 06:18:11,0,3,4,6.0,3704.3,-39999.2,3999.9,15073.4,24.7,0,
2017-12-22 06:18:14,0,3,4,6.0,3703.4,-39999.5,3999.9,15073.4,24.7,0,
2017-12-22 06:18:17,0,3,4,6.1,3702.5,-39999.0,4066.5,15320.2,24.7,0,
2017-12-22 06:18:20,0,3,4,6.1,3701.7,-39999.3,4066.5,15320.2,24.6,0,
2017-12-22 06:18:23,0,3,4,6.2,3700.7,-39998.9,4133.2,15566.9,24.7,0,
2017-12-22 06:18:26,0,3,4,6.2,3699.9,-39999.4,4133.2,15566.9,24.6,0,
2017-12-22 06:18:29,0,3,4,6.3,3699.0,-39999.8,4199.8,15813.5,24.7,0,
2017-12-22 06:18:33,0,3,4,6.3,3698.2,-39999.5,4199.8,15813.5,24.7,0,
2017-12-22 06:18:36,0,3,4,6.4,3697.3,-39999.3,4266.5,16060.0,24.7,0,
2017-12-22 06:18:39,0,3,4,6.4,3696.6,-39999.2,4266.5,16060.0,24.6,0,
2017-12-22 06:18:42,0,3,4,6.5,3695.8,-39999.2,4333.2,16306.4,24.7,0,
2017-12-22 06:18:45,0,3,4,6.5,3694.9,-39999.3,4333.2,16306.4,24.7,0,
2017-12-22 06:18:48,0,3,4,6.6,3694.1,-39999.2,4399.8,16552.7,24.6,0,
2017-12-22 06:18:51,0,3,4,6.6,3693.2,-39999.3,4399.8,16552.7,24.6,0,
2017-12-22 06:18:54,0,3,4,6.7,3692.4,-39999.0,4466.5,16798.9,24.6,0,
2017-12-22 06:18:58,0,3,4,6.7,3691.6,-39999.2,4466.5,16798.9,24.6,0,
2017-12-22 06:19:01,0,3,4,6.8,3690.8,-39999.2,4533.2,17045.0,24.6,0,
2017-12-22 06:19:04,0,3,4,6.8,3690.0,-39999.4,4533.2,17045.0,24.6,0,
2017-12-22 06:19:07,0,3,4,6.9,3689.1,-39999.3,4599.8,17291.0,24.6,0,
2017-12-22 06:19:10,0,3,4,7.0,3688.5,-39999.3,4666.5,17536.9,24.6,0,
2017-12-22 06:19:13,0,3,4,7.0,3687.6,-39999.3,4666.5,17536.9,24.6,0,
2017-12-22 06:19:17,0,3,4,7.1,3686.9,-39999.6,4733.2,17782.6,24.6,0,
2017-12-22 06:19:20,0,3,4,7.1,3686.0,-39998.8,4733.2,17782.6,24.6,0,
2017-12-22 06:19:23,0,3,4,7.2,3685.4,-39999.7,4799.8,18028.3,24.6,0,
2017-12-22 06:19:26,0,3,4,7.2,3684.5,-39999.2,4799.8,18028.3,24.6,0,
2017-12-22 06:19:29,0,3,4,7.3,3683.8,-39999.3,4866.5,18273.9,24.6,0,
2017-12-22 06:19:32,0,3,4,7.3,3682.9,-39999.2,4866.5,18273.9,24.7,0,
2017-12-22 06:19:35,0,3,4,7.4,3682.2,-39999.4,4933.1,18519.4,24.7,0,
2017-12-22 06:19:38,0,3,4,7.4,3681.5,-39999.4,4933.1,18519.4,24.6,0,
2017-12-22 06:19:41,0,3,4,7.5,3680.8,-39998.8,4999.8,18764.8,24.6,0,
2017-12-22 06:19:45,0,3,4,7.5,3680.1,-39999.3,4999.8,18764.8,24.7,0,
2017-12-22 06:19:48,0,3,4,7.6,3679.2,-39999.2,5066.5,19010.1,24.7,0,
2017-12-22 06:19:51,0,3,4,7.6,3678.5,-39999.0,5066.5,19010.1,24.7,0,
2017-12-22 06:19:54,0,3,4,7.7,3677.7,-39999.5,5133.1,19255.3,24.7,0,
2017-12-22 06:19:57,0,3,4,7.7,3677.0,-39999.1,5133.1,19255.3,24.7,0,
2017-12-22 06:20:00,0,3,4,7.8,3676.3,-39999.7,5199.8,19500.4,24.7,0,
2017-12-22 06:20:03,0,3,4,7.8,3675.6,-39999.1,5199.8,19500.4,24.7,0,
2017-12-22 06:20:07,0,3,4,7.9,3674.8,-39999.6,5266.5,19745.4,24.7,0,
2017-12-22 06:20:10,0,3,4,7.9,3674.1,-39999.0,5266.5,19745.4,24.7,0,
2017-12-22 06:20:13,0,3,4,8.0,3673.4,-39999.2,5333.1,19990.3,24.7,0,
2017-12-22 06:20:16,0,3,4,8.1,3672.7,-39999.2,5399.8,20235.2,24.7,0,
2017-12-22 06:20:19,0,3,4,8.1,3671.9,-39999.2,5399.8,20235.2,24.7,0,
2017-12-22 06:20:23,0,3,4,8.2,3671.2,-39999.4,5466.5,20479.9,24.8,0,
2017-12-22 06:20:26,0,3,4,8.2,3670.5,-39999.0,5466.5,20479.9,24.7,0,
2017-12-22 06:20:29,0,3,4,8.3,3669.8,-39999.3,5533.1,20724.6,24.7,0,
2017-12-22 06:20:32,0,3,4,8.3,3669.0,-39999.5,5533.1,20724.6,24.7,0,
2017-12-22 06:20:35,0,3,4,8.4,3668.4,-39998.9,5599.8,20969.1,24.7,0,
2017-12-22 06:20:38,0,3,4,8.4,3667.7,-39999.3,5599.8,20969.1,24.7,0,
2017-12-22 06:20:41,0,3,4,8.5,3667.0,-39999.2,5666.5,21213.6,24.7,0,
2017-12-22 06:20:45,0,3,4,8.5,3666.2,-39999.3,5666.5,21213.6,24.7,0,
2017-12-22 06:20:48,0,3,4,8.6,3665.6,-39999.1,5733.1,21458.0,24.7,0,
2017-12-22 06:20:51,0,3,4,8.6,3664.9,-39999.5,5733.1,21458.0,24.7,0,
2017-12-22 06:20:54,0,3,4,8.7,3664.3,-39999.3,5799.8,21702.3,24.6,0,
2017-12-22 06:20:57,0,3,4,8.7,3663.5,-39999.3,5799.8,21702.3,24.7,0,
2017-12-22 06:21:00,0,3,4,8.8,3662.9,-39999.6,5866.4,21946.5,24.7,0,
2017-12-22 06:21:03,0,3,4,8.8,3662.2,-40000.0,5866.4,21946.5,24.7,0,
2017-12-22 06:21:06,0,3,4,8.9,3661.6,-39999.3,5933.1,22190.7,24.7,0,
2017-12-22 06:21:10,0,3,4,8.9,3660.9,-39999.6,5933.1,22190.7,24.7,0,
2017-12-22 06:21:13,0,3,4,9.0,3660.3,-39999.8,5999.8,22434.7,24.7,0,
2017-12-22 06:21:16,0,3,4,9.0,3659.6,-39999.7,5999.8,22434.7,24.7,0,
2017-12-22 06:21:19,0,3,4,9.1,3659.0,-39999.7,6066.4,22678.7,24.7,0,
2017-12-22 06:21:22,0,3,4,9.1,3658.4,-39999.4,6066.4,22678.7,24.7,0,
2017-12-22 06:21:25,0,3,4,9.2,3657.7,-39999.7,6133.1,22922.5,24.7,0,
2017-12-22 06:21:28,0,3,4,9.3,3657.0,-39999.8,6199.8,23166.3,24.7,0,
2017-12-22 06:21:32,0,3,4,9.3,3656.2,-39999.3,6199.8,23166.3,24.7,0,
2017-12-22 06:21:35,0,3,4,9.4,3655.7,-39999.7,6266.4,23410.0,24.7,0,
2017-12-22 06:21:38,0,3,4,9.4,3655.0,-39999.2,6266.4,23410.0,24.7,0,
2017-12-22 06:21:41,0,3,4,9.5,3654.4,-39999.7,6333.1,23653.7,24.7,0,
2017-12-22 06:21:44,0,3,4,9.5,3653.7,-39999.5,6333.1,23653.7,24.7,0,
2017-12-22 06:21:47,0,3,4,9.6,3653.2,-39999.7,6399.8,23897.2,24.7,0,
2017-12-22 06:21:51,0,3,4,9.6,3652.5,-40000.0,6399.8,23897.2,24.7,0,
2017-12-22 06:21:54,0,3,4,9.7,3651.9,-39999.8,6466.4,24140.7,24.6,0,
2017-12-22 06:21:57,0,3,4,9.7,3651.4,-39999.7,6466.4,24140.7,24.7,0,
2017-12-22 06:22:00,0,3,4,9.8,3650.7,-39999.7,6533.1,24384.1,24.7,0,
2017-12-22 06:22:03,0,3,4,9.8,3650.1,-39999.7,6533.1,24384.1,24.7,0,
2017-12-22 06:22:06,0,3,4,9.9,3649.4,-39999.7,6599.8,24627.4,24.7,0,
2017-12-22 06:22:09,0,3,4,9.9,3648.7,-39999.5,6599.8,24627.4,24.7,0,
2017-12-22 06:22:13,0,3,4,10.0,3648.2,-39999.5,6666.4,24870.6,24.7,0,
2017-12-22 06:22:16,0,3,4,10.0,3647.5,-40000.0,6666.4,24870.6,24.7,0,
2017-12-22 06:22:19,0,3,4,10.1,3647.0,-39999.7,6733.1,25113.8,24.7,0,
2017-12-22 06:22:22,0,3,4,10.1,3646.3,-39999.7,6733.1,25113.8,24.7,0,
2017-12-22 06:22:25,0,3,4,10.2,3645.8,-39999.3,6799.8,25356.9,24.7,0,
2017-12-22 06:22:28,0,3,4,10.2,3645.1,-39999.7,6799.8,25356.9,24.7,0,
2017-12-22 06:22:31,0,3,4,10.3,3644.6,-39999.7,6866.4,25599.9,24.7,0,
2017-12-22 06:22:34,0,3,4,10.4,3644.0,-39999.5,6933.1,25842.8,24.7,0,
2017-12-22 06:22:38,0,3,4,10.4,3643.4,-39999.7,6933.1,25842.8,24.7,0,
2017-12-22 06:22:41,0,3,4,10.5,3642.8,-39999.3,6999.8,26085.7,24.8,0,
2017-12-22 06:22:44,0,3,4,10.5,3642.2,-40000.0,6999.8,26085.7,24.8,0,
2017-12-22 06:22:47,0,3,4,10.6,3641.7,-39999.7,7066.4,26328.5,24.7,0,
2017-12-22 06:22:50,0,3,4,10.6,3641.1,-39999.7,7066.4,26328.5,24.7,0,
2017-12-22 06:22:53,0,3,4,10.7,3640.4,-39999.8,7133.1,26571.2,24.8,0,
2017-12-22 06:22:56,0,3,4,10.7,3639.9,-40000.2,7133.1,26571.2,24.7,0,
2017-12-22 06:23:00,0,3,4,10.8,3639.4,-40000.3,7199.8,26813.8,24.8,0,
2017-12-22 06:23:03,0,3,4,10.8,3638.7,-40000.0,7199.8,26813.8,24.8,0,
2017-12-22 06:23:06,0,3,4,10.9,3638.2,-39999.8,7266.4,27056.4,24.8,0,
2017-12-22 06:23:09,0,3,4,10.9,3637.6,-40000.2,7266.4,27056.4,24.8,0,
2017-12-22 06:23:12,0,3,4,11.0,3637.1,-40000.0,7333.1,27298.9,24.8,0,
2017-12-22 06:23:15,0,3,4,11.0,3636.5,-40000.0,7333.1,27298.9,24.8,0,
2017-12-22 06:23:18,0,3,4,11.1,3635.9,-39999.9,7399.8,27541.3,24.8,0,
2017-12-22 06:23:21,0,3,4,11.1,3635.3,-40000.0,7399.8,27541.3,24.8,0,
2017-12-22 06:23:25,0,3,4,11.2,3634.8,-39999.9,7466.4,27783.6,24.8,0,
2017-12-22 06:23:28,0,3,4,11.2,3634.2,-39999.7,7466.4,27783.6,24.7,0,
2017-12-22 06:23:31,0,3,4,11.3,3633.6,-39999.8,7533.1,28025.9,24.8,0,
2017-12-22 06:23:34,0,3,4,11.3,3633.1,-39999.7,7533.1,28025.9,24.8,0,
2017-12-22 06:23:37,0,3,4,11.4,3632.6,-39999.8,7599.8,28268.1,24.7,0,
2017-12-22 06:23:40,0,3,4,11.4,3632.0,-40000.0,7599.8,28268.1,24.8,0,
2017-12-22 06:23:43,0,3,4,11.5,3631.5,-39999.9,7666.4,28510.2,24.8,0,
2017-12-22 06:23:46,0,3,4,11.6,3630.9,-39999.8,7733.1,28752.3,24.7,0,
2017-12-22 06:23:49,0,3,4,11.6,3630.3,-40000.0,7733.1,28752.3,24.7,0,
2017-12-22 06:23:53,0,3,4,11.7,3629.7,-40000.0,7799.8,28994.3,24.8,0,
2017-12-22 06:23:56,0,3,4,11.7,3629.2,-39999.7,7799.8,28994.3,24.8,0,
2017-12-22 06:23:59,0,3,4,11.8,3628.6,-39999.8,7866.4,29236.2,24.8,0,
2017-12-22 06:24:02,0,3,4,11.8,3628.2,-39999.7,7866.4,29236.2,24.8,0,
2017-12-22 06:24:05,0,3,4,11.9,3627.6,-39999.8,7933.1,29478.0,24.8,0,
2017-12-22 06:24:08,0,3,4,11.9,3626.9,-40000.0,7933.1,29478.0,24.7,0,
2017-12-22 06:24:11,0,3,4,12.0,3626.3,-39999.8,7999.8,29719.8,24.8,0,
2017-12-22 06:24:15,0,3,4,12.0,3626.0,-40000.0,7999.8,29719.8,24.7,0,
2017-12-22 06:24:18,0,3,4,12.1,3625.2,-39999.5,8066.4,29961.5,24.8,0,
2017-12-22 06:24:21,0,3,4,12.1,3624.9,-39999.7,8066.4,29961.5,24.8,0,
2017-12-22 06:24:24,0,3,4,12.2,3624.3,-39999.6,8133.1,30203.1,24.8,0,
2017-12-22 06:24:27,0,3,4,12.2,3623.8,-39999.5,8133.1,30203.1,24.7,0,
2017-12-22 06:24:30,0,3,4,12.3,3623.2,-39999.4,8199.8,30444.7,24.7,0,
2017-12-22 06:24:33,0,3,4,12.3,3622.7,-39999.7,8199.8,30444.7,24.8,0,
2017-12-22 06:24:37,0,3,4,12.4,3622.1,-39999.7,8266.4,30686.2,24.8,0,
2017-12-22 06:24:40,0,3,4,12.4,3621.7,-39999.7,8266.4,30686.2,24.7,0,
2017-12-22 06:24:43,0,3,4,12.5,3621.2,-39999.7,8333.1,30927.6,24.8,0,
2017-12-22 06:24:46,0,3,4,12.5,3620.5,-39999.7,8333.1,30927.6,24.8,0,
2017-12-22 06:24:49,0,3,4,12.6,3619.9,-39999.6,8399.7,31169.0,24.7,0,
2017-12-22 06:24:52,0,3,4,12.7,3619.4,-39999.4,8466.4,31410.3,24.7,0,
2017-12-22 06:24:56,0,3,4,12.7,3618.9,-40000.0,8466.4,31410.3,24.7,0,
2017-12-22 06:24:59,0,3,4,12.8,3618.5,-39999.5,8533.1,31651.5,24.7,0,
2017-12-22 06:25:02,0,3,4,12.8,3617.9,-39999.6,8533.1,31651.5,24.7,0,
2017-12-22 06:25:05,0,3,4,12.9,3617.4,-39999.7,8599.7,31892.7,24.8,0,
2017-12-22 06:25:08,0,3,4,12.9,3616.8,-39999.6,8599.7,31892.7,24.8,0,
2017-12-22 06:25:11,0,3,4,13.0,3616.4,-40000.0,8666.4,32133.8,24.8,0,
2017-12-22 06:25:14,0,3,4,13.0,3615.8,-40000.1,8666.4,32133.8,24.7,0,
2017-12-22 06:25:18,0,3,4,13.1,3615.4,-40000.0,8733.1,32374.8,24.7,0,
2017-12-22 06:25:21,0,3,4,13.1,3614.8,-39999.5,8733.1,32374.8,24.8,0,
2017-12-22 06:25:24,0,3,4,13.2,3614.3,-39999.8,8799.7,32615.8,24.7,0,
2017-12-22 06:25:27,0,3,4,13.2,3613.7,-39999.7,8799.7,32615.8,24.8,0,
2017-12-22 06:25:30,0,3,4,13.3,3613.3,-39999.7,8866.4,32856.7,24.7,0,
2017-12-22 06:25:34,0,3,4,13.3,3612.6,-39999.8,8866.4,32856.7,24.8,0,
2017-12-22 06:25:37,0,3,4,13.4,3612.2,-39999.5,8933.1,33097.5,24.8,0,
2017-12-22 06:25:40,0,3,4,13.4,3611.6,-40000.2,8933.1,33097.5,24.8,0,
2017-12-22 06:25:43,0,3,4,13.5,3611.2,-39999.8,8999.7,33338.3,24.8,0,
2017-12-22 06:25:46,0,3,4,13.5,3610.6,-40000.0,8999.7,33338.3,24.8,0,
2017-12-22 06:25:49,0,3,4,13.6,3610.1,-40000.2,9066.4,33579.0,24.8,0,
2017-12-22 06:25:52,0,3,4,13.7,3609.6,-39999.7,9133.1,33819.7,24.7,0,
2017-12-22 06:25:56,0,3,4,13.7,3609.1,-39999.7,9133.1,33819.7,24.8,0,
2017-12-22 06:25:59,0,3,4,13.8,3608.6,-40000.0,9199.7,34060.2,24.8,0,
2017-12-22 06:26:02,0,3,4,13.8,3608.1,-39999.8,9199.7,34060.2,24.8,0,
2017-12-22 06:26:05,0,3,4,13.9,3607.7,-40000.0,9266.4,34300.7,24.8,0,
2017-12-22 06:26:08,0,3,4,13.9,3607.1,-39999.6,9266.4,34300.7,24.8,0,
2017-12-22 06:26:11,0,3,4,14.0,3606.7,-40000.0,9333.1,34541.2,24.8,0,
2017-12-22 06:26:14,0,3,4,14.0,3606.2,-39999.8,9333.1,34541.2,24.8,0,
2017-12-22 06:26:18,0,3,4,14.1,3605.6,-39999.7,9399.7,34781.6,24.8,0,
2017-12-22 06:26:21,0,3,4,14.1,3605.1,-39999.7,9399.7,34781.6,24.8,0,
2017-12-22 06:26:24,0,3,4,14.2,3604.6,-39999.7,9466.4,35021.9,24.8,0,
2017-12-22 06:26:27,0,3,4,14.2,3604.1,-40000.1,9466.4,35021.9,24.8,0,
2017-12-22 06:26:30,0,3,4,14.3,3603.6,-40000.2,9533.1,35262.2,24.8,0,
2017-12-22 06:26:33,0,3,4,14.3,3603.2,-39999.8,9533.1,35262.2,24.8,0,
2017-12-22 06:26:36,0,3,4,14.4,3602.6,-40000.0,9599.7,35502.4,24.8,0,
2017-12-22 06:26:40,0,3,4,14.4,3602.2,-39999.8,9599.7,35502.4,24.8,0,
2017-12-22 06:26:43,0,3,4,14.5,3601.6,-40000.3,9666.4,35742.5,24.8,0,
2017-12-22 06:26:46,0,3,4,14.5,3601.1,-40000.2,9666.4,35742.5,24.8,0,
2017-12-22 06:26:49,0,3,4,14.6,3600.6,-40000.2,9733.1,35982.6,24.8,0,
2017-12-22 06:26:52,0,3,4,14.6,3600.2,-40000.3,9733.1,35982.6,24.8,0,
2017-12-22 06:26:55,0,3,4,14.7,3599.7,-40000.0,9799.7,36222.6,24.8,0,
2017-12-22 06:26:58,0,3,4,14.8,3599.3,-40000.3,9866.4,36462.5,24.9,0,
2017-12-22 06:27:01,0,3,4,14.8,3598.8,-40000.3,9866.4,36462.5,24.9,0,
2017-12-22 06:27:04,0,3,4,14.9,3598.2,-40000.2,9933.1,36702.4,24.9,0,
2017-12-22 06:27:08,0,3,4,14.9,3597.8,-40000.2,9933.1,36702.4,24.9,0,
2017-12-22 06:27:11,0,3,4,15.0,3597.2,-40000.0,9999.7,36942.2,24.9,0,
2017-12-22 06:27:14,0,3,4,15.0,3596.9,-39999.8,9999.7,36942.2,24.9,0,
2017-12-22 06:27:17,0,3,4,15.1,3596.4,-40000.0,10066.4,37182.0,24.9,0,
2017-12-22 06:27:20,0,3,4,15.1,3595.8,-40000.3,10066.4,37182.0,24.9,0,
2017-12-22 06:27:23,0,3,4,15.2,3595.3,-40000.5,10133.1,37421.7,24.9,0,
2017-12-22 06:27:26,0,3,4,15.2,3594.9,-40000.0,10133.1,37421.7,24.9,0,
2017-12-22 06:27:30,0,3,4,15.3,3594.4,-40000.3,10199.7,37661.4,24.9,0,
2017-12-22 06:27:33,0,3,4,15.3,3593.8,-40000.1,10199.7,37661.4,24.9,0,
2017-12-22 06:27:36,0,3,4,15.4,3593.4,-39999.9,10266.4,37900.9,24.8,0,
2017-12-22 06:27:39,0,3,4,15.4,3593.0,-40000.0,10266.4,37900.9,24.9,0,
2017-12-22 06:27:42,0,3,4,15.5,3592.5,-40000.2,10333.1,38140.4,24.8,0,
2017-12-22 06:27:45,0,3,4,15.5,3591.9,-39999.9,10333.1,38140.4,24.8,0,
2017-12-22 06:27:48,0,3,4,15.6,3591.5,-39999.8,10399.7,38379.9,24.8,0,
2017-12-22 06:27:51,0,3,4,15.6,3591.0,-40000.2,10399.7,38379.9,24.8,0,
2017-12-22 06:27:54,0,3,4,15.7,3590.6,-39999.6,10466.4,38619.3,24.8,0,
2017-12-22 06:27:58,0,3,4,15.7,3590.0,-40000.1,10466.4,38619.3,24.9,0,
2017-12-22 06:28:01,0,3,4,15.8,3589.6,-39999.5,10533.1,38858.6,24.8,0,
2017-12-22 06:28:04,0,3,4,15.8,3589.1,-40000.0,10533.1,38858.6,24.8,0,
2017-12-22 06:28:07,0,3,4,15.9,3588.6,-39999.8,10599.7,39097.9,24.8,0,
2017-12-22 06:28:10,0,3,4,16.0,3588.1,-39999.9,10666.4,39337.1,24.8,0,
2017-12-22 06:28:13,0,3,4,16.0,3587.7,-40000.0,10666.4,39337.1,24.8,0,
2017-12-22 06:28:17,0,3,4,16.1,3587.2,-40000.0,10733.1,39576.2,24.8,0,
2017-12-22 06:28:20,0,3,4,16.1,3586.6,-40000.0,10733.1,39576.2,24.8,0,
2017-12-22 06:28:23,0,3,4,16.2,3586.3,-39999.8,10799.7,39815.3,24.8,0,
2017-12-22 06:28:26,0,3,4,16.2,3585.7,-40000.2,10799.7,39815.3,24.9,0,
2017-12-22 06:28:29,0,3,4,16.3,3585.2,-39999.9,10866.4,40054.3,24.9,0,
2017-12-22 06:28:32,0,3,4,16.3,3584.8,-40000.0,10866.4,40054.3,24.9,0,
2017-12-22 06:28:35,0,3,4,16.4,3584.3,-39999.9,10933.1,40293.3,24.9,0,
2017-12-22 06:28:38,0,3,4,16.4,3583.8,-39999.6,10933.1,40293.3,24.9,0,
2017-12-22 06:28:42,0,3,4,16.5,3583.3,-40000.0,10999.7,40532.2,24.9,0,
2017-12-22 06:28:45,0,3,4,16.5,3582.8,-40000.0,10999.7,40532.2,24.9,0,
2017-12-22 06:28:48,0,3,4,16.6,3582.4,-40000.0,11066.4,40771.0,24.9,0,
2017-12-22 06:28:51,0,3,4,16.6,3581.8,-40000.2,11066.4,40771.0,24.9,0,
2017-12-22 06:28:54,0,3,4,16.7,3581.5,-40000.4,11133.1,41009.8,24.9,0,
2017-12-22 06:28:57,0,3,4,16.7,3580.9,-40000.4,11133.1,41009.8,24.9,0,
2017-12-22 06:29:00,0,3,4,16.8,3580.4,-40000.0,11199.7,41248.6,24.9,0,
2017-12-22 06:29:04,0,3,4,16.8,3580.0,-39999.7,11199.7,41248.6,24.9,0,
2017-12-22 06:29:07,0,3,4,16.9,3579.6,-39999.8,11266.4,41487.2,24.9,0,
2017-12-22 06:29:10,0,3,4,16.9,3578.9,-40000.1,11266.4,41487.2,24.9,0,
2017-12-22 06:29:13,0,3,4,17.0,3578.6,-39999.6,11333.1,41725.8,24.9,0,
2017-12-22 06:29:16,0,3,4,17.1,3578.1,-40000.0,11399.7,41964.3,24.9,0,
2017-12-22 06:29:20,0,3,4,17.1,3577.6,-39999.6,11399.7,41964.3,24.9,0,
2017-12-22 06:29:23,0,3,4,17.2,3577.1,-39999.7,11466.4,42202.8,24.9,0,
2017-12-22 06:29:26,0,3,4,17.2,3576.7,-40000.1,11466.4,42202.8,24.9,0,
2017-12-22 06:29:29,0,3,4,17.3,3576.1,-39999.5,11533.1,42441.2,24.9,0,
2017-12-22 06:29:32,0,3,4,17.3,3575.6,-40000.0,11533.1,42441.2,24.9,0,
2017-12-22 06:29:35,0,3,4,17.4,3575.3,-40000.0,11599.7,42679.6,24.9,0,
2017-12-22 06:29:38,0,3,4,17.4,3574.7,-39999.7,11599.7,42679.6,24.9,0,
2017-12-22 06:29:41,0,3,4,17.5,3574.3,-40000.1,11666.4,42917.9,24.8,0,
2017-12-22 06:29:44,0,3,4,17.5,3573.9,-40000.0,11666.4,42917.9,24.9,0,
2017-12-22 06:29:47,0,3,4,17.6,3573.3,-40000.3,11733.1,43156.1,24.9,0,
2017-12-22 06:29:51,0,3,4,17.6,3572.9,-40000.0,11733.1,43156.1,24.9,0,
2017-12-22 06:29:54,0,3,4,17.7,3572.5,-40000.1,11799.7,43394.3,25.0,0,
2017-12-22 06:29:57,0,3,4,17.7,3572.0,-39999.7,11799.7,43394.3,24.9,0,
2017-12-22 06:30:00,0,3,4,17.8,3571.5,-40000.1,11866.4,43632.4,24.9,0,
2017-12-22 06:30:03,0,3,4,17.8,3571.0,-39999.8,11866.4,43632.4,24.9,0,
2017-12-22 06:30:06,0,3,4,17.9,3570.6,-39999.7,11933.1,43870.5,24.9,0,
2017-12-22 06:30:09,0,3,4,17.9,3570.0,-39999.7,11933.1,43870.5,24.9,0,
2017-12-22 06:30:12,0,3,4,18.0,3569.6,-40000.2,11999.7,44108.4,24.9,0,
2017-12-22 06:30:16,0,3,4,18.0,3569.1,-39999.7,11999.7,44108.4,25.0,0,
2017-12-22 06:30:19,0,3,4,18.1,3568.5,-39999.8,12066.4,44346.4,24.9,0,
2017-12-22 06:30:22,0,3,4,18.1,3568.1,-39999.9,12066.4,44346.4,24.9,0,
2017-12-22 06:30:25,0,3,4,18.2,3567.7,-40000.0,12133.1,44584.2,25.0,0,
2017-12-22 06:30:28,0,3,4,18.2,3567.1,-40000.0,12133.1,44584.2,25.0,0,
2017-12-22 06:30:31,0,3,4,18.3,3566.6,-40000.1,12199.7,44822.0,25.0,0,
2017-12-22 06:30:34,0,3,4,18.4,3566.2,-39999.5,12266.4,45059.8,25.0,0,
2017-12-22 06:30:38,0,3,4,18.4,3565.7,-39999.8,12266.4,45059.8,25.0,0,
2017-12-22 06:30:41,0,3,4,18.5,3565.2,-39999.9,12333.1,45297.5,25.0,0,
2017-12-22 06:30:44,0,3,4,18.5,3564.6,-39999.8,12333.1,45297.5,25.0,0,
2017-12-22 06:30:47,0,3,4,18.6,3564.3,-39999.8,12399.7,45535.1,25.0,0,
2017-12-22 06:30:50,0,3,4,18.6,3563.8,-39999.9,12399.7,45535.1,25.0,0,
2017-12-22 06:30:53,0,3,4,18.7,3563.3,-40000.0,12466.4,45772.7,25.0,0,
2017-12-22 06:30:56,0,3,4,18.7,3562.9,-40000.2,12466.4,45772.7,25.0,0,
2017-12-22 06:31:00,0,3,4,18.8,3562.3,-39999.8,12533.1,46010.2,25.0,0,
2017-12-22 06:31:03,0,3,4,18.8,3561.9,-40000.0,12533.1,46010.2,25.0,0,
2017-12-22 06:31:06,0,3,4,18.9,3561.4,-39999.6,12599.7,46247.6,25.0,0,
2017-12-22 06:31:09,0,3,4,18.9,3560.9,-39999.8,12599.7,46247.6,25.0,0,
2017-12-22 06:31:12,0,3,4,19.0,3560.5,-40000.0,12666.4,46485.0,25.0,0,
2017-12-22 06:31:15,0,3,4,19.0,3560.0,-39999.7,12666.4,46485.0,25.0,0,
2017-12-22 06:31:18,0,3,4,19.1,3559.4,-39999.8,12733.1,46722.3,24.9,0,
2017-12-22 06:31:21,0,3,4,19.1,3559.0,-39999.5,12733.1,46722.3,24.9,0,
2017-12-22 06:31:25,0,3,4,19.2,3558.5,-40000.0,12799.7,46959.6,24.9,0,
2017-12-22 06:31:28,0,3,4,19.2,3558.1,-39999.8,12799.7,46959.6,24.9,0,
2017-12-22 06:31:31,0,3,4,19.3,3557.5,-39999.6,12866.4,47196.7,24.9,0,
2017-12-22 06:31:34,0,3,4,19.4,3557.0,-39999.7,12933.1,47433.9,24.9,0,
2017-12-22 06:31:37,0,3,4,19.4,3556.6,-39999.4,12933.1,47433.9,24.9,0,
2017-12-22 06:31:41,0,3,4,19.5,3556.1,-39999.7,12999.7,47671.0,24.9,0,
2017-12-22 06:31:44,0,3,4,19.5,3555.6,-39999.7,12999.7,47671.0,24.9,0,
2017-12-22 06:31:47,0,3,4,19.6,3555.1,-40000.1,13066.4,47908.0,24.9,0,
2017-12-22 06:31:50,0,3,4,19.6,3554.7,-40000.0,13066.4,47908.0,25.0,0,
2017-12-22 06:31:53,0,3,4,19.7,3554.3,-39999.7,13133.1,48144.9,25.0,0,
2017-12-22 06:31:56,0,3,4,19.7,3553.7,-40000.2,13133.1,48144.9,25.0,0,
2017-12-22 06:31:59,0,3,4,19.8,3553.2,-39999.8,13199.7,48381.8,25.0,0,
2017-12-22 06:32:03,0,3,4,19.8,3552.8,-40000.0,13199.7,48381.8,25.0,0,
2017-12-22 06:32:06,0,3,4,19.9,3552.3,-39999.8,13266.4,48618.6,25.0,0,
2017-12-22 06:32:09,0,3,4,19.9,3551.8,-40000.0,13266.4,48618.6,25.0,0,
2017-12-22 06:32:12,0,3,4,20.0,3551.3,-40000.0,13333.1,48855.4,25.0,0,
2017-12-22 06:32:15,0,3,4,20.0,3550.8,-40000.0,13333.1,48855.4,25.0,0,
2017-12-22 06:32:18,0,3,4,20.1,3550.4,-39999.7,13399.7,49092.1,25.0,0,
2017-12-22 06:32:21,0,3,4,20.1,3549.8,-40000.0,13399.7,49092.1,25.0,0,
2017-12-22 06:32:24,0,3,4,20.2,3549.5,-40000.0,13466.4,49328.8,25.0,0,
2017-12-22 06:32:28,0,3,4,20.2,3548.9,-40000.0,13466.4,49328.8,25.0,0,
2017-12-22 06:32:31,0,3,4,20.3,3548.5,-39999.7,13533.1,49565.3,25.0,0,
2017-12-22 06:32:34,0,3,4,20.3,3547.9,-40000.0,13533.1,49565.3,25.0,0,
2017-12-22 06:32:37,0,3,4,20.4,3547.5,-39999.8,13599.7,49801.9,25.0,0,
2017-12-22 06:32:40,0,3,4,20.4,3546.9,-39999.9,13599.7,49801.9,25.0,0,
2017-12-22 06:32:43,0,3,4,20.5,3546.5,-40000.0,13666.4,50038.3,25.0,0,
2017-12-22 06:32:46,0,3,4,20.6,3546.0,-39999.8,13733.1,50274.7,25.0,0,
2017-12-22 06:32:50,0,3,4,20.6,3545.5,-39999.9,13733.1,50274.7,25.0,0,
2017-12-22 06:32:53,0,3,4,20.7,3544.9,-39999.8,13799.7,50511.0,25.0,0,
2017-12-22 06:32:56,0,3,4,20.7,3544.5,-40000.0,13799.7,50511.0,25.0,0,
2017-12-22 06:32:59,0,3,4,20.8,3544.1,-40000.0,13866.4,50747.3,25.0,0,
2017-12-22 06:33:02,0,3,4,20.8,3543.6,-39999.7,13866.4,50747.3,25.0,0,
2017-12-22 06:33:05,0,3,4,20.9,3543.0,-39999.7,13933.1,50983.5,25.0,0,
2017-12-22 06:33:08,0,3,4,20.9,3542.6,-39999.7,13933.1,50983.5,25.0,0,
2017-12-22 06:33:11,0,3,4,21.0,3542.1,-39999.6,13999.7,51219.7,25.0,0,
2017-12-22 06:33:15,0,3,4,21.0,3541.6,-39999.8,13999.7,51219.7,25.0,0,
2017-12-22 06:33:18,0,3,4,21.1,3541.2,-40000.0,14066.4,51455.8,25.0,0,
2017-12-22 06:33:21,0,3,4,21.1,3540.6,-40000.0,14066.4,51455.8,24.9,0,
2017-12-22 06:33:24,0,3,4,21.2,3540.1,-39999.4,14133.1,51691.8,24.9,0,
2017-12-22 06:33:27,0,3,4,21.2,3539.6,-39999.8,14133.1,51691.8,24.9,0,
2017-12-22 06:33:30,0,3,4,21.3,3539.2,-40000.3,14199.7,51927.8,24.9,0,
2017-12-22 06:33:34,0,3,4,21.3,3538.7,-39999.6,14199.7,51927.8,24.9,0,
2017-12-22 06:33:37,0,3,4,21.4,3538.1,-39999.8,14266.4,52163.7,24.9,0,
2017-12-22 06:33:40,0,3,4,21.4,3537.7,-39999.7,14266.4,52163.7,24.9,0,
2017-12-22 06:33:43,0,3,4,21.5,3537.3,-39999.8,14333.1,52399.5,25.0,0,
2017-12-22 06:33:46,0,3,4,21.5,3536.6,-40000.0,14333.1,52399.5,24.9,0,
2017-12-22 06:33:49,0,3,4,21.6,3536.1,-39999.5,14399.7,52635.3,24.9,0,
2017-12-22 06:33:52,0,3,4,21.7,3535.8,-40000.0,14466.4,52871.0,25.0,0,
2017-12-22 06:33:55,0,3,4,21.7,3535.2,-39999.7,14466.4,52871.0,25.0,0,
2017-12-22 06:33:59,0,3,4,21.8,3534.6,-39999.7,14533.1,53106.6,25.0,0,
2017-12-22 06:34:02,0,3,4,21.8,3534.3,-39999.8,14533.1,53106.6,25.0,0,
2017-12-22 06:34:05,0,3,4,21.9,3533.7,-40000.1,14599.7,53342.2,25.0,0,
2017-12-22 06:34:08,0,3,4,21.9,3533.3,-40000.1,14599.7,53342.2,25.0,0,
2017-12-22 06:34:11,0,3,4,22.0,3532.7,-39999.7,14666.4,53577.7,25.0,0,
2017-12-22 06:34:14,0,3,4,22.0,3532.1,-39999.8,14666.4,53577.7,25.0,0,
2017-12-22 06:34:17,0,3,4,22.1,3531.6,-39999.7,14733.1,53813.2,25.0,0,
2017-12-22 06:34:21,0,3,4,22.1,3531.0,-40000.0,14733.1,53813.2,25.0,0,
2017-12-22 06:34:24,0,3,4,22.2,3530.6,-40000.0,14799.7,54048.6,25.0,0,
2017-12-22 06:34:27,0,3,4,22.2,3530.2,-39999.9,14799.7,54048.6,25.0,0,
2017-12-22 06:34:30,0,3,4,22.3,3529.6,-40000.0,14866.4,54283.9,25.0,0,
2017-12-22 06:34:33,0,3,4,22.3,3529.0,-40000.2,14866.4,54283.9,25.0,0,
2017-12-22 06:34:36,0,3,4,22.4,3528.6,-40000.2,14933.0,54519.2,25.0,0,
2017-12-22 06:34:39,0,3,4,22.4,3528.2,-39999.7,14933.0,54519.2,25.0,0,
2017-12-22 06:34:43,0,3,4,22.5,3527.6,-39999.8,14999.7,54754.4,25.0,0,
2017-12-22 06:34:46,0,3,4,22.5,3527.2,-39999.8,14999.7,54754.4,25.0,0,
2017-12-22 06:34:49,0,3,4,22.6,3526.6,-39999.6,15066.4,54989.5,25.0,0,
2017-12-22 06:34:52,0,3,4,22.6,3526.2,-40000.2,15066.4,54989.5,25.0,0,
2017-12-22 06:34:55,0,3,4,22.7,3525.6,-39999.5,15133.0,55224.6,25.0,0,
2017-12-22 06:34:58,0,3,4,22.8,3525.1,-39999.6,15199.7,55459.6,25.0,0,
2017-12-22 06:35:01,0,3,4,22.8,3524.6,-39999.7,15199.7,55459.6,25.0,0,
2017-12-22 06:35:04,0,3,4,22.9,3524.1,-39999.6,15266.4,55694.5,25.0,0,
2017-12-22 06:35:08,0,3,4,22.9,3523.6,-39999.8,15266.4,55694.5,25.0,0,
2017-12-22 06:35:11,0,3,4,23.0,3523.0,-39999.7,15333.0,55929.4,25.0,0,
2017-12-22 06:35:14,0,3,4,23.0,3522.6,-39999.6,15333.0,55929.4,25.0,0,
2017-12-22 06:35:17,0,3,4,23.1,3522.2,-40000.0,15399.7,56164.2,25.0,0,
2017-12-22 06:35:20,0,3,4,23.1,3521.6,-40000.2,15399.7,56164.2,25.0,0,
2017-12-22 06:35:23,0,3,4,23.2,3521.2,-39999.9,15466.4,56398.9,25.0,0,
2017-12-22 06:35:26,0,3,4,23.2,3520.5,-39999.5,15466.4,56398.9,25.0,0,
2017-12-22 06:35:30,0,3,4,23.3,3520.0,-39999.8,15533.0,56633.6,25.0,0,
2017-12-22 06:35:33,0,3,4,23.3,3519.6,-39999.7,15533.0,56633.6,25.0,0,
2017-12-22 06:35:36,0,3,4,23.4,3519.1,-39999.6,15599.7,56868.2,25.0,0,
2017-12-22 06:35:39,0,3,4,23.4,3518.5,-39999.5,15599.7,56868.2,25.0,0,
2017-12-22 06:35:42,0,3,4,23.5,3518.1,-39999.6,15666.4,57102.8,25.0,0,
2017-12-22 06:35:45,0,3,4,23.5,3517.6,-39999.7,15666.4,57102.8,25.0,0,
2017-12-22 06:35:48,0,3,4,23.6,3516.9,-40000.0,15733.0,57337.3,25.0,0,
2017-12-22 06:35:52,0,3,4,23.6,3516.5,-39999.4,15733.0,57337.3,25.0,0,
2017-12-22 06:35:55,0,3,4,23.7,3515.9,-40000.0,15799.7,57571.7,25.0,0,
2017-12-22 06:35:58,0,3,4,23.7,3515.5,-39999.8,15799.7,57571.7,25.0,0,
2017-12-22 06:36:01,0,3,4,23.8,3514.8,-39999.7,15866.4,57806.0,25.0,0,
2017-12-22 06:36:04,0,3,4,23.9,3514.3,-40000.0,15933.0,58040.3,25.0,0,
2017-12-22 06:36:07,0,3,4,23.9,3513.8,-39999.9,15933.0,58040.3,25.0,0,
2017-12-22 06:36:10,0,3,4,24.0,3513.4,-40000.0,15999.7,58274.6,25.0,0,
2017-12-22 06:36:14,0,3,4,24.0,3512.9,-39999.7,15999.7,58274.6,25.0,0,
2017-12-22 06:36:17,0,3,4,24.1,3512.4,-39999.7,16066.4,58508.7,25.0,0,
2017-12-22 06:36:20,0,3,4,24.1,3511.7,-39999.8,16066.4,58508.7,25.1,0,
2017-12-22 06:36:23,0,3,4,24.2,3511.2,-39999.7,16133.0,58742.8,25.1,0,
2017-12-22 06:36:26,0,3,4,24.2,3510.7,-39999.8,16133.0,58742.8,25.1,0,
2017-12-22 06:36:29,0,3,4,24.3,3510.3,-39999.3,16199.7,58976.8,25.1,0,
2017-12-22 06:36:32,0,3,4,24.3,3509.7,-39999.7,16199.7,58976.8,25.1,0,
2017-12-22 06:36:36,0,3,4,24.4,3509.2,-39999.4,16266.4,59210.8,25.1,0,
2017-12-22 06:36:39,0,3,4,24.4,3508.7,-39999.7,16266.4,59210.8,25.1,0,
2017-12-22 06:36:42,0,3,4,24.5,3508.1,-39999.7,16333.0,59444.7,25.1,0,
2017-12-22 06:36:45,0,3,4,24.5,3507.6,-39999.7,16333.0,59444.7,25.1,0,
2017-12-22 06:36:48,0,3,4,24.6,3507.1,-39999.6,16399.7,59678.5,25.1,0,
2017-12-22 06:36:51,0,3,4,24.6,3506.6,-39999.6,16399.7,59678.5,25.0,0,
2017-12-22 06:36:54,0,3,4,24.7,3506.1,-39999.3,16466.4,59912.2,25.0,0,
2017-12-22 06:36:57,0,3,4,24.7,3505.5,-40000.0,16466.4,59912.2,25.0,0,
2017-12-22 06:37:01,0,3,4,24.8,3505.0,-39999.8,16533.0,60145.9,25.0,0,
2017-12-22 06:37:04,0,3,4,24.8,3504.5,-39999.7,16533.0,60145.9,25.0,0,
2017-12-22 06:37:07,0,3,4,24.9,3503.9,-39999.5,16599.7,60379.5,25.0,0,
2017-12-22 06:37:10,0,3,4,24.9,3503.4,-39999.6,16599.7,60379.5,25.0,0,
2017-12-22 06:37:13,0,3,4,25.0,3502.8,-39999.6,16666.4,60613.1,25.0,0,
2017-12-22 06:37:16,0,3,4,25.1,3502.2,-39999.4,16733.0,60846.6,25.1,0,
2017-12-22 06:37:19,0,3,4,25.1,3501.7,-39999.5,16733.0,60846.6,25.1,0,
2017-12-22 06:37:23,0,3,4,25.2,3501.3,-39999.5,16799.7,61080.0,25.0,0,
2017-12-22 06:37:26,0,3,4,25.2,3500.7,-39999.7,16799.7,61080.0,25.0,0,
2017-12-22 06:37:29,0,3,4,25.3,3500.1,-39999.5,16866.4,61313.3,25.1,0,
2017-12-22 06:37:32,0,3,4,25.3,3499.6,-39999.5,16866.4,61313.3,25.1,0,
2017-12-22 06:37:35,0,3,4,25.4,3499.1,-39999.7,16933.0,61546.6,25.1,0,
2017-12-22 06:37:38,0,3,4,25.4,3498.6,-39999.7,16933.0,61546.6,25.0,0,
2017-12-22 06:37:41,0,3,4,25.5,3498.0,-39999.7,16999.7,61779.8,25.0,0,
2017-12-22 06:37:44,0,3,4,25.5,3497.4,-39999.8,16999.7,61779.8,25.0,0,
2017-12-22 06:37:48,0,3,4,25.6,3496.9,-39999.7,17066.4,62012.9,25.0,0,
2017-12-22 06:37:51,0,3,4,25.6,3496.4,-39999.9,17066.4,62012.9,25.0,0,
2017-12-22 06:37:54,0,3,4,25.7,3495.8,-39999.8,17133.0,62246.0,25.0,0,
2017-12-22 06:37:57,0,3,4,25.7,3495.2,-40000.0,17133.0,62246.0,25.0,0,
2017-12-22 06:38:00,0,3,4,25.8,3494.6,-40000.0,17199.7,62479.0,25.0,0,
2017-12-22 06:38:03,0,3,4,25.8,3494.1,-40000.0,17199.7,62479.0,25.0,0,
2017-12-22 06:38:06,0,3,4,25.9,3493.5,-39999.8,17266.3,62711.9,25.0,0,
2017-12-22 06:38:10,0,3,4,25.9,3493.0,-39999.7,17266.3,62711.9,25.0,0,
2017-12-22 06:38:13,0,3,4,26.0,3492.4,-40000.1,17333.0,62944.8,25.0,0,
2017-12-22 06:38:16,0,3,4,26.0,3491.9,-39999.7,17333.0,62944.8,25.0,0,
2017-12-22 06:38:19,0,3,4,26.1,3491.4,-40000.0,17399.7,63177.6,25.0,0,
2017-12-22 06:38:22,0,3,4,26.2,3490.7,-39999.3,17466.3,63410.3,25.0,0,
2017-12-22 06:38:25,0,3,4,26.2,3490.1,-39999.8,17466.3,63410.3,25.0,0,
2017-12-22 06:38:29,0,3,4,26.3,3489.5,-39999.6,17533.0,63642.9,25.0,0,
2017-12-22 06:38:32,0,3,4,26.3,3489.0,-39999.7,17533.0,63642.9,25.0,0,
2017-12-22 06:38:35,0,3,4,26.4,3488.4,-39999.7,17599.7,63875.5,25.0,0,
2017-12-22 06:38:38,0,3,4,26.4,3487.8,-39999.8,17599.7,63875.5,25.0,0,
2017-12-22 06:38:41,0,3,4,26.5,3487.4,-39999.4,17666.3,64108.0,25.0,0,
2017-12-22 06:38:44,0,3,4,26.5,3486.7,-39999.9,17666.3,64108.0,25.0,0,
2017-12-22 06:38:47,0,3,4,26.6,3486.1,-39999.7,17733.0,64340.4,25.0,0,
2017-12-22 06:38:50,0,3,4,26.6,3485.6,-39999.9,17733.0,64340.4,25.0,0,
2017-12-22 06:38:54,0,3,4,26.7,3484.9,-39999.7,17799.7,64572.8,25.0,0,
2017-12-22 06:38:57,0,3,4,26.7,3484.2,-39999.7,17799.7,64572.8,25.0,0,
2017-12-22 06:39:00,0,3,4,26.8,3483.8,-39999.8,17866.3,64805.0,25.0,0,
2017-12-22 06:39:03,0,3,4,26.8,3483.1,-39999.5,17866.3,64805.0,25.0,0,
2017-12-22 06:39:06,0,3,4,26.9,3482.5,-39999.3,17933.0,65037.2,25.0,0,
2017-12-22 06:39:09,0,3,4,26.9,3482.0,-39999.5,17933.0,65037.2,25.0,0,
2017-12-22 06:39:12,0,3,4,27.0,3481.4,-39999.8,17999.7,65269.3,25.0,0,
2017-12-22 06:39:16,0,3,4,27.0,3480.8,-40000.0,17999.7,65269.3,25.0,0,
2017-12-22 06:39:19,0,3,4,27.1,3480.1,-39999.9,18066.3,65501.4,25.0,0,
2017-12-22 06:39:22,0,3,4,27.1,3479.5,-39999.8,18066.3,65501.4,25.0,0,
2017-12-22 06:39:25,0,3,4,27.2,3478.8,-39999.6,18133.0,65733.3,25.0,0,
2017-12-22 06:39:28,0,3,4,27.3,3478.2,-40000.0,18199.7,65965.2,25.0,0,
2017-12-22 06:39:31,0,3,4,27.3,3477.6,-40000.0,18199.7,65965.2,25.0,0,
2017-12-22 06:39:35,0,3,4,27.4,3477.0,-39999.9,18266.3,66197.0,25.0,0,
2017-12-22 06:39:38,0,3,4,27.4,3476.4,-39999.7,18266.3,66197.0,25.0,0,
2017-12-22 06:39:41,0,3,4,27.5,3475.6,-39999.7,18333.0,66428.7,25.0,0,
2017-12-22 06:39:44,0,3,4,27.5,3475.0,-39999.7,18333.0,66428.7,25.0,0,
2017-12-22 06:39:47,0,3,4,27.6,3474.5,-39999.7,18399.7,66660.4,25.0,0,
2017-12-22 06:39:50,0,3,4,27.6,3473.7,-39999.7,18399.7,66660.4,25.0,0,
2017-12-22 06:39:54,0,3,4,27.7,3473.0,-39999.0,18466.3,66891.9,25.0,0,
2017-12-22 06:39:57,0,3,4,27.7,3472.4,-39999.7,18466.3,66891.9,25.0,0,
2017-12-22 06:40:00,0,3,4,27.8,3471.8,-39999.2,18533.0,67123.4,25.0,0,
2017-12-22 06:40:03,0,3,4,27.8,3471.1,-39999.9,18533.0,67123.4,25.0,0,
2017-12-22 06:40:06,0,3,4,27.9,3470.4,-40000.0,18599.7,67354.7,25.0,0,
2017-12-22 06:40:09,0,3,4,27.9,3469.8,-39999.7,18599.7,67354.7,25.0,0,
2017-12-22 06:40:12,0,3,4,28.0,3469.2,-39999.7,18666.3,67586.0,25.0,0,
2017-12-22 06:40:16,0,3,4,28.0,3468.4,-39999.3,18666.3,67586.0,25.0,0,
2017-12-22 06:40:19,0,3,4,28.1,3467.8,-39999.8,18733.0,67817.3,25.0,0,
2017-12-22 06:40:22,0,3,4,28.1,3467.1,-39999.8,18733.0,67817.3,25.0,0,
2017-12-22 06:40:25,0,3,4,28.2,3466.3,-40000.0,18799.7,68048.4,25.0,0,
2017-12-22 06:40:28,0,3,4,28.2,3465.6,-40000.0,18799.7,68048.4,25.0,0,
2017-12-22 06:40:31,0,3,4,28.3,3465.0,-39999.9,18866.3,68279.4,25.0,0,
2017-12-22 06:40:34,0,3,4,28.4,3464.2,-40000.0,18933.0,68510.4,25.0,0,
2017-12-22 06:40:37,0,3,4,28.4,3463.6,-39999.7,18933.0,68510.4,25.1,0,
2017-12-22 06:40:41,0,3,4,28.5,3462.9,-39999.8,18999.7,68741.2,25.0,0,
2017-12-22 06:40:44,0,3,4,28.5,3462.2,-39999.2,18999.7,68741.2,25.1,0,
2017-12-22 06:40:47,0,3,4,28.6,3461.5,-39999.7,19066.3,68972.0,25.0,0,
2017-12-22 06:40:50,0,3,4,28.6,3460.6,-39999.4,19066.3,68972.0,25.0,0,
2017-12-22 06:40:53,0,3,4,28.7,3460.0,-39999.5,19133.0,69202.7,25.0,0,
2017-12-22 06:40:56,0,3,4,28.7,3459.3,-39999.5,19133.0,69202.7,25.0,0,
2017-12-22 06:40:59,0,3,4,28.8,3458.5,-39999.7,19199.7,69433.3,25.1,0,
2017-12-22 06:41:03,0,3,4,28.8,3457.9,-39999.7,19199.7,69433.3,25.1,0,
2017-12-22 06:41:06,0,3,4,28.9,3457.1,-39999.6,19266.3,69663.8,25.0,0,
2017-12-22 06:41:09,0,3,4,28.9,3456.3,-39999.7,19266.3,69663.8,25.1,0,
2017-12-22 06:41:12,0,3,4,29.0,3455.6,-39999.9,19333.0,69894.2,25.1,0,
2017-12-22 06:41:15,0,3,4,29.0,3454.9,-40000.0,19333.0,69894.2,25.1,0,
2017-12-22 06:41:18,0,3,4,29.1,3454.2,-39999.9,19399.7,70124.5,25.1,0,
2017-12-22 06:41:21,0,3,4,29.1,3453.3,-39999.8,19399.7,70124.5,25.1,0,
2017-12-22 06:41:25,0,3,4,29.2,3452.6,-39999.7,19466.3,70354.7,25.1,0,
2017-12-22 06:41:28,0,3,4,29.2,3451.9,-40000.0,19466.3,70354.7,25.1,0,
2017-12-22 06:41:31,0,3,4,29.3,3451.1,-39999.8,19533.0,70584.8,25.1,0,
2017-12-22 06:41:34,0,3,4,29.3,3450.3,-39999.7,19533.0,70584.8,25.1,0,
2017-12-22 06:41:37,0,3,4,29.4,3449.7,-39999.7,19599.6,70814.8,25.1,0,
2017-12-22 06:41:40,0,3,4,29.5,3448.8,-39999.7,19666.3,71044.7,25.1,0,
2017-12-22 06:41:43,0,3,4,29.5,3448.1,-39999.7,19666.3,71044.7,25.1,0,
2017-12-22 06:41:47,0,3,4,29.6,3447.3,-39999.7,19733.0,71274.5,25.1,0,
2017-12-22 06:41:50,0,3,4,29.6,3446.6,-39999.7,19733.0,71274.5,25.1,0,
2017-12-22 06:41:53,0,3,4,29.7,3445.8,-39999.7,19799.6,71504.3,25.0,0,
2017-12-22 06:41:56,0,3,4,29.7,3444.9,-39999.5,19799.6,71504.3,25.0,0,
2017-12-22 06:41:59,0,3,4,29.8,3444.2,-40000.1,19866.3,71733.9,25.0,0,
2017-12-22 06:42:02,0,3,4,29.8,3443.4,-39999.7,19866.3,71733.9,25.0,0,
2017-12-22 06:42:05,0,3,4,29.9,3442.7,-39999.7,19933.0,71963.4,25.1,0,
2017-12-22 06:42:09,0,3,4,29.9,3441.9,-39999.7,19933.0,71963.4,25.0,0,
2017-12-22 06:42:12,0,3,4,30.0,3441.0,-39999.7,19999.6,72192.8,25.1,0,
2017-12-22 06:42:15,0,3,4,30.0,3440.3,-40000.0,19999.6,72192.8,25.1,0,
2017-12-22 06:42:18,0,3,4,30.1,3439.5,-39999.3,20066.3,72422.1,25.1,0,
2017-12-22 06:42:21,0,3,4,30.1,3438.7,-39999.6,20066.3,72422.1,25.1,0,
2017-12-22 06:42:24,0,3,4,30.2,3437.8,-39999.7,20133.0,72651.4,25.1,0,
2017-12-22 06:42:28,0,3,4,30.2,3437.0,-39999.3,20133.0,72651.4,25.1,0,
2017-12-22 06:42:31,0,3,4,30.3,3436.2,-39999.7,20199.6,72880.5,25.1,0,
2017-12-22 06:42:34,0,3,4,30.3,3435.3,-39999.7,20199.6,72880.5,25.1,0,
2017-12-22 06:42:37,0,3,4,30.4,3434.5,-39999.9,20266.3,73109.5,25.1,0,
2017-12-22 06:42:40,0,3,4,30.4,3433.7,-40000.0,20266.3,73109.5,25.1,0,
2017-12-22 06:42:43,0,3,4,30.5,3432.9,-40000.0,20333.0,73338.4,25.1,0,
2017-12-22 06:42:46,0,3,4,30.6,3432.0,-39999.8,20399.6,73567.2,25.1,0,
2017-12-22 06:42:49,0,3,4,30.6,3431.3,-39999.3,20399.6,73567.2,25.1,0,
2017-12-22 06:42:53,0,3,4,30.7,3430.5,-39999.7,20466.3,73795.9,25.1,0,
2017-12-22 06:42:56,0,3,4,30.7,3429.5,-40000.2,20466.3,73795.9,25.1,0,
2017-12-22 06:42:59,0,3,4,30.8,3428.7,-39999.7,20533.0,74024.5,25.1,0,
2017-12-22 06:43:02,0,3,4,30.8,3427.8,-39999.7,20533.0,74024.5,25.1,0,
2017-12-22 06:43:05,0,3,4,30.9,3427.1,-40000.0,20599.6,74252.9,25.1,0,
2017-12-22 06:43:08,0,3,4,30.9,3426.2,-39999.3,20599.6,74252.9,25.1,0,
2017-12-22 06:43:11,0,3,4,31.0,3425.2,-39999.6,20666.3,74481.3,25.1,0,
2017-12-22 06:43:15,0,3,4,31.0,3424.4,-40000.1,20666.3,74481.3,25.1,0,
2017-12-22 06:43:18,0,3,4,31.1,3423.6,-39999.3,20733.0,74709.6,25.1,0,
2017-12-22 06:43:21,0,3,4,31.1,3422.5,-40000.0,20733.0,74709.6,25.1,0,
2017-12-22 06:43:24,0,3,4,31.2,3421.6,-39999.6,20799.6,74937.7,25.1,0,
2017-12-22 06:43:27,0,3,4,31.2,3420.7,-40000.0,20799.6,74937.7,25.1,0,
2017-12-22 06:43:30,0,3,4,31.3,3419.8,-39999.4,20866.3,75165.7,25.1,0,
2017-12-22 06:43:33,0,3,4,31.3,3419.0,-39999.8,20866.3,75165.7,25.1,0,
2017-12-22 06:43:37,0,3,4,31.4,3417.9,-39999.6,20933.0,75393.6,25.1,0,
2017-12-22 06:43:40,0,3,4,31.4,3417.0,-39999.9,20933.0,75393.6,25.1,0,
2017-12-22 06:43:43,0,3,4,31.5,3416.0,-40000.2,20999.6,75621.4,25.1,0,
2017-12-22 06:43:46,0,3,4,31.5,3415.1,-39999.8,20999.6,75621.4,25.1,0,
2017-12-22 06:43:49,0,3,4,31.6,3414.0,-39999.2,21066.3,75849.1,25.1,0,
2017-12-22 06:43:52,0,3,4,31.7,3413.0,-39999.7,21133.0,76076.6,25.1,0,
2017-12-22 06:43:55,0,3,4,31.7,3412.0,-39999.7,21133.0,76076.6,25.1,0,
2017-12-22 06:43:59,0,3,4,31.8,3410.9,-39999.7,21199.6,76304.0,25.2,0,
2017-12-22 06:44:02,0,3,4,31.8,3409.8,-39999.6,21199.6,76304.0,25.2,0,
2017-12-22 06:44:05,0,3,4,31.9,3408.8,-39999.6,21266.3,76531.3,25.2,0,
2017-12-22 06:44:08,0,3,4,31.9,3407.7,-39999.4,21266.3,76531.3,25.2,0,
2017-12-22 06:44:11,0,3,4,32.0,3406.6,-39999.5,21333.0,76758.4,25.2,0,
2017-12-22 06:44:14,0,3,4,32.0,3405.4,-39999.8,21333.0,76758.4,25.2,0,
2017-12-22 06:44:18,0,3,4,32.1,3404.3,-39999.1,21399.6,76985.4,25.2,0,
2017-12-22 06:44:21,0,3,4,32.1,3403.2,-39999.7,21399.6,76985.4,25.2,0,
2017-12-22 06:44:24,0,3,4,32.2,3402.1,-39999.2,21466.3,77212.2,25.2,0,
2017-12-22 06:44:27,0,3,4,32.2,3400.8,-39999.7,21466.3,77212.2,25.2,0,
2017-12-22 06:44:30,0,3,4,32.3,3399.5,-39999.3,21533.0,77438.9,25.2,0,
2017-12-22 06:44:33,0,3,4,32.3,3398.2,-39999.2,21533.0,77438.9,25.2,0,
2017-12-22 06:44:36,0,3,4,32.4,3397.0,-39999.2,21599.6,77665.4,25.3,0,
2017-12-22 06:44:39,0,3,4,32.4,3395.6,-39999.7,21599.6,77665.4,25.3,0,
2017-12-22 06:44:43,0,3,4,32.5,3394.4,-39999.3,21666.3,77891.8,25.3,0,
2017-12-22 06:44:46,0,3,4,32.5,3392.9,-39999.7,21666.3,77891.8,25.3,0,
2017-12-22 06:44:49,0,3,4,32.6,3391.4,-39999.6,21732.9,78118.0,25.3,0,
2017-12-22 06:44:52,0,3,4,32.6,3390.1,-39999.2,21732.9,78118.0,25.3,0,
2017-12-22 06:44:55,0,3,4,32.7,3388.5,-39999.3,21799.6,78344.0,25.3,0,
2017-12-22 06:44:58,0,3,4,32.8,3387.1,-39999.0,21866.3,78569.7,25.2,0,
2017-12-22 06:45:02,0,3,4,32.8,3385.6,-39999.4,21866.3,78569.7,25.2,0,
2017-12-22 06:45:05,0,3,4,32.9,3383.8,-39999.2,21932.9,78795.3,25.2,0,
2017-12-22 06:45:08,0,3,4,32.9,3382.2,-39999.3,21932.9,78795.3,25.2,0,
2017-12-22 06:45:11,0,3,4,33.0,3380.4,-39999.0,21999.6,79020.7,25.2,0,
2017-12-22 06:45:14,0,3,4,33.0,3378.8,-39999.3,21999.6,79020.7,25.2,0,
2017-12-22 06:45:17,0,3,4,33.1,3377.0,-39999.5,22066.3,79245.9,25.1,0,
2017-12-22 06:45:20,0,3,4,33.1,3375.1,-39999.2,22066.3,79245.9,25.2,0,
2017-12-22 06:45:23,0,3,4,33.2,3373.2,-39999.3,22132.9,79470.8,25.2,0,
2017-12-22 06:45:27,0,3,4,33.2,3371.1,-39999.5,22132.9,79470.8,25.2,0,
2017-12-22 06:45:30,0,3,4,33.3,3369.1,-39999.0,22199.6,79695.5,25.2,0,
2017-12-22 06:45:33,0,3,4,33.3,3367.0,-39999.2,22199.6,79695.5,25.2,0,
2017-12-22 06:45:36,0,3,4,33.4,3364.9,-39999.3,22266.3,79919.8,25.3,0,
2017-12-22 06:45:39,0,3,4,33.4,3362.6,-39999.3,22266.3,79919.8,25.3,0,
2017-12-22 06:45:42,0,3,4,33.5,3360.1,-39999.2,22332.9,80143.9,25.3,0,
2017-12-22 06:45:45,0,3,4,33.5,3357.8,-39998.0,22332.9,80143.9,25.3,0,
2017-12-22 06:45:49,0,3,4,33.6,3355.3,-39998.1,22399.6,80367.7,25.3,0,
2017-12-22 06:45:52,0,3,4,33.6,3352.9,-39997.3,22399.6,80367.7,25.3,0,
2017-12-22 06:45:55,0,3,4,33.7,3350.2,-40000.4,22466.2,80591.2,25.3,0,
2017-12-22 06:45:58,0,3,4,33.7,3347.4,-40000.5,22466.2,80591.2,25.3,0,
2017-12-22 06:46:01,0,3,4,33.8,3344.7,-40000.3,22532.9,80814.4,25.3,0,
2017-12-22 06:46:04,0,3,4,33.8,3341.9,-39999.7,22532.9,80814.4,25.3,0,
2017-12-22 06:46:07,0,3,4,33.9,3338.8,-39999.5,22599.6,81037.1,25.3,0,
2017-12-22 06:46:10,0,3,4,34.0,3335.8,-39999.2,22666.2,81259.5,25.3,0,
2017-12-22 06:46:14,0,3,4,34.0,3332.6,-39999.0,22666.2,81259.5,25.3,0,
2017-12-22 06:46:17,0,3,4,34.1,3329.4,-40000.3,22732.9,81481.5,25.3,0,
2017-12-22 06:46:20,0,3,4,34.1,3325.9,-40000.3,22732.9,81481.5,25.3,0,
2017-12-22 06:46:23,0,3,4,34.2,3322.5,-40000.5,22799.6,81703.0,25.3,0,
2017-12-22 06:46:26,0,3,4,34.2,3318.9,-40000.0,22799.6,81703.0,25.3,0,
2017-12-22 06:46:29,0,3,4,34.3,3315.2,-39999.9,22866.2,81924.1,25.3,0,
2017-12-22 06:46:32,0,3,4,34.3,3311.3,-39999.5,22866.2,81924.1,25.3,0,
2017-12-22 06:46:35,0,3,4,34.4,3307.4,-40000.0,22932.9,82144.7,25.3,0,
2017-12-22 06:46:38,0,3,4,34.4,3303.4,-40000.8,22932.9,82144.7,25.3,0,
2017-12-22 06:46:41,0,3,4,34.5,3300.0,-39999.8,22999.6,82364.7,25.3,3,下限电压到
2017-12-22 06:46:42,0,3,4,34.5,3347.1,24.3,22999.6,82364.7,25.3,3,下限电压到
2017-12-22 06:46:45,0,3,4,34.5,3358.8,24.4,22999.6,82364.7,25.3,3,下限电压到
2017-12-22 06:46:50,0,4,6,0.0,3366.9,0,0.0,0.0,25.3,0,
