2017-12-22 05:33:19,0,0,3,0.0,3406.1,0,0.0,0.0,24.8,0,
2017-12-22 05:33:47,0,0,3,0.4,3407.3,22.3,0.0,0.0,24.6,0,
2017-12-22 05:33:50,0,0,3,0.4,3407.6,22.1,0.0,0.0,24.6,0,
2017-12-22 05:33:53,0,0,3,0.5,3407.7,22.5,0.0,0.0,24.6,0,
2017-12-22 05:33:56,0,0,3,0.5,3407.7,22.8,0.0,0.0,24.7,0,
2017-12-22 05:33:59,0,0,3,0.6,3407.9,22.6,0.0,0.0,24.7,0,
2017-12-22 05:34:02,0,0,3,0.6,3407.9,23.1,0.0,0.0,24.7,0,
2017-12-22 05:34:05,0,0,3,0.7,3408.0,22.3,0.0,0.0,24.7,0,
2017-12-22 05:34:08,0,0,3,0.7,3408.1,22.7,0.0,0.0,24.7,0,
2017-12-22 05:34:12,0,0,3,0.8,3408.3,22.6,0.0,0.0,24.7,0,
2017-12-22 05:34:15,0,0,3,0.8,3408.4,22.3,0.0,0.0,24.7,0,
2017-12-22 05:34:18,0,0,3,0.9,3408.5,22.4,0.0,0.0,24.7,0,
2017-12-22 05:34:21,0,0,3,0.9,3408.5,22.4,0.0,0.0,24.7,0,
2017-12-22 05:34:24,0,0,3,1.0,3408.6,22.6,0.0,0.0,24.7,0,
2017-12-22 05:34:25,0,0,3,1.0,3408.7,22.5,0.0,0.0,24.7,1,时间到
2017-12-22 05:34:29,0,1,2,0.0,3408.7,0,0.0,0.0,24.7,0,
2017-12-22 05:34:51,0,1,2,0.4,3482.6,40002.6,266.7,924.5,24.8,0,
2017-12-22 05:34:54,0,1,2,0.4,3486.9,39999.7,266.7,924.5,24.8,0,
2017-12-22 05:34:58,0,1,2,0.5,3491.0,40000.2,333.4,1157.3,24.8,0,
2017-12-22 05:35:01,0,1,2,0.5,3495.3,40000.0,333.4,1157.3,24.8,0,
2017-12-22 05:35:04,0,1,2,0.6,3499.1,40000.3,400.0,1390.5,24.8,0,
2017-12-22 05:35:07,0,1,2,0.6,3502.6,40000.7,400.0,1390.5,24.8,0,
2017-12-22 05:35:11,0,1,2,0.7,3506.2,40001.0,466.7,1624.1,24.8,0,
2017-12-22 05:35:14,0,1,2,0.7,3509.6,40001.0,466.7,1624.1,24.8,0,
2017-12-22 05:35:17,0,1,2,0.8,3512.7,40001.3,533.4,1858.2,24.8,0,
2017-12-22 05:35:20,0,1,2,0.8,3515.7,40001.3,533.4,1858.2,24.8,0,
2017-12-22 05:35:23,0,1,2,0.9,3518.7,40001.2,600.0,2092.7,24.8,0,
2017-12-22 05:35:27,0,1,2,0.9,3521.5,40001.5,600.0,2092.7,24.8,0,
2017-12-22 05:35:30,0,1,2,1.0,3524.2,40001.0,666.7,2327.5,24.8,0,
2017-12-22 05:35:33,0,1,2,1.0,3526.4,40001.7,666.7,2327.5,24.8,0,
2017-12-22 05:35:36,0,1,2,1.1,3528.7,40001.3,733.4,2562.6,24.9,0,
2017-12-22 05:35:39,0,1,2,1.1,3530.7,40001.7,733.4,2562.6,24.9,0,
2017-12-22 05:35:42,0,1,2,1.2,3532.9,40001.2,800.1,2798.1,24.9,0,
2017-12-22 05:35:45,0,1,2,1.2,3534.9,40001.3,800.1,2798.1,25.0,0,
2017-12-22 05:35:48,0,1,2,1.3,3536.7,40001.5,866.7,3033.8,25.0,0,
2017-12-22 05:35:51,0,1,2,1.4,3538.4,40001.3,933.4,3269.7,25.0,0,
2017-12-22 05:35:54,0,1,2,1.4,3540.0,40001.2,933.4,3269.7,24.9,0,
2017-12-22 05:35:58,0,1,2,1.5,3541.4,40001.0,1000.1,3505.8,24.9,0,
2017-12-22 05:36:01,0,1,2,1.5,3542.9,40001.2,1000.1,3505.8,24.9,0,
2017-12-22 05:36:04,0,1,2,1.6,3544.2,40001.7,1066.7,3742.0,24.9,0,
2017-12-22 05:36:07,0,1,2,1.6,3545.4,40001.5,1066.7,3742.0,24.9,0,
2017-12-22 05:36:10,0,1,2,1.7,3546.5,40001.8,1133.4,3978.5,24.9,0,
2017-12-22 05:36:13,0,1,2,1.7,3547.4,40001.7,1133.4,3978.5,24.9,0,
2017-12-22 05:36:17,0,1,2,1.8,3548.5,40001.7,1200.1,4215.0,24.9,0,
2017-12-22 05:36:20,0,1,2,1.8,3549.5,40001.7,1200.1,4215.0,24.9,0,
2017-12-22 05:36:23,0,1,2,1.9,3550.5,40001.8,1266.8,4451.7,24.9,0,
2017-12-22 05:36:26,0,1,2,1.9,3551.5,40001.5,1266.8,4451.7,25.0,0,
2017-12-22 05:36:29,0,1,2,2.0,3552.3,40001.5,1333.4,4688.5,24.9,0,
2017-12-22 05:36:32,0,1,2,2.0,3553.3,40001.3,1333.4,4688.5,24.9,0,
2017-12-22 05:36:35,0,1,2,2.1,3554.0,40001.5,1400.1,4925.5,24.9,0,
2017-12-22 05:36:39,0,1,2,2.1,3554.9,40001.5,1400.1,4925.5,24.9,0,
2017-12-22 05:36:42,0,1,2,2.2,3555.8,40001.5,1466.8,5162.5,24.9,0,
2017-12-22 05:36:45,0,1,2,2.2,3556.7,40001.7,1466.8,5162.5,24.9,0,
2017-12-22 05:36:48,0,1,2,2.3,3557.6,40001.7,1533.4,5399.6,24.9,0,
2017-12-22 05:36:52,0,1,2,2.4,3558.4,40001.6,1600.1,5636.9,24.9,0,
2017-12-22 05:36:55,0,1,2,2.4,3559.1,40001.4,1600.1,5636.9,24.9,0,
2017-12-22 05:36:58,0,1,2,2.5,3560.1,40001.8,1666.8,5874.2,24.9,0,
2017-12-22 05:37:01,0,1,2,2.5,3560.9,40001.7,1666.8,5874.2,24.9,0,
2017-12-22 05:37:04,0,1,2,2.6,3561.5,40001.9,1733.5,6111.7,24.8,0,
2017-12-22 05:37:07,0,1,2,2.6,3562.3,40001.7,1733.5,6111.7,24.8,0,
2017-12-22 05:37:10,0,1,2,2.7,3563.0,40001.8,1800.1,6349.2,24.8,0,
2017-12-22 05:37:13,0,1,2,2.7,3563.9,40001.9,1800.1,6349.2,24.8,0,
2017-12-22 05:37:17,0,1,2,2.8,3564.6,40001.6,1866.8,6586.9,24.8,0,
2017-12-22 05:37:20,0,1,2,2.8,3565.5,40001.7,1866.8,6586.9,24.8,0,
2017-12-22 05:37:23,0,1,2,2.9,3566.3,40001.7,1933.5,6824.6,24.8,0,
2017-12-22 05:37:26,0,1,2,2.9,3566.9,40001.7,1933.5,6824.6,24.8,0,
2017-12-22 05:37:29,0,1,2,3.0,3567.8,40001.6,2000.2,7062.5,24.8,0,
2017-12-22 05:37:32,0,1,2,3.0,3568.5,40001.3,2000.2,7062.5,24.7,0,
2017-12-22 05:37:35,0,1,2,3.1,3569.3,40002.0,2066.8,7300.4,24.8,0,
2017-12-22 05:37:38,0,1,2,3.1,3570.1,40001.6,2066.8,7300.4,24.7,0,
2017-12-22 05:37:41,0,1,2,3.2,3570.9,40001.7,2133.5,7538.5,24.7,0,
2017-12-22 05:37:44,0,1,2,3.2,3571.6,40001.8,2133.5,7538.5,24.7,0,
2017-12-22 05:37:47,0,1,2,3.3,3572.5,40001.6,2200.2,7776.6,24.7,0,
2017-12-22 05:37:51,0,1,2,3.3,3573.3,40001.5,2200.2,7776.6,24.7,0,
2017-12-22 05:37:54,0,1,2,3.4,3574.1,40001.3,2266.8,8014.9,24.7,0,
2017-12-22 05:37:57,0,1,2,3.4,3574.8,40001.7,2266.8,8014.9,24.7,0,
2017-12-22 05:38:00,0,1,2,3.5,3575.6,40001.3,2333.5,8253.2,24.6,0,
2017-12-22 05:38:03,0,1,2,3.5,3576.5,40001.7,2333.5,8253.2,24.6,0,
2017-12-22 05:38:06,0,1,2,3.6,3577.3,40001.2,2400.2,8491.6,24.6,0,
2017-12-22 05:38:09,0,1,2,3.6,3578.0,40001.7,2400.2,8491.6,24.6,0,
2017-12-22 05:38:12,0,1,2,3.7,3578.8,40001.5,2466.9,8730.2,24.6,0,
2017-12-22 05:38:15,0,1,2,3.7,3579.6,40001.2,2466.9,8730.2,24.6,0,
2017-12-22 05:38:18,0,1,2,3.8,3580.4,40001.2,2533.5,8968.9,24.6,0,
2017-12-22 05:38:21,0,1,2,3.9,3581.2,40001.7,2600.2,9207.6,24.6,0,
2017-12-22 05:38:24,0,1,2,3.9,3582.0,40001.5,2600.2,9207.6,24.6,0,
2017-12-22 05:38:27,0,1,2,4.0,3582.7,40001.2,2666.9,9446.5,24.6,0,
2017-12-22 05:38:30,0,1,2,4.0,3583.4,40001.6,2666.9,9446.5,24.6,0,
2017-12-22 05:38:33,0,1,2,4.1,3584.4,40001.4,2733.5,9685.5,24.6,0,
2017-12-22 05:38:36,0,1,2,4.1,3585.1,40001.5,2733.5,9685.5,24.6,0,
2017-12-22 05:38:40,0,1,2,4.2,3586.1,40001.4,2800.2,9924.5,24.6,0,
2017-12-22 05:38:43,0,1,2,4.2,3586.7,40001.5,2800.2,9924.5,24.6,0,
2017-12-22 05:38:46,0,1,2,4.3,3587.7,40001.8,2866.9,10163.7,24.7,0,
2017-12-22 05:38:49,0,1,2,4.3,3588.4,40001.3,2866.9,10163.7,24.7,0,
2017-12-22 05:38:52,0,1,2,4.4,3589.2,40001.7,2933.6,10403.0,24.7,0,
2017-12-22 05:38:55,0,1,2,4.4,3590.1,40001.5,2933.6,10403.0,24.7,0,
2017-12-22 05:38:58,0,1,2,4.5,3591.0,40001.7,3000.2,10642.4,24.6,0,
2017-12-22 05:39:01,0,1,2,4.5,3591.8,40001.5,3000.2,10642.4,24.6,0,
2017-12-22 05:39:04,0,1,2,4.6,3592.5,40001.6,3066.9,10881.9,24.6,0,
2017-12-22 05:39:08,0,1,2,4.6,3593.4,40001.7,3066.9,10881.9,24.6,0,
2017-12-22 05:39:11,0,1,2,4.7,3594.2,40001.5,3133.6,11121.5,24.6,0,
2017-12-22 05:39:14,0,1,2,4.7,3595.0,40001.8,3133.6,11121.5,24.7,0,
2017-12-22 05:39:17,0,1,2,4.8,3595.8,40001.7,3200.2,11361.2,24.7,0,
2017-12-22 05:39:20,0,1,2,4.8,3596.7,40001.5,3200.2,11361.2,24.7,0,
2017-12-22 05:39:23,0,1,2,4.9,3597.4,40001.9,3266.9,11601.1,24.6,0,
2017-12-22 05:39:27,0,1,2,4.9,3598.3,40001.9,3266.9,11601.1,24.7,0,
2017-12-22 05:39:30,0,1,2,5.0,3599.4,40001.6,3333.6,11841.0,24.7,0,
2017-12-22 05:39:33,0,1,2,5.0,3600.0,40001.8,3333.6,11841.0,24.7,0,
2017-12-22 05:39:36,0,1,2,5.1,3600.9,40001.5,3400.3,12081.0,24.7,0,
2017-12-22 05:39:39,0,1,2,5.1,3601.8,40001.5,3400.3,12081.0,24.7,0,
2017-12-22 05:39:42,0,1,2,5.2,3602.6,40001.8,3466.9,12321.2,24.7,0,
2017-12-22 05:39:45,0,1,2,5.2,3603.4,40001.5,3466.9,12321.2,24.7,0,
2017-12-22 05:39:48,0,1,2,5.3,3604.2,40001.7,3533.6,12561.4,24.7,0,
2017-12-22 05:39:51,0,1,2,5.3,3604.9,40001.7,3533.6,12561.4,24.7,0,
2017-12-22 05:39:54,0,1,2,5.4,3605.7,40001.7,3600.3,12801.8,24.7,0,
2017-12-22 05:39:58,0,1,2,5.5,3606.5,40001.8,3666.9,13042.2,24.7,0,
2017-12-22 05:40:01,0,1,2,5.5,3607.3,40001.7,3666.9,13042.2,24.7,0,
2017-12-22 05:40:04,0,1,2,5.6,3608.2,40001.5,3733.6,13282.8,24.7,0,
2017-12-22 05:40:07,0,1,2,5.6,3608.9,40001.7,3733.6,13282.8,24.7,0,
2017-12-22 05:40:10,0,1,2,5.7,3609.8,40001.6,3800.3,13523.5,24.7,0,
2017-12-22 05:40:13,0,1,2,5.7,3610.6,40001.7,3800.3,13523.5,24.7,0,
2017-12-22 05:40:16,0,1,2,5.8,3611.3,40001.7,3867.0,13764.2,24.7,0,
2017-12-22 05:40:19,0,1,2,5.8,3612.2,40001.5,3867.0,13764.2,24.7,0,
2017-12-22 05:40:22,0,1,2,5.9,3612.9,40001.3,3933.6,14005.1,24.8,0,
2017-12-22 05:40:25,0,1,2,5.9,3613.7,40001.3,3933.6,14005.1,24.7,0,
2017-12-22 05:40:28,0,1,2,6.0,3614.4,40001.4,4000.3,14246.1,24.8,0,
2017-12-22 05:40:32,0,1,2,6.0,3615.2,40001.5,4000.3,14246.1,24.8,0,
2017-12-22 05:40:35,0,1,2,6.1,3616.1,40001.5,4067.0,14487.1,24.8,0,
2017-12-22 05:40:38,0,1,2,6.1,3616.9,40002.0,4067.0,14487.1,24.8,0,
2017-12-22 05:40:41,0,1,2,6.2,3617.7,40001.5,4133.7,14728.3,24.8,0,
2017-12-22 05:40:44,0,1,2,6.2,3618.4,40001.7,4133.7,14728.3,24.8,0,
2017-12-22 05:40:47,0,1,2,6.3,3619.2,40001.5,4200.3,14969.6,24.7,0,
2017-12-22 05:40:51,0,1,2,6.3,3619.9,40001.7,4200.3,14969.6,24.7,0,
2017-12-22 05:40:54,0,1,2,6.4,3620.8,40001.5,4267.0,15210.9,24.8,0,
2017-12-22 05:40:57,0,1,2,6.4,3621.6,40001.3,4267.0,15210.9,24.8,0,
2017-12-22 05:41:00,0,1,2,6.5,3622.3,40001.3,4333.7,15452.4,24.7,0,
2017-12-22 05:41:03,0,1,2,6.5,3622.9,40001.3,4333.7,15452.4,24.7,0,
2017-12-22 05:41:06,0,1,2,6.6,3623.7,40001.4,4400.3,15694.0,24.8,0,
2017-12-22 05:41:09,0,1,2,6.7,3624.5,40001.8,4467.0,15935.6,24.7,0,
2017-12-22 05:41:13,0,1,2,6.7,3625.1,40001.3,4467.0,15935.6,24.8,0,
2017-12-22 05:41:16,0,1,2,6.8,3626.0,40001.4,4533.7,16177.4,24.8,0,
2017-12-22 05:41:19,0,1,2,6.8,3626.7,40001.5,4533.7,16177.4,24.8,0,
2017-12-22 05:41:22,0,1,2,6.9,3627.3,40001.3,4600.3,16419.2,24.8,0,
2017-12-22 05:41:25,0,1,2,6.9,3628.0,40001.2,4600.3,16419.2,24.8,0,
2017-12-22 05:41:28,0,1,2,7.0,3628.8,40001.6,4667.0,16661.1,24.8,0,
2017-12-22 05:41:31,0,1,2,7.0,3629.4,40001.2,4667.0,16661.1,24.7,0,
2017-12-22 05:41:34,0,1,2,7.1,3630.1,40001.0,4733.7,16903.1,24.7,0,
2017-12-22 05:41:38,0,1,2,7.1,3630.9,40001.3,4733.7,16903.1,24.7,0,
2017-12-22 05:41:41,0,1,2,7.2,3631.7,40001.3,4800.4,17145.2,24.8,0,
2017-12-22 05:41:44,0,1,2,7.2,3632.3,40001.5,4800.4,17145.2,24.8,0,
2017-12-22 05:41:47,0,1,2,7.3,3633.0,40001.3,4867.0,17387.4,24.8,0,
2017-12-22 05:41:50,0,1,2,7.3,3633.7,40001.5,4867.0,17387.4,24.8,0,
2017-12-22 05:41:53,0,1,2,7.4,3634.3,40001.9,4933.7,17629.7,24.8,0,
2017-12-22 05:41:57,0,1,2,7.4,3635.2,40001.3,4933.7,17629.7,24.8,0,
2017-12-22 05:42:00,0,1,2,7.5,3635.7,40001.5,5000.4,17872.1,24.7,0,
2017-12-22 05:42:03,0,1,2,7.5,3636.4,40001.5,5000.4,17872.1,24.7,0,
2017-12-22 05:42:06,0,1,2,7.6,3637.1,40001.3,5067.0,18114.5,24.7,0,
2017-12-22 05:42:09,0,1,2,7.7,3637.9,40001.3,5133.7,18357.1,24.8,0,
2017-12-22 05:42:13,0,1,2,7.7,3638.6,40001.2,5133.7,18357.1,24.8,0,
2017-12-22 05:42:16,0,1,2,7.8,3639.3,40001.3,5200.4,18599.7,24.8,0,
2017-12-22 05:42:19,0,1,2,7.8,3639.8,40001.3,5200.4,18599.7,24.8,0,
2017-12-22 05:42:22,0,1,2,7.9,3640.6,40001.0,5267.1,18842.4,24.8,0,
2017-12-22 05:42:25,0,1,2,7.9,3641.2,40001.3,5267.1,18842.4,24.8,0,
2017-12-22 05:42:28,0,1,2,8.0,3641.8,40001.3,5333.7,19085.2,24.8,0,
2017-12-22 05:42:31,0,1,2,8.0,3642.5,40001.3,5333.7,19085.2,24.8,0,
2017-12-22 05:42:34,0,1,2,8.1,3643.2,40001.4,5400.4,19328.1,24.8,0,
2017-12-22 05:42:37,0,1,2,8.1,3643.9,40001.2,5400.4,19328.1,24.8,0,
2017-12-22 05:42:41,0,1,2,8.2,3644.6,40001.5,5467.1,19571.1,24.8,0,
2017-12-22 05:42:44,0,1,2,8.2,3645.1,40001.2,5467.1,19571.1,24.8,0,
2017-12-22 05:42:47,0,1,2,8.3,3645.7,40001.7,5533.7,19814.1,24.8,0,
2017-12-22 05:42:50,0,1,2,8.3,3646.5,40001.3,5533.7,19814.1,24.8,0,
2017-12-22 05:42:53,0,1,2,8.4,3647.0,40001.3,5600.4,20057.2,24.8,0,
2017-12-22 05:42:56,0,1,2,8.4,3647.6,40001.6,5600.4,20057.2,24.8,0,
2017-12-22 05:43:00,0,1,2,8.5,3648.5,40001.0,5667.1,20300.5,24.8,0,
2017-12-22 05:43:03,0,1,2,8.5,3649.0,40001.4,5667.1,20300.5,24.8,0,
2017-12-22 05:43:06,0,1,2,8.6,3649.6,40001.3,5733.8,20543.7,24.8,0,
2017-12-22 05:43:09,0,1,2,8.6,3650.2,40001.3,5733.8,20543.7,24.8,0,
2017-12-22 05:43:12,0,1,2,8.7,3650.8,40001.5,5800.4,20787.1,24.8,0,
2017-12-22 05:43:16,0,1,2,8.8,3651.6,40001.3,5867.1,21030.6,24.7,0,
2017-12-22 05:43:19,0,1,2,8.8,3652.2,40001.2,5867.1,21030.6,24.8,0,
2017-12-22 05:43:22,0,1,2,8.9,3652.8,40001.3,5933.8,21274.1,24.7,0,
2017-12-22 05:43:25,0,1,2,8.9,3653.4,40001.2,5933.8,21274.1,24.7,0,
2017-12-22 05:43:28,0,1,2,9.0,3654.0,40001.5,6000.4,21517.7,24.7,0,
2017-12-22 05:43:31,0,1,2,9.0,3654.5,40001.2,6000.4,21517.7,24.7,0,
2017-12-22 05:43:34,0,1,2,9.1,3655.1,40001.2,6067.1,21761.4,24.6,0,
2017-12-22 05:43:37,0,1,2,9.1,3655.8,40001.3,6067.1,21761.4,24.6,0,
2017-12-22 05:43:40,0,1,2,9.2,3656.4,40001.2,6133.8,22005.2,24.6,0,
2017-12-22 05:43:43,0,1,2,9.2,3656.9,40001.2,6133.8,22005.2,24.7,0,
2017-12-22 05:43:46,0,1,2,9.3,3657.6,40001.0,6200.5,22249.0,24.7,0,
2017-12-22 05:43:49,0,1,2,9.3,3658.0,40001.3,6200.5,22249.0,24.7,0,
2017-12-22 05:43:53,0,1,2,9.4,3658.7,40001.0,6267.1,22492.9,24.7,0,
2017-12-22 05:43:56,0,1,2,9.4,3659.3,40000.9,6267.1,22492.9,24.7,0,
2017-12-22 05:43:59,0,1,2,9.5,3659.8,40001.0,6333.8,22736.9,24.7,0,
2017-12-22 05:44:02,0,1,2,9.5,3660.5,40001.0,6333.8,22736.9,24.7,0,
2017-12-22 05:44:05,0,1,2,9.6,3661.0,40001.0,6400.5,22980.9,24.7,0,
2017-12-22 05:44:08,0,1,2,9.6,3661.4,40000.8,6400.5,22980.9,24.6,0,
2017-12-22 05:44:11,0,1,2,9.7,3662.1,40001.0,6467.1,23225.1,24.6,0,
2017-12-22 05:44:14,0,1,2,9.7,3662.6,40000.5,6467.1,23225.1,24.6,0,
2017-12-22 05:44:17,0,1,2,9.8,3663.2,40001.0,6533.8,23469.3,24.6,0,
2017-12-22 05:44:20,0,1,2,9.8,3663.8,40000.8,6533.8,23469.3,24.6,0,
2017-12-22 05:44:24,0,1,2,9.9,3664.3,40000.9,6600.5,23713.6,24.6,0,
2017-12-22 05:44:27,0,1,2,9.9,3664.8,40000.7,6600.5,23713.6,24.6,0,
2017-12-22 05:44:30,0,1,2,10.0,3665.4,40000.8,6667.1,23957.9,24.6,0,
2017-12-22 05:44:33,0,1,2,10.0,3666.0,40000.6,6667.1,23957.9,24.6,0,
2017-12-22 05:44:36,0,1,2,10.1,3666.4,40000.8,6733.8,24202.3,24.6,0,
2017-12-22 05:44:40,0,1,2,10.2,3667.1,40000.8,6800.5,24446.8,24.6,0,
2017-12-22 05:44:43,0,1,2,10.2,3667.6,40000.8,6800.5,24446.8,24.6,0,
2017-12-22 05:44:46,0,1,2,10.3,3668.1,40000.7,6867.1,24691.4,24.6,0,
2017-12-22 05:44:49,0,1,2,10.3,3668.7,40000.8,6867.1,24691.4,24.7,0,
2017-12-22 05:44:52,0,1,2,10.4,3669.1,40001.0,6933.8,24936.0,24.7,0,
2017-12-22 05:44:55,0,1,2,10.4,3669.7,40000.7,6933.8,24936.0,24.7,0,
2017-12-22 05:44:58,0,1,2,10.5,3670.2,40000.9,7000.5,25180.7,24.7,0,
2017-12-22 05:45:02,0,1,2,10.5,3670.7,40000.7,7000.5,25180.7,24.7,0,
2017-12-22 05:45:05,0,1,2,10.6,3671.3,40000.5,7067.2,25425.4,24.7,0,
2017-12-22 05:45:08,0,1,2,10.6,3671.8,40000.8,7067.2,25425.4,24.7,0,
2017-12-22 05:45:11,0,1,2,10.7,3672.3,40000.5,7133.8,25670.2,24.7,0,
2017-12-22 05:45:15,0,1,2,10.7,3672.7,40000.7,7133.8,25670.2,24.7,0,
2017-12-22 05:45:18,0,1,2,10.8,3673.2,40000.3,7200.5,25915.1,24.6,0,
2017-12-22 05:45:21,0,1,2,10.8,3673.7,40000.7,7200.5,25915.1,24.6,0,
2017-12-22 05:45:24,0,1,2,10.9,3674.0,40000.5,7267.2,26160.0,24.6,0,
2017-12-22 05:45:27,0,1,2,10.9,3674.5,40000.7,7267.2,26160.0,24.6,0,
2017-12-22 05:45:30,0,1,2,11.0,3675.0,40000.5,7333.8,26405.0,24.6,0,
2017-12-22 05:45:33,0,1,2,11.0,3675.5,40000.4,7333.8,26405.0,24.6,0,
2017-12-22 05:45:36,0,1,2,11.1,3676.0,40000.3,7400.5,26650.0,24.6,0,
2017-12-22 05:45:39,0,1,2,11.1,3676.3,40000.2,7400.5,26650.0,24.6,0,
2017-12-22 05:45:42,0,1,2,11.2,3676.8,40000.5,7467.2,26895.1,24.6,0,
2017-12-22 05:45:45,0,1,2,11.3,3677.2,40000.5,7533.8,27140.3,24.6,0,
2017-12-22 05:45:49,0,1,2,11.3,3677.6,40000.4,7533.8,27140.3,24.6,0,
2017-12-22 05:45:52,0,1,2,11.4,3678.0,40000.6,7600.5,27385.5,24.7,0,
2017-12-22 05:45:55,0,1,2,11.4,3678.6,40000.6,7600.5,27385.5,24.7,0,
2017-12-22 05:45:58,0,1,2,11.5,3679.0,40000.8,7667.2,27630.8,24.7,0,
2017-12-22 05:46:01,0,1,2,11.5,3679.3,40000.5,7667.2,27630.8,24.7,0,
2017-12-22 05:46:04,0,1,2,11.6,3679.8,40000.5,7733.8,27876.1,24.7,0,
2017-12-22 05:46:07,0,1,2,11.6,3680.2,40000.4,7733.8,27876.1,24.6,0,
2017-12-22 05:46:10,0,1,2,11.7,3680.6,40000.5,7800.5,28121.5,24.7,0,
2017-12-22 05:46:13,0,1,2,11.7,3681.1,40000.3,7800.5,28121.5,24.7,0,
2017-12-22 05:46:16,0,1,2,11.8,3681.5,40000.4,7867.2,28366.9,24.6,0,
2017-12-22 05:46:19,0,1,2,11.8,3681.9,40000.3,7867.2,28366.9,24.7,0,
2017-12-22 05:46:22,0,1,2,11.9,3682.3,40000.5,7933.8,28612.4,24.6,0,
2017-12-22 05:46:25,0,1,2,11.9,3682.6,40000.3,7933.8,28612.4,24.6,0,
2017-12-22 05:46:28,0,1,2,12.0,3682.9,40000.5,8000.5,28857.9,24.6,0,
2017-12-22 05:46:32,0,1,2,12.0,3683.3,40000.5,8000.5,28857.9,24.6,0,
2017-12-22 05:46:35,0,1,2,12.1,3683.7,40000.3,8067.2,29103.5,24.6,0,
2017-12-22 05:46:38,0,1,2,12.1,3684.2,40000.0,8067.2,29103.5,24.6,0,
2017-12-22 05:46:41,0,1,2,12.2,3684.5,40000.0,8133.8,29349.1,24.6,0,
2017-12-22 05:46:44,0,1,2,12.2,3685.0,40000.0,8133.8,29349.1,24.6,0,
2017-12-22 05:46:47,0,1,2,12.3,3685.5,40000.0,8200.5,29594.8,24.6,0,
2017-12-22 05:46:50,0,1,2,12.3,3685.7,39999.7,8200.5,29594.8,24.6,0,
2017-12-22 05:46:53,0,1,2,12.4,3686.0,40000.0,8267.2,29840.5,24.6,0,
2017-12-22 05:46:56,0,1,2,12.4,3686.4,40000.0,8267.2,29840.5,24.6,0,
2017-12-22 05:46:59,0,1,2,12.5,3686.7,40000.0,8333.8,30086.2,24.6,0,
2017-12-22 05:47:03,0,1,2,12.5,3687.1,40000.0,8333.8,30086.2,24.6,0,
2017-12-22 05:47:06,0,1,2,12.6,3687.5,40000.0,8400.5,30332.1,24.6,0,
2017-12-22 05:47:09,0,1,2,12.6,3687.9,40000.0,8400.5,30332.1,24.6,0,
2017-12-22 05:47:12,0,1,2,12.7,3688.4,39999.8,8467.2,30577.9,24.6,0,
2017-12-22 05:47:15,0,1,2,12.7,3688.7,40000.0,8467.2,30577.9,24.6,0,
2017-12-22 05:47:18,0,1,2,12.8,3689.0,40000.3,8533.8,30823.9,24.6,0,
2017-12-22 05:47:21,0,1,2,12.8,3689.5,40000.0,8533.8,30823.9,24.6,0,
2017-12-22 05:47:24,0,1,2,12.9,3689.8,39999.7,8600.5,31069.8,24.6,0,
2017-12-22 05:47:27,0,1,2,13.0,3690.0,40000.0,8667.2,31315.8,24.7,0,
2017-12-22 05:47:30,0,1,2,13.0,3690.5,40000.3,8667.2,31315.8,24.7,0,
2017-12-22 05:47:33,0,1,2,13.1,3690.7,39999.9,8733.8,31561.9,24.7,0,
2017-12-22 05:47:36,0,1,2,13.1,3691.0,40000.3,8733.8,31561.9,24.7,0,
2017-12-22 05:47:39,0,1,2,13.2,3691.5,39999.9,8800.5,31808.0,24.7,0,
2017-12-22 05:47:43,0,1,2,13.2,3691.8,40000.0,8800.5,31808.0,24.7,0,
2017-12-22 05:47:46,0,1,2,13.3,3692.1,39999.9,8867.2,32054.1,24.6,0,
2017-12-22 05:47:49,0,1,2,13.3,3692.5,39999.7,8867.2,32054.1,24.6,0,
2017-12-22 05:47:52,0,1,2,13.4,3693.0,40000.0,8933.8,32300.3,24.6,0,
2017-12-22 05:47:55,0,1,2,13.4,3693.3,40000.0,8933.8,32300.3,24.7,0,
2017-12-22 05:47:58,0,1,2,13.5,3693.5,40000.0,9000.5,32546.5,24.7,0,
2017-12-22 05:48:01,0,1,2,13.5,3694.0,39999.7,9000.5,32546.5,24.7,0,
2017-12-22 05:48:04,0,1,2,13.6,3694.2,39999.7,9067.2,32792.8,24.7,0,
2017-12-22 05:48:07,0,1,2,13.6,3694.7,39999.8,9067.2,32792.8,24.7,0,
2017-12-22 05:48:10,0,1,2,13.7,3695.0,39999.8,9133.8,33039.1,24.7,0,
2017-12-22 05:48:13,0,1,2,13.7,3695.1,40000.0,9133.8,33039.1,24.7,0,
2017-12-22 05:48:16,0,1,2,13.8,3695.5,40000.3,9200.5,33285.5,24.7,0,
2017-12-22 05:48:19,0,1,2,13.8,3695.8,40000.3,9200.5,33285.5,24.7,0,
2017-12-22 05:48:22,0,1,2,13.9,3696.3,40000.2,9267.2,33531.9,24.7,0,
2017-12-22 05:48:26,0,1,2,13.9,3696.5,40000.3,9267.2,33531.9,24.7,0,
2017-12-22 05:48:29,0,1,2,14.0,3696.8,39999.3,9333.8,33778.3,24.7,0,
2017-12-22 05:48:32,0,1,2,14.0,3697.2,40000.2,9333.8,33778.3,24.7,0,
2017-12-22 05:48:35,0,1,2,14.1,3697.6,40000.0,9400.5,34024.8,24.7,0,
2017-12-22 05:48:38,0,1,2,14.1,3698.0,39999.8,9400.5,34024.8,24.7,0,
2017-12-22 05:48:41,0,1,2,14.2,3698.3,40000.0,9467.2,34271.4,24.8,0,
2017-12-22 05:48:44,0,1,2,14.2,3698.7,40000.2,9467.2,34271.4,24.7,0,
2017-12-22 05:48:47,0,1,2,14.3,3698.9,39999.9,9533.8,34517.9,24.7,0,
2017-12-22 05:48:50,0,1,2,14.3,3699.3,40000.0,9533.8,34517.9,24.7,0,
2017-12-22 05:48:53,0,1,2,14.4,3699.6,40000.3,9600.5,34764.6,24.7,0,
2017-12-22 05:48:57,0,1,2,14.4,3699.9,40000.2,9600.5,34764.6,24.7,0,
2017-12-22 05:49:00,0,1,2,14.5,3700.3,40000.2,9667.2,35011.2,24.7,0,
2017-12-22 05:49:03,0,1,2,14.5,3700.5,39999.9,9667.2,35011.2,24.7,0,
2017-12-22 05:49:06,0,1,2,14.6,3701.0,40000.0,9733.8,35257.9,24.7,0,
2017-12-22 05:49:09,0,1,2,14.7,3701.2,40000.0,9800.5,35504.7,24.7,0,
2017-12-22 05:49:12,0,1,2,14.7,3701.7,39999.9,9800.5,35504.7,24.7,0,
2017-12-22 05:49:15,0,1,2,14.8,3702.0,40000.0,9867.2,35751.5,24.7,0,
2017-12-22 05:49:19,0,1,2,14.8,3702.3,39999.8,9867.2,35751.5,24.7,0,
2017-12-22 05:49:22,0,1,2,14.9,3702.6,40000.0,9933.8,35998.3,24.7,0,
2017-12-22 05:49:25,0,1,2,14.9,3702.8,40000.0,9933.8,35998.3,24.7,0,
2017-12-22 05:49:28,0,1,2,15.0,3703.2,40000.0,10000.5,36245.2,24.7,0,
2017-12-22 05:49:31,0,1,2,15.0,3703.5,40000.0,10000.5,36245.2,24.6,0,
2017-12-22 05:49:34,0,1,2,15.1,3703.8,40000.2,10067.2,36492.1,24.6,0,
2017-12-22 05:49:37,0,1,2,15.1,3704.2,40000.0,10067.2,36492.1,24.6,0,
2017-12-22 05:49:40,0,1,2,15.2,3704.5,39999.9,10133.8,36739.1,24.6,0,
2017-12-22 05:49:43,0,1,2,15.2,3704.9,40000.2,10133.8,36739.1,24.6,0,
2017-12-22 05:49:47,0,1,2,15.3,3705.2,40000.3,10200.5,36986.1,24.6,0,
2017-12-22 05:49:50,0,1,2,15.3,3705.5,40000.0,10200.5,36986.1,24.6,0,
2017-12-22 05:49:53,0,1,2,15.4,3705.9,40000.0,10267.2,37233.2,24.6,0,
2017-12-22 05:49:56,0,1,2,15.4,3706.3,40000.0,10267.2,37233.2,24.6,0,
2017-12-22 05:49:59,0,1,2,15.5,3706.6,39999.9,10333.8,37480.2,24.6,0,
2017-12-22 05:50:02,0,1,2,15.5,3707.0,39999.8,10333.8,37480.2,24.6,0,
2017-12-22 05:50:05,0,1,2,15.6,3707.2,40000.0,10400.5,37727.4,24.6,0,
2017-12-22 05:50:08,0,1,2,15.6,3707.5,40000.0,10400.5,37727.4,24.6,0,
2017-12-22 05:50:11,0,1,2,15.7,3707.9,40000.0,10467.2,37974.6,24.6,0,
2017-12-22 05:50:14,0,1,2,15.7,3708.2,40000.0,10467.2,37974.6,24.6,0,
2017-12-22 05:50:17,0,1,2,15.8,3708.5,40000.0,10533.8,38221.8,24.6,0,
2017-12-22 05:50:21,0,1,2,15.8,3708.8,39999.9,10533.8,38221.8,24.6,0,
2017-12-22 05:50:24,0,1,2,15.9,3709.1,40000.2,10600.5,38469.1,24.6,0,
2017-12-22 05:50:27,0,1,2,15.9,3709.6,40000.0,10600.5,38469.1,24.6,0,
2017-12-22 05:50:30,0,1,2,16.0,3710.0,40000.0,10667.2,38716.4,24.6,0,
2017-12-22 05:50:33,0,1,2,16.0,3710.3,39999.7,10667.2,38716.4,24.7,0,
2017-12-22 05:50:37,0,1,2,16.1,3710.7,40000.0,10733.8,38963.7,24.6,0,
2017-12-22 05:50:40,0,1,2,16.2,3711.0,39999.7,10800.5,39211.1,24.6,0,
2017-12-22 05:50:43,0,1,2,16.2,3711.3,40000.0,10800.5,39211.1,24.6,0,
2017-12-22 05:50:46,0,1,2,16.3,3711.6,40000.2,10867.2,39458.6,24.6,0,
2017-12-22 05:50:49,0,1,2,16.3,3712.0,39999.8,10867.2,39458.6,24.7,0,
2017-12-22 05:50:52,0,1,2,16.4,3712.3,40000.2,10933.8,39706.0,24.7,0,
2017-12-22 05:50:55,0,1,2,16.4,3712.5,39999.7,10933.8,39706.0,24.7,0,
2017-12-22 05:50:58,0,1,2,16.5,3712.8,40000.0,11000.5,39953.6,24.7,0,
2017-12-22 05:51:01,0,1,2,16.5,3713.3,39999.7,11000.5,39953.6,24.7,0,
2017-12-22 05:51:04,0,1,2,16.6,3713.5,39999.7,11067.2,40201.1,24.7,0,
2017-12-22 05:51:07,0,1,2,16.6,3713.8,39999.8,11067.2,40201.1,24.7,0,
2017-12-22 05:51:10,0,1,2,16.7,3714.3,39999.9,11133.8,40448.8,24.7,0,
2017-12-22 05:51:13,0,1,2,16.7,3714.5,39999.7,11133.8,40448.8,24.6,0,
2017-12-22 05:51:16,0,1,2,16.8,3714.9,39999.8,11200.5,40696.4,24.6,0,
2017-12-22 05:51:19,0,1,2,16.8,3715.2,39999.8,11200.5,40696.4,24.6,0,
2017-12-22 05:51:22,0,1,2,16.9,3715.7,39999.8,11267.2,40944.1,24.6,0,
2017-12-22 05:51:25,0,1,2,16.9,3715.9,40000.0,11267.2,40944.1,24.7,0,
2017-12-22 05:51:28,0,1,2,17.0,3716.3,39999.8,11333.8,41191.9,24.7,0,
2017-12-22 05:51:31,0,1,2,17.0,3716.6,39999.8,11333.8,41191.9,24.6,0,
2017-12-22 05:51:34,0,1,2,17.1,3716.9,39999.7,11400.5,41439.7,24.7,0,
2017-12-22 05:51:37,0,1,2,17.1,3717.2,39999.7,11400.5,41439.7,24.7,0,
2017-12-22 05:51:41,0,1,2,17.2,3717.5,40000.0,11467.2,41687.5,24.7,0,
2017-12-22 05:51:44,0,1,2,17.2,3718.0,39999.7,11467.2,41687.5,24.6,0,
2017-12-22 05:51:47,0,1,2,17.3,3718.3,39999.8,11533.8,41935.4,24.6,0,
2017-12-22 05:51:50,0,1,2,17.3,3718.6,39999.8,11533.8,41935.4,24.6,0,
2017-12-22 05:51:53,0,1,2,17.4,3719.1,40000.0,11600.5,42183.3,24.6,0,
2017-12-22 05:51:56,0,1,2,17.4,3719.4,39999.7,11600.5,42183.3,24.6,0,
2017-12-22 05:51:59,0,1,2,17.5,3719.9,39999.7,11667.2,42431.2,24.7,0,
2017-12-22 05:52:03,0,1,2,17.5,3720.0,40000.2,11667.2,42431.2,24.7,0,
2017-12-22 05:52:06,0,1,2,17.6,3720.5,39999.8,11733.8,42679.3,24.7,0,
2017-12-22 05:52:09,0,1,2,17.6,3720.8,39999.7,11733.8,42679.3,24.8,0,
2017-12-22 05:52:12,0,1,2,17.7,3721.1,39999.8,11800.5,42927.3,24.7,0,
2017-12-22 05:52:15,0,1,2,17.7,3721.5,40000.0,11800.5,42927.3,24.8,0,
2017-12-22 05:52:18,0,1,2,17.8,3721.9,39999.8,11867.2,43175.4,24.8,0,
2017-12-22 05:52:21,0,1,2,17.8,3722.3,39999.8,11867.2,43175.4,24.8,0,
2017-12-22 05:52:25,0,1,2,17.9,3722.6,39999.7,11933.8,43423.6,24.8,0,
2017-12-22 05:52:28,0,1,2,18.0,3723.0,40000.0,12000.5,43671.8,24.7,0,
2017-12-22 05:52:31,0,1,2,18.0,3723.5,40000.0,12000.5,43671.8,24.7,0,
2017-12-22 05:52:34,0,1,2,18.1,3723.8,39999.8,12067.2,43920.0,24.7,0,
2017-12-22 05:52:37,0,1,2,18.1,3724.0,39999.7,12067.2,43920.0,24.8,0,
2017-12-22 05:52:40,0,1,2,18.2,3724.4,39999.7,12133.8,44168.3,24.7,0,
2017-12-22 05:52:43,0,1,2,18.2,3724.9,39999.7,12133.8,44168.3,24.7,0,
2017-12-22 05:52:46,0,1,2,18.3,3725.3,39999.8,12200.5,44416.6,24.7,0,
2017-12-22 05:52:50,0,1,2,18.3,3725.6,39999.8,12200.5,44416.6,24.7,0,
2017-12-22 05:52:53,0,1,2,18.4,3725.8,39999.2,12267.2,44665.0,24.8,0,
2017-12-22 05:52:56,0,1,2,18.4,3726.3,39999.7,12267.2,44665.0,24.8,0,
2017-12-22 05:52:59,0,1,2,18.5,3726.7,39999.7,12333.8,44913.4,24.8,0,
2017-12-22 05:53:02,0,1,2,18.5,3727.2,39999.6,12333.8,44913.4,24.8,0,
2017-12-22 05:53:05,0,1,2,18.6,3727.5,39999.8,12400.5,45161.9,24.7,0,
2017-12-22 05:53:09,0,1,2,18.6,3727.9,39999.7,12400.5,45161.9,24.8,0,
2017-12-22 05:53:12,0,1,2,18.7,3728.3,39999.5,12467.2,45410.4,24.8,0,
2017-12-22 05:53:15,0,1,2,18.7,3728.5,39999.7,12467.2,45410.4,24.8,0,
2017-12-22 05:53:18,0,1,2,18.8,3729.1,39999.8,12533.8,45659.0,24.8,0,
2017-12-22 05:53:21,0,1,2,18.9,3729.4,39999.5,12600.5,45907.6,24.8,0,
2017-12-22 05:53:25,0,1,2,18.9,3729.8,39999.9,12600.5,45907.6,24.8,0,
2017-12-22 05:53:28,0,1,2,19.0,3730.3,39999.5,12667.1,46156.3,24.7,0,
2017-12-22 05:53:31,0,1,2,19.0,3730.6,39999.7,12667.1,46156.3,24.8,0,
2017-12-22 05:53:34,0,1,2,19.1,3731.0,39999.4,12733.8,46405.0,24.8,0,
2017-12-22 05:53:37,0,1,2,19.1,3731.5,39999.7,12733.8,46405.0,24.7,0,
2017-12-22 05:53:41,0,1,2,19.2,3731.7,39999.7,12800.5,46653.8,24.7,0,
2017-12-22 05:53:44,0,1,2,19.2,3732.3,39999.6,12800.5,46653.8,24.7,0,
2017-12-22 05:53:47,0,1,2,19.3,3732.6,39999.5,12867.1,46902.6,24.8,0,
2017-12-22 05:53:50,0,1,2,19.3,3733.1,39999.7,12867.1,46902.6,24.8,0,
2017-12-22 05:53:53,0,1,2,19.4,3733.5,39999.7,12933.8,47151.5,24.7,0,
2017-12-22 05:53:56,0,1,2,19.4,3733.7,39999.5,12933.8,47151.5,24.8,0,
2017-12-22 05:53:59,0,1,2,19.5,3734.1,39999.7,13000.5,47400.4,24.8,0,
2017-12-22 05:54:03,0,1,2,19.5,3734.7,39999.8,13000.5,47400.4,24.8,0,
2017-12-22 05:54:06,0,1,2,19.6,3735.0,39999.7,13067.1,47649.4,24.8,0,
2017-12-22 05:54:09,0,1,2,19.6,3735.5,39999.5,13067.1,47649.4,24.8,0,
2017-12-22 05:54:12,0,1,2,19.7,3735.9,39999.5,13133.8,47898.4,24.8,0,
2017-12-22 05:54:15,0,1,2,19.7,3736.2,39999.7,13133.8,47898.4,24.8,0,
2017-12-22 05:54:18,0,1,2,19.8,3736.5,39999.5,13200.5,48147.5,24.8,0,
2017-12-22 05:54:21,0,1,2,19.8,3736.9,39999.6,13200.5,48147.5,24.8,0,
2017-12-22 05:54:24,0,1,2,19.9,3737.4,39999.6,13267.1,48396.6,24.8,0,
2017-12-22 05:54:28,0,1,2,20.0,3737.9,39999.0,13333.8,48645.8,24.8,0,
2017-12-22 05:54:31,0,1,2,20.0,3738.3,39999.7,13333.8,48645.8,24.8,0,
2017-12-22 05:54:34,0,1,2,20.1,3738.8,39999.3,13400.5,48895.0,24.8,0,
2017-12-22 05:54:37,0,1,2,20.1,3739.1,39999.5,13400.5,48895.0,24.7,0,
2017-12-22 05:54:40,0,1,2,20.2,3739.5,39999.6,13467.1,49144.3,24.7,0,
2017-12-22 05:54:43,0,1,2,20.2,3739.9,39999.5,13467.1,49144.3,24.7,0,
2017-12-22 05:54:46,0,1,2,20.3,3740.4,39999.5,13533.8,49393.7,24.7,0,
2017-12-22 05:54:49,0,1,2,20.3,3740.8,39999.5,13533.8,49393.7,24.7,0,
2017-12-22 05:54:52,0,1,2,20.4,3741.3,39999.5,13600.5,49643.1,24.6,0,
2017-12-22 05:54:55,0,1,2,20.4,3741.5,39999.5,13600.5,49643.1,24.6,0,
2017-12-22 05:54:58,0,1,2,20.5,3742.0,39999.2,13667.1,49892.5,24.6,0,
2017-12-22 05:55:01,0,1,2,20.5,3742.6,39999.3,13667.1,49892.5,24.6,0,
2017-12-22 05:55:04,0,1,2,20.6,3742.9,39999.5,13733.8,50142.0,24.6,0,
2017-12-22 05:55:07,0,1,2,20.6,3743.3,39999.5,13733.8,50142.0,24.6,0,
2017-12-22 05:55:11,0,1,2,20.7,3743.9,39999.5,13800.4,50391.6,24.6,0,
2017-12-22 05:55:14,0,1,2,20.7,3744.2,39999.7,13800.4,50391.6,24.6,0,
2017-12-22 05:55:17,0,1,2,20.8,3744.8,39999.5,13867.1,50641.2,24.7,0,
2017-12-22 05:55:20,0,1,2,20.8,3745.2,39999.7,13867.1,50641.2,24.7,0,
2017-12-22 05:55:23,0,1,2,20.9,3745.6,39999.4,13933.8,50890.9,24.7,0,
2017-12-22 05:55:26,0,1,2,20.9,3746.1,39999.5,13933.8,50890.9,24.7,0,
2017-12-22 05:55:29,0,1,2,21.0,3746.4,39999.8,14000.4,51140.7,24.7,0,
2017-12-22 05:55:33,0,1,2,21.0,3747.0,39999.7,14000.4,51140.7,24.7,0,
2017-12-22 05:55:36,0,1,2,21.1,3747.4,39999.4,14067.1,51390.5,24.8,0,
2017-12-22 05:55:39,0,1,2,21.1,3748.0,39999.6,14067.1,51390.5,24.8,0,
2017-12-22 05:55:42,0,1,2,21.2,3748.5,39999.4,14133.8,51640.3,24.8,0,
2017-12-22 05:55:46,0,1,2,21.3,3748.8,39999.5,14200.4,51890.2,24.8,0,
2017-12-22 05:55:49,0,1,2,21.3,3749.3,39999.5,14200.4,51890.2,24.8,0,
2017-12-22 05:55:52,0,1,2,21.4,3749.8,39999.5,14267.1,52140.2,24.8,0,
2017-12-22 05:55:55,0,1,2,21.4,3750.3,39999.3,14267.1,52140.2,24.8,0,
2017-12-22 05:55:58,0,1,2,21.5,3750.7,39999.7,14333.8,52390.2,24.8,0,
2017-12-22 05:56:01,0,1,2,21.5,3751.1,39999.3,14333.8,52390.2,24.8,0,
2017-12-22 05:56:04,0,1,2,21.6,3751.5,39999.5,14400.4,52640.3,24.8,0,
2017-12-22 05:56:07,0,1,2,21.6,3752.0,39999.3,14400.4,52640.3,24.8,0,
2017-12-22 05:56:10,0,1,2,21.7,3752.3,39999.7,14467.1,52890.5,24.8,0,
2017-12-22 05:56:13,0,1,2,21.7,3752.9,39999.5,14467.1,52890.5,24.8,0,
2017-12-22 05:56:16,0,1,2,21.8,3753.4,39999.3,14533.8,53140.7,24.8,0,
2017-12-22 05:56:19,0,1,2,21.8,3753.9,39999.5,14533.8,53140.7,24.8,0,
2017-12-22 05:56:23,0,1,2,21.9,3754.4,39999.5,14600.4,53391.0,24.8,0,
2017-12-22 05:56:26,0,1,2,21.9,3754.9,39999.6,14600.4,53391.0,24.8,0,
2017-12-22 05:56:29,0,1,2,22.0,3755.4,39999.7,14667.1,53641.3,24.8,0,
2017-12-22 05:56:32,0,1,2,22.0,3755.9,39999.5,14667.1,53641.3,24.8,0,
2017-12-22 05:56:35,0,1,2,22.1,3756.3,39999.5,14733.8,53891.7,24.8,0,
2017-12-22 05:56:38,0,1,2,22.1,3756.9,39999.5,14733.8,53891.7,24.8,0,
2017-12-22 05:56:42,0,1,2,22.2,3757.3,39999.7,14800.4,54142.2,24.8,0,
2017-12-22 05:56:45,0,1,2,22.2,3757.9,39999.6,14800.4,54142.2,24.8,0,
2017-12-22 05:56:48,0,1,2,22.3,3758.3,39999.8,14867.1,54392.7,24.8,0,
2017-12-22 05:56:51,0,1,2,22.3,3758.9,39999.5,14867.1,54392.7,24.8,0,
2017-12-22 05:56:55,0,1,2,22.4,3759.3,39999.5,14933.8,54643.3,24.8,0,
2017-12-22 05:56:58,0,1,2,22.5,3759.8,39999.5,15000.4,54894.0,24.8,0,
2017-12-22 05:57:01,0,1,2,22.5,3760.5,39999.5,15000.4,54894.0,24.8,0,
2017-12-22 05:57:04,0,1,2,22.6,3760.9,39999.3,15067.1,55144.7,24.8,0,
2017-12-22 05:57:07,0,1,2,22.6,3761.4,39999.7,15067.1,55144.7,24.8,0,
2017-12-22 05:57:10,0,1,2,22.7,3761.9,39999.5,15133.8,55395.5,24.8,0,
2017-12-22 05:57:13,0,1,2,22.7,3762.5,39999.3,15133.8,55395.5,24.7,0,
2017-12-22 05:57:16,0,1,2,22.8,3763.0,39999.5,15200.4,55646.3,24.8,0,
2017-12-22 05:57:20,0,1,2,22.8,3763.5,39999.6,15200.4,55646.3,24.8,0,
2017-12-22 05:57:23,0,1,2,22.9,3764.0,39999.7,15267.1,55897.2,24.7,0,
2017-12-22 05:57:26,0,1,2,22.9,3764.6,39999.2,15267.1,55897.2,24.8,0,
2017-12-22 05:57:29,0,1,2,23.0,3765.2,39999.5,15333.7,56148.2,24.8,0,
2017-12-22 05:57:32,0,1,2,23.0,3765.7,39999.4,15333.7,56148.2,24.8,0,
2017-12-22 05:57:36,0,1,2,23.1,3766.2,39999.3,15400.4,56399.3,24.8,0,
2017-12-22 05:57:39,0,1,2,23.1,3766.9,39999.5,15400.4,56399.3,24.8,0,
2017-12-22 05:57:42,0,1,2,23.2,3767.2,39999.7,15467.1,56650.4,24.8,0,
2017-12-22 05:57:45,0,1,2,23.2,3767.8,39999.2,15467.1,56650.4,24.8,0,
2017-12-22 05:57:48,0,1,2,23.3,3768.3,39999.7,15533.7,56901.6,24.8,0,
2017-12-22 05:57:51,0,1,2,23.4,3768.9,39999.6,15600.4,57152.8,24.8,0,
2017-12-22 05:57:55,0,1,2,23.4,3769.5,39999.4,15600.4,57152.8,24.8,0,
2017-12-22 05:57:58,0,1,2,23.5,3770.0,39999.5,15667.1,57404.1,24.8,0,
2017-12-22 05:58:01,0,1,2,23.5,3770.5,39999.7,15667.1,57404.1,24.8,0,
2017-12-22 05:58:04,0,1,2,23.6,3771.0,39999.5,15733.7,57655.5,24.8,0,
2017-12-22 05:58:07,0,1,2,23.6,3771.6,39999.5,15733.7,57655.5,24.8,0,
2017-12-22 05:58:10,0,1,2,23.7,3772.2,39999.5,15800.4,57907.0,24.8,0,
2017-12-22 05:58:14,0,1,2,23.7,3772.7,39999.4,15800.4,57907.0,24.8,0,
2017-12-22 05:58:17,0,1,2,23.8,3773.4,39999.2,15867.1,58158.5,24.8,0,
2017-12-22 05:58:20,0,1,2,23.8,3774.0,39999.4,15867.1,58158.5,24.8,0,
2017-12-22 05:58:23,0,1,2,23.9,3774.5,39999.5,15933.7,58410.1,24.8,0,
2017-12-22 05:58:26,0,1,2,23.9,3775.1,39999.5,15933.7,58410.1,24.9,0,
2017-12-22 05:58:29,0,1,2,24.0,3775.7,39999.5,16000.4,58661.8,24.9,0,
2017-12-22 05:58:33,0,1,2,24.0,3776.3,39998.8,16000.4,58661.8,24.8,0,
2017-12-22 05:58:36,0,1,2,24.1,3776.8,39999.2,16067.1,58913.5,24.9,0,
2017-12-22 05:58:39,0,1,2,24.1,3777.4,39999.3,16067.1,58913.5,24.8,0,
2017-12-22 05:58:42,0,1,2,24.2,3778.0,39999.2,16133.7,59165.4,24.9,0,
2017-12-22 05:58:45,0,1,2,24.3,3778.6,39999.4,16200.4,59417.3,24.9,0,
2017-12-22 05:58:49,0,1,2,24.3,3779.3,39998.6,16200.4,59417.3,24.9,0,
2017-12-22 05:58:52,0,1,2,24.4,3779.8,39999.2,16267.1,59669.3,24.9,0,
2017-12-22 05:58:55,0,1,2,24.4,3780.4,39999.2,16267.1,59669.3,24.8,0,
2017-12-22 05:58:58,0,1,2,24.5,3781.0,39999.3,16333.7,59921.3,24.8,0,
2017-12-22 05:59:01,0,1,2,24.5,3781.6,39998.8,16333.7,59921.3,24.8,0,
2017-12-22 05:59:05,0,1,2,24.6,3782.3,39999.0,16400.4,60173.4,24.8,0,
2017-12-22 05:59:08,0,1,2,24.6,3782.7,39999.2,16400.4,60173.4,24.8,0,
2017-12-22 05:59:11,0,1,2,24.7,3783.4,39999.0,16467.0,60425.6,24.8,0,
2017-12-22 05:59:14,0,1,2,24.7,3784.0,39999.0,16467.0,60425.6,24.8,0,
2017-12-22 05:59:17,0,1,2,24.8,3784.6,39998.8,16533.7,60677.9,24.8,0,
2017-12-22 05:59:20,0,1,2,24.8,3785.2,39999.0,16533.7,60677.9,24.8,0,
2017-12-22 05:59:23,0,1,2,24.9,3785.8,39998.7,16600.4,60930.2,24.8,0,
2017-12-22 05:59:27,0,1,2,24.9,3786.4,39999.0,16600.4,60930.2,24.8,0,
2017-12-22 05:59:30,0,1,2,25.0,3786.9,39999.0,16667.0,61182.7,24.8,0,
2017-12-22 05:59:33,0,1,2,25.0,3787.6,39999.0,16667.0,61182.7,24.8,0,
2017-12-22 05:59:36,0,1,2,25.1,3788.2,39998.9,16733.7,61435.2,24.8,0,
2017-12-22 05:59:39,0,1,2,25.1,3788.8,39999.0,16733.7,61435.2,24.8,0,
2017-12-22 05:59:42,0,1,2,25.2,3789.4,39999.5,16800.4,61687.8,24.8,0,
2017-12-22 05:59:45,0,1,2,25.2,3790.2,39999.2,16800.4,61687.8,24.8,0,
2017-12-22 05:59:48,0,1,2,25.3,3790.6,39999.3,16867.0,61940.4,24.8,0,
2017-12-22 05:59:51,0,1,2,25.3,3791.4,39999.0,16867.0,61940.4,24.8,0,
2017-12-22 05:59:54,0,1,2,25.4,3791.8,39999.2,16933.7,62193.2,24.8,0,
2017-12-22 05:59:57,0,1,2,25.4,3792.5,39999.0,16933.7,62193.2,24.8,0,
2017-12-22 06:00:00,0,1,2,25.5,3793.2,39999.0,17000.4,62446.0,24.8,0,
2017-12-22 06:00:04,0,1,2,25.6,3793.8,39999.0,17067.0,62698.9,24.8,0,
2017-12-22 06:00:07,0,1,2,25.6,3794.5,39998.8,17067.0,62698.9,24.8,0,
2017-12-22 06:00:10,0,1,2,25.7,3795.0,39999.0,17133.7,62951.9,24.8,0,
2017-12-22 06:00:13,0,1,2,25.7,3795.7,39998.8,17133.7,62951.9,24.8,0,
2017-12-22 06:00:17,0,1,2,25.8,3796.4,39998.7,17200.3,63205.0,24.8,0,
2017-12-22 06:00:20,0,1,2,25.8,3797.0,39999.0,17200.3,63205.0,24.8,0,
2017-12-22 06:00:23,0,1,2,25.9,3797.8,39998.6,17267.0,63458.1,24.8,0,
2017-12-22 06:00:26,0,1,2,25.9,3798.4,39998.8,17267.0,63458.1,24.8,0,
2017-12-22 06:00:29,0,1,2,26.0,3799.0,39998.8,17333.7,63711.4,24.8,0,
2017-12-22 06:00:32,0,1,2,26.0,3799.8,39998.6,17333.7,63711.4,24.8,0,
2017-12-22 06:00:36,0,1,2,26.1,3800.4,39998.7,17400.3,63964.7,24.8,0,
2017-12-22 06:00:39,0,1,2,26.1,3801.0,39998.5,17400.3,63964.7,24.8,0,
2017-12-22 06:00:42,0,1,2,26.2,3801.7,39998.7,17467.0,64218.1,24.8,0,
2017-12-22 06:00:45,0,1,2,26.2,3802.3,39998.4,17467.0,64218.1,24.8,0,
2017-12-22 06:00:48,0,1,2,26.3,3803.2,39998.5,17533.7,64471.6,24.8,0,
2017-12-22 06:00:51,0,1,2,26.3,3803.8,39998.7,17533.7,64471.6,24.8,0,
2017-12-22 06:00:54,0,1,2,26.4,3804.4,39998.8,17600.3,64725.1,24.8,0,
2017-12-22 06:00:57,0,1,2,26.5,3805.1,39998.8,17667.0,64978.8,24.8,0,
2017-12-22 06:01:01,0,1,2,26.5,3805.8,39998.9,17667.0,64978.8,24.8,0,
2017-12-22 06:01:04,0,1,2,26.6,3806.6,39998.7,17733.6,65232.6,24.8,0,
2017-12-22 06:01:07,0,1,2,26.6,3807.4,39998.5,17733.6,65232.6,24.8,0,
2017-12-22 06:01:10,0,1,2,26.7,3808.0,39998.7,17800.3,65486.4,24.8,0,
2017-12-22 06:01:14,0,1,2,26.7,3808.8,39998.8,17800.3,65486.4,24.8,0,
2017-12-22 06:01:17,0,1,2,26.8,3809.6,39998.7,17867.0,65740.3,24.8,0,
2017-12-22 06:01:20,0,1,2,26.8,3810.2,39998.8,17867.0,65740.3,24.8,0,
2017-12-22 06:01:23,0,1,2,26.9,3811.0,39998.7,17933.6,65994.3,24.8,0,
2017-12-22 06:01:26,0,1,2,26.9,3811.7,39998.5,17933.6,65994.3,24.8,0,
2017-12-22 06:01:29,0,1,2,27.0,3812.4,39998.5,18000.3,66248.5,24.8,0,
2017-12-22 06:01:32,0,1,2,27.0,3813.1,39998.8,18000.3,66248.5,24.8,0,
2017-12-22 06:01:36,0,1,2,27.1,3813.8,39998.7,18067.0,66502.7,24.8,0,
2017-12-22 06:01:39,0,1,2,27.1,3814.5,39998.5,18067.0,66502.7,24.8,0,
2017-12-22 06:01:42,0,1,2,27.2,3815.3,39998.3,18133.6,66757.0,24.8,0,
2017-12-22 06:01:45,0,1,2,27.2,3815.9,39998.5,18133.6,66757.0,24.9,0,
2017-12-22 06:01:48,0,1,2,27.3,3816.6,39998.2,18200.3,67011.3,24.9,0,
2017-12-22 06:01:51,0,1,2,27.3,3817.3,39998.4,18200.3,67011.3,24.9,0,
2017-12-22 06:01:55,0,1,2,27.4,3818.2,39998.4,18266.9,67265.8,24.9,0,
2017-12-22 06:01:58,0,1,2,27.5,3818.7,39998.5,18333.6,67520.4,24.9,0,
2017-12-22 06:02:01,0,1,2,27.5,3819.6,39998.4,18333.6,67520.4,24.9,0,
2017-12-22 06:02:04,0,1,2,27.6,3820.4,39998.4,18400.3,67775.0,24.9,0,
2017-12-22 06:02:07,0,1,2,27.6,3821.0,39998.8,18400.3,67775.0,24.9,0,
2017-12-22 06:02:10,0,1,2,27.7,3821.8,39998.5,18466.9,68029.8,24.9,0,
2017-12-22 06:02:14,0,1,2,27.7,3822.7,39998.0,18466.9,68029.8,24.9,0,
2017-12-22 06:02:17,0,1,2,27.8,3823.5,39998.5,18533.6,68284.6,24.9,0,
2017-12-22 06:02:20,0,1,2,27.8,3824.2,39998.5,18533.6,68284.6,24.9,0,
2017-12-22 06:02:23,0,1,2,27.9,3824.9,39998.5,18600.2,68539.6,24.9,0,
2017-12-22 06:02:26,0,1,2,27.9,3825.7,39998.7,18600.2,68539.6,24.9,0,
2017-12-22 06:02:29,0,1,2,28.0,3826.4,39998.2,18666.9,68794.6,24.9,0,
2017-12-22 06:02:32,0,1,2,28.0,3827.1,39998.3,18666.9,68794.6,25.0,0,
2017-12-22 06:02:35,0,1,2,28.1,3827.9,39998.1,18733.6,69049.8,25.0,0,
2017-12-22 06:02:38,0,1,2,28.1,3828.8,39998.3,18733.6,69049.8,25.0,0,
2017-12-22 06:02:41,0,1,2,28.2,3829.4,39998.5,18800.2,69305.0,25.0,0,
2017-12-22 06:02:44,0,1,2,28.2,3830.2,39998.0,18800.2,69305.0,25.0,0,
2017-12-22 06:02:47,0,1,2,28.3,3831.1,39998.3,18866.9,69560.4,25.0,0,
2017-12-22 06:02:51,0,1,2,28.3,3831.8,39998.2,18866.9,69560.4,25.0,0,
2017-12-22 06:02:54,0,1,2,28.4,3832.6,39998.2,18933.5,69815.8,25.0,0,
2017-12-22 06:02:57,0,1,2,28.4,3833.2,39998.0,18933.5,69815.8,25.0,0,
2017-12-22 06:03:00,0,1,2,28.5,3834.1,39998.0,19000.2,70071.4,25.0,0,
2017-12-22 06:03:03,0,1,2,28.5,3834.9,39998.0,19000.2,70071.4,25.0,0,
2017-12-22 06:03:06,0,1,2,28.6,3835.6,39998.2,19066.9,70327.0,25.0,0,
2017-12-22 06:03:09,0,1,2,28.6,3836.6,39998.3,19066.9,70327.0,24.9,0,
2017-12-22 06:03:12,0,1,2,28.7,3837.3,39998.0,19133.5,70582.7,24.9,0,
2017-12-22 06:03:16,0,1,2,28.8,3838.0,39998.2,19200.2,70838.6,24.9,0,
2017-12-22 06:03:19,0,1,2,28.8,3839.1,39998.2,19200.2,70838.6,24.8,0,
2017-12-22 06:03:22,0,1,2,28.9,3839.8,39998.0,19266.8,71094.5,24.8,0,
2017-12-22 06:03:25,0,1,2,28.9,3840.5,39998.0,19266.8,71094.5,24.8,0,
2017-12-22 06:03:28,0,1,2,29.0,3841.4,39997.7,19333.5,71350.6,24.8,0,
2017-12-22 06:03:31,0,1,2,29.0,3842.2,39997.8,19333.5,71350.6,24.8,0,
2017-12-22 06:03:34,0,1,2,29.1,3843.0,39997.7,19400.2,71606.7,24.8,0,
2017-12-22 06:03:38,0,1,2,29.1,3843.8,39997.9,19400.2,71606.7,24.8,0,
2017-12-22 06:03:41,0,1,2,29.2,3844.6,39998.2,19466.8,71863.0,24.8,0,
2017-12-22 06:03:44,0,1,2,29.2,3845.2,39998.0,19466.8,71863.0,24.9,0,
2017-12-22 06:03:47,0,1,2,29.3,3846.2,39998.0,19533.5,72119.3,24.8,0,
2017-12-22 06:03:50,0,1,2,29.3,3847.1,39998.0,19533.5,72119.3,24.9,0,
2017-12-22 06:03:53,0,1,2,29.4,3847.7,39997.7,19600.1,72375.8,24.9,0,
2017-12-22 06:03:56,0,1,2,29.4,3848.6,39997.7,19600.1,72375.8,24.9,0,
2017-12-22 06:03:59,0,1,2,29.5,3849.6,39997.5,19666.8,72632.4,24.9,0,
2017-12-22 06:04:02,0,1,2,29.5,3850.3,39997.7,19666.8,72632.4,24.9,0,
2017-12-22 06:04:05,0,1,2,29.6,3851.2,39997.8,19733.5,72889.1,24.9,0,
2017-12-22 06:04:08,0,1,2,29.6,3852.1,39998.0,19733.5,72889.1,24.9,0,
2017-12-22 06:04:12,0,1,2,29.7,3853.0,39997.8,19800.1,73145.9,24.9,0,
2017-12-22 06:04:15,0,1,2,29.7,3853.6,39998.1,19800.1,73145.9,24.9,0,
2017-12-22 06:04:18,0,1,2,29.8,3854.5,39998.2,19866.8,73402.8,24.9,0,
2017-12-22 06:04:21,0,1,2,29.8,3855.4,39997.8,19866.8,73402.8,25.0,0,
2017-12-22 06:04:24,0,1,2,29.9,3856.3,39998.2,19933.4,73659.8,25.0,0,
2017-12-22 06:04:27,0,1,2,30.0,3857.1,39997.7,20000.1,73916.9,25.0,0,
2017-12-22 06:04:30,0,1,2,30.0,3858.0,39998.0,20000.1,73916.9,25.0,0,
2017-12-22 06:04:34,0,1,2,30.1,3858.8,39998.1,20066.8,74174.1,25.0,0,
2017-12-22 06:04:37,0,1,2,30.1,3859.8,39997.7,20066.8,74174.1,25.0,0,
2017-12-22 06:04:40,0,1,2,30.2,3860.5,39997.8,20133.4,74431.5,25.0,0,
2017-12-22 06:04:43,0,1,2,30.2,3861.5,39997.7,20133.4,74431.5,25.0,0,
2017-12-22 06:04:46,0,1,2,30.3,3862.2,39998.0,20200.1,74688.9,25.0,0,
2017-12-22 06:04:49,0,1,2,30.3,3863.0,39997.7,20200.1,74688.9,25.0,0,
2017-12-22 06:04:52,0,1,2,30.4,3864.1,40000.8,20266.7,74946.5,25.0,0,
2017-12-22 06:04:55,0,1,2,30.4,3864.8,40000.9,20266.7,74946.5,25.0,0,
2017-12-22 06:04:58,0,1,2,30.5,3865.7,40000.8,20333.4,75204.2,25.0,0,
2017-12-22 06:05:01,0,1,2,30.5,3866.7,40001.0,20333.4,75204.2,25.0,0,
2017-12-22 06:05:05,0,1,2,30.6,3867.6,40000.8,20400.1,75462.1,25.0,0,
2017-12-22 06:05:08,0,1,2,30.6,3868.6,40000.8,20400.1,75462.1,24.9,0,
2017-12-22 06:05:11,0,1,2,30.7,3869.5,40001.0,20466.8,75720.0,24.9,0,
2017-12-22 06:05:14,0,1,2,30.7,3870.3,40000.7,20466.8,75720.0,25.0,0,
2017-12-22 06:05:17,0,1,2,30.8,3871.1,40001.3,20533.4,75978.0,24.9,0,
2017-12-22 06:05:20,0,1,2,30.8,3872.2,40001.0,20533.4,75978.0,24.9,0,
2017-12-22 06:05:24,0,1,2,30.9,3873.0,40000.9,20600.1,76236.2,25.0,0,
2017-12-22 06:05:27,0,1,2,30.9,3874.0,40001.0,20600.1,76236.2,25.0,0,
2017-12-22 06:05:30,0,1,2,31.0,3874.8,40001.2,20666.8,76494.5,25.0,0,
2017-12-22 06:05:33,0,1,2,31.0,3875.7,40001.0,20666.8,76494.5,25.0,0,
2017-12-22 06:05:36,0,1,2,31.1,3876.6,40000.8,20733.4,76752.9,25.0,0,
2017-12-22 06:05:39,0,1,2,31.1,3877.3,40000.7,20733.4,76752.9,25.0,0,
2017-12-22 06:05:42,0,1,2,31.2,3878.2,40000.7,20800.1,77011.4,25.0,0,
2017-12-22 06:05:45,0,1,2,31.2,3879.3,40000.5,20800.1,77011.4,25.0,0,
2017-12-22 06:05:48,0,1,2,31.3,3880.2,40000.7,20866.8,77270.0,24.9,0,
2017-12-22 06:05:51,0,1,2,31.4,3881.2,40000.8,20933.4,77528.8,25.0,0,
2017-12-22 06:05:54,0,1,2,31.4,3882.0,40000.8,20933.4,77528.8,24.9,0,
2017-12-22 06:05:57,0,1,2,31.5,3883.0,40000.7,21000.1,77787.7,24.9,0,
2017-12-22 06:06:01,0,1,2,31.5,3883.9,40000.8,21000.1,77787.7,25.0,0,
2017-12-22 06:06:04,0,1,2,31.6,3884.9,40000.7,21066.8,78046.7,25.0,0,
2017-12-22 06:06:07,0,1,2,31.6,3885.7,40000.8,21066.8,78046.7,25.0,0,
2017-12-22 06:06:10,0,1,2,31.7,3886.6,40000.5,21133.4,78305.8,25.0,0,
2017-12-22 06:06:13,0,1,2,31.7,3887.6,40000.6,21133.4,78305.8,25.0,0,
2017-12-22 06:06:16,0,1,2,31.8,3888.5,40000.8,21200.1,78565.0,25.0,0,
2017-12-22 06:06:19,0,1,2,31.8,3889.4,40000.3,21200.1,78565.0,25.0,0,
2017-12-22 06:06:22,0,1,2,31.9,3890.2,40000.8,21266.8,78824.3,25.0,0,
2017-12-22 06:06:25,0,1,2,31.9,3891.1,40000.8,21266.8,78824.3,25.0,0,
2017-12-22 06:06:29,0,1,2,32.0,3892.2,40000.5,21333.5,79083.8,25.0,0,
2017-12-22 06:06:32,0,1,2,32.0,3893.2,40000.8,21333.5,79083.8,25.0,0,
2017-12-22 06:06:35,0,1,2,32.1,3894.1,40000.7,21400.1,79343.4,25.0,0,
2017-12-22 06:06:38,0,1,2,32.1,3895.0,40000.7,21400.1,79343.4,25.0,0,
2017-12-22 06:06:41,0,1,2,32.2,3895.9,40000.9,21466.8,79603.1,25.0,0,
2017-12-22 06:06:44,0,1,2,32.2,3897.0,40001.2,21466.8,79603.1,25.0,0,
2017-12-22 06:06:47,0,1,2,32.3,3897.8,40001.4,21533.5,79862.9,25.0,0,
2017-12-22 06:06:50,0,1,2,32.3,3898.9,40001.7,21533.5,79862.9,25.0,0,
2017-12-22 06:06:53,0,1,2,32.4,3899.7,40001.7,21600.1,80122.9,25.0,0,
2017-12-22 06:06:56,0,1,2,32.4,3900.2,39249.6,21600.1,80122.9,25.0,0,
2017-12-22 06:07:00,0,1,2,32.5,3900.0,37982.6,21664.7,80374.7,25.0,0,
2017-12-22 06:07:03,0,1,2,32.5,3900.0,36952.0,21664.7,80374.7,25.0,0,
2017-12-22 06:07:06,0,1,2,32.6,3900.0,35868.3,21725.7,80612.6,25.0,0,
2017-12-22 06:07:09,0,1,2,32.6,3900.1,35059.0,21725.7,80612.6,25.0,0,
2017-12-22 06:07:12,0,1,2,32.7,3899.9,34127.0,21784.0,80840.0,25.0,0,
2017-12-22 06:07:16,0,1,2,32.8,3900.0,33430.1,21839.7,81057.3,25.0,0,
2017-12-22 06:07:19,0,1,2,32.8,3900.0,32688.1,21839.7,81057.3,25.0,0,
2017-12-22 06:07:22,0,1,2,32.9,3900.1,32036.7,21893.4,81266.5,25.0,0,
2017-12-22 06:07:25,0,1,2,32.9,3900.0,31399.5,21893.4,81266.5,25.0,0,
2017-12-22 06:07:28,0,1,2,33.0,3900.0,30779.0,21944.9,81467.6,25.0,0,
2017-12-22 06:07:32,0,1,2,33.0,3900.0,30091.3,21944.9,81467.6,25.0,0,
2017-12-22 06:07:35,0,1,2,33.1,3900.0,29565.4,21994.6,81661.2,25.0,0,
2017-12-22 06:07:38,0,1,2,33.1,3899.9,28921.2,21994.6,81661.2,25.0,0,
2017-12-22 06:07:41,0,1,2,33.2,3900.1,28330.8,22042.2,81846.9,25.0,0,
2017-12-22 06:07:44,0,1,2,33.2,3899.9,27697.4,22042.2,81846.9,25.0,0,
2017-12-22 06:07:48,0,1,2,33.3,3899.9,27225.6,22088.2,82026.5,25.0,0,
2017-12-22 06:07:51,0,1,2,33.3,3900.1,26740.2,22088.2,82026.5,25.0,0,
2017-12-22 06:07:54,0,1,2,33.4,3900.0,26273.8,22132.6,82199.5,25.0,0,
2017-12-22 06:07:57,0,1,2,33.4,3900.0,25751.2,22132.6,82199.5,24.9,0,
2017-12-22 06:08:00,0,1,2,33.5,3900.0,25302.5,22175.3,82366.1,24.9,0,
2017-12-22 06:08:03,0,1,2,33.5,3899.9,24749.0,22175.3,82366.1,24.9,0,
2017-12-22 06:08:06,0,1,2,33.6,3899.9,24367.6,22216.5,82526.9,24.9,0,
2017-12-22 06:08:09,0,1,2,33.7,3899.9,23822.7,22256.2,82681.7,24.9,0,
2017-12-22 06:08:12,0,1,2,33.7,3900.0,23465.0,22256.2,82681.7,24.9,0,
2017-12-22 06:08:16,0,1,2,33.8,3900.1,22998.3,22294.6,82831.2,24.9,0,
2017-12-22 06:08:19,0,1,2,33.8,3900.1,22710.2,22294.6,82831.2,24.9,0,
2017-12-22 06:08:22,0,1,2,33.9,3899.9,22146.5,22331.5,82975.1,24.9,0,
2017-12-22 06:08:25,0,1,2,33.9,3900.0,21761.9,22331.5,82975.1,24.9,0,
2017-12-22 06:08:28,0,1,2,34.0,3899.9,21381.6,22367.2,83114.5,24.8,0,
2017-12-22 06:08:31,0,1,2,34.0,3900.1,20901.9,22367.2,83114.5,24.8,0,
2017-12-22 06:08:34,0,1,2,34.1,3900.1,20589.0,22401.6,83248.6,24.9,0,
2017-12-22 06:08:38,0,1,2,34.1,3899.9,20178.7,22401.6,83248.6,24.9,0,
2017-12-22 06:08:41,0,1,2,34.2,3900.1,19837.4,22434.9,83378.6,24.9,0,
2017-12-22 06:08:44,0,1,2,34.2,3899.9,19481.9,22434.9,83378.6,24.9,0,
2017-12-22 06:08:47,0,1,2,34.3,3899.9,19094.0,22467.1,83503.9,24.9,0,
2017-12-22 06:08:50,0,1,2,34.3,3900.1,18760.8,22467.1,83503.9,24.9,0,
2017-12-22 06:08:53,0,1,2,34.4,3899.9,18387.5,22498.1,83624.9,24.9,0,
2017-12-22 06:08:56,0,1,2,34.4,3899.9,18068.0,22498.1,83624.9,25.0,0,
2017-12-22 06:09:00,0,1,2,34.5,3899.8,17673.6,22528.0,83741.5,25.0,0,
2017-12-22 06:09:03,0,1,2,34.5,3900.0,17400.3,22528.0,83741.5,25.0,0,
2017-12-22 06:09:06,0,1,2,34.6,3900.0,17097.8,22556.8,83854.0,25.0,0,
2017-12-22 06:09:09,0,1,2,34.6,3899.9,16720.7,22556.8,83854.0,25.0,0,
2017-12-22 06:09:12,0,1,2,34.7,3900.0,16464.4,22584.6,83962.5,24.9,0,
2017-12-22 06:09:16,0,1,2,34.8,3899.9,16187.2,22611.7,84067.9,24.9,0,
2017-12-22 06:09:19,0,1,2,34.8,3900.1,15857.5,22611.7,84067.9,24.9,0,
2017-12-22 06:09:22,0,1,2,34.9,3900.0,15543.1,22637.7,84169.4,24.9,0,
2017-12-22 06:09:25,0,1,2,34.9,3900.0,15270.8,22637.7,84169.4,24.9,0,
2017-12-22 06:09:28,0,1,2,35.0,3900.0,14974.7,22663.0,84268.0,24.9,0,
2017-12-22 06:09:31,0,1,2,35.0,3899.9,14671.1,22663.0,84268.0,24.9,0,
2017-12-22 06:09:34,0,1,2,35.1,3900.0,14523.1,22687.2,84362.6,24.9,0,
2017-12-22 06:09:38,0,1,2,35.1,3900.1,14306.8,22687.2,84362.6,24.9,0,
2017-12-22 06:09:41,0,1,2,35.2,3899.9,13951.1,22710.8,84454.4,24.9,0,
2017-12-22 06:09:44,0,1,2,35.2,3900.0,13846.9,22710.8,84454.4,24.8,0,
2017-12-22 06:09:47,0,1,2,35.3,3900.1,13536.7,22733.5,84542.9,24.9,0,
2017-12-22 06:09:50,0,1,2,35.3,3900.0,13268.6,22733.5,84542.9,24.8,0,
2017-12-22 06:09:53,0,1,2,35.4,3900.0,13037.8,22755.4,84628.5,24.9,0,
2017-12-22 06:09:57,0,1,2,35.4,3900.1,12783.2,22755.4,84628.5,24.9,0,
2017-12-22 06:10:00,0,1,2,35.5,3899.9,12587.2,22776.6,84711.1,24.8,0,
2017-12-22 06:10:03,0,1,2,35.5,3900.0,12336.9,22776.6,84711.1,24.9,0,
2017-12-22 06:10:06,0,1,2,35.6,3900.1,12120.9,22797.1,84791.1,24.8,0,
2017-12-22 06:10:09,0,1,2,35.6,3900.0,11910.1,22797.1,84791.1,24.9,0,
2017-12-22 06:10:13,0,1,2,35.7,3900.1,11760.0,22816.9,84868.4,24.8,0,
2017-12-22 06:10:15,0,1,2,35.8,3900.1,11533.2,22836.2,84943.3,24.8,0,
2017-12-22 06:10:18,0,1,2,35.8,3900.1,11298.3,22836.2,84943.3,24.8,0,
2017-12-22 06:10:22,0,1,2,35.9,3900.1,11157.9,22854.8,85016.1,24.8,0,
2017-12-22 06:10:25,0,1,2,35.9,3900.0,10885.9,22854.8,85016.1,24.8,0,
2017-12-22 06:10:28,0,1,2,36.0,3899.9,10694.6,22872.7,85085.9,24.8,0,
2017-12-22 06:10:31,0,1,2,36.0,3900.0,10610.4,22872.7,85085.9,24.8,0,
2017-12-22 06:10:34,0,1,2,36.1,3900.1,10405.0,22890.1,85153.8,24.8,0,
2017-12-22 06:10:37,0,1,2,36.1,3899.9,10217.7,22890.1,85153.8,24.8,0,
2017-12-22 06:10:40,0,1,2,36.2,3900.0,10066.0,22907.0,85219.6,24.8,0,
2017-12-22 06:10:41,0,1,2,36.2,3900.1,10000.0,22907.0,85219.6,24.8,5,终止电流到
2017-12-22 06:10:43,0,1,2,36.2,3893.0,2.2,22907.0,85219.6,24.8,5,终止电流到
2017-12-22 06:10:46,0,1,2,36.3,3891.8,1.4,22907.0,85219.6,24.8,5,终止电流到
2017-12-22 06:10:50,0,1,2,36.3,3891.1,2.0,22907.0,85219.6,24.8,5,终止电流到
2017-12-22 06:10:53,0,1,2,36.4,3890.4,1.8,22907.0,85219.6,24.8,5,终止电流到
2017-12-22 06:10:56,0,1,2,36.4,3889.9,1.5,22907.0,85219.6,24.8,5,终止电流到
2017-12-22 06:10:59,0,1,2,36.5,3889.5,1.3,22907.0,85219.6,24.8,5,终止电流到
2017-12-22 06:11:02,0,1,2,36.5,3889.0,1.4,22907.0,85219.6,24.8,5,终止电流到
2017-12-22 06:11:07,0,2,3,0.0,3888.4,0,0.0,0.0,24.8,0,
2017-12-22 06:11:30,0,2,3,0.4,3887.1,22.5,0.0,0.0,24.8,0,
2017-12-22 06:11:33,0,2,3,0.4,3886.9,22.8,0.0,0.0,24.7,0,
2017-12-22 06:11:36,0,2,3,0.5,3886.8,22.8,0.0,0.0,24.7,0,
2017-12-22 06:11:39,0,2,3,0.5,3886.8,22.6,0.0,0.0,24.8,0,
2017-12-22 06:11:42,0,2,3,0.6,3886.6,23.0,0.0,0.0,24.8,0,
2017-12-22 06:11:45,0,2,3,0.6,3886.5,22.5,0.0,0.0,24.8,0,
2017-12-22 06:11:49,0,2,3,0.7,3886.3,22.6,0.0,0.0,24.8,0,
2017-12-22 06:11:52,0,2,3,0.7,3886.3,22.6,0.0,0.0,24.8,0,
2017-12-22 06:11:55,0,2,3,0.8,3886.1,22.2,0.0,0.0,24.8,0,
2017-12-22 06:11:58,0,2,3,0.8,3886.1,23.0,0.0,0.0,24.8,0,
2017-12-22 06:12:01,0,2,3,0.9,3885.9,22.4,0.0,0.0,24.8,0,
2017-12-22 06:12:04,0,2,3,0.9,3886.0,22.4,0.0,0.0,24.8,0,
2017-12-22 06:12:07,0,2,3,1.0,3885.9,22.2,0.0,0.0,24.7,0,
2017-12-22 06:12:08,0,2,3,1.0,3885.8,22.6,0.0,0.0,24.8,1,时间到
2017-12-22 06:12:12,0,3,4,0.0,3885.7,0,0.0,0.0,24.8,0,
2017-12-22 06:12:34,0,3,4,0.4,3839.7,-39999.5,266.7,1026.3,24.7,0,
2017-12-22 06:12:38,0,3,4,0.4,3837.3,-39999.7,266.7,1026.3,24.8,0,
2017-12-22 06:12:41,0,3,4,0.5,3835.1,-39999.9,333.3,1282.0,24.8,0,
2017-12-22 06:12:44,0,3,4,0.5,3832.9,-39999.7,333.3,1282.0,24.7,0,
2017-12-22 06:12:47,0,3,4,0.6,3830.9,-39999.9,400.0,1537.4,24.7,0,
2017-12-22 06:12:50,0,3,4,0.6,3829.1,-39999.9,400.0,1537.4,24.7,0,
2017-12-22 06:12:53,0,3,4,0.7,3827.3,-39999.8,466.7,1792.6,24.8,0,
2017-12-22 06:12:56,0,3,4,0.7,3825.7,-40000.0,466.7,1792.6,24.8,0,
2017-12-22 06:13:00,0,3,4,0.8,3824.0,-39999.3,533.3,2047.6,24.8,0,
2017-12-22 06:13:03,0,3,4,0.8,3822.5,-40000.0,533.3,2047.6,24.8,0,
2017-12-22 06:13:06,0,3,4,0.9,3820.8,-40001.1,600.0,2302.4,24.8,0,
2017-12-22 06:13:09,0,3,4,0.9,3819.3,-40000.9,600.0,2302.4,24.8,0,
2017-12-22 06:13:12,0,3,4,1.0,3817.8,-40000.9,666.7,2557.0,24.8,0,
2017-12-22 06:13:15,0,3,4,1.0,3816.5,-39999.7,666.7,2557.0,24.8,0,
2017-12-22 06:13:18,0,3,4,1.1,3814.9,-40001.1,733.3,2811.4,24.8,0,
2017-12-22 06:13:22,0,3,4,1.1,3813.7,-40000.1,733.3,2811.4,24.8,0,
2017-12-22 06:13:25,0,3,4,1.2,3812.1,-39999.5,800.0,3065.6,24.8,0,
2017-12-22 06:13:28,0,3,4,1.2,3810.9,-40000.9,800.0,3065.6,24.7,0,
2017-12-22 06:13:31,0,3,4,1.3,3809.5,-40000.8,866.7,3319.6,24.8,0,
2017-12-22 06:13:34,0,3,4,1.3,3808.1,-40000.2,866.7,3319.6,24.8,0,
2017-12-22 06:13:37,0,3,4,1.4,3806.8,-40000.8,933.3,3573.5,24.8,0,
2017-12-22 06:13:40,0,3,4,1.5,3805.4,-40000.3,1000.0,3827.2,24.8,0,
2017-12-22 06:13:44,0,3,4,1.5,3804.0,-40000.8,1000.0,3827.2,24.8,0,
2017-12-22 06:13:47,0,3,4,1.6,3802.8,-39999.8,1066.7,4080.7,24.8,0,
2017-12-22 06:13:50,0,3,4,1.6,3801.4,-39999.7,1066.7,4080.7,24.8,0,
2017-12-22 06:13:53,0,3,4,1.7,3800.1,-40000.0,1133.3,4334.1,24.8,0,
2017-12-22 06:13:56,0,3,4,1.7,3798.6,-39999.8,1133.3,4334.1,24.7,0,
2017-12-22 06:14:00,0,3,4,1.8,3797.4,-39999.9,1200.0,4587.3,24.7,0,
2017-12-22 06:14:03,0,3,4,1.8,3796.0,-40000.2,1200.0,4587.3,24.8,0,
2017-12-22 06:14:06,0,3,4,1.9,3794.7,-40000.1,1266.7,4840.3,24.8,0,
2017-12-22 06:14:09,0,3,4,1.9,3793.3,-40000.3,1266.7,4840.3,24.8,0,
2017-12-22 06:14:12,0,3,4,2.0,3792.1,-39999.7,1333.3,5093.2,24.8,0,
2017-12-22 06:14:15,0,3,4,2.0,3790.7,-40000.2,1333.3,5093.2,24.7,0,
2017-12-22 06:14:18,0,3,4,2.1,3789.5,-39999.9,1400.0,5345.9,24.8,0,
2017-12-22 06:14:22,0,3,4,2.1,3788.2,-39999.8,1400.0,5345.9,24.7,0,
2017-12-22 06:14:25,0,3,4,2.2,3786.8,-40000.3,1466.7,5598.4,24.7,0,
2017-12-22 06:14:28,0,3,4,2.2,3785.6,-40000.5,1466.7,5598.4,24.8,0,
2017-12-22 06:14:31,0,3,4,2.3,3784.3,-39999.7,1533.3,5850.8,24.8,0,
2017-12-22 06:14:34,0,3,4,2.3,3782.9,-40000.0,1533.3,5850.8,24.8,0,
2017-12-22 06:14:37,0,3,4,2.4,3781.6,-40000.0,1600.0,6103.0,24.8,0,
2017-12-22 06:14:40,0,3,4,2.5,3780.4,-40000.0,1666.7,6355.0,24.8,0,
2017-12-22 06:14:44,0,3,4,2.5,3779.1,-39999.7,1666.7,6355.0,24.8,0,
2017-12-22 06:14:47,0,3,4,2.6,3777.7,-40000.5,1733.3,6606.8,24.8,0,
2017-12-22 06:14:50,0,3,4,2.6,3776.5,-40000.1,1733.3,6606.8,24.8,0,
2017-12-22 06:14:53,0,3,4,2.7,3775.2,-40000.1,1800.0,6858.5,24.8,0,
2017-12-22 06:14:56,0,3,4,2.7,3773.8,-40000.3,1800.0,6858.5,24.8,0,
2017-12-22 06:14:59,0,3,4,2.8,3772.7,-40000.2,1866.7,7110.1,24.8,0,
2017-12-22 06:15:02,0,3,4,2.8,3771.2,-40000.2,1866.7,7110.1,24.8,0,
2017-12-22 06:15:06,0,3,4,2.9,3770.1,-39999.8,1933.3,7361.4,24.8,0,
2017-12-22 06:15:09,0,3,4,2.9,3768.8,-40000.2,1933.3,7361.4,24.8,0,
2017-12-22 06:15:12,0,3,4,3.0,3767.5,-40000.2,2000.0,7612.7,24.8,0,
2017-12-22 06:15:15,0,3,4,3.0,3766.3,-40000.0,2000.0,7612.7,24.8,0,
2017-12-22 06:15:18,0,3,4,3.1,3764.9,-40000.1,2066.7,7863.7,24.8,0,
2017-12-22 06:15:21,0,3,4,3.1,3763.6,-40000.0,2066.7,7863.7,24.8,0,
2017-12-22 06:15:24,0,3,4,3.2,3762.4,-39999.8,2133.3,8114.6,24.8,0,
2017-12-22 06:15:28,0,3,4,3.2,3761.1,-40000.0,2133.3,8114.6,24.8,0,
2017-12-22 06:15:31,0,3,4,3.3,3759.8,-39999.6,2200.0,8365.3,24.8,0,
2017-12-22 06:15:34,0,3,4,3.3,3758.6,-39999.7,2200.0,8365.3,24.8,0,
2017-12-22 06:15:37,0,3,4,3.4,3757.3,-39999.8,2266.7,8615.9,24.8,0,
2017-12-22 06:15:40,0,3,4,3.4,3756.2,-40000.2,2266.7,8615.9,24.8,0,
2017-12-22 06:15:43,0,3,4,3.5,3754.8,-39999.8,2333.3,8866.3,24.8,0,
2017-12-22 06:15:46,0,3,4,3.6,3753.6,-39999.8,2400.0,9116.5,24.8,0,
2017-12-22 06:15:49,0,3,4,3.6,3752.3,-40000.0,2400.0,9116.5,24.8,0,
2017-12-22 06:15:53,0,3,4,3.7,3751.1,-39999.8,2466.7,9366.6,24.8,0,
2017-12-22 06:15:56,0,3,4,3.7,3750.1,-40000.2,2466.7,9366.6,24.8,0,
2017-12-22 06:15:59,0,3,4,3.8,3748.9,-39999.5,2533.3,9616.5,24.8,0,
2017-12-22 06:16:02,0,3,4,3.8,3747.7,-39999.9,2533.3,9616.5,24.8,0,
2017-12-22 06:16:05,0,3,4,3.9,3746.5,-39999.9,2600.0,9866.3,24.8,0,
2017-12-22 06:16:08,0,3,4,3.9,3745.2,-40000.5,2600.0,9866.3,24.8,0,
2017-12-22 06:16:11,0,3,4,4.0,3744.1,-40000.1,2666.7,10116.0,24.8,0,
2017-12-22 06:16:15,0,3,4,4.0,3742.9,-39999.8,2666.7,10116.0,24.8,0,
2017-12-22 06:16:18,0,3,4,4.1,3741.8,-40000.7,2733.3,10365.5,24.8,0,
2017-12-22 06:16:21,0,3,4,4.1,3740.7,-39999.9,2733.3,10365.5,24.7,0,
2017-12-22 06:16:24,0,3,4,4.2,3739.5,-39999.8,2800.0,10614.8,24.8,0,
2017-12-22 06:16:27,0,3,4,4.2,3738.4,-40000.0,2800.0,10614.8,24.8,0,
2017-12-22 06:16:30,0,3,4,4.3,3737.4,-40000.3,2866.7,10864.0,24.8,0,
2017-12-22 06:16:33,0,3,4,4.3,3736.3,-40000.1,2866.7,10864.0,24.8,0,
2017-12-22 06:16:37,0,3,4,4.4,3735.2,-40000.0,2933.3,11113.1,24.8,0,
2017-12-22 06:16:40,0,3,4,4.4,3734.0,-40000.1,2933.3,11113.1,24.8,0,
2017-12-22 06:16:43,0,3,4,4.5,3732.9,-40000.3,3000.0,11362.0,24.8,0,
2017-12-22 06:16:46,0,3,4,4.5,3731.8,-39999.8,3000.0,11362.0,24.8,0,
2017-12-22 06:16:49,0,3,4,4.6,3730.8,-40000.3,3066.7,11610.8,24.8,0,
2017-12-22 06:16:52,0,3,4,4.6,3729.7,-40000.5,3066.7,11610.8,24.8,0,
2017-12-22 06:16:55,0,3,4,4.7,3728.6,-40000.2,3133.3,11859.4,24.8,0,
2017-12-22 06:16:58,0,3,4,4.8,3727.6,-40000.3,3200.0,12107.9,24.8,0,
2017-12-22 06:17:02,0,3,4,4.8,3726.6,-40000.0,3200.0,12107.9,24.8,0,
2017-12-22 06:17:05,0,3,4,4.9,3725.5,-40000.0,3266.7,12356.3,24.8,0,
2017-12-22 06:17:08,0,3,4,4.9,3724.5,-40000.3,3266.7,12356.3,24.8,0,
2017-12-22 06:17:11,0,3,4,5.0,3723.5,-40000.3,3333.3,12604.6,24.7,0,
2017-12-22 06:17:14,0,3,4,5.0,3722.6,-40000.2,3333.3,12604.6,24.7,0,
2017-12-22 06:17:17,0,3,4,5.1,3721.6,-40000.0,3400.0,12852.7,24.8,0,
2017-12-22 06:17:20,0,3,4,5.1,3720.6,-40000.3,3400.0,12852.7,24.7,0,
2017-12-22 06:17:24,0,3,4,5.2,3719.6,-39999.5,3466.7,13100.7,24.7,0,
2017-12-22 06:17:27,0,3,4,5.2,3718.5,-40000.5,3466.7,13100.7,24.7,0,
2017-12-22 06:17:30,0,3,4,5.3,3717.7,-40000.4,3533.4,13348.6,24.7,0,
2017-12-22 06:17:33,0,3,4,5.3,3716.7,-40000.5,3533.4,13348.6,24.7,0,
2017-12-22 06:17:36,0,3,4,5.4,3715.7,-40000.2,3600.0,13596.3,24.7,0,
2017-12-22 06:17:39,0,3,4,5.4,3714.9,-40000.0,3600.0,13596.3,24.7,0,
2017-12-22 06:17:42,0,3,4,5.5,3713.8,-40000.3,3666.7,13844.0,24.7,0,
2017-12-22 06:17:46,0,3,4,5.5,3712.9,-40000.3,3666.7,13844.0,24.7,0,
2017-12-22 06:17:49,0,3,4,5.6,3712.0,-40000.2,3733.4,14091.5,24.7,0,
2017-12-22 06:17:52,0,3,4,5.6,3711.1,-40000.4,3733.4,14091.5,24.7,0,
2017-12-22 06:17:55,0,3,4,5.7,3710.2,-39999.8,3800.0,14338.9,24.7,0,
2017-12-22 06:17:58,0,3,4,5.7,3709.2,-40000.2,3800.0,14338.9,24.7,0,
2017-12-22 06:18:01,0,3,4,5.8,3708.4,-39999.9,3866.7,14586.2,24.7,0,
2017-12-22 06:18:04,0,3,4,5.9,3707.5,-39999.8,3933.4,14833.3,24.7,0,
2017-12-22 06:18:07,0,3,4,5.9,3706.7,-40000.5,3933.4,14833.3,24.6,0,
2017-12-22 06:18:11,0,3,4,6.0,3705.6,-39999.6,4000.0,15080.4,24.7,0,
2017-12-22 06:18:14,0,3,4,6.0,3704.9,-40000.3,4000.0,15080.4,24.7,0,
2017-12-22 06:18:17,0,3,4,6.1,3704.1,-40000.1,4066.7,15327.3,24.7,0,
2017-12-22 06:18:20,0,3,4,6.1,3703.1,-40000.0,4066.7,15327.3,24.6,0,
2017-12-22 06:18:23,0,3,4,6.2,3702.2,-40000.2,4133.4,15574.2,24.7,0,
2017-12-22 06:18:26,0,3,4,6.2,3701.4,-39998.8,4133.4,15574.2,24.6,0,
2017-12-22 06:18:29,0,3,4,6.3,3700.7,-40000.3,4200.0,15820.9,24.7,0,
2017-12-22 06:18:33,0,3,4,6.3,3699.8,-39999.9,4200.0,15820.9,24.7,0,
2017-12-22 06:18:36,0,3,4,6.4,3698.8,-40000.0,4266.7,16067.5,24.7,0,
2017-12-22 06:18:39,0,3,4,6.4,3698.2,-40000.3,4266.7,16067.5,24.6,0,
2017-12-22 06:18:42,0,3,4,6.5,3697.3,-40000.3,4333.4,16314.0,24.7,0,
2017-12-22 06:18:45,0,3,4,6.5,3696.4,-40000.1,4333.4,16314.0,24.7,0,
2017-12-22 06:18:48,0,3,4,6.6,3695.7,-40000.3,4400.0,16560.4,24.6,0,
2017-12-22 06:18:51,0,3,4,6.6,3694.7,-40000.3,4400.0,16560.4,24.6,0,
2017-12-22 06:18:54,0,3,4,6.7,3694.1,-40000.2,4466.7,16806.7,24.6,0,
2017-12-22 06:18:58,0,3,4,6.7,3693.1,-40000.2,4466.7,16806.7,24.6,0,
2017-12-22 06:19:01,0,3,4,6.8,3692.4,-40000.5,4533.4,17052.9,24.6,0,
2017-12-22 06:19:04,0,3,4,6.8,3691.5,-40000.2,4533.4,17052.9,24.6,0,
2017-12-22 06:19:07,0,3,4,6.9,3690.8,-40000.3,4600.0,17299.0,24.6,0,
2017-12-22 06:19:10,0,3,4,7.0,3690.0,-39999.8,4666.7,17545.0,24.6,0,
2017-12-22 06:19:13,0,3,4,7.0,3689.2,-40000.0,4666.7,17545.0,24.6,0,
2017-12-22 06:19:17,0,3,4,7.1,3688.4,-40000.0,4733.3,17790.9,24.6,0,
2017-12-22 06:19:20,0,3,4,7.1,3687.6,-39999.6,4733.3,17790.9,24.6,0,
2017-12-22 06:19:23,0,3,4,7.2,3687.0,-40000.0,4800.0,18036.7,24.6,0,
2017-12-22 06:19:26,0,3,4,7.2,3686.1,-39999.7,4800.0,18036.7,24.6,0,
2017-12-22 06:19:29,0,3,4,7.3,3685.4,-40000.3,4866.7,18282.4,24.6,0,
2017-12-22 06:19:32,0,3,4,7.3,3684.5,-40000.3,4866.7,18282.4,24.7,0,
2017-12-22 06:19:35,0,3,4,7.4,3684.0,-40000.2,4933.4,18528.0,24.7,0,
2017-12-22 06:19:38,0,3,4,7.4,3683.1,-40000.2,4933.4,18528.0,24.6,0,
2017-12-22 06:19:41,0,3,4,7.5,3682.4,-40000.0,5000.0,18773.6,24.6,0,
2017-12-22 06:19:45,0,3,4,7.5,3681.6,-39999.9,5000.0,18773.6,24.7,0,
2017-12-22 06:19:48,0,3,4,7.6,3680.9,-39999.2,5066.7,19019.0,24.7,0,
2017-12-22 06:19:51,0,3,4,7.6,3680.3,-39999.5,5066.7,19019.0,24.7,0,
2017-12-22 06:19:54,0,3,4,7.7,3679.4,-39999.8,5133.3,19264.3,24.7,0,
2017-12-22 06:19:57,0,3,4,7.7,3678.8,-39999.2,5133.3,19264.3,24.7,0,
2017-12-22 06:20:00,0,3,4,7.8,3677.8,-39999.7,5200.0,19509.5,24.7,0,
2017-12-22 06:20:03,0,3,4,7.8,3677.2,-39999.6,5200.0,19509.5,24.7,0,
2017-12-22 06:20:07,0,3,4,7.9,3676.5,-39999.5,5266.7,19754.6,24.7,0,
2017-12-22 06:20:10,0,3,4,7.9,3675.7,-39999.6,5266.7,19754.6,24.7,0,
2017-12-22 06:20:13,0,3,4,8.0,3675.0,-39999.2,5333.3,19999.7,24.7,0,
2017-12-22 06:20:16,0,3,4,8.1,3674.3,-39999.5,5400.0,20244.6,24.7,0,
2017-12-22 06:20:19,0,3,4,8.1,3673.7,-39999.4,5400.0,20244.6,24.7,0,
2017-12-22 06:20:23,0,3,4,8.2,3672.9,-39999.4,5466.7,20489.5,24.8,0,
2017-12-22 06:20:26,0,3,4,8.2,3672.2,-40000.2,5466.7,20489.5,24.7,0,
2017-12-22 06:20:29,0,3,4,8.3,3671.4,-39999.9,5533.3,20734.2,24.7,0,
2017-12-22 06:20:32,0,3,4,8.3,3670.8,-39999.7,5533.3,20734.2,24.7,0,
2017-12-22 06:20:35,0,3,4,8.4,3669.9,-40000.3,5600.0,20978.9,24.7,0,
2017-12-22 06:20:38,0,3,4,8.4,3669.4,-39999.2,5600.0,20978.9,24.7,0,
2017-12-22 06:20:41,0,3,4,8.5,3668.6,-39999.7,5666.7,21223.5,24.7,0,
2017-12-22 06:20:45,0,3,4,8.5,3668.1,-39999.7,5666.7,21223.5,24.7,0,
2017-12-22 06:20:48,0,3,4,8.6,3667.4,-39999.6,5733.3,21468.0,24.7,0,
2017-12-22 06:20:51,0,3,4,8.6,3666.7,-39999.7,5733.3,21468.0,24.7,0,
2017-12-22 06:20:54,0,3,4,8.7,3666.0,-39999.4,5800.0,21712.4,24.6,0,
2017-12-22 06:20:57,0,3,4,8.7,3665.4,-39999.5,5800.0,21712.4,24.7,0,
2017-12-22 06:21:00,0,3,4,8.8,3664.6,-39999.5,5866.7,21956.8,24.7,0,
2017-12-22 06:21:03,0,3,4,8.8,3663.9,-39999.5,5866.7,21956.8,24.7,0,
2017-12-22 06:21:06,0,3,4,8.9,3663.3,-39999.5,5933.3,22201.0,24.7,0,
2017-12-22 06:21:10,0,3,4,8.9,3662.8,-39999.2,5933.3,22201.0,24.7,0,
2017-12-22 06:21:13,0,3,4,9.0,3662.0,-39999.3,6000.0,22445.2,24.7,0,
2017-12-22 06:21:16,0,3,4,9.0,3661.4,-39999.1,6000.0,22445.2,24.7,0,
2017-12-22 06:21:19,0,3,4,9.1,3660.7,-39999.5,6066.7,22689.2,24.7,0,
2017-12-22 06:21:22,0,3,4,9.1,3660.1,-39999.5,6066.7,22689.2,24.7,0,
2017-12-22 06:21:25,0,3,4,9.2,3659.4,-39999.7,6133.3,22933.2,24.7,0,
2017-12-22 06:21:28,0,3,4,9.3,3658.6,-39999.5,6200.0,23177.1,24.7,0,
2017-12-22 06:21:32,0,3,4,9.3,3658.1,-39999.7,6200.0,23177.1,24.7,0,
2017-12-22 06:21:35,0,3,4,9.4,3657.5,-39999.7,6266.7,23420.9,24.7,0,
2017-12-22 06:21:38,0,3,4,9.4,3656.9,-39999.5,6266.7,23420.9,24.7,0,
2017-12-22 06:21:41,0,3,4,9.5,3656.1,-40000.1,6333.3,23664.7,24.7,0,
2017-12-22 06:21:44,0,3,4,9.5,3655.5,-39999.7,6333.3,23664.7,24.7,0,
2017-12-22 06:21:47,0,3,4,9.6,3654.9,-39999.7,6400.0,23908.4,24.7,0,
2017-12-22 06:21:51,0,3,4,9.6,3654.3,-39999.5,6400.0,23908.4,24.7,0,
2017-12-22 06:21:54,0,3,4,9.7,3653.8,-39999.0,6466.6,24151.9,24.6,0,
2017-12-22 06:21:57,0,3,4,9.7,3653.1,-39999.4,6466.6,24151.9,24.7,0,
2017-12-22 06:22:00,0,3,4,9.8,3652.4,-39999.3,6533.3,24395.5,24.7,0,
2017-12-22 06:22:03,0,3,4,9.8,3651.8,-39999.3,6533.3,24395.5,24.7,0,
2017-12-22 06:22:06,0,3,4,9.9,3651.1,-39999.5,6600.0,24638.9,24.7,0,
2017-12-22 06:22:09,0,3,4,9.9,3650.6,-39999.4,6600.0,24638.9,24.7,0,
2017-12-22 06:22:13,0,3,4,10.0,3650.1,-39999.2,6666.6,24882.2,24.7,0,
2017-12-22 06:22:16,0,3,4,10.0,3649.3,-39999.4,6666.6,24882.2,24.7,0,
2017-12-22 06:22:19,0,3,4,10.1,3648.8,-39999.7,6733.3,25125.5,24.7,0,
2017-12-22 06:22:22,0,3,4,10.1,3648.2,-39999.5,6733.3,25125.5,24.7,0,
2017-12-22 06:22:25,0,3,4,10.2,3647.6,-39999.7,6800.0,25368.7,24.7,0,
2017-12-22 06:22:28,0,3,4,10.2,3646.9,-39999.7,6800.0,25368.7,24.7,0,
2017-12-22 06:22:31,0,3,4,10.3,3646.4,-39999.0,6866.6,25611.8,24.7,0,
2017-12-22 06:22:34,0,3,4,10.4,3645.7,-39999.5,6933.3,25854.9,24.7,0,
2017-12-22 06:22:38,0,3,4,10.4,3645.3,-39999.5,6933.3,25854.9,24.7,0,
2017-12-22 06:22:41,0,3,4,10.5,3644.6,-39999.3,7000.0,26097.8,24.8,0,
2017-12-22 06:22:44,0,3,4,10.5,3644.2,-39999.5,7000.0,26097.8,24.8,0,
2017-12-22 06:22:47,0,3,4,10.6,3643.6,-39999.4,7066.6,26340.8,24.7,0,
2017-12-22 06:22:50,0,3,4,10.6,3642.9,-39999.5,7066.6,26340.8,24.7,0,
2017-12-22 06:22:53,0,3,4,10.7,3642.2,-39999.2,7133.3,26583.6,24.8,0,
2017-12-22 06:22:56,0,3,4,10.7,3641.7,-39999.2,7133.3,26583.6,24.7,0,
2017-12-22 06:23:00,0,3,4,10.8,3641.2,-39999.5,7200.0,26826.3,24.8,0,
2017-12-22 06:23:03,0,3,4,10.8,3640.7,-39999.0,7200.0,26826.3,24.8,0,
2017-12-22 06:23:06,0,3,4,10.9,3640.0,-39999.3,7266.6,27069.0,24.8,0,
2017-12-22 06:23:09,0,3,4,10.9,3639.3,-39999.4,7266.6,27069.0,24.8,0,
2017-12-22 06:23:12,0,3,4,11.0,3639.0,-39999.0,7333.3,27311.6,24.8,0,
2017-12-22 06:23:15,0,3,4,11.0,3638.4,-39999.5,7333.3,27311.6,24.8,0,
2017-12-22 06:23:18,0,3,4,11.1,3637.7,-39998.8,7400.0,27554.1,24.8,0,
2017-12-22 06:23:21,0,3,4,11.1,3637.2,-39999.0,7400.0,27554.1,24.8,0,
2017-12-22 06:23:25,0,3,4,11.2,3636.6,-39999.1,7466.6,27796.6,24.8,0,
2017-12-22 06:23:28,0,3,4,11.2,3636.2,-39999.3,7466.6,27796.6,24.7,0,
2017-12-22 06:23:31,0,3,4,11.3,3635.6,-39998.7,7533.3,28039.0,24.8,0,
2017-12-22 06:23:34,0,3,4,11.3,3635.0,-39998.8,7533.3,28039.0,24.8,0,
2017-12-22 06:23:37,0,3,4,11.4,3634.5,-39999.0,7599.9,28281.3,24.7,0,
2017-12-22 06:23:40,0,3,4,11.4,3634.0,-39999.0,7599.9,28281.3,24.8,0,
2017-12-22 06:23:43,0,3,4,11.5,3633.3,-39999.5,7666.6,28523.6,24.8,0,
2017-12-22 06:23:46,0,3,4,11.6,3632.8,-39999.4,7733.3,28765.7,24.7,0,
2017-12-22 06:23:49,0,3,4,11.6,3632.2,-39999.4,7733.3,28765.7,24.7,0,
2017-12-22 06:23:53,0,3,4,11.7,3631.8,-39999.2,7799.9,29007.8,24.8,0,
2017-12-22 06:23:56,0,3,4,11.7,3631.2,-39998.9,7799.9,29007.8,24.8,0,
2017-12-22 06:23:59,0,3,4,11.8,3630.5,-39999.7,7866.6,29249.9,24.8,0,
2017-12-22 06:24:02,0,3,4,11.8,3630.0,-39999.5,7866.6,29249.9,24.8,0,
2017-12-22 06:24:05,0,3,4,11.9,3629.6,-39999.5,7933.3,29491.9,24.8,0,
2017-12-22 06:24:08,0,3,4,11.9,3629.0,-39999.8,7933.3,29491.9,24.7,0,
2017-12-22 06:24:11,0,3,4,12.0,3628.4,-39999.6,7999.9,29733.8,24.8,0,
2017-12-22 06:24:15,0,3,4,12.0,3627.9,-39999.5,7999.9,29733.8,24.7,0,
2017-12-22 06:24:18,0,3,4,12.1,3627.4,-39999.3,8066.6,29975.6,24.8,0,
2017-12-22 06:24:21,0,3,4,12.1,3626.8,-39999.5,8066.6,29975.6,24.8,0,
2017-12-22 06:24:24,0,3,4,12.2,3626.4,-39999.5,8133.3,30217.4,24.8,0,
2017-12-22 06:24:27,0,3,4,12.2,3625.7,-39999.1,8133.3,30217.4,24.7,0,
2017-12-22 06:24:30,0,3,4,12.3,3625.3,-39999.5,8199.9,30459.1,24.7,0,
2017-12-22 06:24:33,0,3,4,12.3,3624.8,-39999.1,8199.9,30459.1,24.8,0,
2017-12-22 06:24:37,0,3,4,12.4,3624.2,-39999.5,8266.6,30700.7,24.8,0,
2017-12-22 06:24:40,0,3,4,12.4,3623.7,-39999.5,8266.6,30700.7,24.7,0,
2017-12-22 06:24:43,0,3,4,12.5,3623.3,-39999.3,8333.3,30942.3,24.8,0,
2017-12-22 06:24:46,0,3,4,12.5,3622.6,-39999.7,8333.3,30942.3,24.8,0,
2017-12-22 06:24:49,0,3,4,12.6,3622.1,-39999.2,8399.9,31183.8,24.7,0,
2017-12-22 06:24:52,0,3,4,12.7,3621.5,-39998.9,8466.6,31425.2,24.7,0,
2017-12-22 06:24:56,0,3,4,12.7,3621.2,-39999.5,8466.6,31425.2,24.7,0,
2017-12-22 06:24:59,0,3,4,12.8,3620.5,-39999.4,8533.3,31666.6,24.7,0,
2017-12-22 06:25:02,0,3,4,12.8,3620.0,-39999.5,8533.3,31666.6,24.7,0,
2017-12-22 06:25:05,0,3,4,12.9,3619.6,-39999.5,8599.9,31907.9,24.8,0,
2017-12-22 06:25:08,0,3,4,12.9,3619.0,-39999.6,8599.9,31907.9,24.8,0,
2017-12-22 06:25:11,0,3,4,13.0,3618.5,-39999.5,8666.6,32149.1,24.8,0,
2017-12-22 06:25:14,0,3,4,13.0,3617.9,-39999.5,8666.6,32149.1,24.7,0,
2017-12-22 06:25:18,0,3,4,13.1,3617.5,-39999.7,8733.2,32390.3,24.7,0,
2017-12-22 06:25:21,0,3,4,13.1,3616.9,-39999.8,8733.2,32390.3,24.8,0,
2017-12-22 06:25:24,0,3,4,13.2,3616.4,-39999.5,8799.9,32631.4,24.7,0,
2017-12-22 06:25:27,0,3,4,13.2,3616.0,-39999.5,8799.9,32631.4,24.8,0,
2017-12-22 06:25:30,0,3,4,13.3,3615.5,-39999.3,8866.6,32872.5,24.7,0,
2017-12-22 06:25:34,0,3,4,13.3,3614.9,-39999.7,8866.6,32872.5,24.8,0,
2017-12-22 06:25:37,0,3,4,13.4,3614.3,-39999.2,8933.2,33113.4,24.8,0,
2017-12-22 06:25:40,0,3,4,13.4,3613.9,-39999.3,8933.2,33113.4,24.8,0,
2017-12-22 06:25:43,0,3,4,13.5,3613.5,-39999.1,8999.9,33354.3,24.8,0,
2017-12-22 06:25:46,0,3,4,13.5,3612.8,-39998.8,8999.9,33354.3,24.8,0,
2017-12-22 06:25:49,0,3,4,13.6,3612.3,-39999.2,9066.6,33595.2,24.8,0,
2017-12-22 06:25:52,0,3,4,13.7,3611.9,-39999.2,9133.2,33836.0,24.7,0,
2017-12-22 06:25:56,0,3,4,13.7,3611.4,-39999.5,9133.2,33836.0,24.8,0,
2017-12-22 06:25:59,0,3,4,13.8,3610.9,-39999.3,9199.9,34076.7,24.8,0,
2017-12-22 06:26:02,0,3,4,13.8,3610.5,-39999.2,9199.9,34076.7,24.8,0,
2017-12-22 06:26:05,0,3,4,13.9,3609.9,-39999.7,9266.6,34317.4,24.8,0,
2017-12-22 06:26:08,0,3,4,13.9,3609.5,-39999.3,9266.6,34317.4,24.8,0,
2017-12-22 06:26:11,0,3,4,14.0,3609.0,-39999.7,9333.2,34558.0,24.8,0,
2017-12-22 06:26:14,0,3,4,14.0,3608.4,-39998.9,9333.2,34558.0,24.8,0,
2017-12-22 06:26:18,0,3,4,14.1,3607.9,-39999.3,9399.9,34798.5,24.8,0,
2017-12-22 06:26:21,0,3,4,14.1,3607.5,-39999.2,9399.9,34798.5,24.8,0,
2017-12-22 06:26:24,0,3,4,14.2,3607.0,-39999.3,9466.6,35039.0,24.8,0,
2017-12-22 06:26:27,0,3,4,14.2,3606.5,-39999.2,9466.6,35039.0,24.8,0,
2017-12-22 06:26:30,0,3,4,14.3,3606.1,-39999.3,9533.2,35279.4,24.8,0,
2017-12-22 06:26:33,0,3,4,14.3,3605.6,-39999.3,9533.2,35279.4,24.8,0,
2017-12-22 06:26:36,0,3,4,14.4,3605.0,-39999.5,9599.9,35519.7,24.8,0,
2017-12-22 06:26:40,0,3,4,14.4,3604.6,-39999.2,9599.9,35519.7,24.8,0,
2017-12-22 06:26:43,0,3,4,14.5,3603.9,-39999.2,9666.6,35760.0,24.8,0,
2017-12-22 06:26:46,0,3,4,14.5,3603.6,-39999.0,9666.6,35760.0,24.8,0,
2017-12-22 06:26:49,0,3,4,14.6,3603.1,-39999.0,9733.2,36000.2,24.8,0,
2017-12-22 06:26:52,0,3,4,14.6,3602.6,-39999.0,9733.2,36000.2,24.8,0,
2017-12-22 06:26:55,0,3,4,14.7,3602.0,-39998.7,9799.9,36240.4,24.8,0,
2017-12-22 06:26:58,0,3,4,14.8,3601.7,-39999.5,9866.5,36480.5,24.9,0,
2017-12-22 06:27:01,0,3,4,14.8,3601.2,-39998.7,9866.5,36480.5,24.9,0,
2017-12-22 06:27:04,0,3,4,14.9,3600.7,-39998.9,9933.2,36720.5,24.9,0,
2017-12-22 06:27:08,0,3,4,14.9,3600.3,-39998.9,9933.2,36720.5,24.9,0,
2017-12-22 06:27:11,0,3,4,15.0,3599.6,-39998.7,9999.9,36960.5,24.9,0,
2017-12-22 06:27:14,0,3,4,15.0,3599.3,-39998.9,9999.9,36960.5,24.9,0,
2017-12-22 06:27:17,0,3,4,15.1,3598.8,-39999.1,10066.5,37200.4,24.9,0,
2017-12-22 06:27:20,0,3,4,15.1,3598.3,-39999.2,10066.5,37200.4,24.9,0,
2017-12-22 06:27:23,0,3,4,15.2,3597.8,-39998.9,10133.2,37440.3,24.9,0,
2017-12-22 06:27:26,0,3,4,15.2,3597.3,-39998.9,10133.2,37440.3,24.9,0,
2017-12-22 06:27:30,0,3,4,15.3,3596.8,-39999.4,10199.9,37680.1,24.9,0,
2017-12-22 06:27:33,0,3,4,15.3,3596.4,-39999.1,10199.9,37680.1,24.9,0,
2017-12-22 06:27:36,0,3,4,15.4,3596.0,-39999.1,10266.5,37919.8,24.8,0,
2017-12-22 06:27:39,0,3,4,15.4,3595.5,-39999.2,10266.5,37919.8,24.9,0,
2017-12-22 06:27:42,0,3,4,15.5,3595.0,-39998.8,10333.2,38159.5,24.8,0,
2017-12-22 06:27:45,0,3,4,15.5,3594.5,-39998.8,10333.2,38159.5,24.8,0,
2017-12-22 06:27:48,0,3,4,15.6,3594.0,-39998.7,10399.8,38399.1,24.8,0,
2017-12-22 06:27:51,0,3,4,15.6,3593.5,-39999.3,10399.8,38399.1,24.8,0,
2017-12-22 06:27:54,0,3,4,15.7,3593.2,-39999.2,10466.5,38638.6,24.8,0,
2017-12-22 06:27:58,0,3,4,15.7,3592.6,-39998.8,10466.5,38638.6,24.9,0,
2017-12-22 06:28:01,0,3,4,15.8,3592.3,-39998.8,10533.2,38878.1,24.8,0,
2017-12-22 06:28:04,0,3,4,15.8,3591.7,-39999.0,10533.2,38878.1,24.8,0,
2017-12-22 06:28:07,0,3,4,15.9,3591.3,-39998.8,10599.8,39117.5,24.8,0,
2017-12-22 06:28:10,0,3,4,16.0,3590.7,-39998.7,10666.5,39356.9,24.8,0,
2017-12-22 06:28:13,0,3,4,16.0,3590.4,-39999.0,10666.5,39356.9,24.8,0,
2017-12-22 06:28:17,0,3,4,16.1,3589.9,-39999.0,10733.2,39596.2,24.8,0,
2017-12-22 06:28:20,0,3,4,16.1,3589.4,-39999.2,10733.2,39596.2,24.8,0,
2017-12-22 06:28:23,0,3,4,16.2,3588.9,-39998.9,10799.8,39835.4,24.8,0,
2017-12-22 06:28:26,0,3,4,16.2,3588.5,-39998.5,10799.8,39835.4,24.9,0,
2017-12-22 06:28:29,0,3,4,16.3,3587.9,-39998.9,10866.5,40074.6,24.9,0,
2017-12-22 06:28:32,0,3,4,16.3,3587.5,-39998.7,10866.5,40074.6,24.9,0,
2017-12-22 06:28:35,0,3,4,16.4,3587.1,-39999.0,10933.2,40313.8,24.9,0,
2017-12-22 06:28:38,0,3,4,16.4,3586.6,-39998.8,10933.2,40313.8,24.9,0,
2017-12-22 06:28:42,0,3,4,16.5,3586.0,-39998.8,10999.8,40552.8,24.9,0,
2017-12-22 06:28:45,0,3,4,16.5,3585.7,-39998.8,10999.8,40552.8,24.9,0,
2017-12-22 06:28:48,0,3,4,16.6,3585.1,-39998.7,11066.5,40791.9,24.9,0,
2017-12-22 06:28:51,0,3,4,16.6,3584.7,-39998.9,11066.5,40791.9,24.9,0,
2017-12-22 06:28:54,0,3,4,16.7,3584.3,-39999.1,11133.1,41030.8,24.9,0,
2017-12-22 06:28:57,0,3,4,16.7,3583.8,-39998.8,11133.1,41030.8,24.9,0,
2017-12-22 06:29:00,0,3,4,16.8,3583.2,-39998.9,11199.8,41269.7,24.9,0,
2017-12-22 06:29:04,0,3,4,16.8,3582.7,-39998.8,11199.8,41269.7,24.9,0,
2017-12-22 06:29:07,0,3,4,16.9,3582.4,-39999.1,11266.5,41508.5,24.9,0,
2017-12-22 06:29:10,0,3,4,16.9,3581.9,-39998.9,11266.5,41508.5,24.9,0,
2017-12-22 06:29:13,0,3,4,17.0,3581.6,-39998.9,11333.1,41747.3,24.9,0,
2017-12-22 06:29:16,0,3,4,17.1,3580.9,-39999.4,11399.8,41986.1,24.9,0,
2017-12-22 06:29:20,0,3,4,17.1,3580.6,-39999.3,11399.8,41986.1,24.9,0,
2017-12-22 06:29:23,0,3,4,17.2,3580.0,-39999.1,11466.5,42224.7,24.9,0,
2017-12-22 06:29:26,0,3,4,17.2,3579.6,-39999.4,11466.5,42224.7,24.9,0,
2017-12-22 06:29:29,0,3,4,17.3,3579.1,-39998.9,11533.1,42463.3,24.9,0,
2017-12-22 06:29:32,0,3,4,17.3,3578.7,-39998.8,11533.1,42463.3,24.9,0,
2017-12-22 06:29:35,0,3,4,17.4,3578.4,-39998.5,11599.8,42701.9,24.9,0,
2017-12-22 06:29:38,0,3,4,17.4,3577.7,-39999.2,11599.8,42701.9,24.9,0,
2017-12-22 06:29:41,0,3,4,17.5,3577.3,-39998.4,11666.4,42940.3,24.8,0,
2017-12-22 06:29:44,0,3,4,17.5,3576.8,-39998.8,11666.4,42940.3,24.9,0,
2017-12-22 06:29:47,0,3,4,17.6,3576.4,-39998.8,11733.1,43178.8,24.9,0,
2017-12-22 06:29:51,0,3,4,17.6,3575.9,-39998.5,11733.1,43178.8,24.9,0,
2017-12-22 06:29:54,0,3,4,17.7,3575.4,-39999.3,11799.8,43417.1,25.0,0,
2017-12-22 06:29:57,0,3,4,17.7,3574.9,-39999.3,11799.8,43417.1,24.9,0,
2017-12-22 06:30:00,0,3,4,17.8,3574.5,-39999.1,11866.4,43655.5,24.9,0,
2017-12-22 06:30:03,0,3,4,17.8,3574.0,-39998.7,11866.4,43655.5,24.9,0,
2017-12-22 06:30:06,0,3,4,17.9,3573.6,-39998.9,11933.1,43893.7,24.9,0,
2017-12-22 06:30:09,0,3,4,17.9,3573.2,-39999.0,11933.1,43893.7,24.9,0,
2017-12-22 06:30:12,0,3,4,18.0,3572.6,-39999.1,11999.8,44131.9,24.9,0,
2017-12-22 06:30:16,0,3,4,18.0,3572.2,-39999.5,11999.8,44131.9,25.0,0,
2017-12-22 06:30:19,0,3,4,18.1,3571.7,-39999.2,12066.4,44370.0,24.9,0,
2017-12-22 06:30:22,0,3,4,18.1,3571.3,-39999.4,12066.4,44370.0,24.9,0,
2017-12-22 06:30:25,0,3,4,18.2,3570.8,-39999.4,12133.1,44608.1,25.0,0,
2017-12-22 06:30:28,0,3,4,18.2,3570.2,-39999.0,12133.1,44608.1,25.0,0,
2017-12-22 06:30:31,0,3,4,18.3,3569.8,-39999.1,12199.8,44846.1,25.0,0,
2017-12-22 06:30:34,0,3,4,18.4,3569.3,-39999.2,12266.4,45084.0,25.0,0,
2017-12-22 06:30:38,0,3,4,18.4,3568.9,-39998.8,12266.4,45084.0,25.0,0,
2017-12-22 06:30:41,0,3,4,18.5,3568.3,-39999.3,12333.1,45321.9,25.0,0,
2017-12-22 06:30:44,0,3,4,18.5,3567.9,-39999.3,12333.1,45321.9,25.0,0,
2017-12-22 06:30:47,0,3,4,18.6,3567.4,-39998.8,12399.7,45559.7,25.0,0,
2017-12-22 06:30:50,0,3,4,18.6,3566.9,-39998.7,12399.7,45559.7,25.0,0,
2017-12-22 06:30:53,0,3,4,18.7,3566.5,-39998.9,12466.4,45797.5,25.0,0,
2017-12-22 06:30:56,0,3,4,18.7,3565.9,-39999.3,12466.4,45797.5,25.0,0,
2017-12-22 06:31:00,0,3,4,18.8,3565.5,-39998.9,12533.1,46035.2,25.0,0,
2017-12-22 06:31:03,0,3,4,18.8,3565.0,-39999.1,12533.1,46035.2,25.0,0,
2017-12-22 06:31:06,0,3,4,18.9,3564.5,-39999.4,12599.7,46272.8,25.0,0,
2017-12-22 06:31:09,0,3,4,18.9,3564.0,-39999.3,12599.7,46272.8,25.0,0,
2017-12-22 06:31:12,0,3,4,19.0,3563.6,-39999.0,12666.4,46510.4,25.0,0,
2017-12-22 06:31:15,0,3,4,19.0,3563.2,-39999.1,12666.4,46510.4,25.0,0,
2017-12-22 06:31:18,0,3,4,19.1,3562.6,-39999.1,12733.1,46747.9,24.9,0,
2017-12-22 06:31:21,0,3,4,19.1,3562.3,-39999.3,12733.1,46747.9,24.9,0,
2017-12-22 06:31:25,0,3,4,19.2,3561.6,-39999.5,12799.7,46985.4,24.9,0,
2017-12-22 06:31:28,0,3,4,19.2,3561.1,-39999.2,12799.7,46985.4,24.9,0,
2017-12-22 06:31:31,0,3,4,19.3,3560.7,-39998.8,12866.4,47222.8,24.9,0,
2017-12-22 06:31:34,0,3,4,19.4,3560.2,-39999.1,12933.1,47460.1,24.9,0,
2017-12-22 06:31:37,0,3,4,19.4,3559.7,-39999.3,12933.1,47460.1,24.9,0,
2017-12-22 06:31:41,0,3,4,19.5,3559.3,-39998.9,12999.7,47697.4,24.9,0,
2017-12-22 06:31:44,0,3,4,19.5,3558.8,-39999.1,12999.7,47697.4,24.9,0,
2017-12-22 06:31:47,0,3,4,19.6,3558.3,-39999.1,13066.4,47934.6,24.9,0,
2017-12-22 06:31:50,0,3,4,19.6,3557.8,-39999.3,13066.4,47934.6,25.0,0,
2017-12-22 06:31:53,0,3,4,19.7,3557.4,-39999.0,13133.0,48171.8,25.0,0,
2017-12-22 06:31:56,0,3,4,19.7,3556.8,-39999.2,13133.0,48171.8,25.0,0,
2017-12-22 06:31:59,0,3,4,19.8,3556.2,-39998.8,13199.7,48408.9,25.0,0,
2017-12-22 06:32:03,0,3,4,19.8,3555.9,-39998.9,13199.7,48408.9,25.0,0,
2017-12-22 06:32:06,0,3,4,19.9,3555.4,-39999.1,13266.4,48645.9,25.0,0,
2017-12-22 06:32:09,0,3,4,19.9,3554.8,-39998.7,13266.4,48645.9,25.0,0,
2017-12-22 06:32:12,0,3,4,20.0,3554.4,-39998.9,13333.0,48882.9,25.0,0,
2017-12-22 06:32:15,0,3,4,20.0,3553.9,-39999.0,13333.0,48882.9,25.0,0,
2017-12-22 06:32:18,0,3,4,20.1,3553.5,-39999.0,13399.7,49119.8,25.0,0,
2017-12-22 06:32:21,0,3,4,20.1,3552.9,-39998.8,13399.7,49119.8,25.0,0,
2017-12-22 06:32:24,0,3,4,20.2,3552.5,-39998.5,13466.4,49356.6,25.0,0,
2017-12-22 06:32:28,0,3,4,20.2,3551.9,-39999.1,13466.4,49356.6,25.0,0,
2017-12-22 06:32:31,0,3,4,20.3,3551.6,-39998.7,13533.0,49593.4,25.0,0,
2017-12-22 06:32:34,0,3,4,20.3,3551.0,-39999.2,13533.0,49593.4,25.0,0,
2017-12-22 06:32:37,0,3,4,20.4,3550.6,-39998.7,13599.7,49830.1,25.0,0,
2017-12-22 06:32:40,0,3,4,20.4,3550.0,-39998.5,13599.7,49830.1,25.0,0,
2017-12-22 06:32:43,0,3,4,20.5,3549.7,-39998.7,13666.3,50066.7,25.0,0,
2017-12-22 06:32:46,0,3,4,20.6,3549.1,-39998.9,13733.0,50303.3,25.0,0,
2017-12-22 06:32:50,0,3,4,20.6,3548.5,-39998.7,13733.0,50303.3,25.0,0,
2017-12-22 06:32:53,0,3,4,20.7,3548.1,-39998.5,13799.7,50539.9,25.0,0,
2017-12-22 06:32:56,0,3,4,20.7,3547.7,-39998.7,13799.7,50539.9,25.0,0,
2017-12-22 06:32:59,0,3,4,20.8,3547.2,-39998.9,13866.3,50776.3,25.0,0,
2017-12-22 06:33:02,0,3,4,20.8,3546.5,-39998.5,13866.3,50776.3,25.0,0,
2017-12-22 06:33:05,0,3,4,20.9,3546.2,-39998.8,13933.0,51012.8,25.0,0,
2017-12-22 06:33:08,0,3,4,20.9,3545.7,-39998.5,13933.0,51012.8,25.0,0,
2017-12-22 06:33:11,0,3,4,21.0,3545.2,-39999.0,13999.7,51249.1,25.0,0,
2017-12-22 06:33:15,0,3,4,21.0,3544.8,-39998.8,13999.7,51249.1,25.0,0,
2017-12-22 06:33:18,0,3,4,21.1,3544.2,-39998.5,14066.3,51485.4,25.0,0,
2017-12-22 06:33:21,0,3,4,21.1,3543.8,-39998.7,14066.3,51485.4,24.9,0,
2017-12-22 06:33:24,0,3,4,21.2,3543.2,-39998.7,14133.0,51721.6,24.9,0,
2017-12-22 06:33:27,0,3,4,21.2,3542.8,-39999.0,14133.0,51721.6,24.9,0,
2017-12-22 06:33:30,0,3,4,21.3,3542.3,-39999.2,14199.6,51957.8,24.9,0,
2017-12-22 06:33:34,0,3,4,21.3,3541.7,-39999.0,14199.6,51957.8,24.9,0,
2017-12-22 06:33:37,0,3,4,21.4,3541.2,-39998.7,14266.3,52193.9,24.9,0,
2017-12-22 06:33:40,0,3,4,21.4,3540.7,-39998.8,14266.3,52193.9,24.9,0,
2017-12-22 06:33:43,0,3,4,21.5,3540.3,-39998.9,14333.0,52429.9,25.0,0,
2017-12-22 06:33:46,0,3,4,21.5,3539.8,-39998.8,14333.0,52429.9,24.9,0,
2017-12-22 06:33:49,0,3,4,21.6,3539.3,-39998.8,14399.6,52665.9,24.9,0,
2017-12-22 06:33:52,0,3,4,21.7,3538.8,-39998.7,14466.3,52901.8,25.0,0,
2017-12-22 06:33:55,0,3,4,21.7,3538.3,-39998.9,14466.3,52901.8,25.0,0,
2017-12-22 06:33:59,0,3,4,21.8,3537.8,-39999.2,14533.0,53137.6,25.0,0,
2017-12-22 06:34:02,0,3,4,21.8,3537.3,-39999.0,14533.0,53137.6,25.0,0,
2017-12-22 06:34:05,0,3,4,21.9,3536.8,-39999.2,14599.6,53373.4,25.0,0,
2017-12-22 06:34:08,0,3,4,21.9,3536.3,-39999.1,14599.6,53373.4,25.0,0,
2017-12-22 06:34:11,0,3,4,22.0,3535.8,-39999.0,14666.3,53609.1,25.0,0,
2017-12-22 06:34:14,0,3,4,22.0,3535.3,-39998.9,14666.3,53609.1,25.0,0,
2017-12-22 06:34:17,0,3,4,22.1,3534.9,-39998.7,14733.0,53844.8,25.0,0,
2017-12-22 06:34:21,0,3,4,22.1,3534.3,-39998.6,14733.0,53844.8,25.0,0,
2017-12-22 06:34:24,0,3,4,22.2,3533.7,-39999.2,14799.6,54080.4,25.0,0,
2017-12-22 06:34:27,0,3,4,22.2,3533.4,-39998.3,14799.6,54080.4,25.0,0,
2017-12-22 06:34:30,0,3,4,22.3,3532.8,-39998.9,14866.3,54315.9,25.0,0,
2017-12-22 06:34:33,0,3,4,22.3,3532.2,-39998.6,14866.3,54315.9,25.0,0,
2017-12-22 06:34:36,0,3,4,22.4,3531.8,-39999.2,14932.9,54551.3,25.0,0,
2017-12-22 06:34:39,0,3,4,22.4,3531.2,-39998.8,14932.9,54551.3,25.0,0,
2017-12-22 06:34:43,0,3,4,22.5,3530.7,-39998.8,14999.6,54786.7,25.0,0,
2017-12-22 06:34:46,0,3,4,22.5,3530.2,-39998.9,14999.6,54786.7,25.0,0,
2017-12-22 06:34:49,0,3,4,22.6,3529.7,-39998.7,15066.3,55022.0,25.0,0,
2017-12-22 06:34:52,0,3,4,22.6,3529.2,-39998.7,15066.3,55022.0,25.0,0,
2017-12-22 06:34:55,0,3,4,22.7,3528.7,-39998.3,15132.9,55257.3,25.0,0,
2017-12-22 06:34:58,0,3,4,22.8,3528.1,-39998.8,15199.6,55492.5,25.0,0,
2017-12-22 06:35:01,0,3,4,22.8,3527.7,-39998.8,15199.6,55492.5,25.0,0,
2017-12-22 06:35:04,0,3,4,22.9,3527.1,-39998.0,15266.3,55727.6,25.0,0,
2017-12-22 06:35:08,0,3,4,22.9,3526.5,-39998.7,15266.3,55727.6,25.0,0,
2017-12-22 06:35:11,0,3,4,23.0,3526.1,-39998.4,15332.9,55962.7,25.0,0,
2017-12-22 06:35:14,0,3,4,23.0,3525.7,-39998.7,15332.9,55962.7,25.0,0,
2017-12-22 06:35:17,0,3,4,23.1,3525.2,-39998.7,15399.6,56197.7,25.0,0,
2017-12-22 06:35:20,0,3,4,23.1,3524.6,-39998.5,15399.6,56197.7,25.0,0,
2017-12-22 06:35:23,0,3,4,23.2,3524.1,-39998.8,15466.2,56432.6,25.0,0,
2017-12-22 06:35:26,0,3,4,23.2,3523.5,-39998.7,15466.2,56432.6,25.0,0,
2017-12-22 06:35:30,0,3,4,23.3,3523.0,-39998.6,15532.9,56667.5,25.0,0,
2017-12-22 06:35:33,0,3,4,23.3,3522.6,-39999.0,15532.9,56667.5,25.0,0,
2017-12-22 06:35:36,0,3,4,23.4,3522.1,-39998.5,15599.6,56902.3,25.0,0,
2017-12-22 06:35:39,0,3,4,23.4,3521.5,-39998.5,15599.6,56902.3,25.0,0,
2017-12-22 06:35:42,0,3,4,23.5,3521.0,-39998.7,15666.2,57137.0,25.0,0,
2017-12-22 06:35:45,0,3,4,23.5,3520.6,-39998.8,15666.2,57137.0,25.0,0,
2017-12-22 06:35:48,0,3,4,23.6,3520.0,-39998.9,15732.9,57371.7,25.0,0,
2017-12-22 06:35:52,0,3,4,23.6,3519.5,-39998.7,15732.9,57371.7,25.0,0,
2017-12-22 06:35:55,0,3,4,23.7,3519.0,-39999.2,15799.5,57606.3,25.0,0,
2017-12-22 06:35:58,0,3,4,23.7,3518.4,-39998.5,15799.5,57606.3,25.0,0,
2017-12-22 06:36:01,0,3,4,23.8,3517.9,-39998.9,15866.2,57840.8,25.0,0,
2017-12-22 06:36:04,0,3,4,23.9,3517.4,-39999.1,15932.9,58075.3,25.0,0,
2017-12-22 06:36:07,0,3,4,23.9,3516.9,-39998.7,15932.9,58075.3,25.0,0,
2017-12-22 06:36:10,0,3,4,24.0,3516.5,-39998.7,15999.5,58309.7,25.0,0,
2017-12-22 06:36:14,0,3,4,24.0,3515.9,-39999.1,15999.5,58309.7,25.0,0,
2017-12-22 06:36:17,0,3,4,24.1,3515.4,-39998.4,16066.2,58544.1,25.0,0,
2017-12-22 06:36:20,0,3,4,24.1,3514.9,-39998.7,16066.2,58544.1,25.1,0,
2017-12-22 06:36:23,0,3,4,24.2,3514.3,-39998.8,16132.9,58778.4,25.1,0,
2017-12-22 06:36:26,0,3,4,24.2,3513.9,-39998.5,16132.9,58778.4,25.1,0,
2017-12-22 06:36:29,0,3,4,24.3,3513.3,-39998.7,16199.5,59012.6,25.1,0,
2017-12-22 06:36:32,0,3,4,24.3,3512.7,-39998.8,16199.5,59012.6,25.1,0,
2017-12-22 06:36:36,0,3,4,24.4,3512.2,-39998.5,16266.2,59246.8,25.1,0,
2017-12-22 06:36:39,0,3,4,24.4,3511.8,-39998.7,16266.2,59246.8,25.1,0,
2017-12-22 06:36:42,0,3,4,24.5,3511.2,-39998.6,16332.9,59480.8,25.1,0,
2017-12-22 06:36:45,0,3,4,24.5,3510.7,-39998.7,16332.9,59480.8,25.1,0,
2017-12-22 06:36:48,0,3,4,24.6,3510.1,-39998.9,16399.5,59714.9,25.1,0,
2017-12-22 06:36:51,0,3,4,24.6,3509.7,-39999.0,16399.5,59714.9,25.0,0,
2017-12-22 06:36:54,0,3,4,24.7,3509.0,-39998.7,16466.2,59948.8,25.0,0,
2017-12-22 06:36:57,0,3,4,24.7,3508.5,-39998.7,16466.2,59948.8,25.0,0,
2017-12-22 06:37:01,0,3,4,24.8,3508.0,-39998.8,16532.8,60182.7,25.0,0,
2017-12-22 06:37:04,0,3,4,24.8,3507.6,-39998.2,16532.8,60182.7,25.0,0,
2017-12-22 06:37:07,0,3,4,24.9,3507.0,-39998.2,16599.5,60416.5,25.0,0,
2017-12-22 06:37:10,0,3,4,24.9,3506.4,-39998.8,16599.5,60416.5,25.0,0,
2017-12-22 06:37:13,0,3,4,25.0,3505.8,-39998.8,16666.2,60650.2,25.0,0,
2017-12-22 06:37:16,0,3,4,25.1,3505.5,-39998.2,16732.8,60883.9,25.1,0,
2017-12-22 06:37:19,0,3,4,25.1,3504.8,-39998.6,16732.8,60883.9,25.1,0,
2017-12-22 06:37:23,0,3,4,25.2,3504.4,-39998.5,16799.5,61117.5,25.0,0,
2017-12-22 06:37:26,0,3,4,25.2,3503.9,-39998.5,16799.5,61117.5,25.0,0,
2017-12-22 06:37:29,0,3,4,25.3,3503.2,-39998.2,16866.1,61351.1,25.1,0,
2017-12-22 06:37:32,0,3,4,25.3,3502.6,-39998.2,16866.1,61351.1,25.1,0,
2017-12-22 06:37:35,0,3,4,25.4,3502.1,-39998.2,16932.8,61584.5,25.1,0,
2017-12-22 06:37:38,0,3,4,25.4,3501.5,-39998.2,16932.8,61584.5,25.0,0,
2017-12-22 06:37:41,0,3,4,25.5,3501.2,-39998.3,16999.5,61817.9,25.0,0,
2017-12-22 06:37:44,0,3,4,25.5,3500.5,-39998.2,16999.5,61817.9,25.0,0,
2017-12-22 06:37:48,0,3,4,25.6,3500.1,-39998.3,17066.1,62051.2,25.0,0,
2017-12-22 06:37:51,0,3,4,25.6,3499.4,-39998.2,17066.1,62051.2,25.0,0,
2017-12-22 06:37:54,0,3,4,25.7,3499.0,-39998.0,17132.8,62284.5,25.0,0,
2017-12-22 06:37:57,0,3,4,25.7,3498.4,-39998.4,17132.8,62284.5,25.0,0,
2017-12-22 06:38:00,0,3,4,25.8,3497.9,-39998.1,17199.5,62517.7,25.0,0,
2017-12-22 06:38:03,0,3,4,25.8,3497.2,-39997.8,17199.5,62517.7,25.0,0,
2017-12-22 06:38:06,0,3,4,25.9,3496.6,-39998.2,17266.1,62750.8,25.0,0,
2017-12-22 06:38:10,0,3,4,25.9,3496.1,-39998.0,17266.1,62750.8,25.0,0,
2017-12-22 06:38:13,0,3,4,26.0,3495.6,-39998.3,17332.8,62983.8,25.0,0,
2017-12-22 06:38:16,0,3,4,26.0,3494.9,-39998.2,17332.8,62983.8,25.0,0,
2017-12-22 06:38:19,0,3,4,26.1,3494.5,-39998.7,17399.4,63216.8,25.0,0,
2017-12-22 06:38:22,0,3,4,26.2,3493.8,-39998.2,17466.1,63449.7,25.0,0,
2017-12-22 06:38:25,0,3,4,26.2,3493.2,-39998.2,17466.1,63449.7,25.0,0,
2017-12-22 06:38:29,0,3,4,26.3,3492.7,-39998.7,17532.8,63682.6,25.0,0,
2017-12-22 06:38:32,0,3,4,26.3,3492.1,-39998.1,17532.8,63682.6,25.0,0,
2017-12-22 06:38:35,0,3,4,26.4,3491.6,-39998.2,17599.4,63915.3,25.0,0,
2017-12-22 06:38:38,0,3,4,26.4,3491.1,-39998.2,17599.4,63915.3,25.0,0,
2017-12-22 06:38:41,0,3,4,26.5,3490.4,-39998.1,17666.1,64148.0,25.0,0,
2017-12-22 06:38:44,0,3,4,26.5,3489.9,-39998.2,17666.1,64148.0,25.0,0,
2017-12-22 06:38:47,0,3,4,26.6,3489.3,-39998.0,17732.7,64380.6,25.0,0,
2017-12-22 06:38:50,0,3,4,26.6,3488.7,-39998.7,17732.7,64380.6,25.0,0,
2017-12-22 06:38:54,0,3,4,26.7,3488.1,-39998.2,17799.4,64613.1,25.0,0,
2017-12-22 06:38:57,0,3,4,26.7,3487.5,-39998.1,17799.4,64613.1,25.0,0,
2017-12-22 06:39:00,0,3,4,26.8,3486.8,-39998.5,17866.1,64845.6,25.0,0,
2017-12-22 06:39:03,0,3,4,26.8,3486.3,-39998.2,17866.1,64845.6,25.0,0,
2017-12-22 06:39:06,0,3,4,26.9,3485.6,-39998.4,17932.7,65078.0,25.0,0,
2017-12-22 06:39:09,0,3,4,26.9,3485.2,-39998.5,17932.7,65078.0,25.0,0,
2017-12-22 06:39:12,0,3,4,27.0,3484.5,-39998.5,17999.4,65310.3,25.0,0,
2017-12-22 06:39:16,0,3,4,27.0,3483.9,-39998.6,17999.4,65310.3,25.0,0,
2017-12-22 06:39:19,0,3,4,27.1,3483.3,-39997.7,18066.0,65542.5,25.0,0,
2017-12-22 06:39:22,0,3,4,27.1,3482.6,-39998.3,18066.0,65542.5,25.0,0,
2017-12-22 06:39:25,0,3,4,27.2,3482.0,-39997.9,18132.7,65774.7,25.0,0,
2017-12-22 06:39:28,0,3,4,27.3,3481.3,-39997.7,18199.4,66006.7,25.0,0,
2017-12-22 06:39:31,0,3,4,27.3,3480.7,-39998.0,18199.4,66006.7,25.0,0,
2017-12-22 06:39:35,0,3,4,27.4,3480.2,-39998.3,18266.0,66238.7,25.0,0,
2017-12-22 06:39:38,0,3,4,27.4,3479.5,-39998.3,18266.0,66238.7,25.0,0,
2017-12-22 06:39:41,0,3,4,27.5,3478.8,-39997.7,18332.7,66470.6,25.0,0,
2017-12-22 06:39:44,0,3,4,27.5,3478.2,-39998.2,18332.7,66470.6,25.0,0,
2017-12-22 06:39:47,0,3,4,27.6,3477.5,-39998.5,18399.3,66702.5,25.0,0,
2017-12-22 06:39:50,0,3,4,27.6,3476.9,-39998.4,18399.3,66702.5,25.0,0,
2017-12-22 06:39:54,0,3,4,27.7,3476.2,-39998.3,18466.0,66934.2,25.0,0,
2017-12-22 06:39:57,0,3,4,27.7,3475.5,-39998.5,18466.0,66934.2,25.0,0,
2017-12-22 06:40:00,0,3,4,27.8,3474.9,-39998.2,18532.7,67165.9,25.0,0,
2017-12-22 06:40:03,0,3,4,27.8,3474.3,-39998.2,18532.7,67165.9,25.0,0,
2017-12-22 06:40:06,0,3,4,27.9,3473.6,-39997.7,18599.3,67397.5,25.0,0,
2017-12-22 06:40:09,0,3,4,27.9,3473.0,-39998.5,18599.3,67397.5,25.0,0,
2017-12-22 06:40:12,0,3,4,28.0,3472.3,-39998.2,18666.0,67628.9,25.0,0,
2017-12-22 06:40:16,0,3,4,28.0,3471.6,-39997.7,18666.0,67628.9,25.0,0,
2017-12-22 06:40:19,0,3,4,28.1,3470.9,-40000.9,18732.6,67860.3,25.0,0,
2017-12-22 06:40:22,0,3,4,28.1,3470.3,-40001.3,18732.6,67860.3,25.0,0,
2017-12-22 06:40:25,0,3,4,28.2,3469.5,-40001.3,18799.3,68091.7,25.0,0,
2017-12-22 06:40:28,0,3,4,28.2,3468.9,-40001.3,18799.3,68091.7,25.0,0,
2017-12-22 06:40:31,0,3,4,28.3,3468.2,-40001.3,18866.0,68323.0,25.0,0,
2017-12-22 06:40:34,0,3,4,28.4,3467.4,-40001.3,18932.7,68554.1,25.0,0,
2017-12-22 06:40:37,0,3,4,28.4,3466.8,-40001.3,18932.7,68554.1,25.1,0,
2017-12-22 06:40:41,0,3,4,28.5,3466.0,-40001.8,18999.3,68785.2,25.0,0,
2017-12-22 06:40:44,0,3,4,28.5,3465.4,-40001.2,18999.3,68785.2,25.1,0,
2017-12-22 06:40:47,0,3,4,28.6,3464.6,-40001.5,19066.0,69016.2,25.0,0,
2017-12-22 06:40:50,0,3,4,28.6,3463.8,-40000.8,19066.0,69016.2,25.0,0,
2017-12-22 06:40:53,0,3,4,28.7,3463.2,-40000.5,19132.7,69247.1,25.0,0,
2017-12-22 06:40:56,0,3,4,28.7,3462.4,-40001.0,19132.7,69247.1,25.0,0,
2017-12-22 06:40:59,0,3,4,28.8,3461.6,-40000.9,19199.3,69477.9,25.1,0,
2017-12-22 06:41:03,0,3,4,28.8,3461.0,-40001.3,19199.3,69477.9,25.1,0,
2017-12-22 06:41:06,0,3,4,28.9,3460.1,-40001.0,19266.0,69708.6,25.0,0,
2017-12-22 06:41:09,0,3,4,28.9,3459.3,-40000.8,19266.0,69708.6,25.1,0,
2017-12-22 06:41:12,0,3,4,29.0,3458.5,-40000.7,19332.7,69939.2,25.1,0,
2017-12-22 06:41:15,0,3,4,29.0,3457.9,-40001.3,19332.7,69939.2,25.1,0,
2017-12-22 06:41:18,0,3,4,29.1,3457.2,-40000.6,19399.3,70169.8,25.1,0,
2017-12-22 06:41:21,0,3,4,29.1,3456.3,-40000.5,19399.3,70169.8,25.1,0,
2017-12-22 06:41:25,0,3,4,29.2,3455.6,-40000.5,19466.0,70400.2,25.1,0,
2017-12-22 06:41:28,0,3,4,29.2,3454.8,-40000.5,19466.0,70400.2,25.1,0,
2017-12-22 06:41:31,0,3,4,29.3,3454.1,-40000.7,19532.7,70630.5,25.1,0,
2017-12-22 06:41:34,0,3,4,29.3,3453.3,-40001.0,19532.7,70630.5,25.1,0,
2017-12-22 06:41:37,0,3,4,29.4,3452.5,-40000.6,19599.3,70860.7,25.1,0,
2017-12-22 06:41:40,0,3,4,29.5,3451.8,-40000.7,19666.0,71090.8,25.1,0,
2017-12-22 06:41:43,0,3,4,29.5,3450.9,-40000.7,19666.0,71090.8,25.1,0,
2017-12-22 06:41:47,0,3,4,29.6,3450.1,-40000.5,19732.7,71320.9,25.1,0,
2017-12-22 06:41:50,0,3,4,29.6,3449.3,-40001.1,19732.7,71320.9,25.1,0,
2017-12-22 06:41:53,0,3,4,29.7,3448.5,-40000.7,19799.4,71550.8,25.0,0,
2017-12-22 06:41:56,0,3,4,29.7,3447.7,-40001.3,19799.4,71550.8,25.0,0,
2017-12-22 06:41:59,0,3,4,29.8,3446.9,-40000.7,19866.0,71780.6,25.0,0,
2017-12-22 06:42:02,0,3,4,29.8,3446.1,-40001.3,19866.0,71780.6,25.0,0,
2017-12-22 06:42:05,0,3,4,29.9,3445.4,-40000.7,19932.7,72010.3,25.1,0,
2017-12-22 06:42:09,0,3,4,29.9,3444.6,-40000.9,19932.7,72010.3,25.0,0,
2017-12-22 06:42:12,0,3,4,30.0,3443.7,-40001.1,19999.4,72239.9,25.1,0,
2017-12-22 06:42:15,0,3,4,30.0,3443.0,-40000.3,19999.4,72239.9,25.1,0,
2017-12-22 06:42:18,0,3,4,30.1,3442.1,-39999.8,20066.0,72469.4,25.1,0,
2017-12-22 06:42:21,0,3,4,30.1,3441.4,-40000.8,20066.0,72469.4,25.1,0,
2017-12-22 06:42:24,0,3,4,30.2,3440.4,-40000.7,20132.7,72698.8,25.1,0,
2017-12-22 06:42:28,0,3,4,30.2,3439.7,-40000.8,20132.7,72698.8,25.1,0,
2017-12-22 06:42:31,0,3,4,30.3,3438.8,-40001.1,20199.4,72928.1,25.1,0,
2017-12-22 06:42:34,0,3,4,30.3,3438.0,-40001.3,20199.4,72928.1,25.1,0,
2017-12-22 06:42:37,0,3,4,30.4,3437.0,-40000.8,20266.0,73157.3,25.1,0,
2017-12-22 06:42:40,0,3,4,30.4,3436.4,-40000.9,20266.0,73157.3,25.1,0,
2017-12-22 06:42:43,0,3,4,30.5,3435.4,-40001.2,20332.7,73386.4,25.1,0,
2017-12-22 06:42:46,0,3,4,30.6,3434.5,-40000.6,20399.4,73615.4,25.1,0,
2017-12-22 06:42:49,0,3,4,30.6,3433.7,-40000.9,20399.4,73615.4,25.1,0,
2017-12-22 06:42:53,0,3,4,30.7,3432.9,-40000.7,20466.0,73844.3,25.1,0,
2017-12-22 06:42:56,0,3,4,30.7,3432.0,-40000.3,20466.0,73844.3,25.1,0,
2017-12-22 06:42:59,0,3,4,30.8,3431.2,-40000.9,20532.7,74073.0,25.1,0,
2017-12-22 06:43:02,0,3,4,30.8,3430.2,-40000.7,20532.7,74073.0,25.1,0,
2017-12-22 06:43:05,0,3,4,30.9,3429.4,-40000.9,20599.4,74301.7,25.1,0,
2017-12-22 06:43:08,0,3,4,30.9,3428.6,-40000.7,20599.4,74301.7,25.1,0,
2017-12-22 06:43:11,0,3,4,31.0,3427.6,-40000.3,20666.0,74530.2,25.1,0,
2017-12-22 06:43:15,0,3,4,31.0,3426.7,-40000.1,20666.0,74530.2,25.1,0,
2017-12-22 06:43:18,0,3,4,31.1,3425.8,-39999.7,20732.7,74758.6,25.1,0,
2017-12-22 06:43:21,0,3,4,31.1,3424.9,-40000.0,20732.7,74758.6,25.1,0,
2017-12-22 06:43:24,0,3,4,31.2,3423.9,-40000.5,20799.4,74986.9,25.1,0,
2017-12-22 06:43:27,0,3,4,31.2,3422.9,-39999.9,20799.4,74986.9,25.1,0,
2017-12-22 06:43:30,0,3,4,31.3,3422.0,-40000.3,20866.0,75215.1,25.1,0,
2017-12-22 06:43:33,0,3,4,31.3,3421.2,-40000.3,20866.0,75215.1,25.1,0,
2017-12-22 06:43:37,0,3,4,31.4,3420.1,-40000.3,20932.7,75443.2,25.1,0,
2017-12-22 06:43:40,0,3,4,31.4,3419.3,-40000.7,20932.7,75443.2,25.1,0,
2017-12-22 06:43:43,0,3,4,31.5,3418.3,-39999.5,20999.4,75671.1,25.1,0,
2017-12-22 06:43:46,0,3,4,31.5,3417.3,-40000.5,20999.4,75671.1,25.1,0,
2017-12-22 06:43:49,0,3,4,31.6,3416.2,-39999.8,21066.1,75898.9,25.1,0,
2017-12-22 06:43:52,0,3,4,31.7,3415.2,-40000.3,21132.7,76126.6,25.1,0,
2017-12-22 06:43:55,0,3,4,31.7,3414.1,-40000.3,21132.7,76126.6,25.1,0,
2017-12-22 06:43:59,0,3,4,31.8,3413.1,-40000.4,21199.4,76354.1,25.2,0,
2017-12-22 06:44:02,0,3,4,31.8,3411.9,-40000.7,21199.4,76354.1,25.2,0,
2017-12-22 06:44:05,0,3,4,31.9,3410.8,-40000.2,21266.1,76581.6,25.2,0,
2017-12-22 06:44:08,0,3,4,31.9,3409.7,-40000.3,21266.1,76581.6,25.2,0,
2017-12-22 06:44:11,0,3,4,32.0,3408.6,-40000.2,21332.7,76808.8,25.2,0,
2017-12-22 06:44:14,0,3,4,32.0,3407.4,-40000.0,21332.7,76808.8,25.2,0,
2017-12-22 06:44:18,0,3,4,32.1,3406.3,-39999.5,21399.4,77035.9,25.2,0,
2017-12-22 06:44:21,0,3,4,32.1,3405.2,-39999.9,21399.4,77035.9,25.2,0,
2017-12-22 06:44:24,0,3,4,32.2,3403.9,-40000.5,21466.1,77262.9,25.2,0,
2017-12-22 06:44:27,0,3,4,32.2,3402.7,-40000.3,21466.1,77262.9,25.2,0,
2017-12-22 06:44:30,0,3,4,32.3,3401.3,-40000.2,21532.7,77489.7,25.2,0,
2017-12-22 06:44:33,0,3,4,32.3,3400.2,-40000.3,21532.7,77489.7,25.2,0,
2017-12-22 06:44:36,0,3,4,32.4,3398.7,-40000.3,21599.4,77716.4,25.3,0,
2017-12-22 06:44:39,0,3,4,32.4,3397.5,-39999.8,21599.4,77716.4,25.3,0,
2017-12-22 06:44:43,0,3,4,32.5,3396.1,-39999.7,21666.1,77942.8,25.3,0,
2017-12-22 06:44:46,0,3,4,32.5,3394.7,-39999.9,21666.1,77942.8,25.3,0,
2017-12-22 06:44:49,0,3,4,32.6,3393.1,-40000.1,21732.7,78169.1,25.3,0,
2017-12-22 06:44:52,0,3,4,32.6,3391.7,-39999.7,21732.7,78169.1,25.3,0,
2017-12-22 06:44:55,0,3,4,32.7,3390.0,-40000.0,21799.4,78395.2,25.3,0,
2017-12-22 06:44:58,0,3,4,32.8,3388.6,-39999.2,21866.0,78621.1,25.2,0,
2017-12-22 06:45:02,0,3,4,32.8,3387.0,-39999.7,21866.0,78621.1,25.2,0,
2017-12-22 06:45:05,0,3,4,32.9,3385.1,-40000.2,21932.7,78846.8,25.2,0,
2017-12-22 06:45:08,0,3,4,32.9,3383.3,-40000.0,21932.7,78846.8,25.2,0,
2017-12-22 06:45:11,0,3,4,33.0,3381.7,-40000.2,21999.4,79072.3,25.2,0,
2017-12-22 06:45:14,0,3,4,33.0,3379.8,-39999.5,21999.4,79072.3,25.2,0,
2017-12-22 06:45:17,0,3,4,33.1,3377.9,-39999.7,22066.0,79297.5,25.1,0,
2017-12-22 06:45:20,0,3,4,33.1,3375.9,-39999.3,22066.0,79297.5,25.2,0,
2017-12-22 06:45:23,0,3,4,33.2,3373.8,-39999.1,22132.7,79522.5,25.2,0,
2017-12-22 06:45:27,0,3,4,33.2,3371.7,-39999.8,22132.7,79522.5,25.2,0,
2017-12-22 06:45:30,0,3,4,33.3,3369.6,-39999.4,22199.4,79747.2,25.2,0,
2017-12-22 06:45:33,0,3,4,33.3,3367.2,-39998.8,22199.4,79747.2,25.2,0,
2017-12-22 06:45:36,0,3,4,33.4,3365.0,-39999.5,22266.0,79971.6,25.3,0,
2017-12-22 06:45:39,0,3,4,33.4,3362.5,-39999.4,22266.0,79971.6,25.3,0,
2017-12-22 06:45:42,0,3,4,33.5,3359.9,-39999.7,22332.7,80195.7,25.3,0,
2017-12-22 06:45:45,0,3,4,33.5,3357.4,-40000.2,22332.7,80195.7,25.3,0,
2017-12-22 06:45:49,0,3,4,33.6,3354.8,-40000.3,22399.4,80419.5,25.3,0,
2017-12-22 06:45:52,0,3,4,33.6,3352.1,-40001.1,22399.4,80419.5,25.3,0,
2017-12-22 06:45:55,0,3,4,33.7,3349.1,-40001.3,22466.0,80642.9,25.3,0,
2017-12-22 06:45:58,0,3,4,33.7,3346.1,-40001.2,22466.0,80642.9,25.3,0,
2017-12-22 06:46:01,0,3,4,33.8,3343.1,-40001.1,22532.7,80866.0,25.3,0,
2017-12-22 06:46:04,0,3,4,33.8,3340.1,-40002.3,22532.7,80866.0,25.3,0,
2017-12-22 06:46:07,0,3,4,33.9,3336.8,-40001.9,22599.4,81088.7,25.3,0,
2017-12-22 06:46:10,0,3,4,34.0,3333.4,-40002.0,22666.1,81310.9,25.3,0,
2017-12-22 06:46:14,0,3,4,34.0,3330.1,-40002.1,22666.1,81310.9,25.3,0,
2017-12-22 06:46:17,0,3,4,34.1,3326.4,-40000.2,22732.7,81532.7,25.3,0,
2017-12-22 06:46:20,0,3,4,34.1,3322.6,-40000.5,22732.7,81532.7,25.3,0,
2017-12-22 06:46:23,0,3,4,34.2,3318.9,-40000.3,22799.4,81754.0,25.3,0,
2017-12-22 06:46:26,0,3,4,34.2,3315.0,-40001.1,22799.4,81754.0,25.3,0,
2017-12-22 06:46:29,0,3,4,34.3,3310.9,-40001.3,22866.1,81974.8,25.3,0,
2017-12-22 06:46:32,0,3,4,34.3,3306.7,-40000.5,22866.1,81974.8,25.3,0,
2017-12-22 06:46:35,0,3,4,34.4,3302.3,-40000.6,22932.7,82195.0,25.3,0,
2017-12-22 06:46:37,0,3,4,34.4,3300.0,-40000.8,22932.7,82195.0,25.3,3,下限电压到
2017-12-22 06:46:38,0,3,4,34.4,3351.4,18.7,22932.7,82195.0,25.3,3,下限电压到
2017-12-22 06:46:42,0,3,4,34.5,3361.8,21.3,22932.8,82195.1,25.3,3,下限电压到
2017-12-22 06:46:45,0,3,4,34.5,3366.9,22.0,22932.8,82195.1,25.3,3,下限电压到
2017-12-22 06:46:50,0,4,6,0.0,3372.4,0,0.0,0.0,25.3,0,
