2017-12-22 05:33:19,0,0,3,0.0,3436.0,0,0.0,0.0,24.8,0,
2017-12-22 05:33:47,0,0,3,0.4,3437.0,23.5,0.0,0.0,24.6,0,
2017-12-22 05:33:50,0,0,3,0.4,3437.3,23.9,0.0,0.0,24.6,0,
2017-12-22 05:33:53,0,0,3,0.5,3437.3,24.6,0.0,0.0,24.6,0,
2017-12-22 05:33:56,0,0,3,0.5,3437.5,23.9,0.0,0.0,24.7,0,
2017-12-22 05:33:59,0,0,3,0.6,3437.4,24.3,0.0,0.0,24.7,0,
2017-12-22 05:34:02,0,0,3,0.6,3437.6,23.6,0.0,0.0,24.7,0,
2017-12-22 05:34:05,0,0,3,0.7,3437.6,24.6,0.0,0.0,24.7,0,
2017-12-22 05:34:08,0,0,3,0.7,3437.7,23.8,0.0,0.0,24.7,0,
2017-12-22 05:34:12,0,0,3,0.8,3437.9,23.9,0.0,0.0,24.7,0,
2017-12-22 05:34:15,0,0,3,0.8,3437.9,23.9,0.0,0.0,24.7,0,
2017-12-22 05:34:18,0,0,3,0.9,3438.1,23.3,0.0,0.0,24.7,0,
2017-12-22 05:34:21,0,0,3,0.9,3438.1,24.4,0.0,0.0,24.7,0,
2017-12-22 05:34:24,0,0,3,1.0,3438.3,24.2,0.0,0.0,24.7,0,
2017-12-22 05:34:25,0,0,3,1.0,3438.1,23.8,0.0,0.0,24.7,1,时间到
2017-12-22 05:34:29,0,1,2,0.0,3438.3,0,0.0,0.0,24.7,0,
2017-12-22 05:34:51,0,1,2,0.4,3515.8,40002.2,266.7,933.6,24.8,0,
2017-12-22 05:34:54,0,1,2,0.4,3519.7,40002.8,266.7,933.6,24.8,0,
2017-12-22 05:34:58,0,1,2,0.5,3523.5,39999.7,333.4,1168.4,24.8,0,
2017-12-22 05:35:01,0,1,2,0.5,3527.2,40000.5,333.4,1168.4,24.8,0,
2017-12-22 05:35:04,0,1,2,0.6,3530.5,40001.2,400.0,1403.8,24.8,0,
2017-12-22 05:35:07,0,1,2,0.6,3533.5,40001.7,400.0,1403.8,24.8,0,
2017-12-22 05:35:11,0,1,2,0.7,3536.4,40002.0,466.7,1639.5,24.8,0,
2017-12-22 05:35:14,0,1,2,0.7,3538.9,40002.2,466.7,1639.5,24.8,0,
2017-12-22 05:35:17,0,1,2,0.8,3541.2,40002.3,533.4,1875.5,24.8,0,
2017-12-22 05:35:20,0,1,2,0.8,3543.5,40002.7,533.4,1875.5,24.8,0,
2017-12-22 05:35:23,0,1,2,0.9,3545.4,39999.7,600.0,2111.8,24.8,0,
2017-12-22 05:35:27,0,1,2,0.9,3547.4,40000.0,600.0,2111.8,24.8,0,
2017-12-22 05:35:30,0,1,2,1.0,3549.2,40000.0,666.7,2348.4,24.8,0,
2017-12-22 05:35:33,0,1,2,1.0,3550.7,40000.0,666.7,2348.4,24.8,0,
2017-12-22 05:35:36,0,1,2,1.1,3552.0,40000.2,733.4,2585.1,24.9,0,
2017-12-22 05:35:39,0,1,2,1.1,3553.4,40000.3,733.4,2585.1,24.9,0,
2017-12-22 05:35:42,0,1,2,1.2,3554.6,40000.5,800.1,2822.0,24.9,0,
2017-12-22 05:35:45,0,1,2,1.2,3555.8,40000.5,800.1,2822.0,25.0,0,
2017-12-22 05:35:48,0,1,2,1.3,3556.9,40000.5,866.7,3059.1,25.0,0,
2017-12-22 05:35:51,0,1,2,1.4,3558.0,40000.5,933.4,3296.3,25.0,0,
2017-12-22 05:35:54,0,1,2,1.4,3559.1,40000.5,933.4,3296.3,24.9,0,
2017-12-22 05:35:58,0,1,2,1.5,3560.2,40000.5,1000.1,3533.6,24.9,0,
2017-12-22 05:36:01,0,1,2,1.5,3561.3,40000.7,1000.1,3533.6,24.9,0,
2017-12-22 05:36:04,0,1,2,1.6,3562.1,40000.3,1066.7,3771.1,24.9,0,
2017-12-22 05:36:07,0,1,2,1.6,3563.2,40000.9,1066.7,3771.1,24.9,0,
2017-12-22 05:36:10,0,1,2,1.7,3564.0,40000.3,1133.4,4008.7,24.9,0,
2017-12-22 05:36:13,0,1,2,1.7,3564.9,40000.5,1133.4,4008.7,24.9,0,
2017-12-22 05:36:17,0,1,2,1.8,3565.8,40000.5,1200.1,4246.4,24.9,0,
2017-12-22 05:36:20,0,1,2,1.8,3566.7,40000.4,1200.1,4246.4,24.9,0,
2017-12-22 05:36:23,0,1,2,1.9,3567.5,40000.5,1266.7,4484.2,24.9,0,
2017-12-22 05:36:26,0,1,2,1.9,3568.2,40000.7,1266.7,4484.2,25.0,0,
2017-12-22 05:36:29,0,1,2,2.0,3569.0,40000.8,1333.4,4722.1,24.9,0,
2017-12-22 05:36:32,0,1,2,2.0,3569.9,40000.8,1333.4,4722.1,24.9,0,
2017-12-22 05:36:35,0,1,2,2.1,3570.8,40000.5,1400.1,4960.1,24.9,0,
2017-12-22 05:36:39,0,1,2,2.1,3571.7,40000.4,1400.1,4960.1,24.9,0,
2017-12-22 05:36:42,0,1,2,2.2,3572.3,40000.6,1466.7,5198.3,24.9,0,
2017-12-22 05:36:45,0,1,2,2.2,3573.2,40000.5,1466.7,5198.3,24.9,0,
2017-12-22 05:36:48,0,1,2,2.3,3573.9,40000.8,1533.4,5436.5,24.9,0,
2017-12-22 05:36:52,0,1,2,2.4,3575.0,40000.7,1600.1,5674.8,24.9,0,
2017-12-22 05:36:55,0,1,2,2.4,3575.6,40000.6,1600.1,5674.8,24.9,0,
2017-12-22 05:36:58,0,1,2,2.5,3576.6,40000.8,1666.7,5913.2,24.9,0,
2017-12-22 05:37:01,0,1,2,2.5,3577.4,40000.3,1666.7,5913.2,24.9,0,
2017-12-22 05:37:04,0,1,2,2.6,3578.2,40000.7,1733.4,6151.8,24.8,0,
2017-12-22 05:37:07,0,1,2,2.6,3578.9,40000.8,1733.4,6151.8,24.8,0,
2017-12-22 05:37:10,0,1,2,2.7,3579.7,40000.9,1800.1,6390.4,24.8,0,
2017-12-22 05:37:13,0,1,2,2.7,3580.4,40000.6,1800.1,6390.4,24.8,0,
2017-12-22 05:37:17,0,1,2,2.8,3581.3,40000.6,1866.8,6629.1,24.8,0,
2017-12-22 05:37:20,0,1,2,2.8,3581.9,40000.7,1866.8,6629.1,24.8,0,
2017-12-22 05:37:23,0,1,2,2.9,3582.6,40000.8,1933.4,6868.0,24.8,0,
2017-12-22 05:37:26,0,1,2,2.9,3583.6,40000.6,1933.4,6868.0,24.8,0,
2017-12-22 05:37:29,0,1,2,3.0,3584.4,40000.9,2000.1,7106.9,24.8,0,
2017-12-22 05:37:32,0,1,2,3.0,3585.1,40000.5,2000.1,7106.9,24.7,0,
2017-12-22 05:37:35,0,1,2,3.1,3585.9,40000.2,2066.8,7346.0,24.8,0,
2017-12-22 05:37:38,0,1,2,3.1,3586.7,40000.7,2066.8,7346.0,24.7,0,
2017-12-22 05:37:41,0,1,2,3.2,3587.5,40000.5,2133.4,7585.1,24.7,0,
2017-12-22 05:37:44,0,1,2,3.2,3588.2,40000.6,2133.4,7585.1,24.7,0,
2017-12-22 05:37:47,0,1,2,3.3,3589.0,40000.3,2200.1,7824.4,24.7,0,
2017-12-22 05:37:51,0,1,2,3.3,3589.9,40000.7,2200.1,7824.4,24.7,0,
2017-12-22 05:37:54,0,1,2,3.4,3590.6,40000.7,2266.8,8063.7,24.7,0,
2017-12-22 05:37:57,0,1,2,3.4,3591.4,40000.7,2266.8,8063.7,24.7,0,
2017-12-22 05:38:00,0,1,2,3.5,3592.4,40000.8,2333.4,8303.1,24.6,0,
2017-12-22 05:38:03,0,1,2,3.5,3593.1,40000.5,2333.4,8303.1,24.6,0,
2017-12-22 05:38:06,0,1,2,3.6,3594.0,40000.8,2400.1,8542.7,24.6,0,
2017-12-22 05:38:09,0,1,2,3.6,3594.8,40000.7,2400.1,8542.7,24.6,0,
2017-12-22 05:38:12,0,1,2,3.7,3595.5,40000.6,2466.8,8782.4,24.6,0,
2017-12-22 05:38:15,0,1,2,3.7,3596.4,40000.8,2466.8,8782.4,24.6,0,
2017-12-22 05:38:18,0,1,2,3.8,3597.2,40000.5,2533.4,9022.1,24.6,0,
2017-12-22 05:38:21,0,1,2,3.9,3597.9,40000.5,2600.1,9262.0,24.6,0,
2017-12-22 05:38:24,0,1,2,3.9,3598.8,40000.5,2600.1,9262.0,24.6,0,
2017-12-22 05:38:27,0,1,2,4.0,3599.5,40000.6,2666.8,9502.0,24.6,0,
2017-12-22 05:38:30,0,1,2,4.0,3600.5,40000.4,2666.8,9502.0,24.6,0,
2017-12-22 05:38:33,0,1,2,4.1,3601.1,40000.7,2733.4,9742.1,24.6,0,
2017-12-22 05:38:36,0,1,2,4.1,3602.1,40000.3,2733.4,9742.1,24.6,0,
2017-12-22 05:38:40,0,1,2,4.2,3602.8,40000.4,2800.1,9982.3,24.6,0,
2017-12-22 05:38:43,0,1,2,4.2,3603.7,40000.6,2800.1,9982.3,24.6,0,
2017-12-22 05:38:46,0,1,2,4.3,3604.6,40000.6,2866.8,10222.5,24.7,0,
2017-12-22 05:38:49,0,1,2,4.3,3605.4,40000.7,2866.8,10222.5,24.7,0,
2017-12-22 05:38:52,0,1,2,4.4,3606.1,40000.3,2933.4,10462.9,24.7,0,
2017-12-22 05:38:55,0,1,2,4.4,3606.9,40000.3,2933.4,10462.9,24.7,0,
2017-12-22 05:38:58,0,1,2,4.5,3607.7,40000.3,3000.1,10703.5,24.6,0,
2017-12-22 05:39:01,0,1,2,4.5,3608.5,40000.6,3000.1,10703.5,24.6,0,
2017-12-22 05:39:04,0,1,2,4.6,3609.3,40000.5,3066.8,10944.1,24.6,0,
2017-12-22 05:39:08,0,1,2,4.6,3610.1,40000.5,3066.8,10944.1,24.6,0,
2017-12-22 05:39:11,0,1,2,4.7,3610.9,40000.5,3133.4,11184.8,24.6,0,
2017-12-22 05:39:14,0,1,2,4.7,3611.7,40000.5,3133.4,11184.8,24.7,0,
2017-12-22 05:39:17,0,1,2,4.8,3612.5,40000.8,3200.1,11425.6,24.7,0,
2017-12-22 05:39:20,0,1,2,4.8,3613.4,40000.5,3200.1,11425.6,24.7,0,
2017-12-22 05:39:23,0,1,2,4.9,3614.3,40000.3,3266.8,11666.5,24.6,0,
2017-12-22 05:39:27,0,1,2,4.9,3615.1,40000.7,3266.8,11666.5,24.7,0,
2017-12-22 05:39:30,0,1,2,5.0,3615.9,40000.5,3333.5,11907.5,24.7,0,
2017-12-22 05:39:33,0,1,2,5.0,3616.6,40000.7,3333.5,11907.5,24.7,0,
2017-12-22 05:39:36,0,1,2,5.1,3617.4,40000.6,3400.1,12148.7,24.7,0,
2017-12-22 05:39:39,0,1,2,5.1,3618.3,40000.5,3400.1,12148.7,24.7,0,
2017-12-22 05:39:42,0,1,2,5.2,3619.2,40000.4,3466.8,12389.9,24.7,0,
2017-12-22 05:39:45,0,1,2,5.2,3620.0,40000.5,3466.8,12389.9,24.7,0,
2017-12-22 05:39:48,0,1,2,5.3,3620.7,40000.5,3533.5,12631.3,24.7,0,
2017-12-22 05:39:51,0,1,2,5.3,3621.5,40000.9,3533.5,12631.3,24.7,0,
2017-12-22 05:39:54,0,1,2,5.4,3622.2,40000.8,3600.1,12872.7,24.7,0,
2017-12-22 05:39:58,0,1,2,5.5,3622.9,40000.8,3666.8,13114.2,24.7,0,
2017-12-22 05:40:01,0,1,2,5.5,3623.9,40000.7,3666.8,13114.2,24.7,0,
2017-12-22 05:40:04,0,1,2,5.6,3624.6,40000.8,3733.5,13355.9,24.7,0,
2017-12-22 05:40:07,0,1,2,5.6,3625.3,40000.6,3733.5,13355.9,24.7,0,
2017-12-22 05:40:10,0,1,2,5.7,3626.0,40000.5,3800.1,13597.6,24.7,0,
2017-12-22 05:40:13,0,1,2,5.7,3626.7,40000.5,3800.1,13597.6,24.7,0,
2017-12-22 05:40:16,0,1,2,5.8,3627.4,40000.8,3866.8,13839.4,24.7,0,
2017-12-22 05:40:19,0,1,2,5.8,3628.1,40000.6,3866.8,13839.4,24.7,0,
2017-12-22 05:40:22,0,1,2,5.9,3629.1,40000.5,3933.5,14081.4,24.8,0,
2017-12-22 05:40:25,0,1,2,5.9,3629.8,40000.5,3933.5,14081.4,24.7,0,
2017-12-22 05:40:28,0,1,2,6.0,3630.5,40000.6,4000.1,14323.4,24.8,0,
2017-12-22 05:40:32,0,1,2,6.0,3631.3,40000.7,4000.1,14323.4,24.8,0,
2017-12-22 05:40:35,0,1,2,6.1,3632.1,40000.5,4066.8,14565.5,24.8,0,
2017-12-22 05:40:38,0,1,2,6.1,3632.7,40000.6,4066.8,14565.5,24.8,0,
2017-12-22 05:40:41,0,1,2,6.2,3633.4,40000.7,4133.5,14807.7,24.8,0,
2017-12-22 05:40:44,0,1,2,6.2,3634.2,40000.7,4133.5,14807.7,24.8,0,
2017-12-22 05:40:47,0,1,2,6.3,3634.9,40000.7,4200.1,15050.0,24.7,0,
2017-12-22 05:40:51,0,1,2,6.3,3635.8,40000.7,4200.1,15050.0,24.7,0,
2017-12-22 05:40:54,0,1,2,6.4,3636.6,40000.5,4266.8,15292.4,24.8,0,
2017-12-22 05:40:57,0,1,2,6.4,3637.3,40000.6,4266.8,15292.4,24.8,0,
2017-12-22 05:41:00,0,1,2,6.5,3637.9,40000.7,4333.5,15534.9,24.7,0,
2017-12-22 05:41:03,0,1,2,6.5,3638.6,40000.3,4333.5,15534.9,24.7,0,
2017-12-22 05:41:06,0,1,2,6.6,3639.3,40000.5,4400.2,15777.5,24.8,0,
2017-12-22 05:41:09,0,1,2,6.7,3640.0,40000.5,4466.8,16020.2,24.7,0,
2017-12-22 05:41:13,0,1,2,6.7,3640.6,40000.6,4466.8,16020.2,24.8,0,
2017-12-22 05:41:16,0,1,2,6.8,3641.4,40000.3,4533.5,16262.9,24.8,0,
2017-12-22 05:41:19,0,1,2,6.8,3642.0,40000.6,4533.5,16262.9,24.8,0,
2017-12-22 05:41:22,0,1,2,6.9,3642.7,40000.4,4600.2,16505.8,24.8,0,
2017-12-22 05:41:25,0,1,2,6.9,3643.4,40000.3,4600.2,16505.8,24.8,0,
2017-12-22 05:41:28,0,1,2,7.0,3644.0,40000.5,4666.8,16748.7,24.8,0,
2017-12-22 05:41:31,0,1,2,7.0,3644.7,40000.2,4666.8,16748.7,24.7,0,
2017-12-22 05:41:34,0,1,2,7.1,3645.3,40000.8,4733.5,16991.7,24.7,0,
2017-12-22 05:41:38,0,1,2,7.1,3646.0,40000.5,4733.5,16991.7,24.7,0,
2017-12-22 05:41:41,0,1,2,7.2,3646.7,40000.5,4800.2,17234.8,24.8,0,
2017-12-22 05:41:44,0,1,2,7.2,3647.4,40000.5,4800.2,17234.8,24.8,0,
2017-12-22 05:41:47,0,1,2,7.3,3648.0,40000.8,4866.8,17478.0,24.8,0,
2017-12-22 05:41:50,0,1,2,7.3,3648.8,40000.7,4866.8,17478.0,24.8,0,
2017-12-22 05:41:53,0,1,2,7.4,3649.4,40000.9,4933.5,17721.3,24.8,0,
2017-12-22 05:41:57,0,1,2,7.4,3650.0,40000.5,4933.5,17721.3,24.8,0,
2017-12-22 05:42:00,0,1,2,7.5,3650.8,40000.3,5000.2,17964.7,24.7,0,
2017-12-22 05:42:03,0,1,2,7.5,3651.3,40000.3,5000.2,17964.7,24.7,0,
2017-12-22 05:42:06,0,1,2,7.6,3652.0,40000.7,5066.8,18208.1,24.7,0,
2017-12-22 05:42:09,0,1,2,7.7,3652.6,40000.6,5133.5,18451.6,24.8,0,
2017-12-22 05:42:13,0,1,2,7.7,3653.4,40000.5,5133.5,18451.6,24.8,0,
2017-12-22 05:42:16,0,1,2,7.8,3654.1,40000.3,5200.2,18695.2,24.8,0,
2017-12-22 05:42:19,0,1,2,7.8,3654.6,40000.5,5200.2,18695.2,24.8,0,
2017-12-22 05:42:22,0,1,2,7.9,3655.2,40000.6,5266.8,18938.9,24.8,0,
2017-12-22 05:42:25,0,1,2,7.9,3655.9,40000.5,5266.8,18938.9,24.8,0,
2017-12-22 05:42:28,0,1,2,8.0,3656.5,40000.5,5333.5,19182.7,24.8,0,
2017-12-22 05:42:31,0,1,2,8.0,3657.1,40000.4,5333.5,19182.7,24.8,0,
2017-12-22 05:42:34,0,1,2,8.1,3657.8,40000.6,5400.2,19426.5,24.8,0,
2017-12-22 05:42:37,0,1,2,8.1,3658.4,40000.4,5400.2,19426.5,24.8,0,
2017-12-22 05:42:41,0,1,2,8.2,3658.9,40000.5,5466.8,19670.4,24.8,0,
2017-12-22 05:42:44,0,1,2,8.2,3659.5,40000.7,5466.8,19670.4,24.8,0,
2017-12-22 05:42:47,0,1,2,8.3,3660.3,40000.4,5533.5,19914.4,24.8,0,
2017-12-22 05:42:50,0,1,2,8.3,3660.8,40000.7,5533.5,19914.4,24.8,0,
2017-12-22 05:42:53,0,1,2,8.4,3661.5,40000.2,5600.2,20158.5,24.8,0,
2017-12-22 05:42:56,0,1,2,8.4,3662.0,40000.5,5600.2,20158.5,24.8,0,
2017-12-22 05:43:00,0,1,2,8.5,3662.8,40000.8,5666.8,20402.7,24.8,0,
2017-12-22 05:43:03,0,1,2,8.5,3663.3,40000.3,5666.8,20402.7,24.8,0,
2017-12-22 05:43:06,0,1,2,8.6,3663.9,40000.5,5733.5,20646.9,24.8,0,
2017-12-22 05:43:09,0,1,2,8.6,3664.6,40000.7,5733.5,20646.9,24.8,0,
2017-12-22 05:43:12,0,1,2,8.7,3665.1,40000.7,5800.2,20891.2,24.8,0,
2017-12-22 05:43:16,0,1,2,8.8,3665.7,40000.8,5866.9,21135.6,24.7,0,
2017-12-22 05:43:19,0,1,2,8.8,3666.1,40000.7,5866.9,21135.6,24.8,0,
2017-12-22 05:43:22,0,1,2,8.9,3666.9,40000.3,5933.5,21380.0,24.7,0,
2017-12-22 05:43:25,0,1,2,8.9,3667.4,40000.5,5933.5,21380.0,24.7,0,
2017-12-22 05:43:28,0,1,2,9.0,3668.0,40000.5,6000.2,21624.6,24.7,0,
2017-12-22 05:43:31,0,1,2,9.0,3668.6,40000.3,6000.2,21624.6,24.7,0,
2017-12-22 05:43:34,0,1,2,9.1,3669.2,40000.3,6066.9,21869.2,24.6,0,
2017-12-22 05:43:37,0,1,2,9.1,3669.7,40000.5,6066.9,21869.2,24.6,0,
2017-12-22 05:43:40,0,1,2,9.2,3670.1,40000.5,6133.5,22113.9,24.6,0,
2017-12-22 05:43:43,0,1,2,9.2,3670.6,40000.6,6133.5,22113.9,24.7,0,
2017-12-22 05:43:46,0,1,2,9.3,3671.2,40000.4,6200.2,22358.6,24.7,0,
2017-12-22 05:43:49,0,1,2,9.3,3671.9,40000.5,6200.2,22358.6,24.7,0,
2017-12-22 05:43:53,0,1,2,9.4,3672.5,40000.5,6266.9,22603.4,24.7,0,
2017-12-22 05:43:56,0,1,2,9.4,3673.0,40000.3,6266.9,22603.4,24.7,0,
2017-12-22 05:43:59,0,1,2,9.5,3673.6,40000.5,6333.5,22848.3,24.7,0,
2017-12-22 05:44:02,0,1,2,9.5,3674.1,40000.5,6333.5,22848.3,24.7,0,
2017-12-22 05:44:05,0,1,2,9.6,3674.6,40000.5,6400.2,23093.3,24.7,0,
2017-12-22 05:44:08,0,1,2,9.6,3674.9,40000.2,6400.2,23093.3,24.6,0,
2017-12-22 05:44:11,0,1,2,9.7,3675.5,40000.7,6466.9,23338.3,24.6,0,
2017-12-22 05:44:14,0,1,2,9.7,3676.1,40000.8,6466.9,23338.3,24.6,0,
2017-12-22 05:44:17,0,1,2,9.8,3676.5,40000.5,6533.5,23583.4,24.6,0,
2017-12-22 05:44:20,0,1,2,9.8,3677.0,40000.5,6533.5,23583.4,24.6,0,
2017-12-22 05:44:24,0,1,2,9.9,3677.6,40000.3,6600.2,23828.5,24.6,0,
2017-12-22 05:44:27,0,1,2,9.9,3678.1,40000.4,6600.2,23828.5,24.6,0,
2017-12-22 05:44:30,0,1,2,10.0,3678.6,40000.8,6666.9,24073.8,24.6,0,
2017-12-22 05:44:33,0,1,2,10.0,3679.1,40000.6,6666.9,24073.8,24.6,0,
2017-12-22 05:44:36,0,1,2,10.1,3679.6,40000.3,6733.5,24319.1,24.6,0,
2017-12-22 05:44:40,0,1,2,10.2,3680.0,40000.5,6800.2,24564.4,24.6,0,
2017-12-22 05:44:43,0,1,2,10.2,3680.6,40000.5,6800.2,24564.4,24.6,0,
2017-12-22 05:44:46,0,1,2,10.3,3681.1,40000.7,6866.9,24809.8,24.6,0,
2017-12-22 05:44:49,0,1,2,10.3,3681.5,40000.6,6866.9,24809.8,24.7,0,
2017-12-22 05:44:52,0,1,2,10.4,3682.0,40000.4,6933.5,25055.3,24.7,0,
2017-12-22 05:44:55,0,1,2,10.4,3682.5,40000.3,6933.5,25055.3,24.7,0,
2017-12-22 05:44:58,0,1,2,10.5,3682.9,40000.7,7000.2,25300.8,24.7,0,
2017-12-22 05:45:02,0,1,2,10.5,3683.3,40000.8,7000.2,25300.8,24.7,0,
2017-12-22 05:45:05,0,1,2,10.6,3683.9,40000.7,7066.9,25546.4,24.7,0,
2017-12-22 05:45:08,0,1,2,10.6,3684.2,40000.2,7066.9,25546.4,24.7,0,
2017-12-22 05:45:11,0,1,2,10.7,3684.7,40000.7,7133.6,25792.0,24.7,0,
2017-12-22 05:45:15,0,1,2,10.7,3685.2,40000.6,7133.6,25792.0,24.7,0,
2017-12-22 05:45:18,0,1,2,10.8,3685.6,40000.7,7200.2,26037.7,24.6,0,
2017-12-22 05:45:21,0,1,2,10.8,3686.0,40000.7,7200.2,26037.7,24.6,0,
2017-12-22 05:45:24,0,1,2,10.9,3686.5,40000.8,7266.9,26283.5,24.6,0,
2017-12-22 05:45:27,0,1,2,10.9,3686.9,40000.5,7266.9,26283.5,24.6,0,
2017-12-22 05:45:30,0,1,2,11.0,3687.4,40001.0,7333.6,26529.3,24.6,0,
2017-12-22 05:45:33,0,1,2,11.0,3687.6,40000.8,7333.6,26529.3,24.6,0,
2017-12-22 05:45:36,0,1,2,11.1,3688.1,40000.7,7400.2,26775.1,24.6,0,
2017-12-22 05:45:39,0,1,2,11.1,3688.5,40000.8,7400.2,26775.1,24.6,0,
2017-12-22 05:45:42,0,1,2,11.2,3689.0,40000.8,7466.9,27021.1,24.6,0,
2017-12-22 05:45:45,0,1,2,11.3,3689.3,40000.8,7533.6,27267.0,24.6,0,
2017-12-22 05:45:49,0,1,2,11.3,3689.8,40000.7,7533.6,27267.0,24.6,0,
2017-12-22 05:45:52,0,1,2,11.4,3690.3,40000.8,7600.2,27513.0,24.7,0,
2017-12-22 05:45:55,0,1,2,11.4,3690.6,40000.5,7600.2,27513.0,24.7,0,
2017-12-22 05:45:58,0,1,2,11.5,3691.0,40000.7,7666.9,27759.1,24.7,0,
2017-12-22 05:46:01,0,1,2,11.5,3691.3,40000.8,7666.9,27759.1,24.7,0,
2017-12-22 05:46:04,0,1,2,11.6,3691.8,40001.0,7733.6,28005.2,24.7,0,
2017-12-22 05:46:07,0,1,2,11.6,3692.0,40000.9,7733.6,28005.2,24.6,0,
2017-12-22 05:46:10,0,1,2,11.7,3692.5,40000.7,7800.2,28251.4,24.7,0,
2017-12-22 05:46:13,0,1,2,11.7,3692.8,40000.9,7800.2,28251.4,24.7,0,
2017-12-22 05:46:16,0,1,2,11.8,3693.1,40000.8,7866.9,28497.6,24.6,0,
2017-12-22 05:46:19,0,1,2,11.8,3693.6,40000.9,7866.9,28497.6,24.7,0,
2017-12-22 05:46:22,0,1,2,11.9,3694.0,40000.8,7933.6,28743.9,24.6,0,
2017-12-22 05:46:25,0,1,2,11.9,3694.3,40000.8,7933.6,28743.9,24.6,0,
2017-12-22 05:46:28,0,1,2,12.0,3694.8,40000.7,8000.3,28990.2,24.6,0,
2017-12-22 05:46:32,0,1,2,12.0,3695.1,40001.0,8000.3,28990.2,24.6,0,
2017-12-22 05:46:35,0,1,2,12.1,3695.4,40001.1,8066.9,29236.5,24.6,0,
2017-12-22 05:46:38,0,1,2,12.1,3695.9,40000.8,8066.9,29236.5,24.6,0,
2017-12-22 05:46:41,0,1,2,12.2,3696.3,40000.8,8133.6,29483.0,24.6,0,
2017-12-22 05:46:44,0,1,2,12.2,3696.5,40000.8,8133.6,29483.0,24.6,0,
2017-12-22 05:46:47,0,1,2,12.3,3696.9,40000.8,8200.3,29729.4,24.6,0,
2017-12-22 05:46:50,0,1,2,12.3,3697.3,40001.0,8200.3,29729.4,24.6,0,
2017-12-22 05:46:53,0,1,2,12.4,3697.6,40000.9,8266.9,29975.9,24.6,0,
2017-12-22 05:46:56,0,1,2,12.4,3698.0,40000.8,8266.9,29975.9,24.6,0,
2017-12-22 05:46:59,0,1,2,12.5,3698.3,40000.7,8333.6,30222.5,24.6,0,
2017-12-22 05:47:03,0,1,2,12.5,3698.6,40001.0,8333.6,30222.5,24.6,0,
2017-12-22 05:47:06,0,1,2,12.6,3699.1,40000.8,8400.3,30469.1,24.6,0,
2017-12-22 05:47:09,0,1,2,12.6,3699.5,40000.8,8400.3,30469.1,24.6,0,
2017-12-22 05:47:12,0,1,2,12.7,3699.6,40000.7,8466.9,30715.7,24.6,0,
2017-12-22 05:47:15,0,1,2,12.7,3700.0,40001.0,8466.9,30715.7,24.6,0,
2017-12-22 05:47:18,0,1,2,12.8,3700.3,40000.9,8533.6,30962.4,24.6,0,
2017-12-22 05:47:21,0,1,2,12.8,3700.7,40000.8,8533.6,30962.4,24.6,0,
2017-12-22 05:47:24,0,1,2,12.9,3701.2,40000.6,8600.3,31209.1,24.6,0,
2017-12-22 05:47:27,0,1,2,13.0,3701.4,40000.8,8666.9,31455.9,24.7,0,
2017-12-22 05:47:30,0,1,2,13.0,3701.8,40000.8,8666.9,31455.9,24.7,0,
2017-12-22 05:47:33,0,1,2,13.1,3702.2,40000.7,8733.6,31702.7,24.7,0,
2017-12-22 05:47:36,0,1,2,13.1,3702.5,40000.5,8733.6,31702.7,24.7,0,
2017-12-22 05:47:39,0,1,2,13.2,3702.8,40001.0,8800.3,31949.6,24.7,0,
2017-12-22 05:47:43,0,1,2,13.2,3703.2,40001.0,8800.3,31949.6,24.7,0,
2017-12-22 05:47:46,0,1,2,13.3,3703.6,40000.9,8867.0,32196.5,24.6,0,
2017-12-22 05:47:49,0,1,2,13.3,3703.8,40000.7,8867.0,32196.5,24.6,0,
2017-12-22 05:47:52,0,1,2,13.4,3704.2,40000.6,8933.6,32443.4,24.6,0,
2017-12-22 05:47:55,0,1,2,13.4,3704.6,40000.8,8933.6,32443.4,24.7,0,
2017-12-22 05:47:58,0,1,2,13.5,3704.7,40000.8,9000.3,32690.4,24.7,0,
2017-12-22 05:48:01,0,1,2,13.5,3705.3,40000.8,9000.3,32690.4,24.7,0,
2017-12-22 05:48:04,0,1,2,13.6,3705.6,40000.8,9067.0,32937.5,24.7,0,
2017-12-22 05:48:07,0,1,2,13.6,3705.8,40001.0,9067.0,32937.5,24.7,0,
2017-12-22 05:48:10,0,1,2,13.7,3706.1,40000.7,9133.6,33184.5,24.7,0,
2017-12-22 05:48:13,0,1,2,13.7,3706.5,40000.8,9133.6,33184.5,24.7,0,
2017-12-22 05:48:16,0,1,2,13.8,3706.9,40000.7,9200.3,33431.7,24.7,0,
2017-12-22 05:48:19,0,1,2,13.8,3707.1,40000.8,9200.3,33431.7,24.7,0,
2017-12-22 05:48:22,0,1,2,13.9,3707.5,40000.7,9267.0,33678.8,24.7,0,
2017-12-22 05:48:26,0,1,2,13.9,3707.8,40000.8,9267.0,33678.8,24.7,0,
2017-12-22 05:48:29,0,1,2,14.0,3708.1,40000.2,9333.6,33926.0,24.7,0,
2017-12-22 05:48:32,0,1,2,14.0,3708.6,40001.0,9333.6,33926.0,24.7,0,
2017-12-22 05:48:35,0,1,2,14.1,3708.8,40001.3,9400.3,34173.3,24.7,0,
2017-12-22 05:48:38,0,1,2,14.1,3709.3,40000.9,9400.3,34173.3,24.7,0,
2017-12-22 05:48:41,0,1,2,14.2,3709.5,40001.0,9467.0,34420.6,24.8,0,
2017-12-22 05:48:44,0,1,2,14.2,3709.9,40001.0,9467.0,34420.6,24.7,0,
2017-12-22 05:48:47,0,1,2,14.3,3710.2,40000.8,9533.6,34667.9,24.7,0,
2017-12-22 05:48:50,0,1,2,14.3,3710.4,40001.1,9533.6,34667.9,24.7,0,
2017-12-22 05:48:53,0,1,2,14.4,3710.9,40000.8,9600.3,34915.3,24.7,0,
2017-12-22 05:48:57,0,1,2,14.4,3711.2,40001.1,9600.3,34915.3,24.7,0,
2017-12-22 05:49:00,0,1,2,14.5,3711.4,40000.7,9667.0,35162.8,24.7,0,
2017-12-22 05:49:03,0,1,2,14.5,3711.8,40001.0,9667.0,35162.8,24.7,0,
2017-12-22 05:49:06,0,1,2,14.6,3712.3,40000.9,9733.7,35410.2,24.7,0,
2017-12-22 05:49:09,0,1,2,14.7,3712.5,40001.2,9800.3,35657.7,24.7,0,
2017-12-22 05:49:12,0,1,2,14.7,3712.8,40000.8,9800.3,35657.7,24.7,0,
2017-12-22 05:49:15,0,1,2,14.8,3713.2,40001.0,9867.0,35905.3,24.7,0,
2017-12-22 05:49:19,0,1,2,14.8,3713.4,40001.1,9867.0,35905.3,24.7,0,
2017-12-22 05:49:22,0,1,2,14.9,3713.9,40000.8,9933.7,36152.9,24.7,0,
2017-12-22 05:49:25,0,1,2,14.9,3714.2,40001.0,9933.7,36152.9,24.7,0,
2017-12-22 05:49:28,0,1,2,15.0,3714.5,40001.1,10000.3,36400.6,24.7,0,
2017-12-22 05:49:31,0,1,2,15.0,3714.8,40001.0,10000.3,36400.6,24.6,0,
2017-12-22 05:49:34,0,1,2,15.1,3715.1,40001.0,10067.0,36648.2,24.6,0,
2017-12-22 05:49:37,0,1,2,15.1,3715.6,40001.0,10067.0,36648.2,24.6,0,
2017-12-22 05:49:40,0,1,2,15.2,3715.8,40001.0,10133.7,36896.0,24.6,0,
2017-12-22 05:49:43,0,1,2,15.2,3716.2,40001.1,10133.7,36896.0,24.6,0,
2017-12-22 05:49:47,0,1,2,15.3,3716.6,40000.7,10200.3,37143.7,24.6,0,
2017-12-22 05:49:50,0,1,2,15.3,3716.8,40001.0,10200.3,37143.7,24.6,0,
2017-12-22 05:49:53,0,1,2,15.4,3717.3,40000.8,10267.0,37391.5,24.6,0,
2017-12-22 05:49:56,0,1,2,15.4,3717.5,40000.8,10267.0,37391.5,24.6,0,
2017-12-22 05:49:59,0,1,2,15.5,3717.9,40000.7,10333.7,37639.4,24.6,0,
2017-12-22 05:50:02,0,1,2,15.5,3718.2,40001.0,10333.7,37639.4,24.6,0,
2017-12-22 05:50:05,0,1,2,15.6,3718.7,40000.7,10400.4,37887.3,24.6,0,
2017-12-22 05:50:08,0,1,2,15.6,3719.0,40000.8,10400.4,37887.3,24.6,0,
2017-12-22 05:50:11,0,1,2,15.7,3719.2,40000.8,10467.0,38135.3,24.6,0,
2017-12-22 05:50:14,0,1,2,15.7,3719.6,40000.8,10467.0,38135.3,24.6,0,
2017-12-22 05:50:17,0,1,2,15.8,3719.9,40001.0,10533.7,38383.2,24.6,0,
2017-12-22 05:50:21,0,1,2,15.8,3720.2,40001.0,10533.7,38383.2,24.6,0,
2017-12-22 05:50:24,0,1,2,15.9,3720.7,40001.0,10600.4,38631.3,24.6,0,
2017-12-22 05:50:27,0,1,2,15.9,3721.0,40000.8,10600.4,38631.3,24.6,0,
2017-12-22 05:50:30,0,1,2,16.0,3721.4,40001.0,10667.0,38879.4,24.6,0,
2017-12-22 05:50:33,0,1,2,16.0,3721.6,40000.9,10667.0,38879.4,24.7,0,
2017-12-22 05:50:37,0,1,2,16.1,3721.9,40001.1,10733.7,39127.5,24.6,0,
2017-12-22 05:50:40,0,1,2,16.2,3722.3,40001.1,10800.4,39375.7,24.6,0,
2017-12-22 05:50:43,0,1,2,16.2,3722.6,40001.0,10800.4,39375.7,24.6,0,
2017-12-22 05:50:46,0,1,2,16.3,3723.1,40000.9,10867.0,39623.9,24.6,0,
2017-12-22 05:50:49,0,1,2,16.3,3723.4,40001.1,10867.0,39623.9,24.7,0,
2017-12-22 05:50:52,0,1,2,16.4,3723.6,40000.8,10933.7,39872.1,24.7,0,
2017-12-22 05:50:55,0,1,2,16.4,3724.1,40000.9,10933.7,39872.1,24.7,0,
2017-12-22 05:50:58,0,1,2,16.5,3724.3,40000.9,11000.4,40120.4,24.7,0,
2017-12-22 05:51:01,0,1,2,16.5,3724.8,40001.3,11000.4,40120.4,24.7,0,
2017-12-22 05:51:04,0,1,2,16.6,3725.2,40000.9,11067.1,40368.8,24.7,0,
2017-12-22 05:51:07,0,1,2,16.6,3725.3,40001.1,11067.1,40368.8,24.7,0,
2017-12-22 05:51:10,0,1,2,16.7,3725.8,40001.0,11133.7,40617.2,24.7,0,
2017-12-22 05:51:13,0,1,2,16.7,3726.2,40001.1,11133.7,40617.2,24.6,0,
2017-12-22 05:51:16,0,1,2,16.8,3726.4,40000.8,11200.4,40865.6,24.6,0,
2017-12-22 05:51:19,0,1,2,16.8,3726.9,40000.8,11200.4,40865.6,24.6,0,
2017-12-22 05:51:22,0,1,2,16.9,3727.2,40001.3,11267.1,41114.1,24.6,0,
2017-12-22 05:51:25,0,1,2,16.9,3727.5,40001.3,11267.1,41114.1,24.7,0,
2017-12-22 05:51:28,0,1,2,17.0,3727.9,40001.0,11333.7,41362.6,24.7,0,
2017-12-22 05:51:31,0,1,2,17.0,3728.3,40001.0,11333.7,41362.6,24.6,0,
2017-12-22 05:51:34,0,1,2,17.1,3728.5,40001.2,11400.4,41611.2,24.7,0,
2017-12-22 05:51:37,0,1,2,17.1,3728.9,40001.0,11400.4,41611.2,24.7,0,
2017-12-22 05:51:41,0,1,2,17.2,3729.4,40001.0,11467.1,41859.8,24.7,0,
2017-12-22 05:51:44,0,1,2,17.2,3729.7,40001.2,11467.1,41859.8,24.6,0,
2017-12-22 05:51:47,0,1,2,17.3,3730.2,40001.0,11533.7,42108.5,24.6,0,
2017-12-22 05:51:50,0,1,2,17.3,3730.5,40001.0,11533.7,42108.5,24.6,0,
2017-12-22 05:51:53,0,1,2,17.4,3730.7,40000.9,11600.4,42357.2,24.6,0,
2017-12-22 05:51:56,0,1,2,17.4,3731.0,40001.1,11600.4,42357.2,24.6,0,
2017-12-22 05:51:59,0,1,2,17.5,3731.5,40001.0,11667.1,42606.0,24.7,0,
2017-12-22 05:52:03,0,1,2,17.5,3732.0,40001.1,11667.1,42606.0,24.7,0,
2017-12-22 05:52:06,0,1,2,17.6,3732.2,40001.1,11733.8,42854.8,24.7,0,
2017-12-22 05:52:09,0,1,2,17.6,3732.6,40001.0,11733.8,42854.8,24.8,0,
2017-12-22 05:52:12,0,1,2,17.7,3733.1,40000.7,11800.4,43103.6,24.7,0,
2017-12-22 05:52:15,0,1,2,17.7,3733.3,40000.8,11800.4,43103.6,24.8,0,
2017-12-22 05:52:18,0,1,2,17.8,3733.7,40001.0,11867.1,43352.5,24.8,0,
2017-12-22 05:52:21,0,1,2,17.8,3734.1,40001.0,11867.1,43352.5,24.8,0,
2017-12-22 05:52:25,0,1,2,17.9,3734.5,40001.3,11933.8,43601.5,24.8,0,
2017-12-22 05:52:28,0,1,2,18.0,3734.8,40001.2,12000.4,43850.5,24.7,0,
2017-12-22 05:52:31,0,1,2,18.0,3735.2,40001.1,12000.4,43850.5,24.7,0,
2017-12-22 05:52:34,0,1,2,18.1,3735.6,40001.1,12067.1,44099.5,24.7,0,
2017-12-22 05:52:37,0,1,2,18.1,3735.9,40001.0,12067.1,44099.5,24.8,0,
2017-12-22 05:52:40,0,1,2,18.2,3736.4,40001.0,12133.8,44348.6,24.7,0,
2017-12-22 05:52:43,0,1,2,18.2,3736.8,40000.8,12133.8,44348.6,24.7,0,
2017-12-22 05:52:46,0,1,2,18.3,3737.1,40000.8,12200.4,44597.8,24.7,0,
2017-12-22 05:52:50,0,1,2,18.3,3737.4,40000.8,12200.4,44597.8,24.7,0,
2017-12-22 05:52:53,0,1,2,18.4,3737.8,40000.2,12267.1,44847.0,24.8,0,
2017-12-22 05:52:56,0,1,2,18.4,3738.2,40000.8,12267.1,44847.0,24.8,0,
2017-12-22 05:52:59,0,1,2,18.5,3738.6,40000.8,12333.8,45096.2,24.8,0,
2017-12-22 05:53:02,0,1,2,18.5,3739.2,40001.0,12333.8,45096.2,24.8,0,
2017-12-22 05:53:05,0,1,2,18.6,3739.6,40001.4,12400.5,45345.5,24.7,0,
2017-12-22 05:53:09,0,1,2,18.6,3740.1,40000.8,12400.5,45345.5,24.8,0,
2017-12-22 05:53:12,0,1,2,18.7,3740.4,40001.2,12467.1,45594.9,24.8,0,
2017-12-22 05:53:15,0,1,2,18.7,3740.9,40001.3,12467.1,45594.9,24.8,0,
2017-12-22 05:53:18,0,1,2,18.8,3741.2,40000.7,12533.8,45844.3,24.8,0,
2017-12-22 05:53:21,0,1,2,18.9,3741.6,40001.0,12600.5,46093.7,24.8,0,
2017-12-22 05:53:25,0,1,2,18.9,3742.0,40001.3,12600.5,46093.7,24.8,0,
2017-12-22 05:53:28,0,1,2,19.0,3742.6,40000.8,12667.1,46343.2,24.7,0,
2017-12-22 05:53:31,0,1,2,19.0,3742.9,40001.0,12667.1,46343.2,24.8,0,
2017-12-22 05:53:34,0,1,2,19.1,3743.3,40001.1,12733.8,46592.8,24.8,0,
2017-12-22 05:53:37,0,1,2,19.1,3743.8,40001.1,12733.8,46592.8,24.7,0,
2017-12-22 05:53:41,0,1,2,19.2,3744.1,40001.1,12800.5,46842.4,24.7,0,
2017-12-22 05:53:44,0,1,2,19.2,3744.6,40001.0,12800.5,46842.4,24.7,0,
2017-12-22 05:53:47,0,1,2,19.3,3745.1,40000.9,12867.1,47092.1,24.8,0,
2017-12-22 05:53:50,0,1,2,19.3,3745.5,40001.2,12867.1,47092.1,24.8,0,
2017-12-22 05:53:53,0,1,2,19.4,3745.9,40001.3,12933.8,47341.8,24.7,0,
2017-12-22 05:53:56,0,1,2,19.4,3746.2,40001.0,12933.8,47341.8,24.8,0,
2017-12-22 05:53:59,0,1,2,19.5,3746.6,40001.3,13000.5,47591.6,24.8,0,
2017-12-22 05:54:03,0,1,2,19.5,3747.0,40000.8,13000.5,47591.6,24.8,0,
2017-12-22 05:54:06,0,1,2,19.6,3747.6,40001.2,13067.2,47841.4,24.8,0,
2017-12-22 05:54:09,0,1,2,19.6,3747.9,40001.6,13067.2,47841.4,24.8,0,
2017-12-22 05:54:12,0,1,2,19.7,3748.4,40001.3,13133.8,48091.3,24.8,0,
2017-12-22 05:54:15,0,1,2,19.7,3748.8,40001.3,13133.8,48091.3,24.8,0,
2017-12-22 05:54:18,0,1,2,19.8,3749.2,40001.0,13200.5,48341.3,24.8,0,
2017-12-22 05:54:21,0,1,2,19.8,3749.6,40001.3,13200.5,48341.3,24.8,0,
2017-12-22 05:54:24,0,1,2,19.9,3750.1,40001.0,13267.2,48591.3,24.8,0,
2017-12-22 05:54:28,0,1,2,20.0,3750.5,40001.0,13333.8,48841.3,24.8,0,
2017-12-22 05:54:31,0,1,2,20.0,3751.0,40001.1,13333.8,48841.3,24.8,0,
2017-12-22 05:54:34,0,1,2,20.1,3751.5,40001.3,13400.5,49091.4,24.8,0,
2017-12-22 05:54:37,0,1,2,20.1,3751.8,40001.1,13400.5,49091.4,24.7,0,
2017-12-22 05:54:40,0,1,2,20.2,3752.4,40001.0,13467.2,49341.5,24.7,0,
2017-12-22 05:54:43,0,1,2,20.2,3752.7,40001.5,13467.2,49341.5,24.7,0,
2017-12-22 05:54:46,0,1,2,20.3,3753.2,40000.8,13533.8,49591.8,24.7,0,
2017-12-22 05:54:49,0,1,2,20.3,3753.6,40001.0,13533.8,49591.8,24.7,0,
2017-12-22 05:54:52,0,1,2,20.4,3754.1,40000.7,13600.5,49842.0,24.6,0,
2017-12-22 05:54:55,0,1,2,20.4,3754.5,40001.0,13600.5,49842.0,24.6,0,
2017-12-22 05:54:58,0,1,2,20.5,3755.0,40000.8,13667.2,50092.4,24.6,0,
2017-12-22 05:55:01,0,1,2,20.5,3755.5,40001.0,13667.2,50092.4,24.6,0,
2017-12-22 05:55:04,0,1,2,20.6,3755.9,40001.0,13733.9,50342.8,24.6,0,
2017-12-22 05:55:07,0,1,2,20.6,3756.2,40001.0,13733.9,50342.8,24.6,0,
2017-12-22 05:55:11,0,1,2,20.7,3756.8,40000.8,13800.5,50593.2,24.6,0,
2017-12-22 05:55:14,0,1,2,20.7,3757.3,40000.7,13800.5,50593.2,24.6,0,
2017-12-22 05:55:17,0,1,2,20.8,3757.7,40000.8,13867.2,50843.7,24.7,0,
2017-12-22 05:55:20,0,1,2,20.8,3758.2,40001.0,13867.2,50843.7,24.7,0,
2017-12-22 05:55:23,0,1,2,20.9,3758.7,40001.1,13933.9,51094.3,24.7,0,
2017-12-22 05:55:26,0,1,2,20.9,3759.0,40001.1,13933.9,51094.3,24.7,0,
2017-12-22 05:55:29,0,1,2,21.0,3759.6,40001.0,14000.5,51344.9,24.7,0,
2017-12-22 05:55:33,0,1,2,21.0,3760.1,40001.3,14000.5,51344.9,24.7,0,
2017-12-22 05:55:36,0,1,2,21.1,3760.4,40001.0,14067.2,51595.6,24.8,0,
2017-12-22 05:55:39,0,1,2,21.1,3760.9,40001.3,14067.2,51595.6,24.8,0,
2017-12-22 05:55:42,0,1,2,21.2,3761.6,40001.3,14133.9,51846.4,24.8,0,
2017-12-22 05:55:46,0,1,2,21.3,3761.9,40001.3,14200.5,52097.2,24.8,0,
2017-12-22 05:55:49,0,1,2,21.3,3762.6,40000.9,14200.5,52097.2,24.8,0,
2017-12-22 05:55:52,0,1,2,21.4,3762.9,40000.8,14267.2,52348.0,24.8,0,
2017-12-22 05:55:55,0,1,2,21.4,3763.4,40001.1,14267.2,52348.0,24.8,0,
2017-12-22 05:55:58,0,1,2,21.5,3764.0,40001.2,14333.9,52599.0,24.8,0,
2017-12-22 05:56:01,0,1,2,21.5,3764.4,40001.3,14333.9,52599.0,24.8,0,
2017-12-22 05:56:04,0,1,2,21.6,3764.9,40001.3,14400.6,52850.0,24.8,0,
2017-12-22 05:56:07,0,1,2,21.6,3765.3,40001.3,14400.6,52850.0,24.8,0,
2017-12-22 05:56:10,0,1,2,21.7,3765.8,40001.1,14467.2,53101.1,24.8,0,
2017-12-22 05:56:13,0,1,2,21.7,3766.2,40001.0,14467.2,53101.1,24.8,0,
2017-12-22 05:56:16,0,1,2,21.8,3766.7,40001.1,14533.9,53352.2,24.8,0,
2017-12-22 05:56:19,0,1,2,21.8,3767.4,40001.2,14533.9,53352.2,24.8,0,
2017-12-22 05:56:23,0,1,2,21.9,3767.7,40001.3,14600.6,53603.4,24.8,0,
2017-12-22 05:56:26,0,1,2,21.9,3768.4,40001.0,14600.6,53603.4,24.8,0,
2017-12-22 05:56:29,0,1,2,22.0,3768.8,40001.0,14667.2,53854.6,24.8,0,
2017-12-22 05:56:32,0,1,2,22.0,3769.3,40001.2,14667.2,53854.6,24.8,0,
2017-12-22 05:56:35,0,1,2,22.1,3769.8,40001.2,14733.9,54105.9,24.8,0,
2017-12-22 05:56:38,0,1,2,22.1,3770.3,40001.0,14733.9,54105.9,24.8,0,
2017-12-22 05:56:42,0,1,2,22.2,3770.8,40001.2,14800.6,54357.3,24.8,0,
2017-12-22 05:56:45,0,1,2,22.2,3771.4,40000.9,14800.6,54357.3,24.8,0,
2017-12-22 05:56:48,0,1,2,22.3,3771.9,40001.4,14867.2,54608.8,24.8,0,
2017-12-22 05:56:51,0,1,2,22.3,3772.4,40001.0,14867.2,54608.8,24.8,0,
2017-12-22 05:56:55,0,1,2,22.4,3773.1,40001.2,14933.9,54860.3,24.8,0,
2017-12-22 05:56:58,0,1,2,22.5,3773.7,40001.0,15000.6,55111.9,24.8,0,
2017-12-22 05:57:01,0,1,2,22.5,3774.1,40000.8,15000.6,55111.9,24.8,0,
2017-12-22 05:57:04,0,1,2,22.6,3774.5,40001.4,15067.3,55363.6,24.8,0,
2017-12-22 05:57:07,0,1,2,22.6,3775.1,40001.1,15067.3,55363.6,24.8,0,
2017-12-22 05:57:10,0,1,2,22.7,3775.6,40001.1,15133.9,55615.3,24.8,0,
2017-12-22 05:57:13,0,1,2,22.7,3776.3,40001.1,15133.9,55615.3,24.7,0,
2017-12-22 05:57:16,0,1,2,22.8,3776.7,40001.5,15200.6,55867.1,24.8,0,
2017-12-22 05:57:20,0,1,2,22.8,3777.4,40000.9,15200.6,55867.1,24.8,0,
2017-12-22 05:57:23,0,1,2,22.9,3777.9,40001.3,15267.3,56118.9,24.7,0,
2017-12-22 05:57:26,0,1,2,22.9,3778.5,40000.9,15267.3,56118.9,24.8,0,
2017-12-22 05:57:29,0,1,2,23.0,3779.0,40001.3,15333.9,56370.9,24.8,0,
2017-12-22 05:57:32,0,1,2,23.0,3779.7,40001.3,15333.9,56370.9,24.8,0,
2017-12-22 05:57:36,0,1,2,23.1,3780.2,40001.6,15400.6,56622.9,24.8,0,
2017-12-22 05:57:39,0,1,2,23.1,3780.7,40001.4,15400.6,56622.9,24.8,0,
2017-12-22 05:57:42,0,1,2,23.2,3781.4,40001.6,15467.3,56875.0,24.8,0,
2017-12-22 05:57:45,0,1,2,23.2,3781.7,40001.5,15467.3,56875.0,24.8,0,
2017-12-22 05:57:48,0,1,2,23.3,3782.4,40001.3,15534.0,57127.1,24.8,0,
2017-12-22 05:57:51,0,1,2,23.4,3783.0,40001.3,15600.6,57379.3,24.8,0,
2017-12-22 05:57:55,0,1,2,23.4,3783.5,40001.3,15600.6,57379.3,24.8,0,
2017-12-22 05:57:58,0,1,2,23.5,3784.2,40001.5,15667.3,57631.6,24.8,0,
2017-12-22 05:58:01,0,1,2,23.5,3784.7,40001.5,15667.3,57631.6,24.8,0,
2017-12-22 05:58:04,0,1,2,23.6,3785.2,40001.3,15734.0,57883.9,24.8,0,
2017-12-22 05:58:07,0,1,2,23.6,3785.9,40001.8,15734.0,57883.9,24.8,0,
2017-12-22 05:58:10,0,1,2,23.7,3786.5,40001.8,15800.6,58136.4,24.8,0,
2017-12-22 05:58:14,0,1,2,23.7,3787.0,40001.4,15800.6,58136.4,24.8,0,
2017-12-22 05:58:17,0,1,2,23.8,3787.8,40001.3,15867.3,58388.9,24.8,0,
2017-12-22 05:58:20,0,1,2,23.8,3788.4,40001.5,15867.3,58388.9,24.8,0,
2017-12-22 05:58:23,0,1,2,23.9,3788.8,40001.3,15934.0,58641.5,24.8,0,
2017-12-22 05:58:26,0,1,2,23.9,3789.5,40001.4,15934.0,58641.5,24.9,0,
2017-12-22 05:58:29,0,1,2,24.0,3789.9,40001.0,16000.7,58894.1,24.9,0,
2017-12-22 05:58:33,0,1,2,24.0,3790.7,40001.3,16000.7,58894.1,24.8,0,
2017-12-22 05:58:36,0,1,2,24.1,3791.4,40001.5,16067.3,59146.9,24.9,0,
2017-12-22 05:58:39,0,1,2,24.1,3791.8,40001.2,16067.3,59146.9,24.8,0,
2017-12-22 05:58:42,0,1,2,24.2,3792.6,40001.3,16134.0,59399.7,24.9,0,
2017-12-22 05:58:45,0,1,2,24.3,3793.2,40001.1,16200.7,59652.6,24.9,0,
2017-12-22 05:58:49,0,1,2,24.3,3793.7,40001.4,16200.7,59652.6,24.9,0,
2017-12-22 05:58:52,0,1,2,24.4,3794.5,40001.5,16267.3,59905.6,24.9,0,
2017-12-22 05:58:55,0,1,2,24.4,3794.9,40001.3,16267.3,59905.6,24.8,0,
2017-12-22 05:58:58,0,1,2,24.5,3795.8,40001.3,16334.0,60158.6,24.8,0,
2017-12-22 05:59:01,0,1,2,24.5,3796.4,40001.5,16334.0,60158.6,24.8,0,
2017-12-22 05:59:05,0,1,2,24.6,3797.0,40001.5,16400.7,60411.7,24.8,0,
2017-12-22 05:59:08,0,1,2,24.6,3797.5,40001.5,16400.7,60411.7,24.8,0,
2017-12-22 05:59:11,0,1,2,24.7,3798.2,40001.5,16467.4,60665.0,24.8,0,
2017-12-22 05:59:14,0,1,2,24.7,3798.7,40001.5,16467.4,60665.0,24.8,0,
2017-12-22 05:59:17,0,1,2,24.8,3799.5,40001.4,16534.0,60918.2,24.8,0,
2017-12-22 05:59:20,0,1,2,24.8,3800.2,40001.5,16534.0,60918.2,24.8,0,
2017-12-22 05:59:23,0,1,2,24.9,3800.6,40001.7,16600.7,61171.6,24.8,0,
2017-12-22 05:59:27,0,1,2,24.9,3801.4,40001.5,16600.7,61171.6,24.8,0,
2017-12-22 05:59:30,0,1,2,25.0,3801.9,40001.5,16667.4,61425.1,24.8,0,
2017-12-22 05:59:33,0,1,2,25.0,3802.6,40001.3,16667.4,61425.1,24.8,0,
2017-12-22 05:59:36,0,1,2,25.1,3803.3,40001.7,16734.0,61678.6,24.8,0,
2017-12-22 05:59:39,0,1,2,25.1,3803.9,40001.2,16734.0,61678.6,24.8,0,
2017-12-22 05:59:42,0,1,2,25.2,3804.6,40001.5,16800.7,61932.2,24.8,0,
2017-12-22 05:59:45,0,1,2,25.2,3805.1,40001.5,16800.7,61932.2,24.8,0,
2017-12-22 05:59:48,0,1,2,25.3,3805.7,40001.4,16867.4,62185.9,24.8,0,
2017-12-22 05:59:51,0,1,2,25.3,3806.4,40001.3,16867.4,62185.9,24.8,0,
2017-12-22 05:59:54,0,1,2,25.4,3807.1,40001.3,16934.1,62439.7,24.8,0,
2017-12-22 05:59:57,0,1,2,25.4,3807.8,40001.5,16934.1,62439.7,24.8,0,
2017-12-22 06:00:00,0,1,2,25.5,3808.5,40001.3,17000.7,62693.6,24.8,0,
2017-12-22 06:00:04,0,1,2,25.6,3809.1,40001.4,17067.4,62947.5,24.8,0,
2017-12-22 06:00:07,0,1,2,25.6,3809.7,40001.3,17067.4,62947.5,24.8,0,
2017-12-22 06:00:10,0,1,2,25.7,3810.6,40001.2,17134.1,63201.6,24.8,0,
2017-12-22 06:00:13,0,1,2,25.7,3811.3,40001.2,17134.1,63201.6,24.8,0,
2017-12-22 06:00:17,0,1,2,25.8,3811.9,40001.5,17200.7,63455.7,24.8,0,
2017-12-22 06:00:20,0,1,2,25.8,3812.7,40001.3,17200.7,63455.7,24.8,0,
2017-12-22 06:00:23,0,1,2,25.9,3813.4,40001.7,17267.4,63709.9,24.8,0,
2017-12-22 06:00:26,0,1,2,25.9,3814.1,40001.7,17267.4,63709.9,24.8,0,
2017-12-22 06:00:29,0,1,2,26.0,3814.8,40001.5,17334.1,63964.2,24.8,0,
2017-12-22 06:00:32,0,1,2,26.0,3815.4,40001.3,17334.1,63964.2,24.8,0,
2017-12-22 06:00:36,0,1,2,26.1,3816.0,40001.0,17400.8,64218.6,24.8,0,
2017-12-22 06:00:39,0,1,2,26.1,3816.9,40001.1,17400.8,64218.6,24.8,0,
2017-12-22 06:00:42,0,1,2,26.2,3817.4,40001.4,17467.4,64473.1,24.8,0,
2017-12-22 06:00:45,0,1,2,26.2,3818.2,40001.1,17467.4,64473.1,24.8,0,
2017-12-22 06:00:48,0,1,2,26.3,3818.9,40001.1,17534.1,64727.7,24.8,0,
2017-12-22 06:00:51,0,1,2,26.3,3819.6,40001.0,17534.1,64727.7,24.8,0,
2017-12-22 06:00:54,0,1,2,26.4,3820.4,40001.3,17600.8,64982.3,24.8,0,
2017-12-22 06:00:57,0,1,2,26.5,3821.1,40000.9,17667.4,65237.1,24.8,0,
2017-12-22 06:01:01,0,1,2,26.5,3822.0,40001.3,17667.4,65237.1,24.8,0,
2017-12-22 06:01:04,0,1,2,26.6,3822.7,40001.3,17734.1,65491.9,24.8,0,
2017-12-22 06:01:07,0,1,2,26.6,3823.5,40001.3,17734.1,65491.9,24.8,0,
2017-12-22 06:01:10,0,1,2,26.7,3824.2,40001.8,17800.8,65746.9,24.8,0,
2017-12-22 06:01:14,0,1,2,26.7,3824.9,40001.5,17800.8,65746.9,24.8,0,
2017-12-22 06:01:17,0,1,2,26.8,3825.8,40001.4,17867.5,66001.9,24.8,0,
2017-12-22 06:01:20,0,1,2,26.8,3826.4,40001.4,17867.5,66001.9,24.8,0,
2017-12-22 06:01:23,0,1,2,26.9,3827.1,40001.2,17934.1,66257.1,24.8,0,
2017-12-22 06:01:26,0,1,2,26.9,3827.9,40001.5,17934.1,66257.1,24.8,0,
2017-12-22 06:01:29,0,1,2,27.0,3828.6,40001.3,18000.8,66512.3,24.8,0,
2017-12-22 06:01:32,0,1,2,27.0,3829.3,40001.3,18000.8,66512.3,24.8,0,
2017-12-22 06:01:36,0,1,2,27.1,3830.3,40001.5,18067.5,66767.6,24.8,0,
2017-12-22 06:01:39,0,1,2,27.1,3831.0,40001.3,18067.5,66767.6,24.8,0,
2017-12-22 06:01:42,0,1,2,27.2,3831.7,40001.5,18134.1,67023.1,24.8,0,
2017-12-22 06:01:45,0,1,2,27.2,3832.4,40001.5,18134.1,67023.1,24.9,0,
2017-12-22 06:01:48,0,1,2,27.3,3833.2,40001.1,18200.8,67278.6,24.9,0,
2017-12-22 06:01:51,0,1,2,27.3,3834.1,40001.7,18200.8,67278.6,24.9,0,
2017-12-22 06:01:55,0,1,2,27.4,3834.8,40001.5,18267.5,67534.2,24.9,0,
2017-12-22 06:01:58,0,1,2,27.5,3835.6,40001.6,18334.2,67789.9,24.9,0,
2017-12-22 06:02:01,0,1,2,27.5,3836.3,40001.5,18334.2,67789.9,24.9,0,
2017-12-22 06:02:04,0,1,2,27.6,3837.2,40001.5,18400.8,68045.7,24.9,0,
2017-12-22 06:02:07,0,1,2,27.6,3837.9,40001.5,18400.8,68045.7,24.9,0,
2017-12-22 06:02:10,0,1,2,27.7,3838.7,40001.5,18467.5,68301.7,24.9,0,
2017-12-22 06:02:14,0,1,2,27.7,3839.5,40001.7,18467.5,68301.7,24.9,0,
2017-12-22 06:02:17,0,1,2,27.8,3840.3,40001.5,18534.2,68557.7,24.9,0,
2017-12-22 06:02:20,0,1,2,27.8,3841.1,40001.0,18534.2,68557.7,24.9,0,
2017-12-22 06:02:23,0,1,2,27.9,3842.0,40001.5,18600.8,68813.8,24.9,0,
2017-12-22 06:02:26,0,1,2,27.9,3842.7,40001.7,18600.8,68813.8,24.9,0,
2017-12-22 06:02:29,0,1,2,28.0,3843.6,40001.5,18667.5,69070.0,24.9,0,
2017-12-22 06:02:32,0,1,2,28.0,3844.3,40000.8,18667.5,69070.0,25.0,0,
2017-12-22 06:02:35,0,1,2,28.1,3845.0,40001.7,18734.2,69326.4,25.0,0,
2017-12-22 06:02:38,0,1,2,28.1,3846.0,40001.5,18734.2,69326.4,25.0,0,
2017-12-22 06:02:41,0,1,2,28.2,3846.8,40001.5,18800.9,69582.8,25.0,0,
2017-12-22 06:02:44,0,1,2,28.2,3847.4,40001.5,18800.9,69582.8,25.0,0,
2017-12-22 06:02:47,0,1,2,28.3,3848.2,40001.7,18867.5,69839.3,25.0,0,
2017-12-22 06:02:51,0,1,2,28.3,3849.0,40001.5,18867.5,69839.3,25.0,0,
2017-12-22 06:02:54,0,1,2,28.4,3850.1,40001.7,18934.2,70096.0,25.0,0,
2017-12-22 06:02:57,0,1,2,28.4,3850.7,40001.6,18934.2,70096.0,25.0,0,
2017-12-22 06:03:00,0,1,2,28.5,3851.6,40001.7,19000.9,70352.7,25.0,0,
2017-12-22 06:03:03,0,1,2,28.5,3852.4,40001.8,19000.9,70352.7,25.0,0,
2017-12-22 06:03:06,0,1,2,28.6,3853.1,40001.7,19067.5,70609.6,25.0,0,
2017-12-22 06:03:09,0,1,2,28.6,3854.1,40001.5,19067.5,70609.6,24.9,0,
2017-12-22 06:03:12,0,1,2,28.7,3854.8,40001.6,19134.2,70866.6,24.9,0,
2017-12-22 06:03:16,0,1,2,28.8,3855.7,40001.3,19200.9,71123.6,24.9,0,
2017-12-22 06:03:19,0,1,2,28.8,3856.8,40001.6,19200.9,71123.6,24.8,0,
2017-12-22 06:03:22,0,1,2,28.9,3857.5,40001.7,19267.6,71380.8,24.8,0,
2017-12-22 06:03:25,0,1,2,28.9,3858.6,40001.3,19267.6,71380.8,24.8,0,
2017-12-22 06:03:28,0,1,2,29.0,3859.4,40001.8,19334.2,71638.1,24.8,0,
2017-12-22 06:03:31,0,1,2,29.0,3860.3,40001.6,19334.2,71638.1,24.8,0,
2017-12-22 06:03:34,0,1,2,29.1,3861.1,40001.5,19400.9,71895.5,24.8,0,
2017-12-22 06:03:38,0,1,2,29.1,3862.0,40001.6,19400.9,71895.5,24.8,0,
2017-12-22 06:03:41,0,1,2,29.2,3862.8,40001.5,19467.6,72153.0,24.8,0,
2017-12-22 06:03:44,0,1,2,29.2,3863.7,40001.8,19467.6,72153.0,24.9,0,
2017-12-22 06:03:47,0,1,2,29.3,3864.6,40001.5,19534.2,72410.7,24.8,0,
2017-12-22 06:03:50,0,1,2,29.3,3865.3,40001.3,19534.2,72410.7,24.9,0,
2017-12-22 06:03:53,0,1,2,29.4,3866.2,40001.8,19600.9,72668.4,24.9,0,
2017-12-22 06:03:56,0,1,2,29.4,3867.2,40001.3,19600.9,72668.4,24.9,0,
2017-12-22 06:03:59,0,1,2,29.5,3868.1,40001.3,19667.6,72926.3,24.9,0,
2017-12-22 06:04:02,0,1,2,29.5,3868.7,40001.7,19667.6,72926.3,24.9,0,
2017-12-22 06:04:05,0,1,2,29.6,3869.7,40001.4,19734.3,73184.2,24.9,0,
2017-12-22 06:04:08,0,1,2,29.6,3870.5,40001.6,19734.3,73184.2,24.9,0,
2017-12-22 06:04:12,0,1,2,29.7,3871.5,40001.7,19800.9,73442.3,24.9,0,
2017-12-22 06:04:15,0,1,2,29.7,3872.5,40001.5,19800.9,73442.3,24.9,0,
2017-12-22 06:04:18,0,1,2,29.8,3873.3,40001.8,19867.6,73700.5,24.9,0,
2017-12-22 06:04:21,0,1,2,29.8,3874.2,40001.6,19867.6,73700.5,25.0,0,
2017-12-22 06:04:24,0,1,2,29.9,3875.1,40002.0,19934.3,73958.8,25.0,0,
2017-12-22 06:04:27,0,1,2,30.0,3876.2,40002.0,20001.0,74217.3,25.0,0,
2017-12-22 06:04:30,0,1,2,30.0,3876.8,40001.8,20001.0,74217.3,25.0,0,
2017-12-22 06:04:34,0,1,2,30.1,3878.0,40001.8,20067.6,74475.8,25.0,0,
2017-12-22 06:04:37,0,1,2,30.1,3878.7,40001.7,20067.6,74475.8,25.0,0,
2017-12-22 06:04:40,0,1,2,30.2,3879.6,40001.8,20134.3,74734.5,25.0,0,
2017-12-22 06:04:43,0,1,2,30.2,3880.6,40001.7,20134.3,74734.5,25.0,0,
2017-12-22 06:04:46,0,1,2,30.3,3881.3,40001.8,20201.0,74993.2,25.0,0,
2017-12-22 06:04:49,0,1,2,30.3,3882.3,40001.8,20201.0,74993.2,25.0,0,
2017-12-22 06:04:52,0,1,2,30.4,3883.3,40001.7,20267.6,75252.1,25.0,0,
2017-12-22 06:04:55,0,1,2,30.4,3884.2,40001.7,20267.6,75252.1,25.0,0,
2017-12-22 06:04:58,0,1,2,30.5,3885.0,40002.2,20334.3,75511.2,25.0,0,
2017-12-22 06:05:01,0,1,2,30.5,3886.1,40001.8,20334.3,75511.2,25.0,0,
2017-12-22 06:05:05,0,1,2,30.6,3887.1,40002.0,20401.0,75770.3,25.0,0,
2017-12-22 06:05:08,0,1,2,30.6,3888.0,40001.8,20401.0,75770.3,24.9,0,
2017-12-22 06:05:11,0,1,2,30.7,3889.0,40001.7,20467.7,76029.6,24.9,0,
2017-12-22 06:05:14,0,1,2,30.7,3890.0,40001.7,20467.7,76029.6,25.0,0,
2017-12-22 06:05:17,0,1,2,30.8,3890.8,40001.8,20534.3,76288.9,24.9,0,
2017-12-22 06:05:20,0,1,2,30.8,3891.9,40001.5,20534.3,76288.9,24.9,0,
2017-12-22 06:05:24,0,1,2,30.9,3892.9,40001.8,20601.0,76548.4,25.0,0,
2017-12-22 06:05:27,0,1,2,30.9,3893.6,40001.4,20601.0,76548.4,25.0,0,
2017-12-22 06:05:30,0,1,2,31.0,3894.7,40002.0,20667.7,76808.0,25.0,0,
2017-12-22 06:05:33,0,1,2,31.0,3895.4,40003.1,20667.7,76808.0,25.0,0,
2017-12-22 06:05:36,0,1,2,31.1,3896.6,40003.3,20734.3,77067.8,25.0,0,
2017-12-22 06:05:39,0,1,2,31.1,3897.3,40003.8,20734.3,77067.8,25.0,0,
2017-12-22 06:05:42,0,1,2,31.2,3898.5,40002.9,20801.0,77327.7,25.0,0,
2017-12-22 06:05:45,0,1,2,31.2,3899.4,40002.8,20801.0,77327.7,25.0,0,
2017-12-22 06:05:48,0,1,2,31.3,3899.9,39440.3,20867.7,77587.6,24.9,0,
2017-12-22 06:05:51,0,1,2,31.4,3900.1,38459.7,20931.8,77837.6,25.0,0,
2017-12-22 06:05:54,0,1,2,31.4,3900.2,37506.4,20931.8,77837.6,24.9,0,
2017-12-22 06:05:57,0,1,2,31.5,3899.9,36577.1,20992.8,78075.4,24.9,0,
2017-12-22 06:06:01,0,1,2,31.5,3899.9,35671.8,20992.8,78075.4,25.0,0,
2017-12-22 06:06:04,0,1,2,31.6,3900.0,34958.6,21051.3,78303.9,25.0,0,
2017-12-22 06:06:07,0,1,2,31.6,3900.0,34263.8,21051.3,78303.9,25.0,0,
2017-12-22 06:06:10,0,1,2,31.7,3899.9,33668.0,21107.6,78523.2,25.0,0,
2017-12-22 06:06:13,0,1,2,31.7,3900.1,32996.7,21107.6,78523.2,25.0,0,
2017-12-22 06:06:16,0,1,2,31.8,3900.0,32421.8,21161.9,78735.0,25.0,0,
2017-12-22 06:06:19,0,1,2,31.8,3900.0,31790.3,21161.9,78735.0,25.0,0,
2017-12-22 06:06:22,0,1,2,31.9,3900.0,31225.2,21214.2,78939.0,25.0,0,
2017-12-22 06:06:25,0,1,2,31.9,3900.0,30692.8,21214.2,78939.0,25.0,0,
2017-12-22 06:06:29,0,1,2,32.0,3900.1,30072.5,21265.0,79137.0,25.0,0,
2017-12-22 06:06:32,0,1,2,32.0,3900.0,29560.4,21265.0,79137.0,25.0,0,
2017-12-22 06:06:35,0,1,2,32.1,3900.2,29179.4,21313.8,79327.6,25.0,0,
2017-12-22 06:06:38,0,1,2,32.1,3900.1,28600.0,21313.8,79327.6,25.0,0,
2017-12-22 06:06:41,0,1,2,32.2,3899.9,28033.3,21361.1,79512.1,25.0,0,
2017-12-22 06:06:44,0,1,2,32.2,3900.0,27474.7,21361.1,79512.1,25.0,0,
2017-12-22 06:06:47,0,1,2,32.3,3900.0,27132.5,21406.9,79690.7,25.0,0,
2017-12-22 06:06:50,0,1,2,32.3,3899.9,26593.2,21406.9,79690.7,25.0,0,
2017-12-22 06:06:53,0,1,2,32.4,3900.0,26133.0,21451.1,79863.1,25.0,0,
2017-12-22 06:06:56,0,1,2,32.4,3899.9,25805.1,21451.1,79863.1,25.0,0,
2017-12-22 06:07:00,0,1,2,32.5,3899.9,25228.7,21493.8,80029.6,25.0,0,
2017-12-22 06:07:03,0,1,2,32.5,3899.9,24852.2,21493.8,80029.6,25.0,0,
2017-12-22 06:07:06,0,1,2,32.6,3899.9,24481.7,21535.2,80191.1,25.0,0,
2017-12-22 06:07:09,0,1,2,32.6,3900.2,24115.3,21535.2,80191.1,25.0,0,
2017-12-22 06:07:12,0,1,2,32.7,3900.0,23635.4,21575.4,80347.5,25.0,0,
2017-12-22 06:07:16,0,1,2,32.8,3900.1,23225.1,21614.1,80498.5,25.0,0,
2017-12-22 06:07:19,0,1,2,32.8,3900.0,22764.3,21614.1,80498.5,25.0,0,
2017-12-22 06:07:22,0,1,2,32.9,3900.1,22423.0,21651.5,80644.6,25.0,0,
2017-12-22 06:07:25,0,1,2,32.9,3899.9,21977.8,21651.5,80644.6,25.0,0,
2017-12-22 06:07:28,0,1,2,33.0,3900.0,21648.7,21687.8,80786.0,25.0,0,
2017-12-22 06:07:32,0,1,2,33.0,3900.0,21272.3,21687.8,80786.0,25.0,0,
2017-12-22 06:07:35,0,1,2,33.1,3899.9,20847.7,21723.0,80923.3,25.0,0,
2017-12-22 06:07:38,0,1,2,33.1,3900.1,20494.9,21723.0,80923.3,25.0,0,
2017-12-22 06:07:41,0,1,2,33.2,3899.9,20138.3,21756.9,81055.6,25.0,0,
2017-12-22 06:07:44,0,1,2,33.2,3900.1,19777.5,21756.9,81055.6,25.0,0,
2017-12-22 06:07:48,0,1,2,33.3,3899.9,19530.5,21789.8,81183.8,25.0,0,
2017-12-22 06:07:51,0,1,2,33.3,3900.0,19237.6,21789.8,81183.8,25.0,0,
2017-12-22 06:07:54,0,1,2,33.4,3900.0,18902.4,21821.7,81308.2,25.0,0,
2017-12-22 06:07:57,0,1,2,33.4,3899.9,18572.1,21821.7,81308.2,24.9,0,
2017-12-22 06:08:00,0,1,2,33.5,3899.9,18248.4,21852.6,81428.6,24.9,0,
2017-12-22 06:08:03,0,1,2,33.5,3899.9,17931.5,21852.6,81428.6,24.9,0,
2017-12-22 06:08:06,0,1,2,33.6,3900.0,17663.1,21882.4,81545.0,24.9,0,
2017-12-22 06:08:09,0,1,2,33.7,3899.9,17319.5,21911.3,81657.5,24.9,0,
2017-12-22 06:08:12,0,1,2,33.7,3899.9,17094.1,21911.3,81657.5,24.9,0,
2017-12-22 06:08:16,0,1,2,33.8,3900.0,16802.6,21939.3,81766.7,24.9,0,
2017-12-22 06:08:19,0,1,2,33.8,3899.9,16586.1,21939.3,81766.7,24.9,0,
2017-12-22 06:08:22,0,1,2,33.9,3899.8,16181.9,21966.3,81872.2,24.9,0,
2017-12-22 06:08:25,0,1,2,33.9,3900.0,15970.9,21966.3,81872.2,24.9,0,
2017-12-22 06:08:28,0,1,2,34.0,3900.0,15773.0,21992.6,81975.0,24.8,0,
2017-12-22 06:08:31,0,1,2,34.0,3899.9,15458.5,21992.6,81975.0,24.8,0,
2017-12-22 06:08:34,0,1,2,34.1,3899.9,15186.7,22018.0,82074.0,24.9,0,
2017-12-22 06:08:38,0,1,2,34.1,3899.9,15005.4,22018.0,82074.0,24.9,0,
2017-12-22 06:08:41,0,1,2,34.2,3899.8,14698.2,22042.7,82170.3,24.9,0,
2017-12-22 06:08:44,0,1,2,34.2,3899.9,14551.0,22042.7,82170.3,24.9,0,
2017-12-22 06:08:47,0,1,2,34.3,3900.0,14225.2,22066.6,82263.5,24.9,0,
2017-12-22 06:08:50,0,1,2,34.3,3900.0,14046.5,22066.6,82263.5,24.9,0,
2017-12-22 06:08:53,0,1,2,34.4,3899.9,13801.4,22089.9,82354.3,24.9,0,
2017-12-22 06:08:56,0,1,2,34.4,3900.0,13593.8,22089.9,82354.3,25.0,0,
2017-12-22 06:09:00,0,1,2,34.5,3900.0,13356.4,22112.4,82442.0,25.0,0,
2017-12-22 06:09:03,0,1,2,34.5,3900.1,13155.1,22112.4,82442.0,25.0,0,
2017-12-22 06:09:06,0,1,2,34.6,3900.0,12898.6,22134.2,82526.9,25.0,0,
2017-12-22 06:09:09,0,1,2,34.6,3899.9,12699.2,22134.2,82526.9,25.0,0,
2017-12-22 06:09:12,0,1,2,34.7,3899.9,12507.7,22155.3,82609.4,24.9,0,
2017-12-22 06:09:16,0,1,2,34.8,3900.0,12289.8,22175.9,82689.5,24.9,0,
2017-12-22 06:09:19,0,1,2,34.8,3900.0,12104.7,22175.9,82689.5,24.9,0,
2017-12-22 06:09:22,0,1,2,34.9,3900.1,11861.3,22195.7,82766.8,24.9,0,
2017-12-22 06:09:25,0,1,2,34.9,3899.9,11687.9,22195.7,82766.8,24.9,0,
2017-12-22 06:09:28,0,1,2,35.0,3899.9,11536.9,22214.9,82841.8,24.9,0,
2017-12-22 06:09:31,0,1,2,35.0,3900.0,11364.7,22214.9,82841.8,24.9,0,
2017-12-22 06:09:34,0,1,2,35.1,3900.0,11192.7,22233.7,82914.9,24.9,0,
2017-12-22 06:09:38,0,1,2,35.1,3900.0,10948.8,22233.7,82914.9,24.9,0,
2017-12-22 06:09:41,0,1,2,35.2,3900.1,10806.8,22251.8,82985.7,24.9,0,
2017-12-22 06:09:44,0,1,2,35.2,3899.9,10648.7,22251.8,82985.7,24.8,0,
2017-12-22 06:09:47,0,1,2,35.3,3900.1,10543.4,22269.5,83054.7,24.9,0,
2017-12-22 06:09:50,0,1,2,35.3,3900.0,10353.4,22269.5,83054.7,24.8,0,
2017-12-22 06:09:53,0,1,2,35.4,3899.9,10170.6,22286.6,83121.3,24.9,0,
2017-12-22 06:09:57,0,1,2,35.4,3899.9,10000.0,22286.6,83121.3,24.9,5,终止电流到
2017-12-22 06:10:00,0,1,2,35.5,3891.7,4.3,22286.6,83121.4,24.8,5,终止电流到
2017-12-22 06:10:03,0,1,2,35.5,3890.7,4.5,22286.6,83121.4,24.9,5,终止电流到
2017-12-22 06:10:06,0,1,2,35.6,3889.8,3.6,22286.6,83121.4,24.8,5,终止电流到
2017-12-22 06:10:09,0,1,2,35.6,3889.2,3.7,22286.6,83121.4,24.9,5,终止电流到
2017-12-22 06:10:13,0,1,2,35.7,3888.7,3.4,22286.6,83121.4,24.8,5,终止电流到
2017-12-22 06:10:15,0,1,2,35.8,3888.1,4.3,22286.6,83121.4,24.8,5,终止电流到
2017-12-22 06:10:18,0,1,2,35.8,3887.7,3.6,22286.6,83121.4,24.8,5,终止电流到
2017-12-22 06:10:22,0,1,2,35.9,3887.3,3.8,22286.6,83121.5,24.8,5,终止电流到
2017-12-22 06:10:25,0,1,2,35.9,3887.1,3.4,22286.6,83121.5,24.8,5,终止电流到
2017-12-22 06:10:28,0,1,2,36.0,3886.8,3.5,22286.6,83121.5,24.8,5,终止电流到
2017-12-22 06:10:31,0,1,2,36.0,3886.5,2.9,22286.6,83121.5,24.8,5,终止电流到
2017-12-22 06:10:34,0,1,2,36.1,3886.4,3.2,22286.6,83121.5,24.8,5,终止电流到
2017-12-22 06:10:37,0,1,2,36.1,3886.1,3.2,22286.6,83121.5,24.8,5,终止电流到
2017-12-22 06:10:40,0,1,2,36.2,3885.9,3.7,22286.6,83121.5,24.8,5,终止电流到
2017-12-22 06:10:43,0,1,2,36.2,3885.8,3.0,22286.6,83121.5,24.8,5,终止电流到
2017-12-22 06:10:46,0,1,2,36.3,3885.7,3.0,22286.6,83121.5,24.8,5,终止电流到
2017-12-22 06:10:50,0,1,2,36.3,3885.5,3.1,22286.6,83121.5,24.8,5,终止电流到
2017-12-22 06:10:53,0,1,2,36.4,3885.2,3.6,22286.6,83121.6,24.8,5,终止电流到
2017-12-22 06:10:56,0,1,2,36.4,3885.1,3.8,22286.6,83121.6,24.8,5,终止电流到
2017-12-22 06:10:59,0,1,2,36.5,3885.1,2.8,22286.7,83121.6,24.8,5,终止电流到
2017-12-22 06:11:02,0,1,2,36.5,3884.9,3.5,22286.7,83121.6,24.8,5,终止电流到
2017-12-22 06:11:07,0,2,3,0.0,3884.7,0,0.0,0.0,24.8,0,
2017-12-22 06:11:30,0,2,3,0.4,3884.0,24.8,0.0,0.0,24.8,0,
2017-12-22 06:11:33,0,2,3,0.4,3884.0,24.9,0.0,0.0,24.7,0,
2017-12-22 06:11:36,0,2,3,0.5,3884.0,25.0,0.0,0.0,24.7,0,
2017-12-22 06:11:39,0,2,3,0.5,3884.0,24.6,0.0,0.0,24.8,0,
2017-12-22 06:11:42,0,2,3,0.6,3883.8,24.9,0.0,0.0,24.8,0,
2017-12-22 06:11:45,0,2,3,0.6,3883.8,25.0,0.0,0.0,24.8,0,
2017-12-22 06:11:49,0,2,3,0.7,3883.8,24.5,0.0,0.0,24.8,0,
2017-12-22 06:11:52,0,2,3,0.7,3883.8,24.4,0.0,0.0,24.8,0,
2017-12-22 06:11:55,0,2,3,0.8,3883.7,24.3,0.0,0.0,24.8,0,
2017-12-22 06:11:58,0,2,3,0.8,3883.5,24.3,0.0,0.0,24.8,0,
2017-12-22 06:12:01,0,2,3,0.9,3883.5,25.0,0.0,0.0,24.8,0,
2017-12-22 06:12:04,0,2,3,0.9,3883.5,24.0,0.0,0.0,24.8,0,
2017-12-22 06:12:07,0,2,3,1.0,3883.5,24.6,0.0,0.0,24.7,0,
2017-12-22 06:12:08,0,2,3,1.0,3883.4,23.6,0.0,0.0,24.8,1,时间到
2017-12-22 06:12:12,0,3,4,0.0,3883.2,0,0.0,0.0,24.8,0,
2017-12-22 06:12:34,0,3,4,0.4,3832.6,-40000.7,266.7,1024.7,24.7,0,
2017-12-22 06:12:38,0,3,4,0.4,3829.9,-40001.2,266.7,1024.7,24.8,0,
2017-12-22 06:12:41,0,3,4,0.5,3827.7,-40001.0,333.3,1279.9,24.8,0,
2017-12-22 06:12:44,0,3,4,0.5,3825.2,-40001.3,333.3,1279.9,24.7,0,
2017-12-22 06:12:47,0,3,4,0.6,3823.2,-40001.2,400.0,1534.8,24.7,0,
2017-12-22 06:12:50,0,3,4,0.6,3821.2,-40000.7,400.0,1534.8,24.7,0,
2017-12-22 06:12:53,0,3,4,0.7,3819.3,-40001.0,466.7,1789.5,24.8,0,
2017-12-22 06:12:56,0,3,4,0.7,3817.6,-40001.3,466.7,1789.5,24.8,0,
2017-12-22 06:13:00,0,3,4,0.8,3815.6,-40001.2,533.4,2043.9,24.8,0,
2017-12-22 06:13:03,0,3,4,0.8,3813.9,-40000.9,533.4,2043.9,24.8,0,
2017-12-22 06:13:06,0,3,4,0.9,3812.2,-40001.3,600.0,2298.1,24.8,0,
2017-12-22 06:13:09,0,3,4,0.9,3810.6,-40001.0,600.0,2298.1,24.8,0,
2017-12-22 06:13:12,0,3,4,1.0,3809.1,-40001.3,666.7,2552.1,24.8,0,
2017-12-22 06:13:15,0,3,4,1.0,3807.5,-40001.5,666.7,2552.1,24.8,0,
2017-12-22 06:13:18,0,3,4,1.1,3805.9,-40001.2,733.4,2806.0,24.8,0,
2017-12-22 06:13:22,0,3,4,1.1,3804.4,-40001.0,733.4,2806.0,24.8,0,
2017-12-22 06:13:25,0,3,4,1.2,3802.8,-40001.5,800.0,3059.6,24.8,0,
2017-12-22 06:13:28,0,3,4,1.2,3801.4,-40001.3,800.0,3059.6,24.7,0,
2017-12-22 06:13:31,0,3,4,1.3,3800.0,-40001.0,866.7,3313.0,24.8,0,
2017-12-22 06:13:34,0,3,4,1.3,3798.6,-40001.3,866.7,3313.0,24.8,0,
2017-12-22 06:13:37,0,3,4,1.4,3797.0,-40001.2,933.4,3566.2,24.8,0,
2017-12-22 06:13:40,0,3,4,1.5,3795.7,-40001.0,1000.0,3819.3,24.8,0,
2017-12-22 06:13:44,0,3,4,1.5,3794.1,-40001.3,1000.0,3819.3,24.8,0,
2017-12-22 06:13:47,0,3,4,1.6,3792.7,-40000.8,1066.7,4072.2,24.8,0,
2017-12-22 06:13:50,0,3,4,1.6,3791.2,-40001.0,1066.7,4072.2,24.8,0,
2017-12-22 06:13:53,0,3,4,1.7,3789.9,-40000.9,1133.4,4324.9,24.8,0,
2017-12-22 06:13:56,0,3,4,1.7,3788.3,-40001.0,1133.4,4324.9,24.7,0,
2017-12-22 06:14:00,0,3,4,1.8,3787.0,-40001.0,1200.1,4577.4,24.7,0,
2017-12-22 06:14:03,0,3,4,1.8,3785.6,-40000.8,1200.1,4577.4,24.8,0,
2017-12-22 06:14:06,0,3,4,1.9,3784.3,-40000.8,1266.7,4829.7,24.8,0,
2017-12-22 06:14:09,0,3,4,1.9,3782.8,-40001.0,1266.7,4829.7,24.8,0,
2017-12-22 06:14:12,0,3,4,2.0,3781.4,-40000.8,1333.4,5081.9,24.8,0,
2017-12-22 06:14:15,0,3,4,2.0,3779.9,-40000.6,1333.4,5081.9,24.7,0,
2017-12-22 06:14:18,0,3,4,2.1,3778.7,-40000.9,1400.1,5333.9,24.8,0,
2017-12-22 06:14:22,0,3,4,2.1,3777.3,-40000.8,1400.1,5333.9,24.7,0,
2017-12-22 06:14:25,0,3,4,2.2,3775.8,-40000.7,1466.7,5585.7,24.7,0,
2017-12-22 06:14:28,0,3,4,2.2,3774.6,-40001.0,1466.7,5585.7,24.8,0,
2017-12-22 06:14:31,0,3,4,2.3,3773.0,-40000.6,1533.4,5837.3,24.8,0,
2017-12-22 06:14:34,0,3,4,2.3,3771.9,-40000.7,1533.4,5837.3,24.8,0,
2017-12-22 06:14:37,0,3,4,2.4,3770.5,-40000.3,1600.1,6088.7,24.8,0,
2017-12-22 06:14:40,0,3,4,2.5,3769.2,-40000.5,1666.7,6340.0,24.8,0,
2017-12-22 06:14:44,0,3,4,2.5,3767.8,-40000.8,1666.7,6340.0,24.8,0,
2017-12-22 06:14:47,0,3,4,2.6,3766.5,-40000.7,1733.4,6591.1,24.8,0,
2017-12-22 06:14:50,0,3,4,2.6,3765.2,-40000.4,1733.4,6591.1,24.8,0,
2017-12-22 06:14:53,0,3,4,2.7,3763.8,-40000.3,1800.1,6842.1,24.8,0,
2017-12-22 06:14:56,0,3,4,2.7,3762.5,-40000.6,1800.1,6842.1,24.8,0,
2017-12-22 06:14:59,0,3,4,2.8,3761.1,-40000.4,1866.7,7092.9,24.8,0,
2017-12-22 06:15:02,0,3,4,2.8,3759.9,-40000.9,1866.7,7092.9,24.8,0,
2017-12-22 06:15:06,0,3,4,2.9,3758.5,-40000.5,1933.4,7343.5,24.8,0,
2017-12-22 06:15:09,0,3,4,2.9,3757.2,-40000.4,1933.4,7343.5,24.8,0,
2017-12-22 06:15:12,0,3,4,3.0,3756.1,-40000.3,2000.1,7593.9,24.8,0,
2017-12-22 06:15:15,0,3,4,3.0,3754.6,-40000.3,2000.1,7593.9,24.8,0,
2017-12-22 06:15:18,0,3,4,3.1,3753.4,-40000.2,2066.8,7844.2,24.8,0,
2017-12-22 06:15:21,0,3,4,3.1,3752.2,-40000.5,2066.8,7844.2,24.8,0,
2017-12-22 06:15:24,0,3,4,3.2,3751.0,-40000.5,2133.4,8094.3,24.8,0,
2017-12-22 06:15:28,0,3,4,3.2,3749.7,-40000.4,2133.4,8094.3,24.8,0,
2017-12-22 06:15:31,0,3,4,3.3,3748.5,-40000.5,2200.1,8344.3,24.8,0,
2017-12-22 06:15:34,0,3,4,3.3,3747.2,-40000.1,2200.1,8344.3,24.8,0,
2017-12-22 06:15:37,0,3,4,3.4,3745.9,-40000.4,2266.8,8594.1,24.8,0,
2017-12-22 06:15:40,0,3,4,3.4,3744.8,-40000.3,2266.8,8594.1,24.8,0,
2017-12-22 06:15:43,0,3,4,3.5,3743.6,-40000.0,2333.4,8843.7,24.8,0,
2017-12-22 06:15:46,0,3,4,3.6,3742.4,-40000.5,2400.1,9093.2,24.8,0,
2017-12-22 06:15:49,0,3,4,3.6,3741.1,-40000.3,2400.1,9093.2,24.8,0,
2017-12-22 06:15:53,0,3,4,3.7,3739.9,-40000.1,2466.8,9342.6,24.8,0,
2017-12-22 06:15:56,0,3,4,3.7,3738.9,-40000.3,2466.8,9342.6,24.8,0,
2017-12-22 06:15:59,0,3,4,3.8,3737.7,-40000.7,2533.4,9591.8,24.8,0,
2017-12-22 06:16:02,0,3,4,3.8,3736.4,-40000.6,2533.4,9591.8,24.8,0,
2017-12-22 06:16:05,0,3,4,3.9,3735.2,-40000.3,2600.1,9840.8,24.8,0,
2017-12-22 06:16:08,0,3,4,3.9,3734.2,-40000.3,2600.1,9840.8,24.8,0,
2017-12-22 06:16:11,0,3,4,4.0,3732.9,-40000.0,2666.8,10089.7,24.8,0,
2017-12-22 06:16:15,0,3,4,4.0,3732.0,-40000.7,2666.8,10089.7,24.8,0,
2017-12-22 06:16:18,0,3,4,4.1,3730.8,-39999.8,2733.4,10338.5,24.8,0,
2017-12-22 06:16:21,0,3,4,4.1,3729.7,-40000.3,2733.4,10338.5,24.7,0,
2017-12-22 06:16:24,0,3,4,4.2,3728.6,-40000.3,2800.1,10587.1,24.8,0,
2017-12-22 06:16:27,0,3,4,4.2,3727.6,-40000.7,2800.1,10587.1,24.8,0,
2017-12-22 06:16:30,0,3,4,4.3,3726.4,-40000.2,2866.8,10835.6,24.8,0,
2017-12-22 06:16:33,0,3,4,4.3,3725.3,-40000.3,2866.8,10835.6,24.8,0,
2017-12-22 06:16:37,0,3,4,4.4,3724.3,-40000.6,2933.4,11083.9,24.8,0,
2017-12-22 06:16:40,0,3,4,4.4,3723.2,-40000.2,2933.4,11083.9,24.8,0,
2017-12-22 06:16:43,0,3,4,4.5,3722.2,-40000.0,3000.1,11332.1,24.8,0,
2017-12-22 06:16:46,0,3,4,4.5,3721.1,-40000.2,3000.1,11332.1,24.8,0,
2017-12-22 06:16:49,0,3,4,4.6,3720.1,-40000.3,3066.8,11580.2,24.8,0,
2017-12-22 06:16:52,0,3,4,4.6,3719.1,-40000.3,3066.8,11580.2,24.8,0,
2017-12-22 06:16:55,0,3,4,4.7,3718.1,-40000.0,3133.4,11828.1,24.8,0,
2017-12-22 06:16:58,0,3,4,4.8,3717.1,-40000.0,3200.1,12075.9,24.8,0,
2017-12-22 06:17:02,0,3,4,4.8,3716.1,-40000.3,3200.1,12075.9,24.8,0,
2017-12-22 06:17:05,0,3,4,4.9,3715.0,-39999.8,3266.8,12323.6,24.8,0,
2017-12-22 06:17:08,0,3,4,4.9,3713.9,-40000.5,3266.8,12323.6,24.8,0,
2017-12-22 06:17:11,0,3,4,5.0,3713.0,-40000.5,3333.4,12571.2,24.7,0,
2017-12-22 06:17:14,0,3,4,5.0,3712.2,-40000.5,3333.4,12571.2,24.7,0,
2017-12-22 06:17:17,0,3,4,5.1,3711.2,-40000.5,3400.1,12818.6,24.8,0,
2017-12-22 06:17:20,0,3,4,5.1,3710.1,-39999.8,3400.1,12818.6,24.7,0,
2017-12-22 06:17:24,0,3,4,5.2,3709.2,-40000.2,3466.8,13065.9,24.7,0,
2017-12-22 06:17:27,0,3,4,5.2,3708.3,-40000.2,3466.8,13065.9,24.7,0,
2017-12-22 06:17:30,0,3,4,5.3,3707.3,-40000.2,3533.4,13313.1,24.7,0,
2017-12-22 06:17:33,0,3,4,5.3,3706.3,-40000.2,3533.4,13313.1,24.7,0,
2017-12-22 06:17:36,0,3,4,5.4,3705.5,-40000.4,3600.1,13560.2,24.7,0,
2017-12-22 06:17:39,0,3,4,5.4,3704.5,-40000.3,3600.1,13560.2,24.7,0,
2017-12-22 06:17:42,0,3,4,5.5,3703.5,-39999.9,3666.8,13807.1,24.7,0,
2017-12-22 06:17:46,0,3,4,5.5,3702.7,-40000.0,3666.8,13807.1,24.7,0,
2017-12-22 06:17:49,0,3,4,5.6,3701.8,-40000.3,3733.4,14054.0,24.7,0,
2017-12-22 06:17:52,0,3,4,5.6,3700.8,-40000.3,3733.4,14054.0,24.7,0,
2017-12-22 06:17:55,0,3,4,5.7,3699.9,-39999.9,3800.1,14300.7,24.7,0,
2017-12-22 06:17:58,0,3,4,5.7,3699.2,-39999.8,3800.1,14300.7,24.7,0,
2017-12-22 06:18:01,0,3,4,5.8,3698.2,-40000.5,3866.8,14547.3,24.7,0,
2017-12-22 06:18:04,0,3,4,5.9,3697.3,-40000.1,3933.4,14793.8,24.7,0,
2017-12-22 06:18:07,0,3,4,5.9,3696.4,-40000.0,3933.4,14793.8,24.6,0,
2017-12-22 06:18:11,0,3,4,6.0,3695.6,-40000.2,4000.1,15040.2,24.7,0,
2017-12-22 06:18:14,0,3,4,6.0,3694.8,-40000.5,4000.1,15040.2,24.7,0,
2017-12-22 06:18:17,0,3,4,6.1,3693.9,-40000.2,4066.8,15286.4,24.7,0,
2017-12-22 06:18:20,0,3,4,6.1,3693.1,-40000.2,4066.8,15286.4,24.6,0,
2017-12-22 06:18:23,0,3,4,6.2,3692.3,-40000.2,4133.4,15532.6,24.7,0,
2017-12-22 06:18:26,0,3,4,6.2,3691.3,-40000.3,4133.4,15532.6,24.6,0,
2017-12-22 06:18:29,0,3,4,6.3,3690.5,-40000.2,4200.1,15778.7,24.7,0,
2017-12-22 06:18:33,0,3,4,6.3,3689.5,-40000.3,4200.1,15778.7,24.7,0,
2017-12-22 06:18:36,0,3,4,6.4,3688.8,-40000.1,4266.8,16024.6,24.7,0,
2017-12-22 06:18:39,0,3,4,6.4,3688.0,-40000.3,4266.8,16024.6,24.6,0,
2017-12-22 06:18:42,0,3,4,6.5,3687.2,-40000.4,4333.4,16270.5,24.7,0,
2017-12-22 06:18:45,0,3,4,6.5,3686.5,-39999.9,4333.4,16270.5,24.7,0,
2017-12-22 06:18:48,0,3,4,6.6,3685.6,-40000.2,4400.1,16516.2,24.6,0,
2017-12-22 06:18:51,0,3,4,6.6,3684.6,-40000.5,4400.1,16516.2,24.6,0,
2017-12-22 06:18:54,0,3,4,6.7,3684.0,-40000.5,4466.8,16761.8,24.6,0,
2017-12-22 06:18:58,0,3,4,6.7,3683.1,-40000.5,4466.8,16761.8,24.6,0,
2017-12-22 06:19:01,0,3,4,6.8,3682.3,-40000.5,4533.5,17007.4,24.6,0,
2017-12-22 06:19:04,0,3,4,6.8,3681.4,-40000.7,4533.5,17007.4,24.6,0,
2017-12-22 06:19:07,0,3,4,6.9,3680.8,-40000.1,4600.1,17252.8,24.6,0,
2017-12-22 06:19:10,0,3,4,7.0,3679.9,-40000.8,4666.8,17498.1,24.6,0,
2017-12-22 06:19:13,0,3,4,7.0,3679.0,-40000.3,4666.8,17498.1,24.6,0,
2017-12-22 06:19:17,0,3,4,7.1,3678.3,-40000.3,4733.5,17743.4,24.6,0,
2017-12-22 06:19:20,0,3,4,7.1,3677.5,-40000.7,4733.5,17743.4,24.6,0,
2017-12-22 06:19:23,0,3,4,7.2,3676.8,-40000.5,4800.1,17988.5,24.6,0,
2017-12-22 06:19:26,0,3,4,7.2,3676.1,-40000.7,4800.1,17988.5,24.6,0,
2017-12-22 06:19:29,0,3,4,7.3,3675.3,-40000.3,4866.8,18233.5,24.6,0,
2017-12-22 06:19:32,0,3,4,7.3,3674.6,-40000.8,4866.8,18233.5,24.7,0,
2017-12-22 06:19:35,0,3,4,7.4,3673.8,-40000.5,4933.5,18478.5,24.7,0,
2017-12-22 06:19:38,0,3,4,7.4,3673.0,-40000.8,4933.5,18478.5,24.6,0,
2017-12-22 06:19:41,0,3,4,7.5,3672.3,-40000.7,5000.1,18723.3,24.6,0,
2017-12-22 06:19:45,0,3,4,7.5,3671.4,-40000.9,5000.1,18723.3,24.7,0,
2017-12-22 06:19:48,0,3,4,7.6,3670.9,-40000.7,5066.8,18968.1,24.7,0,
2017-12-22 06:19:51,0,3,4,7.6,3670.0,-40000.9,5066.8,18968.1,24.7,0,
2017-12-22 06:19:54,0,3,4,7.7,3669.3,-40000.7,5133.5,19212.7,24.7,0,
2017-12-22 06:19:57,0,3,4,7.7,3668.7,-40000.8,5133.5,19212.7,24.7,0,
2017-12-22 06:20:00,0,3,4,7.8,3667.9,-40000.7,5200.1,19457.3,24.7,0,
2017-12-22 06:20:03,0,3,4,7.8,3667.1,-40001.3,5200.1,19457.3,24.7,0,
2017-12-22 06:20:07,0,3,4,7.9,3666.3,-40000.7,5266.8,19701.7,24.7,0,
2017-12-22 06:20:10,0,3,4,7.9,3665.7,-40000.9,5266.8,19701.7,24.7,0,
2017-12-22 06:20:13,0,3,4,8.0,3664.8,-40000.9,5333.5,19946.1,24.7,0,
2017-12-22 06:20:16,0,3,4,8.1,3664.2,-40000.7,5400.1,20190.4,24.7,0,
2017-12-22 06:20:19,0,3,4,8.1,3663.5,-40000.8,5400.1,20190.4,24.7,0,
2017-12-22 06:20:23,0,3,4,8.2,3662.7,-40001.0,5466.8,20434.6,24.8,0,
2017-12-22 06:20:26,0,3,4,8.2,3662.0,-40000.5,5466.8,20434.6,24.7,0,
2017-12-22 06:20:29,0,3,4,8.3,3661.3,-40000.5,5533.5,20678.7,24.7,0,
2017-12-22 06:20:32,0,3,4,8.3,3660.6,-40000.3,5533.5,20678.7,24.7,0,
2017-12-22 06:20:35,0,3,4,8.4,3659.9,-40000.5,5600.1,20922.7,24.7,0,
2017-12-22 06:20:38,0,3,4,8.4,3659.1,-40000.8,5600.1,20922.7,24.7,0,
2017-12-22 06:20:41,0,3,4,8.5,3658.3,-40000.9,5666.8,21166.6,24.7,0,
2017-12-22 06:20:45,0,3,4,8.5,3657.7,-40000.8,5666.8,21166.6,24.7,0,
2017-12-22 06:20:48,0,3,4,8.6,3657.1,-40000.4,5733.5,21410.5,24.7,0,
2017-12-22 06:20:51,0,3,4,8.6,3656.4,-40000.6,5733.5,21410.5,24.7,0,
2017-12-22 06:20:54,0,3,4,8.7,3655.7,-40000.6,5800.2,21654.2,24.6,0,
2017-12-22 06:20:57,0,3,4,8.7,3655.0,-40000.5,5800.2,21654.2,24.7,0,
2017-12-22 06:21:00,0,3,4,8.8,3654.3,-40000.8,5866.8,21897.9,24.7,0,
2017-12-22 06:21:03,0,3,4,8.8,3653.7,-40000.7,5866.8,21897.9,24.7,0,
2017-12-22 06:21:06,0,3,4,8.9,3653.1,-40000.5,5933.5,22141.4,24.7,0,
2017-12-22 06:21:10,0,3,4,8.9,3652.4,-40000.7,5933.5,22141.4,24.7,0,
2017-12-22 06:21:13,0,3,4,9.0,3651.6,-40000.7,6000.2,22384.9,24.7,0,
2017-12-22 06:21:16,0,3,4,9.0,3651.0,-40000.9,6000.2,22384.9,24.7,0,
2017-12-22 06:21:19,0,3,4,9.1,3650.4,-40000.6,6066.8,22628.3,24.7,0,
2017-12-22 06:21:22,0,3,4,9.1,3649.6,-40000.7,6066.8,22628.3,24.7,0,
2017-12-22 06:21:25,0,3,4,9.2,3649.0,-40000.5,6133.5,22871.6,24.7,0,
2017-12-22 06:21:28,0,3,4,9.3,3648.3,-40000.8,6200.2,23114.9,24.7,0,
2017-12-22 06:21:32,0,3,4,9.3,3647.8,-40000.6,6200.2,23114.9,24.7,0,
2017-12-22 06:21:35,0,3,4,9.4,3647.0,-40000.5,6266.8,23358.0,24.7,0,
2017-12-22 06:21:38,0,3,4,9.4,3646.4,-40000.5,6266.8,23358.0,24.7,0,
2017-12-22 06:21:41,0,3,4,9.5,3645.7,-40000.6,6333.5,23601.1,24.7,0,
2017-12-22 06:21:44,0,3,4,9.5,3645.1,-40000.7,6333.5,23601.1,24.7,0,
2017-12-22 06:21:47,0,3,4,9.6,3644.5,-40000.7,6400.2,23844.1,24.7,0,
2017-12-22 06:21:51,0,3,4,9.6,3643.8,-40000.7,6400.2,23844.1,24.7,0,
2017-12-22 06:21:54,0,3,4,9.7,3643.3,-40000.8,6466.8,24087.0,24.6,0,
2017-12-22 06:21:57,0,3,4,9.7,3642.6,-40000.8,6466.8,24087.0,24.7,0,
2017-12-22 06:22:00,0,3,4,9.8,3641.9,-40001.0,6533.5,24329.8,24.7,0,
2017-12-22 06:22:03,0,3,4,9.8,3641.3,-40000.8,6533.5,24329.8,24.7,0,
2017-12-22 06:22:06,0,3,4,9.9,3640.7,-40000.8,6600.2,24572.6,24.7,0,
2017-12-22 06:22:09,0,3,4,9.9,3640.2,-40000.7,6600.2,24572.6,24.7,0,
2017-12-22 06:22:13,0,3,4,10.0,3639.4,-40000.5,6666.9,24815.2,24.7,0,
2017-12-22 06:22:16,0,3,4,10.0,3638.9,-40000.9,6666.9,24815.2,24.7,0,
2017-12-22 06:22:19,0,3,4,10.1,3638.2,-40001.0,6733.5,25057.8,24.7,0,
2017-12-22 06:22:22,0,3,4,10.1,3637.6,-40001.0,6733.5,25057.8,24.7,0,
2017-12-22 06:22:25,0,3,4,10.2,3637.0,-40000.6,6800.2,25300.3,24.7,0,
2017-12-22 06:22:28,0,3,4,10.2,3636.3,-40000.8,6800.2,25300.3,24.7,0,
2017-12-22 06:22:31,0,3,4,10.3,3635.7,-40000.8,6866.9,25542.8,24.7,0,
2017-12-22 06:22:34,0,3,4,10.4,3635.2,-40000.5,6933.5,25785.1,24.7,0,
2017-12-22 06:22:38,0,3,4,10.4,3634.7,-40001.3,6933.5,25785.1,24.7,0,
2017-12-22 06:22:41,0,3,4,10.5,3634.1,-40001.3,7000.2,26027.4,24.8,0,
2017-12-22 06:22:44,0,3,4,10.5,3633.5,-40001.2,7000.2,26027.4,24.8,0,
2017-12-22 06:22:47,0,3,4,10.6,3632.7,-40000.8,7066.9,26269.6,24.7,0,
2017-12-22 06:22:50,0,3,4,10.6,3632.1,-40001.0,7066.9,26269.6,24.7,0,
2017-12-22 06:22:53,0,3,4,10.7,3631.6,-40001.0,7133.5,26511.7,24.8,0,
2017-12-22 06:22:56,0,3,4,10.7,3631.0,-40000.9,7133.5,26511.7,24.7,0,
2017-12-22 06:23:00,0,3,4,10.8,3630.5,-40000.9,7200.2,26753.8,24.8,0,
2017-12-22 06:23:03,0,3,4,10.8,3629.8,-40001.2,7200.2,26753.8,24.8,0,
2017-12-22 06:23:06,0,3,4,10.9,3629.3,-40001.0,7266.9,26995.8,24.8,0,
2017-12-22 06:23:09,0,3,4,10.9,3628.7,-40001.3,7266.9,26995.8,24.8,0,
2017-12-22 06:23:12,0,3,4,11.0,3628.0,-40001.0,7333.6,27237.7,24.8,0,
2017-12-22 06:23:15,0,3,4,11.0,3627.5,-40000.9,7333.6,27237.7,24.8,0,
2017-12-22 06:23:18,0,3,4,11.1,3626.9,-40000.9,7400.2,27479.5,24.8,0,
2017-12-22 06:23:21,0,3,4,11.1,3626.4,-40001.0,7400.2,27479.5,24.8,0,
2017-12-22 06:23:25,0,3,4,11.2,3625.9,-40001.0,7466.9,27721.3,24.8,0,
2017-12-22 06:23:28,0,3,4,11.2,3625.3,-40001.0,7466.9,27721.3,24.7,0,
2017-12-22 06:23:31,0,3,4,11.3,3624.6,-40001.0,7533.6,27962.9,24.8,0,
2017-12-22 06:23:34,0,3,4,11.3,3624.2,-40000.6,7533.6,27962.9,24.7,0,
2017-12-22 06:23:37,0,3,4,11.4,3623.6,-40001.2,7600.2,28204.6,24.7,0,
2017-12-22 06:23:40,0,3,4,11.4,3623.1,-40001.0,7600.2,28204.6,24.8,0,
2017-12-22 06:23:43,0,3,4,11.5,3622.3,-40001.2,7666.9,28446.1,24.8,0,
2017-12-22 06:23:46,0,3,4,11.6,3621.9,-40001.0,7733.6,28687.6,24.7,0,
2017-12-22 06:23:49,0,3,4,11.6,3621.3,-40001.0,7733.6,28687.6,24.7,0,
2017-12-22 06:23:53,0,3,4,11.7,3620.7,-40001.0,7800.2,28929.0,24.8,0,
2017-12-22 06:23:56,0,3,4,11.7,3620.1,-40001.0,7800.2,28929.0,24.8,0,
2017-12-22 06:23:59,0,3,4,11.8,3619.7,-40000.8,7866.9,29170.3,24.8,0,
2017-12-22 06:24:02,0,3,4,11.8,3619.1,-40001.2,7866.9,29170.3,24.8,0,
2017-12-22 06:24:05,0,3,4,11.9,3618.4,-40000.9,7933.6,29411.6,24.8,0,
2017-12-22 06:24:08,0,3,4,11.9,3617.7,-40001.0,7933.6,29411.6,24.8,0,
2017-12-22 06:24:11,0,3,4,12.0,3617.4,-40001.0,8000.2,29652.7,24.8,0,
2017-12-22 06:24:15,0,3,4,12.0,3616.7,-40000.5,8000.2,29652.7,24.7,0,
2017-12-22 06:24:18,0,3,4,12.1,3616.2,-40001.0,8066.9,29893.8,24.8,0,
2017-12-22 06:24:21,0,3,4,12.1,3615.7,-40000.8,8066.9,29893.8,24.8,0,
2017-12-22 06:24:24,0,3,4,12.2,3615.2,-40000.8,8133.6,30134.9,24.8,0,
2017-12-22 06:24:27,0,3,4,12.2,3614.7,-40001.0,8133.6,30134.9,24.7,0,
2017-12-22 06:24:30,0,3,4,12.3,3614.0,-40000.9,8200.3,30375.8,24.7,0,
2017-12-22 06:24:33,0,3,4,12.3,3613.4,-40000.8,8200.3,30375.8,24.8,0,
2017-12-22 06:24:37,0,3,4,12.4,3613.0,-40000.5,8266.9,30616.7,24.8,0,
2017-12-22 06:24:40,0,3,4,12.4,3612.4,-40000.8,8266.9,30616.7,24.7,0,
2017-12-22 06:24:43,0,3,4,12.5,3611.8,-40000.5,8333.6,30857.6,24.8,0,
2017-12-22 06:24:46,0,3,4,12.5,3611.2,-40001.0,8333.6,30857.6,24.8,0,
2017-12-22 06:24:49,0,3,4,12.6,3610.7,-40000.8,8400.3,31098.3,24.7,0,
2017-12-22 06:24:52,0,3,4,12.7,3610.3,-40000.0,8466.9,31339.0,24.7,0,
2017-12-22 06:24:56,0,3,4,12.7,3609.7,-40000.8,8466.9,31339.0,24.7,0,
2017-12-22 06:24:59,0,3,4,12.8,3609.1,-40001.0,8533.6,31579.6,24.7,0,
2017-12-22 06:25:02,0,3,4,12.8,3608.6,-40001.2,8533.6,31579.6,24.7,0,
2017-12-22 06:25:05,0,3,4,12.9,3608.2,-40001.0,8600.3,31820.2,24.8,0,
2017-12-22 06:25:08,0,3,4,12.9,3607.5,-40000.5,8600.3,31820.2,24.8,0,
2017-12-22 06:25:11,0,3,4,13.0,3607.0,-40001.0,8666.9,32060.7,24.8,0,
2017-12-22 06:25:14,0,3,4,13.0,3606.5,-40001.0,8666.9,32060.7,24.7,0,
2017-12-22 06:25:18,0,3,4,13.1,3605.9,-40000.8,8733.6,32301.1,24.7,0,
2017-12-22 06:25:21,0,3,4,13.1,3605.4,-40000.7,8733.6,32301.1,24.8,0,
2017-12-22 06:25:24,0,3,4,13.2,3604.8,-40000.8,8800.3,32541.4,24.7,0,
2017-12-22 06:25:27,0,3,4,13.2,3604.4,-40001.0,8800.3,32541.4,24.8,0,
2017-12-22 06:25:30,0,3,4,13.3,3603.8,-40001.0,8866.9,32781.7,24.7,0,
2017-12-22 06:25:34,0,3,4,13.3,3603.3,-40001.0,8866.9,32781.7,24.8,0,
2017-12-22 06:25:37,0,3,4,13.4,3602.8,-40001.5,8933.6,33022.0,24.8,0,
2017-12-22 06:25:40,0,3,4,13.4,3602.2,-40000.8,8933.6,33022.0,24.8,0,
2017-12-22 06:25:43,0,3,4,13.5,3601.8,-40001.3,9000.3,33262.1,24.8,0,
2017-12-22 06:25:46,0,3,4,13.5,3601.2,-40000.9,9000.3,33262.1,24.8,0,
2017-12-22 06:25:49,0,3,4,13.6,3600.7,-40001.2,9067.0,33502.2,24.8,0,
2017-12-22 06:25:52,0,3,4,13.7,3600.2,-40001.2,9133.6,33742.2,24.7,0,
2017-12-22 06:25:56,0,3,4,13.7,3599.7,-40000.5,9133.6,33742.2,24.8,0,
2017-12-22 06:25:59,0,3,4,13.8,3599.2,-40000.8,9200.3,33982.2,24.8,0,
2017-12-22 06:26:02,0,3,4,13.8,3598.6,-40001.0,9200.3,33982.2,24.8,0,
2017-12-22 06:26:05,0,3,4,13.9,3598.2,-40000.9,9267.0,34222.1,24.8,0,
2017-12-22 06:26:08,0,3,4,13.9,3597.7,-40001.3,9267.0,34222.1,24.8,0,
2017-12-22 06:26:11,0,3,4,14.0,3597.2,-40000.8,9333.6,34461.9,24.8,0,
2017-12-22 06:26:14,0,3,4,14.0,3596.6,-40001.3,9333.6,34461.9,24.8,0,
2017-12-22 06:26:18,0,3,4,14.1,3596.2,-40001.0,9400.3,34701.7,24.8,0,
2017-12-22 06:26:21,0,3,4,14.1,3595.7,-40001.3,9400.3,34701.7,24.8,0,
2017-12-22 06:26:24,0,3,4,14.2,3595.2,-40001.5,9467.0,34941.4,24.8,0,
2017-12-22 06:26:27,0,3,4,14.2,3594.6,-40001.2,9467.0,34941.4,24.8,0,
2017-12-22 06:26:30,0,3,4,14.3,3594.0,-40001.3,9533.7,35181.0,24.8,0,
2017-12-22 06:26:33,0,3,4,14.3,3593.5,-40001.5,9533.7,35181.0,24.8,0,
2017-12-22 06:26:36,0,3,4,14.4,3593.0,-40001.0,9600.3,35420.6,24.8,0,
2017-12-22 06:26:40,0,3,4,14.4,3592.5,-40001.3,9600.3,35420.6,24.8,0,
2017-12-22 06:26:43,0,3,4,14.5,3592.0,-40001.0,9667.0,35660.1,24.8,0,
2017-12-22 06:26:46,0,3,4,14.5,3591.6,-40001.0,9667.0,35660.1,24.8,0,
2017-12-22 06:26:49,0,3,4,14.6,3591.1,-40001.4,9733.7,35899.6,24.8,0,
2017-12-22 06:26:52,0,3,4,14.6,3590.5,-40001.0,9733.7,35899.6,24.8,0,
2017-12-22 06:26:55,0,3,4,14.7,3590.1,-40001.5,9800.3,36139.0,24.8,0,
2017-12-22 06:26:58,0,3,4,14.8,3589.6,-40001.3,9867.0,36378.3,24.9,0,
2017-12-22 06:27:01,0,3,4,14.8,3589.2,-40001.3,9867.0,36378.3,24.9,0,
2017-12-22 06:27:04,0,3,4,14.9,3588.7,-40001.5,9933.7,36617.5,24.9,0,
2017-12-22 06:27:08,0,3,4,14.9,3588.2,-40001.6,9933.7,36617.5,24.9,0,
2017-12-22 06:27:11,0,3,4,15.0,3587.7,-40001.2,10000.3,36856.7,24.9,0,
2017-12-22 06:27:14,0,3,4,15.0,3587.2,-40001.2,10000.3,36856.7,24.9,0,
2017-12-22 06:27:17,0,3,4,15.1,3586.5,-40001.5,10067.0,37095.9,24.9,0,
2017-12-22 06:27:20,0,3,4,15.1,3586.2,-40001.5,10067.0,37095.9,24.9,0,
2017-12-22 06:27:23,0,3,4,15.2,3585.7,-40001.7,10133.7,37334.9,24.9,0,
2017-12-22 06:27:26,0,3,4,15.2,3585.3,-40001.4,10133.7,37334.9,24.9,0,
2017-12-22 06:27:30,0,3,4,15.3,3584.6,-40001.5,10200.4,37573.9,24.9,0,
2017-12-22 06:27:33,0,3,4,15.3,3584.2,-40001.5,10200.4,37573.9,24.9,0,
2017-12-22 06:27:36,0,3,4,15.4,3583.8,-40001.5,10267.0,37812.9,24.8,0,
2017-12-22 06:27:39,0,3,4,15.4,3583.2,-40001.5,10267.0,37812.9,24.9,0,
2017-12-22 06:27:42,0,3,4,15.5,3582.7,-40001.3,10333.7,38051.8,24.8,0,
2017-12-22 06:27:45,0,3,4,15.5,3582.1,-40001.5,10333.7,38051.8,24.8,0,
2017-12-22 06:27:48,0,3,4,15.6,3581.7,-40001.4,10400.4,38290.6,24.8,0,
2017-12-22 06:27:51,0,3,4,15.6,3581.3,-40001.3,10400.4,38290.6,24.8,0,
2017-12-22 06:27:54,0,3,4,15.7,3580.9,-40001.4,10467.0,38529.4,24.8,0,
2017-12-22 06:27:58,0,3,4,15.7,3580.4,-40001.3,10467.0,38529.4,24.9,0,
2017-12-22 06:28:01,0,3,4,15.8,3579.8,-40001.3,10533.7,38768.1,24.8,0,
2017-12-22 06:28:04,0,3,4,15.8,3579.4,-40001.5,10533.7,38768.1,24.8,0,
2017-12-22 06:28:07,0,3,4,15.9,3578.9,-40001.3,10600.4,39006.7,24.8,0,
2017-12-22 06:28:10,0,3,4,16.0,3578.4,-40001.4,10667.1,39245.3,24.8,0,
2017-12-22 06:28:13,0,3,4,16.0,3578.0,-40001.2,10667.1,39245.3,24.8,0,
2017-12-22 06:28:17,0,3,4,16.1,3577.5,-40001.5,10733.7,39483.8,24.8,0,
2017-12-22 06:28:20,0,3,4,16.1,3577.0,-40001.7,10733.7,39483.8,24.8,0,
2017-12-22 06:28:23,0,3,4,16.2,3576.4,-40001.3,10800.4,39722.3,24.8,0,
2017-12-22 06:28:26,0,3,4,16.2,3576.0,-40001.5,10800.4,39722.3,24.9,0,
2017-12-22 06:28:29,0,3,4,16.3,3575.4,-40001.0,10867.1,39960.6,24.9,0,
2017-12-22 06:28:32,0,3,4,16.3,3575.0,-40001.5,10867.1,39960.6,24.9,0,
2017-12-22 06:28:35,0,3,4,16.4,3574.5,-40001.5,10933.7,40199.0,24.9,0,
2017-12-22 06:28:38,0,3,4,16.4,3574.0,-40001.3,10933.7,40199.0,24.9,0,
2017-12-22 06:28:42,0,3,4,16.5,3573.5,-40001.7,11000.4,40437.2,24.9,0,
2017-12-22 06:28:45,0,3,4,16.5,3573.1,-40001.3,11000.4,40437.2,24.9,0,
2017-12-22 06:28:48,0,3,4,16.6,3572.7,-40001.8,11067.1,40675.5,24.9,0,
2017-12-22 06:28:51,0,3,4,16.6,3572.0,-40001.6,11067.1,40675.5,24.9,0,
2017-12-22 06:28:54,0,3,4,16.7,3571.7,-40001.6,11133.8,40913.6,24.9,0,
2017-12-22 06:28:57,0,3,4,16.7,3571.2,-40001.7,11133.8,40913.6,24.9,0,
2017-12-22 06:29:00,0,3,4,16.8,3570.7,-40001.3,11200.4,41151.7,24.9,0,
2017-12-22 06:29:04,0,3,4,16.8,3570.2,-40001.5,11200.4,41151.7,24.9,0,
2017-12-22 06:29:07,0,3,4,16.9,3569.8,-40001.5,11267.1,41389.7,24.9,0,
2017-12-22 06:29:10,0,3,4,16.9,3569.1,-40001.5,11267.1,41389.7,24.9,0,
2017-12-22 06:29:13,0,3,4,17.0,3568.8,-40001.5,11333.8,41627.7,24.9,0,
2017-12-22 06:29:16,0,3,4,17.1,3568.2,-40001.3,11400.5,41865.6,24.9,0,
2017-12-22 06:29:20,0,3,4,17.1,3567.8,-40001.5,11400.5,41865.6,24.9,0,
2017-12-22 06:29:23,0,3,4,17.2,3567.2,-40001.5,11467.1,42103.4,24.9,0,
2017-12-22 06:29:26,0,3,4,17.2,3566.7,-40001.5,11467.1,42103.4,24.9,0,
2017-12-22 06:29:29,0,3,4,17.3,3566.4,-40001.6,11533.8,42341.2,24.9,0,
2017-12-22 06:29:32,0,3,4,17.3,3565.9,-40001.7,11533.8,42341.2,24.9,0,
2017-12-22 06:29:35,0,3,4,17.4,3565.4,-40001.8,11600.5,42578.9,24.9,0,
2017-12-22 06:29:38,0,3,4,17.4,3565.0,-40001.5,11600.5,42578.9,24.9,0,
2017-12-22 06:29:41,0,3,4,17.5,3564.5,-40001.6,11667.1,42816.5,24.8,0,
2017-12-22 06:29:44,0,3,4,17.5,3563.9,-40001.5,11667.1,42816.5,24.9,0,
2017-12-22 06:29:47,0,3,4,17.6,3563.6,-40001.9,11733.8,43054.1,24.9,0,
2017-12-22 06:29:51,0,3,4,17.6,3563.0,-40001.2,11733.8,43054.1,24.9,0,
2017-12-22 06:29:54,0,3,4,17.7,3562.5,-40001.3,11800.5,43291.7,25.0,0,
2017-12-22 06:29:57,0,3,4,17.7,3562.0,-40001.5,11800.5,43291.7,24.9,0,
2017-12-22 06:30:00,0,3,4,17.8,3561.5,-40001.2,11867.2,43529.1,24.9,0,
2017-12-22 06:30:03,0,3,4,17.8,3561.0,-40001.7,11867.2,43529.1,24.9,0,
2017-12-22 06:30:06,0,3,4,17.9,3560.6,-40001.5,11933.8,43766.5,24.9,0,
2017-12-22 06:30:09,0,3,4,17.9,3560.1,-40001.6,11933.8,43766.5,24.9,0,
2017-12-22 06:30:12,0,3,4,18.0,3559.7,-40001.9,12000.5,44003.9,24.9,0,
2017-12-22 06:30:16,0,3,4,18.0,3559.2,-40001.5,12000.5,44003.9,25.0,0,
2017-12-22 06:30:19,0,3,4,18.1,3558.6,-40001.5,12067.2,44241.2,24.9,0,
2017-12-22 06:30:22,0,3,4,18.1,3558.2,-40001.8,12067.2,44241.2,24.9,0,
2017-12-22 06:30:25,0,3,4,18.2,3557.7,-40001.8,12133.8,44478.4,25.0,0,
2017-12-22 06:30:28,0,3,4,18.2,3557.4,-40002.0,12133.8,44478.4,25.0,0,
2017-12-22 06:30:31,0,3,4,18.3,3556.7,-40002.2,12200.5,44715.6,25.0,0,
2017-12-22 06:30:34,0,3,4,18.4,3556.4,-40001.8,12267.2,44952.7,25.0,0,
2017-12-22 06:30:38,0,3,4,18.4,3555.9,-40001.9,12267.2,44952.7,25.0,0,
2017-12-22 06:30:41,0,3,4,18.5,3555.4,-40002.0,12333.9,45189.7,25.0,0,
2017-12-22 06:30:44,0,3,4,18.5,3554.8,-40001.7,12333.9,45189.7,25.0,0,
2017-12-22 06:30:47,0,3,4,18.6,3554.4,-40001.7,12400.5,45426.7,25.0,0,
2017-12-22 06:30:50,0,3,4,18.6,3553.9,-40001.6,12400.5,45426.7,25.0,0,
2017-12-22 06:30:53,0,3,4,18.7,3553.5,-40001.4,12467.2,45663.7,25.0,0,
2017-12-22 06:30:56,0,3,4,18.7,3553.0,-40001.8,12467.2,45663.7,25.0,0,
2017-12-22 06:31:00,0,3,4,18.8,3552.4,-40001.5,12533.9,45900.5,25.0,0,
2017-12-22 06:31:03,0,3,4,18.8,3552.0,-40001.8,12533.9,45900.5,25.0,0,
2017-12-22 06:31:06,0,3,4,18.9,3551.5,-40001.5,12600.5,46137.3,25.0,0,
2017-12-22 06:31:09,0,3,4,18.9,3551.1,-40001.5,12600.5,46137.3,25.0,0,
2017-12-22 06:31:12,0,3,4,19.0,3550.5,-40002.1,12667.2,46374.1,25.0,0,
2017-12-22 06:31:15,0,3,4,19.0,3550.1,-40002.0,12667.2,46374.1,25.0,0,
2017-12-22 06:31:18,0,3,4,19.1,3549.5,-40001.9,12733.9,46610.7,24.9,0,
2017-12-22 06:31:21,0,3,4,19.1,3549.0,-40002.0,12733.9,46610.7,24.9,0,
2017-12-22 06:31:25,0,3,4,19.2,3548.5,-40001.8,12800.6,46847.3,24.9,0,
2017-12-22 06:31:28,0,3,4,19.2,3548.0,-40001.8,12800.6,46847.3,24.9,0,
2017-12-22 06:31:31,0,3,4,19.3,3547.5,-40001.7,12867.2,47083.9,24.9,0,
2017-12-22 06:31:34,0,3,4,19.4,3547.1,-40001.5,12933.9,47320.4,24.9,0,
2017-12-22 06:31:37,0,3,4,19.4,3546.5,-40001.9,12933.9,47320.4,24.9,0,
2017-12-22 06:31:41,0,3,4,19.5,3546.0,-40001.4,13000.6,47556.8,24.9,0,
2017-12-22 06:31:44,0,3,4,19.5,3545.7,-40002.0,13000.6,47556.8,24.9,0,
2017-12-22 06:31:47,0,3,4,19.6,3545.1,-40001.8,13067.3,47793.2,24.9,0,
2017-12-22 06:31:50,0,3,4,19.6,3544.7,-40001.5,13067.3,47793.2,25.0,0,
2017-12-22 06:31:53,0,3,4,19.7,3544.2,-40001.8,13133.9,48029.5,25.0,0,
2017-12-22 06:31:56,0,3,4,19.7,3543.7,-40001.3,13133.9,48029.5,25.0,0,
2017-12-22 06:31:59,0,3,4,19.8,3543.1,-40001.8,13200.6,48265.7,25.0,0,
2017-12-22 06:32:03,0,3,4,19.8,3542.7,-40002.2,13200.6,48265.7,25.0,0,
2017-12-22 06:32:06,0,3,4,19.9,3542.2,-40001.8,13267.3,48501.9,25.0,0,
2017-12-22 06:32:09,0,3,4,19.9,3541.6,-40001.6,13267.3,48501.9,25.0,0,
2017-12-22 06:32:12,0,3,4,20.0,3541.3,-40001.6,13333.9,48738.0,25.0,0,
2017-12-22 06:32:15,0,3,4,20.0,3540.8,-40001.7,13333.9,48738.0,25.0,0,
2017-12-22 06:32:18,0,3,4,20.1,3540.3,-40001.7,13400.6,48974.1,25.0,0,
2017-12-22 06:32:21,0,3,4,20.1,3539.8,-40002.2,13400.6,48974.1,25.0,0,
2017-12-22 06:32:24,0,3,4,20.2,3539.3,-40001.8,13467.3,49210.1,25.0,0,
2017-12-22 06:32:28,0,3,4,20.2,3538.9,-40002.0,13467.3,49210.1,25.0,0,
2017-12-22 06:32:31,0,3,4,20.3,3538.3,-40002.0,13534.0,49446.0,25.0,0,
2017-12-22 06:32:34,0,3,4,20.3,3537.7,-40001.7,13534.0,49446.0,25.0,0,
2017-12-22 06:32:37,0,3,4,20.4,3537.3,-40002.0,13600.6,49681.9,25.0,0,
2017-12-22 06:32:40,0,3,4,20.4,3536.7,-40001.7,13600.6,49681.9,25.0,0,
2017-12-22 06:32:43,0,3,4,20.5,3536.3,-40001.9,13667.3,49917.7,25.0,0,
2017-12-22 06:32:46,0,3,4,20.6,3535.9,-40002.0,13734.0,50153.5,25.0,0,
2017-12-22 06:32:50,0,3,4,20.6,3535.4,-40001.5,13734.0,50153.5,25.0,0,
2017-12-22 06:32:53,0,3,4,20.7,3534.8,-40001.9,13800.7,50389.2,25.0,0,
2017-12-22 06:32:56,0,3,4,20.7,3534.3,-40001.9,13800.7,50389.2,25.0,0,
2017-12-22 06:32:59,0,3,4,20.8,3533.7,-40002.2,13867.3,50624.8,25.0,0,
2017-12-22 06:33:02,0,3,4,20.8,3533.3,-40001.8,13867.3,50624.8,25.0,0,
2017-12-22 06:33:05,0,3,4,20.9,3532.9,-40001.9,13934.0,50860.3,25.0,0,
2017-12-22 06:33:08,0,3,4,20.9,3532.4,-40001.8,13934.0,50860.3,25.0,0,
2017-12-22 06:33:11,0,3,4,21.0,3531.8,-40001.8,14000.7,51095.8,25.0,0,
2017-12-22 06:33:15,0,3,4,21.0,3531.4,-40001.9,14000.7,51095.8,25.0,0,
2017-12-22 06:33:18,0,3,4,21.1,3530.7,-40002.1,14067.3,51331.2,25.0,0,
2017-12-22 06:33:21,0,3,4,21.1,3530.2,-40001.8,14067.3,51331.2,24.9,0,
2017-12-22 06:33:24,0,3,4,21.2,3529.9,-40001.5,14134.0,51566.6,24.9,0,
2017-12-22 06:33:27,0,3,4,21.2,3529.4,-40001.6,14134.0,51566.6,24.9,0,
2017-12-22 06:33:30,0,3,4,21.3,3528.9,-40002.5,14200.7,51801.9,24.9,0,
2017-12-22 06:33:34,0,3,4,21.3,3528.3,-40002.0,14200.7,51801.9,24.9,0,
2017-12-22 06:33:37,0,3,4,21.4,3527.7,-40001.9,14267.4,52037.1,24.9,0,
2017-12-22 06:33:40,0,3,4,21.4,3527.4,-40001.8,14267.4,52037.1,24.9,0,
2017-12-22 06:33:43,0,3,4,21.5,3526.9,-40001.5,14334.0,52272.3,25.0,0,
2017-12-22 06:33:46,0,3,4,21.5,3526.4,-40002.0,14334.0,52272.3,24.9,0,
2017-12-22 06:33:49,0,3,4,21.6,3525.8,-40002.0,14400.7,52507.4,24.9,0,
2017-12-22 06:33:52,0,3,4,21.7,3525.2,-40001.5,14467.4,52742.4,25.0,0,
2017-12-22 06:33:55,0,3,4,21.7,3524.8,-40002.3,14467.4,52742.4,25.0,0,
2017-12-22 06:33:59,0,3,4,21.8,3524.4,-40002.1,14534.1,52977.4,25.0,0,
2017-12-22 06:34:02,0,3,4,21.8,3523.7,-40001.8,14534.1,52977.4,25.0,0,
2017-12-22 06:34:05,0,3,4,21.9,3523.3,-40001.8,14600.7,53212.3,25.0,0,
2017-12-22 06:34:08,0,3,4,21.9,3522.8,-40001.8,14600.7,53212.3,25.0,0,
2017-12-22 06:34:11,0,3,4,22.0,3522.2,-40002.2,14667.4,53447.2,25.0,0,
2017-12-22 06:34:14,0,3,4,22.0,3521.7,-40002.0,14667.4,53447.2,25.0,0,
2017-12-22 06:34:17,0,3,4,22.1,3521.3,-40002.0,14734.1,53682.0,25.0,0,
2017-12-22 06:34:21,0,3,4,22.1,3520.7,-40001.7,14734.1,53682.0,25.0,0,
2017-12-22 06:34:24,0,3,4,22.2,3520.3,-40001.7,14800.7,53916.7,25.0,0,
2017-12-22 06:34:27,0,3,4,22.2,3519.8,-40002.5,14800.7,53916.7,25.0,0,
2017-12-22 06:34:30,0,3,4,22.3,3519.3,-40001.5,14867.4,54151.3,25.0,0,
2017-12-22 06:34:33,0,3,4,22.3,3518.8,-40001.8,14867.4,54151.3,25.0,0,
2017-12-22 06:34:36,0,3,4,22.4,3518.2,-40001.8,14934.1,54385.9,25.0,0,
2017-12-22 06:34:39,0,3,4,22.4,3517.6,-40001.8,14934.1,54385.9,25.0,0,
2017-12-22 06:34:43,0,3,4,22.5,3517.2,-40001.7,15000.8,54620.4,25.0,0,
2017-12-22 06:34:46,0,3,4,22.5,3516.6,-40002.0,15000.8,54620.4,25.0,0,
2017-12-22 06:34:49,0,3,4,22.6,3516.1,-40001.6,15067.4,54854.9,25.0,0,
2017-12-22 06:34:52,0,3,4,22.6,3515.7,-40001.6,15067.4,54854.9,25.0,0,
2017-12-22 06:34:55,0,3,4,22.7,3515.2,-40001.5,15134.1,55089.3,25.0,0,
2017-12-22 06:34:58,0,3,4,22.8,3514.5,-40002.1,15200.8,55323.6,25.0,0,
2017-12-22 06:35:01,0,3,4,22.8,3514.1,-40001.9,15200.8,55323.6,25.0,0,
2017-12-22 06:35:04,0,3,4,22.9,3513.6,-40001.8,15267.5,55557.9,25.0,0,
2017-12-22 06:35:08,0,3,4,22.9,3513.1,-40001.8,15267.5,55557.9,25.0,0,
2017-12-22 06:35:11,0,3,4,23.0,3512.4,-40001.9,15334.1,55792.1,25.0,0,
2017-12-22 06:35:14,0,3,4,23.0,3512.0,-40001.0,15334.1,55792.1,25.0,0,
2017-12-22 06:35:17,0,3,4,23.1,3511.5,-40001.4,15400.8,56026.2,25.0,0,
2017-12-22 06:35:20,0,3,4,23.1,3510.9,-40002.1,15400.8,56026.2,25.0,0,
2017-12-22 06:35:23,0,3,4,23.2,3510.4,-40001.9,15467.5,56260.2,25.0,0,
2017-12-22 06:35:26,0,3,4,23.2,3509.9,-40001.7,15467.5,56260.2,25.0,0,
2017-12-22 06:35:30,0,3,4,23.3,3509.4,-40001.6,15534.1,56494.2,25.0,0,
2017-12-22 06:35:33,0,3,4,23.3,3508.7,-40002.0,15534.1,56494.2,25.0,0,
2017-12-22 06:35:36,0,3,4,23.4,3508.3,-40001.8,15600.8,56728.2,25.0,0,
2017-12-22 06:35:39,0,3,4,23.4,3507.8,-40001.8,15600.8,56728.2,25.0,0,
2017-12-22 06:35:42,0,3,4,23.5,3507.3,-40002.0,15667.5,56962.0,25.0,0,
2017-12-22 06:35:45,0,3,4,23.5,3506.7,-40001.5,15667.5,56962.0,25.0,0,
2017-12-22 06:35:48,0,3,4,23.6,3506.1,-40002.0,15734.2,57195.8,25.0,0,
2017-12-22 06:35:52,0,3,4,23.6,3505.7,-40001.5,15734.2,57195.8,25.0,0,
2017-12-22 06:35:55,0,3,4,23.7,3505.2,-40001.5,15800.8,57429.6,25.0,0,
2017-12-22 06:35:58,0,3,4,23.7,3504.6,-40001.6,15800.8,57429.6,25.0,0,
2017-12-22 06:36:01,0,3,4,23.8,3504.1,-40001.9,15867.5,57663.2,25.0,0,
2017-12-22 06:36:04,0,3,4,23.9,3503.6,-40001.7,15934.2,57896.8,25.0,0,
2017-12-22 06:36:07,0,3,4,23.9,3503.0,-40001.7,15934.2,57896.8,25.0,0,
2017-12-22 06:36:10,0,3,4,24.0,3502.4,-40001.8,16000.9,58130.3,25.0,0,
2017-12-22 06:36:14,0,3,4,24.0,3502.0,-40002.0,16000.9,58130.3,25.0,0,
2017-12-22 06:36:17,0,3,4,24.1,3501.4,-40001.6,16067.5,58363.8,25.0,0,
2017-12-22 06:36:20,0,3,4,24.1,3500.9,-40001.8,16067.5,58363.8,25.1,0,
2017-12-22 06:36:23,0,3,4,24.2,3500.3,-40001.8,16134.2,58597.2,25.1,0,
2017-12-22 06:36:26,0,3,4,24.2,3499.9,-40001.8,16134.2,58597.2,25.1,0,
2017-12-22 06:36:29,0,3,4,24.3,3499.3,-40002.0,16200.9,58830.5,25.1,0,
2017-12-22 06:36:32,0,3,4,24.3,3498.7,-40001.9,16200.9,58830.5,25.1,0,
2017-12-22 06:36:36,0,3,4,24.4,3498.1,-40002.0,16267.5,59063.7,25.1,0,
2017-12-22 06:36:39,0,3,4,24.4,3497.6,-40002.0,16267.5,59063.7,25.1,0,
2017-12-22 06:36:42,0,3,4,24.5,3496.9,-40002.0,16334.2,59296.9,25.1,0,
2017-12-22 06:36:45,0,3,4,24.5,3496.4,-40001.9,16334.2,59296.9,25.1,0,
2017-12-22 06:36:48,0,3,4,24.6,3495.8,-40001.9,16400.9,59530.0,25.1,0,
2017-12-22 06:36:51,0,3,4,24.6,3495.3,-40002.0,16400.9,59530.0,25.0,0,
2017-12-22 06:36:54,0,3,4,24.7,3494.8,-40001.7,16467.6,59763.0,25.0,0,
2017-12-22 06:36:57,0,3,4,24.7,3494.3,-40002.0,16467.6,59763.0,25.0,0,
2017-12-22 06:37:01,0,3,4,24.8,3493.7,-40001.8,16534.2,59996.0,25.0,0,
2017-12-22 06:37:04,0,3,4,24.8,3493.0,-40001.7,16534.2,59996.0,25.0,0,
2017-12-22 06:37:07,0,3,4,24.9,3492.7,-40001.9,16600.9,60228.9,25.0,0,
2017-12-22 06:37:10,0,3,4,24.9,3492.1,-40001.8,16600.9,60228.9,25.0,0,
2017-12-22 06:37:13,0,3,4,25.0,3491.4,-40002.0,16667.6,60461.7,25.0,0,
2017-12-22 06:37:16,0,3,4,25.1,3490.9,-40001.5,16734.3,60694.4,25.1,0,
2017-12-22 06:37:19,0,3,4,25.1,3490.4,-40001.8,16734.3,60694.4,25.1,0,
2017-12-22 06:37:23,0,3,4,25.2,3489.8,-40001.7,16800.9,60927.1,25.0,0,
2017-12-22 06:37:26,0,3,4,25.2,3489.3,-40002.0,16800.9,60927.1,25.0,0,
2017-12-22 06:37:29,0,3,4,25.3,3488.6,-40001.9,16867.6,61159.7,25.1,0,
2017-12-22 06:37:32,0,3,4,25.3,3488.1,-40001.7,16867.6,61159.7,25.1,0,
2017-12-22 06:37:35,0,3,4,25.4,3487.5,-40001.8,16934.3,61392.2,25.1,0,
2017-12-22 06:37:38,0,3,4,25.4,3486.9,-40002.1,16934.3,61392.2,25.0,0,
2017-12-22 06:37:41,0,3,4,25.5,3486.4,-40001.8,17000.9,61624.7,25.0,0,
2017-12-22 06:37:44,0,3,4,25.5,3485.8,-40002.0,17000.9,61624.7,25.0,0,
2017-12-22 06:37:48,0,3,4,25.6,3485.3,-40002.0,17067.6,61857.1,25.0,0,
2017-12-22 06:37:51,0,3,4,25.6,3484.7,-40001.9,17067.6,61857.1,25.0,0,
2017-12-22 06:37:54,0,3,4,25.7,3484.1,-40002.2,17134.3,62089.4,25.0,0,
2017-12-22 06:37:57,0,3,4,25.7,3483.5,-40002.0,17134.3,62089.4,25.0,0,
2017-12-22 06:38:00,0,3,4,25.8,3482.8,-40002.0,17201.0,62321.6,25.0,0,
2017-12-22 06:38:03,0,3,4,25.8,3482.3,-40002.0,17201.0,62321.6,25.0,0,
2017-12-22 06:38:06,0,3,4,25.9,3481.8,-40002.5,17267.6,62553.8,25.0,0,
2017-12-22 06:38:10,0,3,4,25.9,3481.2,-40002.0,17267.6,62553.8,25.0,0,
2017-12-22 06:38:13,0,3,4,26.0,3480.6,-40002.2,17334.3,62785.9,25.0,0,
2017-12-22 06:38:16,0,3,4,26.0,3480.0,-40002.1,17334.3,62785.9,25.0,0,
2017-12-22 06:38:19,0,3,4,26.1,3479.4,-40002.2,17401.0,63017.9,25.0,0,
2017-12-22 06:38:22,0,3,4,26.2,3478.7,-40002.3,17467.7,63249.9,25.0,0,
2017-12-22 06:38:25,0,3,4,26.2,3478.0,-40002.0,17467.7,63249.9,25.0,0,
2017-12-22 06:38:29,0,3,4,26.3,3477.5,-40002.0,17534.3,63481.7,25.0,0,
2017-12-22 06:38:32,0,3,4,26.3,3476.9,-40002.2,17534.3,63481.7,25.0,0,
2017-12-22 06:38:35,0,3,4,26.4,3476.3,-40001.9,17601.0,63713.5,25.0,0,
2017-12-22 06:38:38,0,3,4,26.4,3475.7,-40002.2,17601.0,63713.5,25.0,0,
2017-12-22 06:38:41,0,3,4,26.5,3474.9,-40002.0,17667.7,63945.2,25.0,0,
2017-12-22 06:38:44,0,3,4,26.5,3474.3,-40002.2,17667.7,63945.2,25.0,0,
2017-12-22 06:38:47,0,3,4,26.6,3473.8,-40001.8,17734.4,64176.8,25.0,0,
2017-12-22 06:38:50,0,3,4,26.6,3473.1,-40002.0,17734.4,64176.8,25.0,0,
2017-12-22 06:38:54,0,3,4,26.7,3472.5,-40002.2,17801.0,64408.4,25.0,0,
2017-12-22 06:38:57,0,3,4,26.7,3471.9,-40001.9,17801.0,64408.4,25.0,0,
2017-12-22 06:39:00,0,3,4,26.8,3471.2,-40002.1,17867.7,64639.8,25.0,0,
2017-12-22 06:39:03,0,3,4,26.8,3470.6,-40002.1,17867.7,64639.8,25.0,0,
2017-12-22 06:39:06,0,3,4,26.9,3469.9,-40001.8,17934.4,64871.2,25.0,0,
2017-12-22 06:39:09,0,3,4,26.9,3469.3,-40002.3,17934.4,64871.2,25.0,0,
2017-12-22 06:39:12,0,3,4,27.0,3468.6,-40001.8,18001.1,65102.5,25.0,0,
2017-12-22 06:39:16,0,3,4,27.0,3467.9,-40002.2,18001.1,65102.5,25.0,0,
2017-12-22 06:39:19,0,3,4,27.1,3467.3,-40001.7,18067.7,65333.7,25.0,0,
2017-12-22 06:39:22,0,3,4,27.1,3466.6,-40002.0,18067.7,65333.7,25.0,0,
2017-12-22 06:39:25,0,3,4,27.2,3465.9,-40002.3,18134.4,65564.8,25.0,0,
2017-12-22 06:39:28,0,3,4,27.3,3465.1,-40002.3,18201.1,65795.8,25.0,0,
2017-12-22 06:39:31,0,3,4,27.3,3464.5,-40001.9,18201.1,65795.8,25.0,0,
2017-12-22 06:39:35,0,3,4,27.4,3463.7,-40002.5,18267.7,66026.8,25.0,0,
2017-12-22 06:39:38,0,3,4,27.4,3463.1,-40002.2,18267.7,66026.8,25.0,0,
2017-12-22 06:39:41,0,3,4,27.5,3462.4,-40002.5,18334.4,66257.7,25.0,0,
2017-12-22 06:39:44,0,3,4,27.5,3461.6,-40002.2,18334.4,66257.7,25.0,0,
2017-12-22 06:39:47,0,3,4,27.6,3461.0,-40002.3,18401.1,66488.4,25.0,0,
2017-12-22 06:39:50,0,3,4,27.6,3460.2,-40002.3,18401.1,66488.4,25.0,0,
2017-12-22 06:39:54,0,3,4,27.7,3459.5,-40002.0,18467.8,66719.1,25.0,0,
2017-12-22 06:39:57,0,3,4,27.7,3458.8,-40002.5,18467.8,66719.1,25.0,0,
2017-12-22 06:40:00,0,3,4,27.8,3458.2,-40002.0,18534.4,66949.7,25.0,0,
2017-12-22 06:40:03,0,3,4,27.8,3457.3,-40002.0,18534.4,66949.7,25.0,0,
2017-12-22 06:40:06,0,3,4,27.9,3456.7,-40002.0,18601.1,67180.2,25.0,0,
2017-12-22 06:40:09,0,3,4,27.9,3455.9,-40002.1,18601.1,67180.2,25.0,0,
2017-12-22 06:40:12,0,3,4,28.0,3455.1,-40002.6,18667.8,67410.6,25.0,0,
2017-12-22 06:40:16,0,3,4,28.0,3454.4,-40002.6,18667.8,67410.6,25.0,0,
2017-12-22 06:40:19,0,3,4,28.1,3453.6,-40002.3,18734.5,67640.9,25.0,0,
2017-12-22 06:40:22,0,3,4,28.1,3453.1,-40002.5,18734.5,67640.9,25.0,0,
2017-12-22 06:40:25,0,3,4,28.2,3452.3,-40002.2,18801.1,67871.1,25.0,0,
2017-12-22 06:40:28,0,3,4,28.2,3451.6,-40002.3,18801.1,67871.1,25.0,0,
2017-12-22 06:40:31,0,3,4,28.3,3450.8,-40001.9,18867.8,68101.2,25.0,0,
2017-12-22 06:40:34,0,3,4,28.4,3450.1,-40001.9,18934.5,68331.3,25.0,0,
2017-12-22 06:40:37,0,3,4,28.4,3449.3,-40002.0,18934.5,68331.3,25.1,0,
2017-12-22 06:40:41,0,3,4,28.5,3448.4,-40002.0,19001.2,68561.2,25.0,0,
2017-12-22 06:40:44,0,3,4,28.5,3447.7,-40002.3,19001.2,68561.2,25.1,0,
2017-12-22 06:40:47,0,3,4,28.6,3446.9,-40001.8,19067.8,68791.0,25.0,0,
2017-12-22 06:40:50,0,3,4,28.6,3446.2,-40002.3,19067.8,68791.0,25.0,0,
2017-12-22 06:40:53,0,3,4,28.7,3445.3,-40002.2,19134.5,69020.8,25.0,0,
2017-12-22 06:40:56,0,3,4,28.7,3444.6,-40001.9,19134.5,69020.8,25.0,0,
2017-12-22 06:40:59,0,3,4,28.8,3443.7,-40002.6,19201.2,69250.4,25.1,0,
2017-12-22 06:41:03,0,3,4,28.8,3442.9,-40002.3,19201.2,69250.4,25.1,0,
2017-12-22 06:41:06,0,3,4,28.9,3442.2,-40002.2,19267.9,69479.9,25.0,0,
2017-12-22 06:41:09,0,3,4,28.9,3441.4,-40002.2,19267.9,69479.9,25.1,0,
2017-12-22 06:41:12,0,3,4,29.0,3440.5,-40002.3,19334.5,69709.3,25.1,0,
2017-12-22 06:41:15,0,3,4,29.0,3439.7,-40002.3,19334.5,69709.3,25.1,0,
2017-12-22 06:41:18,0,3,4,29.1,3438.8,-40002.2,19401.2,69938.7,25.1,0,
2017-12-22 06:41:21,0,3,4,29.1,3438.0,-40001.8,19401.2,69938.7,25.1,0,
2017-12-22 06:41:25,0,3,4,29.2,3437.2,-40002.0,19467.9,70167.9,25.1,0,
2017-12-22 06:41:28,0,3,4,29.2,3436.4,-40002.0,19467.9,70167.9,25.1,0,
2017-12-22 06:41:31,0,3,4,29.3,3435.5,-40002.0,19534.6,70397.0,25.1,0,
2017-12-22 06:41:34,0,3,4,29.3,3434.7,-40002.0,19534.6,70397.0,25.1,0,
2017-12-22 06:41:37,0,3,4,29.4,3433.7,-40002.7,19601.2,70626.0,25.1,0,
2017-12-22 06:41:40,0,3,4,29.5,3432.9,-40002.3,19667.9,70854.8,25.1,0,
2017-12-22 06:41:43,0,3,4,29.5,3432.1,-40002.3,19667.9,70854.8,25.1,0,
2017-12-22 06:41:47,0,3,4,29.6,3431.2,-40002.1,19734.6,71083.6,25.1,0,
2017-12-22 06:41:50,0,3,4,29.6,3430.4,-40002.1,19734.6,71083.6,25.1,0,
2017-12-22 06:41:53,0,3,4,29.7,3429.4,-40002.2,19801.2,71312.3,25.0,0,
2017-12-22 06:41:56,0,3,4,29.7,3428.5,-40002.4,19801.2,71312.3,25.0,0,
2017-12-22 06:41:59,0,3,4,29.8,3427.7,-40002.2,19867.9,71540.8,25.0,0,
2017-12-22 06:42:02,0,3,4,29.8,3426.9,-40002.5,19867.9,71540.8,25.0,0,
2017-12-22 06:42:05,0,3,4,29.9,3425.9,-40002.3,19934.6,71769.3,25.1,0,
2017-12-22 06:42:09,0,3,4,29.9,3425.1,-40002.3,19934.6,71769.3,25.0,0,
2017-12-22 06:42:12,0,3,4,30.0,3424.0,-40002.3,20001.3,71997.6,25.1,0,
2017-12-22 06:42:15,0,3,4,30.0,3423.2,-40002.5,20001.3,71997.6,25.1,0,
2017-12-22 06:42:18,0,3,4,30.1,3422.3,-40002.0,20067.9,72225.8,25.1,0,
2017-12-22 06:42:21,0,3,4,30.1,3421.4,-40002.3,20067.9,72225.8,25.1,0,
2017-12-22 06:42:24,0,3,4,30.2,3420.4,-40002.3,20134.6,72453.9,25.1,0,
2017-12-22 06:42:28,0,3,4,30.2,3419.3,-40002.7,20134.6,72453.9,25.1,0,
2017-12-22 06:42:31,0,3,4,30.3,3418.3,-40002.6,20201.3,72681.9,25.1,0,
2017-12-22 06:42:34,0,3,4,30.3,3417.4,-40002.8,20201.3,72681.9,25.1,0,
2017-12-22 06:42:37,0,3,4,30.4,3416.4,-40002.3,20268.0,72909.8,25.1,0,
2017-12-22 06:42:40,0,3,4,30.4,3415.4,-40002.7,20268.0,72909.8,25.1,0,
2017-12-22 06:42:43,0,3,4,30.5,3414.4,-40002.0,20334.6,73137.5,25.1,0,
2017-12-22 06:42:46,0,3,4,30.6,3413.5,-40002.7,20401.3,73365.1,25.1,0,
2017-12-22 06:42:49,0,3,4,30.6,3412.5,-40002.2,20401.3,73365.1,25.1,0,
2017-12-22 06:42:53,0,3,4,30.7,3411.3,-40002.5,20468.0,73592.5,25.1,0,
2017-12-22 06:42:56,0,3,4,30.7,3410.2,-40002.8,20468.0,73592.5,25.1,0,
2017-12-22 06:42:59,0,3,4,30.8,3409.3,-40002.3,20534.7,73819.9,25.1,0,
2017-12-22 06:43:02,0,3,4,30.8,3408.1,-40002.5,20534.7,73819.9,25.1,0,
2017-12-22 06:43:05,0,3,4,30.9,3407.1,-40001.8,20601.3,74047.0,25.1,0,
2017-12-22 06:43:08,0,3,4,30.9,3405.9,-40002.6,20601.3,74047.0,25.1,0,
2017-12-22 06:43:11,0,3,4,31.0,3404.8,-40002.3,20668.0,74274.1,25.1,0,
2017-12-22 06:43:15,0,3,4,31.0,3403.7,-40002.2,20668.0,74274.1,25.1,0,
2017-12-22 06:43:18,0,3,4,31.1,3402.5,-40002.5,20734.7,74501.0,25.1,0,
2017-12-22 06:43:21,0,3,4,31.1,3401.3,-40002.7,20734.7,74501.0,25.1,0,
2017-12-22 06:43:24,0,3,4,31.2,3400.2,-40002.4,20801.4,74727.7,25.1,0,
2017-12-22 06:43:27,0,3,4,31.2,3398.8,-40002.8,20801.4,74727.7,25.1,0,
2017-12-22 06:43:30,0,3,4,31.3,3397.7,-40002.0,20868.0,74954.3,25.1,0,
2017-12-22 06:43:33,0,3,4,31.3,3396.4,-40002.7,20868.0,74954.3,25.1,0,
2017-12-22 06:43:37,0,3,4,31.4,3395.0,-40002.0,20934.7,75180.7,25.1,0,
2017-12-22 06:43:40,0,3,4,31.4,3393.8,-40002.3,20934.7,75180.7,25.1,0,
2017-12-22 06:43:43,0,3,4,31.5,3392.5,-40002.3,21001.4,75407.0,25.1,0,
2017-12-22 06:43:46,0,3,4,31.5,3391.2,-40002.5,21001.4,75407.0,25.1,0,
2017-12-22 06:43:49,0,3,4,31.6,3389.7,-40002.5,21068.1,75633.1,25.1,0,
2017-12-22 06:43:52,0,3,4,31.7,3388.2,-40002.2,21134.7,75859.0,25.1,0,
2017-12-22 06:43:55,0,3,4,31.7,3386.9,-40002.2,21134.7,75859.0,25.1,0,
2017-12-22 06:43:59,0,3,4,31.8,3385.3,-40002.3,21201.4,76084.7,25.2,0,
2017-12-22 06:44:02,0,3,4,31.8,3383.8,-40002.0,21201.4,76084.7,25.2,0,
2017-12-22 06:44:05,0,3,4,31.9,3382.3,-40002.6,21268.1,76310.3,25.2,0,
2017-12-22 06:44:08,0,3,4,31.9,3380.5,-40002.2,21268.1,76310.3,25.2,0,
2017-12-22 06:44:11,0,3,4,32.0,3379.0,-40002.6,21334.8,76535.6,25.2,0,
2017-12-22 06:44:14,0,3,4,32.0,3377.2,-40002.5,21334.8,76535.6,25.2,0,
2017-12-22 06:44:18,0,3,4,32.1,3375.5,-40002.3,21401.4,76760.7,25.2,0,
2017-12-22 06:44:21,0,3,4,32.1,3373.7,-40002.3,21401.4,76760.7,25.2,0,
2017-12-22 06:44:24,0,3,4,32.2,3371.9,-40002.5,21468.1,76985.5,25.2,0,
2017-12-22 06:44:27,0,3,4,32.2,3370.0,-40002.6,21468.1,76985.5,25.2,0,
2017-12-22 06:44:30,0,3,4,32.3,3368.1,-40002.3,21534.8,77210.2,25.2,0,
2017-12-22 06:44:33,0,3,4,32.3,3366.1,-40002.5,21534.8,77210.2,25.2,0,
2017-12-22 06:44:36,0,3,4,32.4,3364.1,-40002.5,21601.5,77434.6,25.3,0,
2017-12-22 06:44:39,0,3,4,32.4,3362.0,-40002.0,21601.5,77434.6,25.3,0,
2017-12-22 06:44:43,0,3,4,32.5,3359.8,-40002.7,21668.1,77658.7,25.3,0,
2017-12-22 06:44:46,0,3,4,32.5,3357.7,-40002.4,21668.1,77658.7,25.3,0,
2017-12-22 06:44:49,0,3,4,32.6,3355.1,-40002.3,21734.8,77882.5,25.3,0,
2017-12-22 06:44:52,0,3,4,32.6,3352.8,-40002.6,21734.8,77882.5,25.3,0,
2017-12-22 06:44:55,0,3,4,32.7,3350.4,-40002.5,21801.5,78106.1,25.3,0,
2017-12-22 06:44:58,0,3,4,32.8,3348.0,-40002.5,21868.2,78329.3,25.2,0,
2017-12-22 06:45:02,0,3,4,32.8,3345.4,-40002.2,21868.2,78329.3,25.2,0,
2017-12-22 06:45:05,0,3,4,32.9,3342.5,-40002.2,21934.8,78552.2,25.2,0,
2017-12-22 06:45:08,0,3,4,32.9,3339.8,-40002.5,21934.8,78552.2,25.2,0,
2017-12-22 06:45:11,0,3,4,33.0,3336.8,-40002.2,22001.5,78774.7,25.2,0,
2017-12-22 06:45:14,0,3,4,33.0,3333.9,-40002.3,22001.5,78774.7,25.2,0,
2017-12-22 06:45:17,0,3,4,33.1,3330.6,-40002.5,22068.2,78996.9,25.1,0,
2017-12-22 06:45:20,0,3,4,33.1,3327.4,-40002.5,22068.2,78996.9,25.2,0,
2017-12-22 06:45:23,0,3,4,33.2,3324.2,-40002.5,22134.9,79218.6,25.2,0,
2017-12-22 06:45:27,0,3,4,33.2,3320.8,-40002.1,22134.9,79218.6,25.2,0,
2017-12-22 06:45:30,0,3,4,33.3,3317.2,-40002.4,22201.5,79439.9,25.2,0,
2017-12-22 06:45:33,0,3,4,33.3,3313.6,-40002.2,22201.5,79439.9,25.2,0,
2017-12-22 06:45:36,0,3,4,33.4,3309.8,-40002.3,22268.2,79660.7,25.3,0,
2017-12-22 06:45:39,0,3,4,33.4,3305.7,-40002.3,22268.2,79660.7,25.3,0,
2017-12-22 06:45:42,0,3,4,33.5,3301.5,-40002.2,22334.9,79881.0,25.3,0,
2017-12-22 06:45:44,0,3,4,33.5,3300.0,-40002.5,22334.9,79881.0,25.3,3,下限电压到
2017-12-22 06:45:45,0,3,4,33.5,3369.6,23.0,22334.9,79881.0,25.3,3,下限电压到
2017-12-22 06:45:49,0,3,4,33.6,3380.7,24.2,22334.9,79881.1,25.3,3,下限电压到
2017-12-22 06:45:52,0,3,4,33.6,3386.4,23.7,22334.9,79881.1,25.3,3,下限电压到
2017-12-22 06:45:55,0,3,4,33.7,3391.3,24.7,22335.0,79881.3,25.3,3,下限电压到
2017-12-22 06:45:58,0,3,4,33.7,3395.1,24.8,22335.0,79881.3,25.3,3,下限电压到
2017-12-22 06:46:01,0,3,4,33.8,3398.2,24.3,22335.0,79881.4,25.3,3,下限电压到
2017-12-22 06:46:04,0,3,4,33.8,3400.6,25.1,22335.0,79881.4,25.3,3,下限电压到
2017-12-22 06:46:07,0,3,4,33.9,3402.9,24.7,22335.0,79881.5,25.3,3,下限电压到
2017-12-22 06:46:10,0,3,4,34.0,3404.6,24.8,22335.1,79881.7,25.3,3,下限电压到
2017-12-22 06:46:14,0,3,4,34.0,3406.4,24.0,22335.1,79881.7,25.3,3,下限电压到
2017-12-22 06:46:17,0,3,4,34.1,3407.7,25.3,22335.1,79881.8,25.3,3,下限电压到
2017-12-22 06:46:20,0,3,4,34.1,3409.0,25.2,22335.1,79881.8,25.3,3,下限电压到
2017-12-22 06:46:23,0,3,4,34.2,3410.3,25.3,22335.2,79882.0,25.3,3,下限电压到
2017-12-22 06:46:26,0,3,4,34.2,3411.1,24.9,22335.2,79882.0,25.3,3,下限电压到
2017-12-22 06:46:29,0,3,4,34.3,3412.1,25.3,22335.2,79882.1,25.3,3,下限电压到
2017-12-22 06:46:32,0,3,4,34.3,3413.1,25.3,22335.2,79882.1,25.3,3,下限电压到
2017-12-22 06:46:35,0,3,4,34.4,3414.0,24.4,22335.2,79882.2,25.3,3,下限电压到
2017-12-22 06:46:38,0,3,4,34.4,3414.7,25.2,22335.2,79882.2,25.3,3,下限电压到
2017-12-22 06:46:42,0,3,4,34.5,3415.3,24.5,22335.3,79882.4,25.3,3,下限电压到
2017-12-22 06:46:45,0,3,4,34.5,3416.0,25.2,22335.3,79882.4,25.3,3,下限电压到
2017-12-22 06:46:50,0,4,6,0.0,3416.8,0,0.0,0.0,25.3,0,
