2017-12-22 05:33:19,0,0,3,0.0,3413.9,0,0.0,0.0,24.8,0,
2017-12-22 05:33:47,0,0,3,0.4,3414.9,21.3,0.0,0.0,24.6,0,
2017-12-22 05:33:50,0,0,3,0.4,3415.2,21.6,0.0,0.0,24.6,0,
2017-12-22 05:33:53,0,0,3,0.5,3415.2,21.8,0.0,0.0,24.6,0,
2017-12-22 05:33:56,0,0,3,0.5,3415.4,22.2,0.0,0.0,24.7,0,
2017-12-22 05:33:59,0,0,3,0.6,3415.4,21.6,0.0,0.0,24.7,0,
2017-12-22 05:34:02,0,0,3,0.6,3415.5,21.5,0.0,0.0,24.7,0,
2017-12-22 05:34:05,0,0,3,0.7,3415.6,22.2,0.0,0.0,24.7,0,
2017-12-22 05:34:08,0,0,3,0.7,3415.7,21.2,0.0,0.0,24.7,0,
2017-12-22 05:34:12,0,0,3,0.8,3415.8,22.5,0.0,0.0,24.7,0,
2017-12-22 05:34:15,0,0,3,0.8,3416.0,22.0,0.0,0.0,24.7,0,
2017-12-22 05:34:18,0,0,3,0.9,3416.1,21.5,0.0,0.0,24.7,0,
2017-12-22 05:34:21,0,0,3,0.9,3416.0,22.2,0.0,0.0,24.7,0,
2017-12-22 05:34:24,0,0,3,1.0,3416.2,21.2,0.0,0.0,24.7,0,
2017-12-22 05:34:25,0,0,3,1.0,3416.2,22.2,0.0,0.0,24.7,1,时间到
2017-12-22 05:34:29,0,1,2,0.0,3416.2,0,0.0,0.0,24.7,0,
2017-12-22 05:34:51,0,1,2,0.4,3494.4,39999.3,266.6,927.5,24.8,0,
2017-12-22 05:34:54,0,1,2,0.4,3498.9,39999.7,266.6,927.5,24.8,0,
2017-12-22 05:34:58,0,1,2,0.5,3503.1,39999.7,333.3,1161.0,24.8,0,
2017-12-22 05:35:01,0,1,2,0.5,3507.0,40000.1,333.3,1161.0,24.8,0,
2017-12-22 05:35:04,0,1,2,0.6,3511.0,40000.5,400.0,1395.0,24.8,0,
2017-12-22 05:35:07,0,1,2,0.6,3514.5,40000.5,400.0,1395.0,24.8,0,
2017-12-22 05:35:11,0,1,2,0.7,3517.7,40000.8,466.6,1629.5,24.8,0,
2017-12-22 05:35:14,0,1,2,0.7,3521.1,40000.5,466.6,1629.5,24.8,0,
2017-12-22 05:35:17,0,1,2,0.8,3524.0,40001.0,533.3,1864.3,24.8,0,
2017-12-22 05:35:20,0,1,2,0.8,3526.8,40001.0,533.3,1864.3,24.8,0,
2017-12-22 05:35:23,0,1,2,0.9,3529.6,40001.3,600.0,2099.5,24.8,0,
2017-12-22 05:35:27,0,1,2,0.9,3532.3,40001.2,600.0,2099.5,24.8,0,
2017-12-22 05:35:30,0,1,2,1.0,3534.7,40001.4,666.7,2335.0,24.8,0,
2017-12-22 05:35:33,0,1,2,1.0,3536.6,40001.1,666.7,2335.0,24.8,0,
2017-12-22 05:35:36,0,1,2,1.1,3538.7,40001.5,733.3,2570.8,24.9,0,
2017-12-22 05:35:39,0,1,2,1.1,3540.6,40001.0,733.3,2570.8,24.9,0,
2017-12-22 05:35:42,0,1,2,1.2,3542.2,40001.3,800.0,2806.9,24.9,0,
2017-12-22 05:35:45,0,1,2,1.2,3543.8,40001.5,800.0,2806.9,25.0,0,
2017-12-22 05:35:48,0,1,2,1.3,3545.2,40001.4,866.7,3043.2,25.0,0,
2017-12-22 05:35:51,0,1,2,1.4,3546.9,40001.3,933.3,3279.7,25.0,0,
2017-12-22 05:35:54,0,1,2,1.4,3548.1,40001.3,933.3,3279.7,24.9,0,
2017-12-22 05:35:58,0,1,2,1.5,3549.6,40001.3,1000.0,3516.3,24.9,0,
2017-12-22 05:36:01,0,1,2,1.5,3550.9,40001.3,1000.0,3516.3,24.9,0,
2017-12-22 05:36:04,0,1,2,1.6,3552.1,40001.2,1066.7,3753.1,24.9,0,
2017-12-22 05:36:07,0,1,2,1.6,3553.2,40001.5,1066.7,3753.1,24.9,0,
2017-12-22 05:36:10,0,1,2,1.7,3554.3,40001.5,1133.4,3990.1,24.9,0,
2017-12-22 05:36:13,0,1,2,1.7,3555.4,40001.2,1133.4,3990.1,24.9,0,
2017-12-22 05:36:17,0,1,2,1.8,3556.2,40001.2,1200.0,4227.1,24.9,0,
2017-12-22 05:36:20,0,1,2,1.8,3557.2,40001.1,1200.0,4227.1,24.9,0,
2017-12-22 05:36:23,0,1,2,1.9,3558.1,40001.4,1266.7,4464.3,24.9,0,
2017-12-22 05:36:26,0,1,2,1.9,3559.1,40001.2,1266.7,4464.3,25.0,0,
2017-12-22 05:36:29,0,1,2,2.0,3559.9,40001.5,1333.4,4701.6,24.9,0,
2017-12-22 05:36:32,0,1,2,2.0,3560.8,40001.4,1333.4,4701.6,24.9,0,
2017-12-22 05:36:35,0,1,2,2.1,3561.8,40001.2,1400.0,4939.1,24.9,0,
2017-12-22 05:36:39,0,1,2,2.1,3562.7,40001.2,1400.0,4939.1,24.9,0,
2017-12-22 05:36:42,0,1,2,2.2,3563.5,40001.3,1466.7,5176.6,24.9,0,
2017-12-22 05:36:45,0,1,2,2.2,3564.4,40001.3,1466.7,5176.6,24.9,0,
2017-12-22 05:36:48,0,1,2,2.3,3565.2,40001.3,1533.4,5414.3,24.9,0,
2017-12-22 05:36:52,0,1,2,2.4,3566.1,40001.4,1600.1,5652.0,24.9,0,
2017-12-22 05:36:55,0,1,2,2.4,3566.8,40001.3,1600.1,5652.0,24.9,0,
2017-12-22 05:36:58,0,1,2,2.5,3567.8,40001.1,1666.7,5889.9,24.9,0,
2017-12-22 05:37:01,0,1,2,2.5,3568.6,40001.0,1666.7,5889.9,24.9,0,
2017-12-22 05:37:04,0,1,2,2.6,3569.3,40001.4,1733.4,6127.8,24.8,0,
2017-12-22 05:37:07,0,1,2,2.6,3570.1,40001.1,1733.4,6127.8,24.8,0,
2017-12-22 05:37:10,0,1,2,2.7,3570.9,40001.2,1800.1,6365.9,24.8,0,
2017-12-22 05:37:13,0,1,2,2.7,3571.7,40001.0,1800.1,6365.9,24.8,0,
2017-12-22 05:37:17,0,1,2,2.8,3572.5,40001.2,1866.7,6604.1,24.8,0,
2017-12-22 05:37:20,0,1,2,2.8,3573.4,40001.0,1866.7,6604.1,24.8,0,
2017-12-22 05:37:23,0,1,2,2.9,3574.0,40001.5,1933.4,6842.3,24.8,0,
2017-12-22 05:37:26,0,1,2,2.9,3574.9,40001.2,1933.4,6842.3,24.8,0,
2017-12-22 05:37:29,0,1,2,3.0,3575.7,40001.1,2000.1,7080.7,24.8,0,
2017-12-22 05:37:32,0,1,2,3.0,3576.6,40001.0,2000.1,7080.7,24.7,0,
2017-12-22 05:37:35,0,1,2,3.1,3577.3,40001.2,2066.7,7319.2,24.8,0,
2017-12-22 05:37:38,0,1,2,3.1,3578.0,40001.3,2066.7,7319.2,24.7,0,
2017-12-22 05:37:41,0,1,2,3.2,3578.8,40001.2,2133.4,7557.7,24.7,0,
2017-12-22 05:37:44,0,1,2,3.2,3579.6,40001.2,2133.4,7557.7,24.7,0,
2017-12-22 05:37:47,0,1,2,3.3,3580.4,40000.8,2200.1,7796.4,24.7,0,
2017-12-22 05:37:51,0,1,2,3.3,3581.3,40001.0,2200.1,7796.4,24.7,0,
2017-12-22 05:37:54,0,1,2,3.4,3582.0,40001.1,2266.8,8035.2,24.7,0,
2017-12-22 05:37:57,0,1,2,3.4,3582.9,40000.8,2266.8,8035.2,24.7,0,
2017-12-22 05:38:00,0,1,2,3.5,3583.8,40001.5,2333.4,8274.1,24.6,0,
2017-12-22 05:38:03,0,1,2,3.5,3584.5,40001.0,2333.4,8274.1,24.6,0,
2017-12-22 05:38:06,0,1,2,3.6,3585.4,40001.0,2400.1,8513.1,24.6,0,
2017-12-22 05:38:09,0,1,2,3.6,3586.1,40000.9,2400.1,8513.1,24.6,0,
2017-12-22 05:38:12,0,1,2,3.7,3587.0,40001.0,2466.8,8752.2,24.6,0,
2017-12-22 05:38:15,0,1,2,3.7,3587.7,40000.8,2466.8,8752.2,24.6,0,
2017-12-22 05:38:18,0,1,2,3.8,3588.7,40000.9,2533.4,8991.4,24.6,0,
2017-12-22 05:38:21,0,1,2,3.9,3589.4,40001.0,2600.1,9230.7,24.6,0,
2017-12-22 05:38:24,0,1,2,3.9,3590.2,40000.8,2600.1,9230.7,24.6,0,
2017-12-22 05:38:27,0,1,2,4.0,3591.0,40000.8,2666.8,9470.1,24.6,0,
2017-12-22 05:38:30,0,1,2,4.0,3591.8,40001.0,2666.8,9470.1,24.6,0,
2017-12-22 05:38:33,0,1,2,4.1,3592.6,40000.8,2733.4,9709.6,24.6,0,
2017-12-22 05:38:36,0,1,2,4.1,3593.5,40000.9,2733.4,9709.6,24.6,0,
2017-12-22 05:38:40,0,1,2,4.2,3594.3,40001.0,2800.1,9949.2,24.6,0,
2017-12-22 05:38:43,0,1,2,4.2,3595.1,40000.5,2800.1,9949.2,24.6,0,
2017-12-22 05:38:46,0,1,2,4.3,3596.1,40001.0,2866.8,10188.9,24.7,0,
2017-12-22 05:38:49,0,1,2,4.3,3596.9,40001.2,2866.8,10188.9,24.7,0,
2017-12-22 05:38:52,0,1,2,4.4,3597.5,40000.8,2933.5,10428.8,24.7,0,
2017-12-22 05:38:55,0,1,2,4.4,3598.4,40000.8,2933.5,10428.8,24.7,0,
2017-12-22 05:38:58,0,1,2,4.5,3599.2,40000.7,3000.1,10668.7,24.6,0,
2017-12-22 05:39:01,0,1,2,4.5,3600.1,40001.0,3000.1,10668.7,24.6,0,
2017-12-22 05:39:04,0,1,2,4.6,3600.9,40000.6,3066.8,10908.8,24.6,0,
2017-12-22 05:39:08,0,1,2,4.6,3601.8,40000.9,3066.8,10908.8,24.6,0,
2017-12-22 05:39:11,0,1,2,4.7,3602.6,40001.0,3133.5,11148.9,24.6,0,
2017-12-22 05:39:14,0,1,2,4.7,3603.3,40001.0,3133.5,11148.9,24.7,0,
2017-12-22 05:39:17,0,1,2,4.8,3604.3,40001.3,3200.1,11389.2,24.7,0,
2017-12-22 05:39:20,0,1,2,4.8,3605.0,40000.7,3200.1,11389.2,24.7,0,
2017-12-22 05:39:23,0,1,2,4.9,3606.0,40000.7,3266.8,11629.6,24.6,0,
2017-12-22 05:39:27,0,1,2,4.9,3606.7,40001.0,3266.8,11629.6,24.7,0,
2017-12-22 05:39:30,0,1,2,5.0,3607.5,40001.0,3333.5,11870.0,24.7,0,
2017-12-22 05:39:33,0,1,2,5.0,3608.3,40001.1,3333.5,11870.0,24.7,0,
2017-12-22 05:39:36,0,1,2,5.1,3609.2,40001.1,3400.1,12110.6,24.7,0,
2017-12-22 05:39:39,0,1,2,5.1,3609.9,40001.2,3400.1,12110.6,24.7,0,
2017-12-22 05:39:42,0,1,2,5.2,3610.9,40001.2,3466.8,12351.3,24.7,0,
2017-12-22 05:39:45,0,1,2,5.2,3611.7,40000.9,3466.8,12351.3,24.7,0,
2017-12-22 05:39:48,0,1,2,5.3,3612.4,40001.3,3533.5,12592.1,24.7,0,
2017-12-22 05:39:51,0,1,2,5.3,3613.3,40001.2,3533.5,12592.1,24.7,0,
2017-12-22 05:39:54,0,1,2,5.4,3614.1,40001.5,3600.2,12833.0,24.7,0,
2017-12-22 05:39:58,0,1,2,5.5,3614.9,40001.0,3666.8,13074.0,24.7,0,
2017-12-22 05:40:01,0,1,2,5.5,3615.7,40001.2,3666.8,13074.0,24.7,0,
2017-12-22 05:40:04,0,1,2,5.6,3616.4,40001.3,3733.5,13315.1,24.7,0,
2017-12-22 05:40:07,0,1,2,5.6,3617.3,40001.1,3733.5,13315.1,24.7,0,
2017-12-22 05:40:10,0,1,2,5.7,3618.0,40001.3,3800.2,13556.3,24.7,0,
2017-12-22 05:40:13,0,1,2,5.7,3618.9,40001.2,3800.2,13556.3,24.7,0,
2017-12-22 05:40:16,0,1,2,5.8,3619.6,40000.8,3866.8,13797.6,24.7,0,
2017-12-22 05:40:19,0,1,2,5.8,3620.3,40000.8,3866.8,13797.6,24.7,0,
2017-12-22 05:40:22,0,1,2,5.9,3621.3,40000.6,3933.5,14039.0,24.8,0,
2017-12-22 05:40:25,0,1,2,5.9,3622.1,40001.0,3933.5,14039.0,24.7,0,
2017-12-22 05:40:28,0,1,2,6.0,3622.8,40001.0,4000.2,14280.6,24.8,0,
2017-12-22 05:40:32,0,1,2,6.0,3623.7,40001.1,4000.2,14280.6,24.8,0,
2017-12-22 05:40:35,0,1,2,6.1,3624.4,40000.7,4066.8,14522.2,24.8,0,
2017-12-22 05:40:38,0,1,2,6.1,3625.1,40001.0,4066.8,14522.2,24.8,0,
2017-12-22 05:40:41,0,1,2,6.2,3625.9,40001.4,4133.5,14763.9,24.8,0,
2017-12-22 05:40:44,0,1,2,6.2,3626.6,40001.0,4133.5,14763.9,24.8,0,
2017-12-22 05:40:47,0,1,2,6.3,3627.3,40001.3,4200.2,15005.7,24.7,0,
2017-12-22 05:40:51,0,1,2,6.3,3628.1,40000.9,4200.2,15005.7,24.7,0,
2017-12-22 05:40:54,0,1,2,6.4,3628.9,40001.0,4266.9,15247.6,24.8,0,
2017-12-22 05:40:57,0,1,2,6.4,3629.8,40001.0,4266.9,15247.6,24.8,0,
2017-12-22 05:41:00,0,1,2,6.5,3630.5,40000.8,4333.5,15489.6,24.7,0,
2017-12-22 05:41:03,0,1,2,6.5,3631.2,40000.8,4333.5,15489.6,24.7,0,
2017-12-22 05:41:06,0,1,2,6.6,3631.9,40001.1,4400.2,15731.7,24.8,0,
2017-12-22 05:41:09,0,1,2,6.7,3632.5,40001.0,4466.9,15973.8,24.7,0,
2017-12-22 05:41:13,0,1,2,6.7,3633.2,40001.0,4466.9,15973.8,24.8,0,
2017-12-22 05:41:16,0,1,2,6.8,3634.0,40001.0,4533.5,16216.1,24.8,0,
2017-12-22 05:41:19,0,1,2,6.8,3634.7,40001.0,4533.5,16216.1,24.8,0,
2017-12-22 05:41:22,0,1,2,6.9,3635.4,40001.1,4600.2,16458.5,24.8,0,
2017-12-22 05:41:25,0,1,2,6.9,3636.1,40001.1,4600.2,16458.5,24.8,0,
2017-12-22 05:41:28,0,1,2,7.0,3636.9,40000.7,4666.9,16701.0,24.8,0,
2017-12-22 05:41:31,0,1,2,7.0,3637.5,40001.3,4666.9,16701.0,24.7,0,
2017-12-22 05:41:34,0,1,2,7.1,3638.4,40001.2,4733.5,16943.5,24.7,0,
2017-12-22 05:41:38,0,1,2,7.1,3638.9,40001.5,4733.5,16943.5,24.7,0,
2017-12-22 05:41:41,0,1,2,7.2,3639.8,40001.0,4800.2,17186.1,24.8,0,
2017-12-22 05:41:44,0,1,2,7.2,3640.5,40000.7,4800.2,17186.1,24.8,0,
2017-12-22 05:41:47,0,1,2,7.3,3640.9,40001.5,4866.9,17428.9,24.8,0,
2017-12-22 05:41:50,0,1,2,7.3,3641.7,40000.7,4866.9,17428.9,24.8,0,
2017-12-22 05:41:53,0,1,2,7.4,3642.6,40001.1,4933.6,17671.7,24.8,0,
2017-12-22 05:41:57,0,1,2,7.4,3643.1,40001.2,4933.6,17671.7,24.8,0,
2017-12-22 05:42:00,0,1,2,7.5,3644.0,40001.0,5000.2,17914.6,24.7,0,
2017-12-22 05:42:03,0,1,2,7.5,3644.5,40001.0,5000.2,17914.6,24.7,0,
2017-12-22 05:42:06,0,1,2,7.6,3645.2,40001.0,5066.9,18157.6,24.7,0,
2017-12-22 05:42:09,0,1,2,7.7,3645.9,40000.9,5133.6,18400.7,24.8,0,
2017-12-22 05:42:13,0,1,2,7.7,3646.6,40001.3,5133.6,18400.7,24.8,0,
2017-12-22 05:42:16,0,1,2,7.8,3647.2,40001.4,5200.2,18643.8,24.8,0,
2017-12-22 05:42:19,0,1,2,7.8,3648.0,40000.8,5200.2,18643.8,24.8,0,
2017-12-22 05:42:22,0,1,2,7.9,3648.6,40001.0,5266.9,18887.1,24.8,0,
2017-12-22 05:42:25,0,1,2,7.9,3649.1,40001.2,5266.9,18887.1,24.8,0,
2017-12-22 05:42:28,0,1,2,8.0,3649.8,40001.1,5333.6,19130.4,24.8,0,
2017-12-22 05:42:31,0,1,2,8.0,3650.5,40001.2,5333.6,19130.4,24.8,0,
2017-12-22 05:42:34,0,1,2,8.1,3651.3,40001.2,5400.2,19373.8,24.8,0,
2017-12-22 05:42:37,0,1,2,8.1,3651.9,40001.3,5400.2,19373.8,24.8,0,
2017-12-22 05:42:41,0,1,2,8.2,3652.5,40001.1,5466.9,19617.3,24.8,0,
2017-12-22 05:42:44,0,1,2,8.2,3653.2,40001.2,5466.9,19617.3,24.8,0,
2017-12-22 05:42:47,0,1,2,8.3,3653.7,40001.0,5533.6,19860.9,24.8,0,
2017-12-22 05:42:50,0,1,2,8.3,3654.3,40001.5,5533.6,19860.9,24.8,0,
2017-12-22 05:42:53,0,1,2,8.4,3655.0,40001.0,5600.3,20104.6,24.8,0,
2017-12-22 05:42:56,0,1,2,8.4,3655.8,40001.3,5600.3,20104.6,24.8,0,
2017-12-22 05:43:00,0,1,2,8.5,3656.3,40001.3,5666.9,20348.3,24.8,0,
2017-12-22 05:43:03,0,1,2,8.5,3657.0,40001.0,5666.9,20348.3,24.8,0,
2017-12-22 05:43:06,0,1,2,8.6,3657.6,40001.4,5733.6,20592.1,24.8,0,
2017-12-22 05:43:09,0,1,2,8.6,3658.3,40001.2,5733.6,20592.1,24.8,0,
2017-12-22 05:43:12,0,1,2,8.7,3658.9,40001.3,5800.3,20836.0,24.8,0,
2017-12-22 05:43:16,0,1,2,8.8,3659.6,40001.1,5866.9,21080.0,24.7,0,
2017-12-22 05:43:19,0,1,2,8.8,3660.0,40001.0,5866.9,21080.0,24.8,0,
2017-12-22 05:43:22,0,1,2,8.9,3660.7,40001.1,5933.6,21324.1,24.7,0,
2017-12-22 05:43:25,0,1,2,8.9,3661.3,40001.0,5933.6,21324.1,24.7,0,
2017-12-22 05:43:28,0,1,2,9.0,3662.0,40001.3,6000.3,21568.2,24.7,0,
2017-12-22 05:43:31,0,1,2,9.0,3662.5,40001.2,6000.3,21568.2,24.7,0,
2017-12-22 05:43:34,0,1,2,9.1,3663.1,40001.1,6067.0,21812.4,24.6,0,
2017-12-22 05:43:37,0,1,2,9.1,3663.6,40001.3,6067.0,21812.4,24.6,0,
2017-12-22 05:43:40,0,1,2,9.2,3664.2,40001.0,6133.6,22056.7,24.6,0,
2017-12-22 05:43:43,0,1,2,9.2,3664.7,40001.2,6133.6,22056.7,24.7,0,
2017-12-22 05:43:46,0,1,2,9.3,3665.3,40001.0,6200.3,22301.1,24.7,0,
2017-12-22 05:43:49,0,1,2,9.3,3665.9,40001.4,6200.3,22301.1,24.7,0,
2017-12-22 05:43:53,0,1,2,9.4,3666.6,40001.4,6267.0,22545.5,24.7,0,
2017-12-22 05:43:56,0,1,2,9.4,3667.1,40001.2,6267.0,22545.5,24.7,0,
2017-12-22 05:43:59,0,1,2,9.5,3667.7,40001.2,6333.6,22790.0,24.7,0,
2017-12-22 05:44:02,0,1,2,9.5,3668.1,40001.1,6333.6,22790.0,24.7,0,
2017-12-22 05:44:05,0,1,2,9.6,3668.7,40001.3,6400.3,23034.6,24.7,0,
2017-12-22 05:44:08,0,1,2,9.6,3669.2,40000.8,6400.3,23034.6,24.6,0,
2017-12-22 05:44:11,0,1,2,9.7,3669.8,40001.1,6467.0,23279.2,24.6,0,
2017-12-22 05:44:14,0,1,2,9.7,3670.3,40001.2,6467.0,23279.2,24.6,0,
2017-12-22 05:44:17,0,1,2,9.8,3670.7,40001.3,6533.6,23523.9,24.6,0,
2017-12-22 05:44:20,0,1,2,9.8,3671.4,40001.3,6533.6,23523.9,24.6,0,
2017-12-22 05:44:24,0,1,2,9.9,3672.0,40001.1,6600.3,23768.7,24.6,0,
2017-12-22 05:44:27,0,1,2,9.9,3672.5,40001.5,6600.3,23768.7,24.6,0,
2017-12-22 05:44:30,0,1,2,10.0,3673.0,40001.3,6667.0,24013.5,24.6,0,
2017-12-22 05:44:33,0,1,2,10.0,3673.5,40001.1,6667.0,24013.5,24.6,0,
2017-12-22 05:44:36,0,1,2,10.1,3674.2,40001.2,6733.7,24258.5,24.6,0,
2017-12-22 05:44:40,0,1,2,10.2,3674.5,40001.2,6800.3,24503.5,24.6,0,
2017-12-22 05:44:43,0,1,2,10.2,3675.2,40001.0,6800.3,24503.5,24.6,0,
2017-12-22 05:44:46,0,1,2,10.3,3675.8,40001.4,6867.0,24748.5,24.6,0,
2017-12-22 05:44:49,0,1,2,10.3,3676.2,40001.2,6867.0,24748.5,24.7,0,
2017-12-22 05:44:52,0,1,2,10.4,3676.7,40001.3,6933.7,24993.6,24.7,0,
2017-12-22 05:44:55,0,1,2,10.4,3677.2,40001.0,6933.7,24993.6,24.7,0,
2017-12-22 05:44:58,0,1,2,10.5,3677.7,40001.3,7000.3,25238.8,24.7,0,
2017-12-22 05:45:02,0,1,2,10.5,3678.2,40001.2,7000.3,25238.8,24.7,0,
2017-12-22 05:45:05,0,1,2,10.6,3678.6,40001.3,7067.0,25484.0,24.7,0,
2017-12-22 05:45:08,0,1,2,10.6,3679.0,40001.3,7067.0,25484.0,24.7,0,
2017-12-22 05:45:11,0,1,2,10.7,3679.6,40001.3,7133.7,25729.3,24.7,0,
2017-12-22 05:45:15,0,1,2,10.7,3680.0,40001.2,7133.7,25729.3,24.7,0,
2017-12-22 05:45:18,0,1,2,10.8,3680.5,40001.1,7200.3,25974.7,24.6,0,
2017-12-22 05:45:21,0,1,2,10.8,3680.9,40001.2,7200.3,25974.7,24.6,0,
2017-12-22 05:45:24,0,1,2,10.9,3681.5,40001.3,7267.0,26220.1,24.6,0,
2017-12-22 05:45:27,0,1,2,10.9,3681.8,40001.0,7267.0,26220.1,24.6,0,
2017-12-22 05:45:30,0,1,2,11.0,3682.3,40001.5,7333.7,26465.6,24.6,0,
2017-12-22 05:45:33,0,1,2,11.0,3682.7,40001.2,7333.7,26465.6,24.6,0,
2017-12-22 05:45:36,0,1,2,11.1,3683.2,40001.2,7400.4,26711.1,24.6,0,
2017-12-22 05:45:39,0,1,2,11.1,3683.7,40001.2,7400.4,26711.1,24.6,0,
2017-12-22 05:45:42,0,1,2,11.2,3684.0,40001.3,7467.0,26956.7,24.6,0,
2017-12-22 05:45:45,0,1,2,11.3,3684.5,40001.3,7533.7,27202.4,24.6,0,
2017-12-22 05:45:49,0,1,2,11.3,3684.8,40001.2,7533.7,27202.4,24.6,0,
2017-12-22 05:45:52,0,1,2,11.4,3685.4,40001.0,7600.4,27448.1,24.7,0,
2017-12-22 05:45:55,0,1,2,11.4,3685.7,40001.3,7600.4,27448.1,24.7,0,
2017-12-22 05:45:58,0,1,2,11.5,3686.2,40001.1,7667.0,27693.8,24.7,0,
2017-12-22 05:46:01,0,1,2,11.5,3686.7,40001.0,7667.0,27693.8,24.7,0,
2017-12-22 05:46:04,0,1,2,11.6,3686.9,40001.1,7733.7,27939.6,24.7,0,
2017-12-22 05:46:07,0,1,2,11.6,3687.4,40001.3,7733.7,27939.6,24.6,0,
2017-12-22 05:46:10,0,1,2,11.7,3687.8,40001.0,7800.4,28185.5,24.7,0,
2017-12-22 05:46:13,0,1,2,11.7,3688.2,40001.3,7800.4,28185.5,24.7,0,
2017-12-22 05:46:16,0,1,2,11.8,3688.6,40001.0,7867.1,28431.4,24.6,0,
2017-12-22 05:46:19,0,1,2,11.8,3688.9,40001.3,7867.1,28431.4,24.7,0,
2017-12-22 05:46:22,0,1,2,11.9,3689.3,40001.3,7933.7,28677.4,24.6,0,
2017-12-22 05:46:25,0,1,2,11.9,3689.7,40001.2,7933.7,28677.4,24.6,0,
2017-12-22 05:46:28,0,1,2,12.0,3690.1,40001.3,8000.4,28923.4,24.6,0,
2017-12-22 05:46:32,0,1,2,12.0,3690.6,40001.3,8000.4,28923.4,24.6,0,
2017-12-22 05:46:35,0,1,2,12.1,3690.9,40001.0,8067.1,29169.5,24.6,0,
2017-12-22 05:46:38,0,1,2,12.1,3691.3,40000.8,8067.1,29169.5,24.6,0,
2017-12-22 05:46:41,0,1,2,12.2,3691.8,40001.3,8133.7,29415.6,24.6,0,
2017-12-22 05:46:44,0,1,2,12.2,3692.1,40001.4,8133.7,29415.6,24.6,0,
2017-12-22 05:46:47,0,1,2,12.3,3692.5,40001.3,8200.4,29661.7,24.6,0,
2017-12-22 05:46:50,0,1,2,12.3,3692.9,40001.1,8200.4,29661.7,24.6,0,
2017-12-22 05:46:53,0,1,2,12.4,3693.2,40001.0,8267.1,29908.0,24.6,0,
2017-12-22 05:46:56,0,1,2,12.4,3693.5,40001.3,8267.1,29908.0,24.6,0,
2017-12-22 05:46:59,0,1,2,12.5,3693.8,40000.8,8333.7,30154.2,24.6,0,
2017-12-22 05:47:03,0,1,2,12.5,3694.3,40001.3,8333.7,30154.2,24.6,0,
2017-12-22 05:47:06,0,1,2,12.6,3694.8,40001.7,8400.4,30400.5,24.6,0,
2017-12-22 05:47:09,0,1,2,12.6,3695.2,40001.0,8400.4,30400.5,24.6,0,
2017-12-22 05:47:12,0,1,2,12.7,3695.4,40001.0,8467.1,30646.9,24.6,0,
2017-12-22 05:47:15,0,1,2,12.7,3695.7,40000.9,8467.1,30646.9,24.6,0,
2017-12-22 05:47:18,0,1,2,12.8,3696.1,40001.0,8533.8,30893.3,24.6,0,
2017-12-22 05:47:21,0,1,2,12.8,3696.5,40001.1,8533.8,30893.3,24.6,0,
2017-12-22 05:47:24,0,1,2,12.9,3697.0,40001.0,8600.4,31139.8,24.6,0,
2017-12-22 05:47:27,0,1,2,13.0,3697.3,40000.9,8667.1,31386.3,24.7,0,
2017-12-22 05:47:30,0,1,2,13.0,3697.7,40001.0,8667.1,31386.3,24.7,0,
2017-12-22 05:47:33,0,1,2,13.1,3698.1,40001.3,8733.8,31632.8,24.7,0,
2017-12-22 05:47:36,0,1,2,13.1,3698.3,40001.0,8733.8,31632.8,24.7,0,
2017-12-22 05:47:39,0,1,2,13.2,3698.6,40001.5,8800.4,31879.4,24.7,0,
2017-12-22 05:47:43,0,1,2,13.2,3699.0,40001.2,8800.4,31879.4,24.7,0,
2017-12-22 05:47:46,0,1,2,13.3,3699.4,40001.5,8867.1,32126.0,24.6,0,
2017-12-22 05:47:49,0,1,2,13.3,3699.8,40001.2,8867.1,32126.0,24.6,0,
2017-12-22 05:47:52,0,1,2,13.4,3700.2,40000.8,8933.8,32372.7,24.6,0,
2017-12-22 05:47:55,0,1,2,13.4,3700.6,40001.2,8933.8,32372.7,24.7,0,
2017-12-22 05:47:58,0,1,2,13.5,3700.8,40001.0,9000.5,32619.5,24.7,0,
2017-12-22 05:48:01,0,1,2,13.5,3701.2,40001.5,9000.5,32619.5,24.7,0,
2017-12-22 05:48:04,0,1,2,13.6,3701.6,40001.0,9067.1,32866.2,24.7,0,
2017-12-22 05:48:07,0,1,2,13.6,3701.8,40001.2,9067.1,32866.2,24.7,0,
2017-12-22 05:48:10,0,1,2,13.7,3702.1,40001.0,9133.8,33113.0,24.7,0,
2017-12-22 05:48:13,0,1,2,13.7,3702.6,40001.0,9133.8,33113.0,24.7,0,
2017-12-22 05:48:16,0,1,2,13.8,3702.9,40001.3,9200.5,33359.9,24.7,0,
2017-12-22 05:48:19,0,1,2,13.8,3703.2,40001.3,9200.5,33359.9,24.7,0,
2017-12-22 05:48:22,0,1,2,13.9,3703.6,40001.0,9267.1,33606.8,24.7,0,
2017-12-22 05:48:26,0,1,2,13.9,3703.8,40001.2,9267.1,33606.8,24.7,0,
2017-12-22 05:48:29,0,1,2,14.0,3704.1,40000.5,9333.8,33853.8,24.7,0,
2017-12-22 05:48:32,0,1,2,14.0,3704.6,40001.3,9333.8,33853.8,24.7,0,
2017-12-22 05:48:35,0,1,2,14.1,3705.0,40001.2,9400.5,34100.8,24.7,0,
2017-12-22 05:48:38,0,1,2,14.1,3705.4,40001.3,9400.5,34100.8,24.7,0,
2017-12-22 05:48:41,0,1,2,14.2,3705.7,40001.5,9467.1,34347.8,24.8,0,
2017-12-22 05:48:44,0,1,2,14.2,3706.1,40001.3,9467.1,34347.8,24.7,0,
2017-12-22 05:48:47,0,1,2,14.3,3706.3,40001.0,9533.8,34594.9,24.7,0,
2017-12-22 05:48:50,0,1,2,14.3,3706.6,40001.4,9533.8,34594.9,24.7,0,
2017-12-22 05:48:53,0,1,2,14.4,3707.0,40001.2,9600.5,34842.0,24.7,0,
2017-12-22 05:48:57,0,1,2,14.4,3707.3,40001.5,9600.5,34842.0,24.7,0,
2017-12-22 05:49:00,0,1,2,14.5,3707.7,40001.3,9667.2,35089.2,24.7,0,
2017-12-22 05:49:03,0,1,2,14.5,3708.1,40001.5,9667.2,35089.2,24.7,0,
2017-12-22 05:49:06,0,1,2,14.6,3708.3,40001.3,9733.8,35336.4,24.7,0,
2017-12-22 05:49:09,0,1,2,14.7,3708.6,40001.5,9800.5,35583.7,24.7,0,
2017-12-22 05:49:12,0,1,2,14.7,3709.0,40001.4,9800.5,35583.7,24.7,0,
2017-12-22 05:49:15,0,1,2,14.8,3709.3,40001.2,9867.2,35831.0,24.7,0,
2017-12-22 05:49:19,0,1,2,14.8,3709.7,40001.0,9867.2,35831.0,24.7,0,
2017-12-22 05:49:22,0,1,2,14.9,3710.2,40001.1,9933.8,36078.4,24.7,0,
2017-12-22 05:49:25,0,1,2,14.9,3710.3,40001.0,9933.8,36078.4,24.7,0,
2017-12-22 05:49:28,0,1,2,15.0,3710.8,40001.5,10000.5,36325.8,24.7,0,
2017-12-22 05:49:31,0,1,2,15.0,3711.2,40001.0,10000.5,36325.8,24.6,0,
2017-12-22 05:49:34,0,1,2,15.1,3711.4,40001.3,10067.2,36573.2,24.6,0,
2017-12-22 05:49:37,0,1,2,15.1,3711.9,40001.3,10067.2,36573.2,24.6,0,
2017-12-22 05:49:40,0,1,2,15.2,3712.2,40001.2,10133.8,36820.7,24.6,0,
2017-12-22 05:49:43,0,1,2,15.2,3712.6,40001.3,10133.8,36820.7,24.6,0,
2017-12-22 05:49:47,0,1,2,15.3,3712.9,40000.9,10200.5,37068.2,24.6,0,
2017-12-22 05:49:50,0,1,2,15.3,3713.3,40001.3,10200.5,37068.2,24.6,0,
2017-12-22 05:49:53,0,1,2,15.4,3713.6,40001.3,10267.2,37315.8,24.6,0,
2017-12-22 05:49:56,0,1,2,15.4,3713.9,40001.3,10267.2,37315.8,24.6,0,
2017-12-22 05:49:59,0,1,2,15.5,3714.2,40001.3,10333.9,37563.4,24.6,0,
2017-12-22 05:50:02,0,1,2,15.5,3714.5,40001.6,10333.9,37563.4,24.6,0,
2017-12-22 05:50:05,0,1,2,15.6,3715.0,40001.2,10400.5,37811.1,24.6,0,
2017-12-22 05:50:08,0,1,2,15.6,3715.3,40001.2,10400.5,37811.1,24.6,0,
2017-12-22 05:50:11,0,1,2,15.7,3715.5,40001.2,10467.2,38058.8,24.6,0,
2017-12-22 05:50:14,0,1,2,15.7,3715.9,40001.2,10467.2,38058.8,24.6,0,
2017-12-22 05:50:17,0,1,2,15.8,3716.2,40001.3,10533.9,38306.5,24.6,0,
2017-12-22 05:50:21,0,1,2,15.8,3716.6,40001.4,10533.9,38306.5,24.6,0,
2017-12-22 05:50:24,0,1,2,15.9,3717.1,40001.3,10600.5,38554.3,24.6,0,
2017-12-22 05:50:27,0,1,2,15.9,3717.3,40001.0,10600.5,38554.3,24.6,0,
2017-12-22 05:50:30,0,1,2,16.0,3717.7,40001.2,10667.2,38802.2,24.6,0,
2017-12-22 05:50:33,0,1,2,16.0,3718.0,40001.0,10667.2,38802.2,24.7,0,
2017-12-22 05:50:37,0,1,2,16.1,3718.4,40001.1,10733.9,39050.1,24.6,0,
2017-12-22 05:50:40,0,1,2,16.2,3718.7,40001.3,10800.6,39298.0,24.6,0,
2017-12-22 05:50:43,0,1,2,16.2,3719.1,40001.3,10800.6,39298.0,24.6,0,
2017-12-22 05:50:46,0,1,2,16.3,3719.5,40001.4,10867.2,39546.0,24.6,0,
2017-12-22 05:50:49,0,1,2,16.3,3719.8,40001.3,10867.2,39546.0,24.7,0,
2017-12-22 05:50:52,0,1,2,16.4,3720.1,40001.3,10933.9,39794.0,24.7,0,
2017-12-22 05:50:55,0,1,2,16.4,3720.4,40001.5,10933.9,39794.0,24.7,0,
2017-12-22 05:50:58,0,1,2,16.5,3720.9,40001.2,11000.6,40042.1,24.7,0,
2017-12-22 05:51:01,0,1,2,16.5,3721.2,40001.2,11000.6,40042.1,24.7,0,
2017-12-22 05:51:04,0,1,2,16.6,3721.6,40000.9,11067.2,40290.2,24.7,0,
2017-12-22 05:51:07,0,1,2,16.6,3721.9,40001.3,11067.2,40290.2,24.7,0,
2017-12-22 05:51:10,0,1,2,16.7,3722.2,40001.2,11133.9,40538.3,24.7,0,
2017-12-22 05:51:13,0,1,2,16.7,3722.6,40001.3,11133.9,40538.3,24.6,0,
2017-12-22 05:51:16,0,1,2,16.8,3723.0,40001.0,11200.6,40786.5,24.6,0,
2017-12-22 05:51:19,0,1,2,16.8,3723.3,40001.3,11200.6,40786.5,24.6,0,
2017-12-22 05:51:22,0,1,2,16.9,3723.8,40001.1,11267.3,41034.8,24.6,0,
2017-12-22 05:51:25,0,1,2,16.9,3724.1,40001.1,11267.3,41034.8,24.7,0,
2017-12-22 05:51:28,0,1,2,17.0,3724.4,40001.4,11333.9,41283.1,24.7,0,
2017-12-22 05:51:31,0,1,2,17.0,3724.6,40001.3,11333.9,41283.1,24.6,0,
2017-12-22 05:51:34,0,1,2,17.1,3725.2,40001.8,11400.6,41531.5,24.7,0,
2017-12-22 05:51:37,0,1,2,17.1,3725.5,40001.0,11400.6,41531.5,24.7,0,
2017-12-22 05:51:41,0,1,2,17.2,3725.9,40001.4,11467.3,41779.8,24.7,0,
2017-12-22 05:51:44,0,1,2,17.2,3726.2,40001.2,11467.3,41779.8,24.6,0,
2017-12-22 05:51:47,0,1,2,17.3,3726.6,40000.5,11533.9,42028.3,24.6,0,
2017-12-22 05:51:50,0,1,2,17.3,3726.9,40001.2,11533.9,42028.3,24.6,0,
2017-12-22 05:51:53,0,1,2,17.4,3727.3,40001.3,11600.6,42276.8,24.6,0,
2017-12-22 05:51:56,0,1,2,17.4,3727.6,40001.3,11600.6,42276.8,24.6,0,
2017-12-22 05:51:59,0,1,2,17.5,3728.1,40001.2,11667.3,42525.3,24.7,0,
2017-12-22 05:52:03,0,1,2,17.5,3728.4,40001.0,11667.3,42525.3,24.7,0,
2017-12-22 05:52:06,0,1,2,17.6,3728.8,40001.3,11733.9,42773.9,24.7,0,
2017-12-22 05:52:09,0,1,2,17.6,3729.3,40001.0,11733.9,42773.9,24.8,0,
2017-12-22 05:52:12,0,1,2,17.7,3729.6,40001.2,11800.6,43022.5,24.7,0,
2017-12-22 05:52:15,0,1,2,17.7,3729.8,40001.5,11800.6,43022.5,24.8,0,
2017-12-22 05:52:18,0,1,2,17.8,3730.3,40001.1,11867.3,43271.2,24.8,0,
2017-12-22 05:52:21,0,1,2,17.8,3730.5,40001.2,11867.3,43271.2,24.8,0,
2017-12-22 05:52:25,0,1,2,17.9,3731.1,40001.1,11934.0,43519.9,24.8,0,
2017-12-22 05:52:28,0,1,2,18.0,3731.4,40001.3,12000.6,43768.7,24.7,0,
2017-12-22 05:52:31,0,1,2,18.0,3731.7,40001.4,12000.6,43768.7,24.7,0,
2017-12-22 05:52:34,0,1,2,18.1,3732.2,40001.4,12067.3,44017.5,24.7,0,
2017-12-22 05:52:37,0,1,2,18.1,3732.5,40001.4,12067.3,44017.5,24.8,0,
2017-12-22 05:52:40,0,1,2,18.2,3733.0,40000.8,12134.0,44266.4,24.7,0,
2017-12-22 05:52:43,0,1,2,18.2,3733.3,40001.3,12134.0,44266.4,24.7,0,
2017-12-22 05:52:46,0,1,2,18.3,3733.6,40001.0,12200.6,44515.3,24.7,0,
2017-12-22 05:52:50,0,1,2,18.3,3734.1,40001.2,12200.6,44515.3,24.7,0,
2017-12-22 05:52:53,0,1,2,18.4,3734.4,40000.8,12267.3,44764.3,24.8,0,
2017-12-22 05:52:56,0,1,2,18.4,3734.8,40001.3,12267.3,44764.3,24.8,0,
2017-12-22 05:52:59,0,1,2,18.5,3735.3,40001.5,12334.0,45013.3,24.8,0,
2017-12-22 05:53:02,0,1,2,18.5,3735.8,40001.5,12334.0,45013.3,24.8,0,
2017-12-22 05:53:05,0,1,2,18.6,3736.2,40001.2,12400.7,45262.4,24.7,0,
2017-12-22 05:53:09,0,1,2,18.6,3736.6,40001.1,12400.7,45262.4,24.8,0,
2017-12-22 05:53:12,0,1,2,18.7,3737.0,40000.8,12467.3,45511.5,24.8,0,
2017-12-22 05:53:15,0,1,2,18.7,3737.3,40001.2,12467.3,45511.5,24.8,0,
2017-12-22 05:53:18,0,1,2,18.8,3737.8,40001.0,12534.0,45760.7,24.8,0,
2017-12-22 05:53:21,0,1,2,18.9,3738.1,40001.2,12600.7,46009.9,24.8,0,
2017-12-22 05:53:25,0,1,2,18.9,3738.6,40001.2,12600.7,46009.9,24.8,0,
2017-12-22 05:53:28,0,1,2,19.0,3739.1,40000.9,12667.3,46259.2,24.7,0,
2017-12-22 05:53:31,0,1,2,19.0,3739.6,40001.4,12667.3,46259.2,24.8,0,
2017-12-22 05:53:34,0,1,2,19.1,3739.9,40001.3,12734.0,46508.5,24.8,0,
2017-12-22 05:53:37,0,1,2,19.1,3740.3,40001.2,12734.0,46508.5,24.7,0,
2017-12-22 05:53:41,0,1,2,19.2,3740.7,40001.4,12800.7,46757.9,24.7,0,
2017-12-22 05:53:44,0,1,2,19.2,3741.1,40001.2,12800.7,46757.9,24.7,0,
2017-12-22 05:53:47,0,1,2,19.3,3741.6,40001.1,12867.3,47007.4,24.8,0,
2017-12-22 05:53:50,0,1,2,19.3,3741.9,40001.3,12867.3,47007.4,24.8,0,
2017-12-22 05:53:53,0,1,2,19.4,3742.5,40001.0,12934.0,47256.9,24.7,0,
2017-12-22 05:53:56,0,1,2,19.4,3742.9,40001.7,12934.0,47256.9,24.8,0,
2017-12-22 05:53:59,0,1,2,19.5,3743.2,40001.2,13000.7,47506.4,24.8,0,
2017-12-22 05:54:03,0,1,2,19.5,3743.6,40001.2,13000.7,47506.4,24.8,0,
2017-12-22 05:54:06,0,1,2,19.6,3744.1,40001.0,13067.4,47756.0,24.8,0,
2017-12-22 05:54:09,0,1,2,19.6,3744.5,40001.2,13067.4,47756.0,24.8,0,
2017-12-22 05:54:12,0,1,2,19.7,3744.9,40001.3,13134.0,48005.7,24.8,0,
2017-12-22 05:54:15,0,1,2,19.7,3745.4,40001.0,13134.0,48005.7,24.8,0,
2017-12-22 05:54:18,0,1,2,19.8,3745.6,40001.2,13200.7,48255.4,24.8,0,
2017-12-22 05:54:21,0,1,2,19.8,3746.2,40001.2,13200.7,48255.4,24.8,0,
2017-12-22 05:54:24,0,1,2,19.9,3746.7,40001.0,13267.4,48505.1,24.8,0,
2017-12-22 05:54:28,0,1,2,20.0,3747.0,40001.0,13334.0,48754.9,24.8,0,
2017-12-22 05:54:31,0,1,2,20.0,3747.5,40001.0,13334.0,48754.9,24.8,0,
2017-12-22 05:54:34,0,1,2,20.1,3747.8,40001.0,13400.7,49004.8,24.8,0,
2017-12-22 05:54:37,0,1,2,20.1,3748.3,40000.9,13400.7,49004.8,24.7,0,
2017-12-22 05:54:40,0,1,2,20.2,3748.9,40001.0,13467.4,49254.7,24.7,0,
2017-12-22 05:54:43,0,1,2,20.2,3749.2,40001.2,13467.4,49254.7,24.7,0,
2017-12-22 05:54:46,0,1,2,20.3,3749.7,40001.0,13534.1,49504.7,24.7,0,
2017-12-22 05:54:49,0,1,2,20.3,3750.0,40000.8,13534.1,49504.7,24.7,0,
2017-12-22 05:54:52,0,1,2,20.4,3750.4,40001.2,13600.7,49754.8,24.6,0,
2017-12-22 05:54:55,0,1,2,20.4,3750.9,40001.3,13600.7,49754.8,24.6,0,
2017-12-22 05:54:58,0,1,2,20.5,3751.5,40001.0,13667.4,50004.9,24.6,0,
2017-12-22 05:55:01,0,1,2,20.5,3751.8,40001.2,13667.4,50004.9,24.6,0,
2017-12-22 05:55:04,0,1,2,20.6,3752.3,40001.0,13734.1,50255.0,24.6,0,
2017-12-22 05:55:07,0,1,2,20.6,3752.6,40000.8,13734.1,50255.0,24.6,0,
2017-12-22 05:55:11,0,1,2,20.7,3753.2,40001.3,13800.7,50505.2,24.6,0,
2017-12-22 05:55:14,0,1,2,20.7,3753.7,40001.0,13800.7,50505.2,24.6,0,
2017-12-22 05:55:17,0,1,2,20.8,3754.2,40001.0,13867.4,50755.5,24.7,0,
2017-12-22 05:55:20,0,1,2,20.8,3754.5,40000.6,13867.4,50755.5,24.7,0,
2017-12-22 05:55:23,0,1,2,20.9,3755.1,40001.0,13934.1,51005.8,24.7,0,
2017-12-22 05:55:26,0,1,2,20.9,3755.4,40000.8,13934.1,51005.8,24.7,0,
2017-12-22 05:55:29,0,1,2,21.0,3756.0,40001.0,14000.7,51256.2,24.7,0,
2017-12-22 05:55:33,0,1,2,21.0,3756.5,40001.2,14000.7,51256.2,24.7,0,
2017-12-22 05:55:36,0,1,2,21.1,3756.9,40001.0,14067.4,51506.7,24.8,0,
2017-12-22 05:55:39,0,1,2,21.1,3757.4,40001.1,14067.4,51506.7,24.8,0,
2017-12-22 05:55:42,0,1,2,21.2,3757.9,40000.8,14134.1,51757.2,24.8,0,
2017-12-22 05:55:46,0,1,2,21.3,3758.2,40000.9,14200.8,52007.7,24.8,0,
2017-12-22 05:55:49,0,1,2,21.3,3758.8,40001.3,14200.8,52007.7,24.8,0,
2017-12-22 05:55:52,0,1,2,21.4,3759.3,40000.7,14267.4,52258.4,24.8,0,
2017-12-22 05:55:55,0,1,2,21.4,3759.8,40000.9,14267.4,52258.4,24.8,0,
2017-12-22 05:55:58,0,1,2,21.5,3760.2,40001.0,14334.1,52509.1,24.8,0,
2017-12-22 05:56:01,0,1,2,21.5,3760.8,40001.2,14334.1,52509.1,24.8,0,
2017-12-22 05:56:04,0,1,2,21.6,3761.1,40001.2,14400.8,52759.8,24.8,0,
2017-12-22 05:56:07,0,1,2,21.6,3761.6,40001.0,14400.8,52759.8,24.8,0,
2017-12-22 05:56:10,0,1,2,21.7,3762.0,40001.0,14467.4,53010.6,24.8,0,
2017-12-22 05:56:13,0,1,2,21.7,3762.5,40000.9,14467.4,53010.6,24.8,0,
2017-12-22 05:56:16,0,1,2,21.8,3763.0,40001.2,14534.1,53261.5,24.8,0,
2017-12-22 05:56:19,0,1,2,21.8,3763.5,40001.0,14534.1,53261.5,24.8,0,
2017-12-22 05:56:23,0,1,2,21.9,3764.0,40001.1,14600.8,53512.4,24.8,0,
2017-12-22 05:56:26,0,1,2,21.9,3764.6,40001.0,14600.8,53512.4,24.8,0,
2017-12-22 05:56:29,0,1,2,22.0,3765.1,40000.6,14667.4,53763.5,24.8,0,
2017-12-22 05:56:32,0,1,2,22.0,3765.5,40001.0,14667.4,53763.5,24.8,0,
2017-12-22 05:56:35,0,1,2,22.1,3766.1,40001.0,14734.1,54014.5,24.8,0,
2017-12-22 05:56:38,0,1,2,22.1,3766.4,40001.2,14734.1,54014.5,24.8,0,
2017-12-22 05:56:42,0,1,2,22.2,3767.1,40001.0,14800.8,54265.6,24.8,0,
2017-12-22 05:56:45,0,1,2,22.2,3767.5,40001.0,14800.8,54265.6,24.8,0,
2017-12-22 05:56:48,0,1,2,22.3,3768.1,40001.4,14867.5,54516.8,24.8,0,
2017-12-22 05:56:51,0,1,2,22.3,3768.6,40001.0,14867.5,54516.8,24.8,0,
2017-12-22 05:56:55,0,1,2,22.4,3769.1,40000.9,14934.1,54768.1,24.8,0,
2017-12-22 05:56:58,0,1,2,22.5,3769.7,40001.2,15000.8,55019.4,24.8,0,
2017-12-22 05:57:01,0,1,2,22.5,3770.1,40001.0,15000.8,55019.4,24.8,0,
2017-12-22 05:57:04,0,1,2,22.6,3770.5,40001.0,15067.5,55270.8,24.8,0,
2017-12-22 05:57:07,0,1,2,22.6,3771.3,40000.9,15067.5,55270.8,24.8,0,
2017-12-22 05:57:10,0,1,2,22.7,3771.7,40001.2,15134.1,55522.3,24.8,0,
2017-12-22 05:57:13,0,1,2,22.7,3772.3,40001.1,15134.1,55522.3,24.7,0,
2017-12-22 05:57:16,0,1,2,22.8,3772.9,40000.8,15200.8,55773.8,24.8,0,
2017-12-22 05:57:20,0,1,2,22.8,3773.3,40001.1,15200.8,55773.8,24.8,0,
2017-12-22 05:57:23,0,1,2,22.9,3773.9,40001.0,15267.5,56025.4,24.7,0,
2017-12-22 05:57:26,0,1,2,22.9,3774.5,40000.9,15267.5,56025.4,24.8,0,
2017-12-22 05:57:29,0,1,2,23.0,3774.9,40001.2,15334.1,56277.0,24.8,0,
2017-12-22 05:57:32,0,1,2,23.0,3775.6,40001.3,15334.1,56277.0,24.8,0,
2017-12-22 05:57:36,0,1,2,23.1,3776.1,40001.2,15400.8,56528.8,24.8,0,
2017-12-22 05:57:39,0,1,2,23.1,3776.7,40001.1,15400.8,56528.8,24.8,0,
2017-12-22 05:57:42,0,1,2,23.2,3777.3,40001.1,15467.5,56780.6,24.8,0,
2017-12-22 05:57:45,0,1,2,23.2,3777.7,40001.3,15467.5,56780.6,24.8,0,
2017-12-22 05:57:48,0,1,2,23.3,3778.4,40001.2,15534.2,57032.4,24.8,0,
2017-12-22 05:57:51,0,1,2,23.4,3778.8,40001.3,15600.8,57284.4,24.8,0,
2017-12-22 05:57:55,0,1,2,23.4,3779.3,40001.4,15600.8,57284.4,24.8,0,
2017-12-22 05:57:58,0,1,2,23.5,3780.1,40001.2,15667.5,57536.4,24.8,0,
2017-12-22 05:58:01,0,1,2,23.5,3780.6,40001.2,15667.5,57536.4,24.8,0,
2017-12-22 05:58:04,0,1,2,23.6,3781.1,40001.3,15734.2,57788.5,24.8,0,
2017-12-22 05:58:07,0,1,2,23.6,3781.7,40001.2,15734.2,57788.5,24.8,0,
2017-12-22 05:58:10,0,1,2,23.7,3782.3,40001.0,15800.8,58040.6,24.8,0,
2017-12-22 05:58:14,0,1,2,23.7,3782.7,40001.2,15800.8,58040.6,24.8,0,
2017-12-22 05:58:17,0,1,2,23.8,3783.4,40001.2,15867.5,58292.8,24.8,0,
2017-12-22 05:58:20,0,1,2,23.8,3784.0,40001.0,15867.5,58292.8,24.8,0,
2017-12-22 05:58:23,0,1,2,23.9,3784.5,40001.0,15934.2,58545.1,24.8,0,
2017-12-22 05:58:26,0,1,2,23.9,3785.2,40000.7,15934.2,58545.1,24.9,0,
2017-12-22 05:58:29,0,1,2,24.0,3785.8,40000.7,16000.8,58797.5,24.9,0,
2017-12-22 05:58:33,0,1,2,24.0,3786.2,40000.8,16000.8,58797.5,24.8,0,
2017-12-22 05:58:36,0,1,2,24.1,3786.9,40001.0,16067.5,59049.9,24.9,0,
2017-12-22 05:58:39,0,1,2,24.1,3787.4,40001.0,16067.5,59049.9,24.8,0,
2017-12-22 05:58:42,0,1,2,24.2,3788.1,40001.0,16134.2,59302.5,24.9,0,
2017-12-22 05:58:45,0,1,2,24.3,3788.8,40000.8,16200.9,59555.1,24.9,0,
2017-12-22 05:58:49,0,1,2,24.3,3789.4,40000.3,16200.9,59555.1,24.9,0,
2017-12-22 05:58:52,0,1,2,24.4,3790.0,40000.8,16267.5,59807.7,24.9,0,
2017-12-22 05:58:55,0,1,2,24.4,3790.4,40000.8,16267.5,59807.7,24.8,0,
2017-12-22 05:58:58,0,1,2,24.5,3791.1,40000.9,16334.2,60060.5,24.8,0,
2017-12-22 05:59:01,0,1,2,24.5,3791.7,40000.8,16334.2,60060.5,24.8,0,
2017-12-22 05:59:05,0,1,2,24.6,3792.5,40000.5,16400.9,60313.3,24.8,0,
2017-12-22 05:59:08,0,1,2,24.6,3793.1,40000.8,16400.9,60313.3,24.8,0,
2017-12-22 05:59:11,0,1,2,24.7,3793.5,40000.8,16467.5,60566.2,24.8,0,
2017-12-22 05:59:14,0,1,2,24.7,3794.1,40001.1,16467.5,60566.2,24.8,0,
2017-12-22 05:59:17,0,1,2,24.8,3794.9,40000.9,16534.2,60819.1,24.8,0,
2017-12-22 05:59:20,0,1,2,24.8,3795.6,40000.7,16534.2,60819.1,24.8,0,
2017-12-22 05:59:23,0,1,2,24.9,3796.1,40001.1,16600.9,61072.2,24.8,0,
2017-12-22 05:59:27,0,1,2,24.9,3796.5,40000.7,16600.9,61072.2,24.8,0,
2017-12-22 05:59:30,0,1,2,25.0,3797.1,40001.0,16667.5,61325.3,24.8,0,
2017-12-22 05:59:33,0,1,2,25.0,3798.0,40001.1,16667.5,61325.3,24.8,0,
2017-12-22 05:59:36,0,1,2,25.1,3798.4,40000.9,16734.2,61578.5,24.8,0,
2017-12-22 05:59:39,0,1,2,25.1,3799.2,40000.8,16734.2,61578.5,24.8,0,
2017-12-22 05:59:42,0,1,2,25.2,3799.9,40001.0,16800.9,61831.8,24.8,0,
2017-12-22 05:59:45,0,1,2,25.2,3800.3,40000.5,16800.9,61831.8,24.8,0,
2017-12-22 05:59:48,0,1,2,25.3,3800.9,40001.0,16867.5,62085.2,24.8,0,
2017-12-22 05:59:51,0,1,2,25.3,3801.5,40001.0,16867.5,62085.2,24.8,0,
2017-12-22 05:59:54,0,1,2,25.4,3802.2,40000.8,16934.2,62338.7,24.8,0,
2017-12-22 05:59:57,0,1,2,25.4,3802.9,40000.9,16934.2,62338.7,24.8,0,
2017-12-22 06:00:00,0,1,2,25.5,3803.5,40000.5,17000.9,62592.2,24.8,0,
2017-12-22 06:00:04,0,1,2,25.6,3804.2,40000.8,17067.6,62845.8,24.8,0,
2017-12-22 06:00:07,0,1,2,25.6,3804.7,40000.5,17067.6,62845.8,24.8,0,
2017-12-22 06:00:10,0,1,2,25.7,3805.5,40000.7,17134.2,63099.5,24.8,0,
2017-12-22 06:00:13,0,1,2,25.7,3806.2,40000.9,17134.2,63099.5,24.8,0,
2017-12-22 06:00:17,0,1,2,25.8,3806.9,40000.7,17200.9,63353.3,24.8,0,
2017-12-22 06:00:20,0,1,2,25.8,3807.6,40000.8,17200.9,63353.3,24.8,0,
2017-12-22 06:00:23,0,1,2,25.9,3808.3,40001.1,17267.6,63607.2,24.8,0,
2017-12-22 06:00:26,0,1,2,25.9,3808.9,40001.0,17267.6,63607.2,24.8,0,
2017-12-22 06:00:29,0,1,2,26.0,3809.5,40001.0,17334.2,63861.2,24.8,0,
2017-12-22 06:00:32,0,1,2,26.0,3810.3,40000.7,17334.2,63861.2,24.8,0,
2017-12-22 06:00:36,0,1,2,26.1,3810.9,40000.8,17400.9,64115.2,24.8,0,
2017-12-22 06:00:39,0,1,2,26.1,3811.7,40000.7,17400.9,64115.2,24.8,0,
2017-12-22 06:00:42,0,1,2,26.2,3812.1,40000.7,17467.6,64369.3,24.8,0,
2017-12-22 06:00:45,0,1,2,26.2,3812.8,40000.5,17467.6,64369.3,24.8,0,
2017-12-22 06:00:48,0,1,2,26.3,3813.7,40000.6,17534.2,64623.5,24.8,0,
2017-12-22 06:00:51,0,1,2,26.3,3814.3,40000.5,17534.2,64623.5,24.8,0,
2017-12-22 06:00:54,0,1,2,26.4,3815.1,40000.7,17600.9,64877.8,24.8,0,
2017-12-22 06:00:57,0,1,2,26.5,3815.8,40000.8,17667.6,65132.2,24.8,0,
2017-12-22 06:01:01,0,1,2,26.5,3816.4,40000.6,17667.6,65132.2,24.8,0,
2017-12-22 06:01:04,0,1,2,26.6,3817.3,40001.1,17734.2,65386.7,24.8,0,
2017-12-22 06:01:07,0,1,2,26.6,3817.9,40000.7,17734.2,65386.7,24.8,0,
2017-12-22 06:01:10,0,1,2,26.7,3818.5,40001.0,17800.9,65641.3,24.8,0,
2017-12-22 06:01:14,0,1,2,26.7,3819.5,40000.5,17800.9,65641.3,24.8,0,
2017-12-22 06:01:17,0,1,2,26.8,3820.0,40000.8,17867.6,65895.9,24.8,0,
2017-12-22 06:01:20,0,1,2,26.8,3820.9,40001.1,17867.6,65895.9,24.8,0,
2017-12-22 06:01:23,0,1,2,26.9,3821.5,40000.5,17934.3,66150.7,24.8,0,
2017-12-22 06:01:26,0,1,2,26.9,3822.1,40000.8,17934.3,66150.7,24.8,0,
2017-12-22 06:01:29,0,1,2,27.0,3822.9,40000.5,18000.9,66405.5,24.8,0,
2017-12-22 06:01:32,0,1,2,27.0,3823.6,40000.8,18000.9,66405.5,24.8,0,
2017-12-22 06:01:36,0,1,2,27.1,3824.4,40000.7,18067.6,66660.5,24.8,0,
2017-12-22 06:01:39,0,1,2,27.1,3825.1,40000.8,18067.6,66660.5,24.8,0,
2017-12-22 06:01:42,0,1,2,27.2,3825.8,40000.7,18134.3,66915.5,24.8,0,
2017-12-22 06:01:45,0,1,2,27.2,3826.5,40000.7,18134.3,66915.5,24.9,0,
2017-12-22 06:01:48,0,1,2,27.3,3827.2,40000.7,18200.9,67170.6,24.9,0,
2017-12-22 06:01:51,0,1,2,27.3,3828.1,40000.8,18200.9,67170.6,24.9,0,
2017-12-22 06:01:55,0,1,2,27.4,3828.9,40000.5,18267.6,67425.9,24.9,0,
2017-12-22 06:01:58,0,1,2,27.5,3829.6,40000.8,18334.3,67681.2,24.9,0,
2017-12-22 06:02:01,0,1,2,27.5,3830.3,40000.8,18334.3,67681.2,24.9,0,
2017-12-22 06:02:04,0,1,2,27.6,3831.1,40000.8,18400.9,67936.6,24.9,0,
2017-12-22 06:02:07,0,1,2,27.6,3831.9,40000.7,18400.9,67936.6,24.9,0,
2017-12-22 06:02:10,0,1,2,27.7,3832.7,40000.7,18467.6,68192.1,24.9,0,
2017-12-22 06:02:14,0,1,2,27.7,3833.3,40001.0,18467.6,68192.1,24.9,0,
2017-12-22 06:02:17,0,1,2,27.8,3834.1,40000.6,18534.3,68447.7,24.9,0,
2017-12-22 06:02:20,0,1,2,27.8,3834.8,40000.5,18534.3,68447.7,24.9,0,
2017-12-22 06:02:23,0,1,2,27.9,3835.7,40001.0,18600.9,68703.4,24.9,0,
2017-12-22 06:02:26,0,1,2,27.9,3836.3,40000.7,18600.9,68703.4,24.9,0,
2017-12-22 06:02:29,0,1,2,28.0,3837.2,40000.7,18667.6,68959.2,24.9,0,
2017-12-22 06:02:32,0,1,2,28.0,3837.9,40000.7,18667.6,68959.2,25.0,0,
2017-12-22 06:02:35,0,1,2,28.1,3838.6,40000.8,18734.3,69215.0,25.0,0,
2017-12-22 06:02:38,0,1,2,28.1,3839.5,40001.0,18734.3,69215.0,25.0,0,
2017-12-22 06:02:41,0,1,2,28.2,3840.1,40000.7,18801.0,69471.0,25.0,0,
2017-12-22 06:02:44,0,1,2,28.2,3840.8,40000.7,18801.0,69471.0,25.0,0,
2017-12-22 06:02:47,0,1,2,28.3,3841.7,40000.8,18867.6,69727.1,25.0,0,
2017-12-22 06:02:51,0,1,2,28.3,3842.6,40000.8,18867.6,69727.1,25.0,0,
2017-12-22 06:02:54,0,1,2,28.4,3843.4,40000.7,18934.3,69983.3,25.0,0,
2017-12-22 06:02:57,0,1,2,28.4,3844.0,40001.0,18934.3,69983.3,25.0,0,
2017-12-22 06:03:00,0,1,2,28.5,3844.8,40000.5,19001.0,70239.6,25.0,0,
2017-12-22 06:03:03,0,1,2,28.5,3845.6,40000.5,19001.0,70239.6,25.0,0,
2017-12-22 06:03:06,0,1,2,28.6,3846.4,40000.5,19067.6,70496.0,25.0,0,
2017-12-22 06:03:09,0,1,2,28.6,3847.2,40000.4,19067.6,70496.0,24.9,0,
2017-12-22 06:03:12,0,1,2,28.7,3848.1,40000.8,19134.3,70752.5,24.9,0,
2017-12-22 06:03:16,0,1,2,28.8,3848.8,40000.7,19201.0,71009.1,24.9,0,
2017-12-22 06:03:19,0,1,2,28.8,3849.8,40001.0,19201.0,71009.1,24.8,0,
2017-12-22 06:03:22,0,1,2,28.9,3850.6,40000.9,19267.6,71265.8,24.8,0,
2017-12-22 06:03:25,0,1,2,28.9,3851.4,40000.3,19267.6,71265.8,24.8,0,
2017-12-22 06:03:28,0,1,2,29.0,3852.1,40000.3,19334.3,71522.6,24.8,0,
2017-12-22 06:03:31,0,1,2,29.0,3853.1,40000.8,19334.3,71522.6,24.8,0,
2017-12-22 06:03:34,0,1,2,29.1,3853.9,40000.8,19401.0,71779.5,24.8,0,
2017-12-22 06:03:38,0,1,2,29.1,3854.8,40000.8,19401.0,71779.5,24.8,0,
2017-12-22 06:03:41,0,1,2,29.2,3855.4,40000.7,19467.6,72036.6,24.8,0,
2017-12-22 06:03:44,0,1,2,29.2,3856.4,40000.3,19467.6,72036.6,24.9,0,
2017-12-22 06:03:47,0,1,2,29.3,3857.1,40000.7,19534.3,72293.7,24.8,0,
2017-12-22 06:03:50,0,1,2,29.3,3857.8,40000.7,19534.3,72293.7,24.9,0,
2017-12-22 06:03:53,0,1,2,29.4,3858.6,40000.5,19601.0,72550.9,24.9,0,
2017-12-22 06:03:56,0,1,2,29.4,3859.7,40000.3,19601.0,72550.9,24.9,0,
2017-12-22 06:03:59,0,1,2,29.5,3860.6,40000.5,19667.6,72808.3,24.9,0,
2017-12-22 06:04:02,0,1,2,29.5,3861.3,40000.6,19667.6,72808.3,24.9,0,
2017-12-22 06:04:05,0,1,2,29.6,3862.2,40000.4,19734.3,73065.7,24.9,0,
2017-12-22 06:04:08,0,1,2,29.6,3862.9,40000.7,19734.3,73065.7,24.9,0,
2017-12-22 06:04:12,0,1,2,29.7,3863.8,40001.0,19801.0,73323.3,24.9,0,
2017-12-22 06:04:15,0,1,2,29.7,3864.7,40000.3,19801.0,73323.3,24.9,0,
2017-12-22 06:04:18,0,1,2,29.8,3865.6,40000.8,19867.6,73580.9,24.9,0,
2017-12-22 06:04:21,0,1,2,29.8,3866.5,40000.8,19867.6,73580.9,25.0,0,
2017-12-22 06:04:24,0,1,2,29.9,3867.3,40000.4,19934.3,73838.7,25.0,0,
2017-12-22 06:04:27,0,1,2,30.0,3868.3,40001.0,20001.0,74096.6,25.0,0,
2017-12-22 06:04:30,0,1,2,30.0,3869.0,40000.8,20001.0,74096.6,25.0,0,
2017-12-22 06:04:34,0,1,2,30.1,3870.1,40000.7,20067.7,74354.6,25.0,0,
2017-12-22 06:04:37,0,1,2,30.1,3870.8,40000.3,20067.7,74354.6,25.0,0,
2017-12-22 06:04:40,0,1,2,30.2,3871.6,40000.7,20134.3,74612.7,25.0,0,
2017-12-22 06:04:43,0,1,2,30.2,3872.5,40000.5,20134.3,74612.7,25.0,0,
2017-12-22 06:04:46,0,1,2,30.3,3873.3,40000.8,20201.0,74870.9,25.0,0,
2017-12-22 06:04:49,0,1,2,30.3,3874.1,40000.6,20201.0,74870.9,25.0,0,
2017-12-22 06:04:52,0,1,2,30.4,3875.1,40000.5,20267.7,75129.3,25.0,0,
2017-12-22 06:04:55,0,1,2,30.4,3875.9,40000.7,20267.7,75129.3,25.0,0,
2017-12-22 06:04:58,0,1,2,30.5,3876.8,40000.7,20334.3,75387.7,25.0,0,
2017-12-22 06:05:01,0,1,2,30.5,3877.7,40000.3,20334.3,75387.7,25.0,0,
2017-12-22 06:05:05,0,1,2,30.6,3878.6,40000.8,20401.0,75646.3,25.0,0,
2017-12-22 06:05:08,0,1,2,30.6,3879.5,40000.5,20401.0,75646.3,24.9,0,
2017-12-22 06:05:11,0,1,2,30.7,3880.4,40000.8,20467.7,75905.0,24.9,0,
2017-12-22 06:05:14,0,1,2,30.7,3881.5,40000.5,20467.7,75905.0,25.0,0,
2017-12-22 06:05:17,0,1,2,30.8,3882.3,40001.2,20534.3,76163.7,24.9,0,
2017-12-22 06:05:20,0,1,2,30.8,3883.3,40000.7,20534.3,76163.7,24.9,0,
2017-12-22 06:05:24,0,1,2,30.9,3884.2,40000.5,20601.0,76422.7,25.0,0,
2017-12-22 06:05:27,0,1,2,30.9,3885.0,40000.3,20601.0,76422.7,25.0,0,
2017-12-22 06:05:30,0,1,2,31.0,3886.0,40000.3,20667.7,76681.7,25.0,0,
2017-12-22 06:05:33,0,1,2,31.0,3886.7,40000.5,20667.7,76681.7,25.0,0,
2017-12-22 06:05:36,0,1,2,31.1,3887.6,40000.2,20734.3,76940.8,25.0,0,
2017-12-22 06:05:39,0,1,2,31.1,3888.6,40000.3,20734.3,76940.8,25.0,0,
2017-12-22 06:05:42,0,1,2,31.2,3889.5,40000.3,20801.0,77200.1,25.0,0,
2017-12-22 06:05:45,0,1,2,31.2,3890.5,40000.2,20801.0,77200.1,25.0,0,
2017-12-22 06:05:48,0,1,2,31.3,3891.3,40000.5,20867.7,77459.4,24.9,0,
2017-12-22 06:05:51,0,1,2,31.4,3892.2,39999.7,20934.3,77718.9,25.0,0,
2017-12-22 06:05:54,0,1,2,31.4,3893.1,39999.7,20934.3,77718.9,24.9,0,
2017-12-22 06:05:57,0,1,2,31.5,3894.0,39999.0,21001.0,77978.5,24.9,0,
2017-12-22 06:06:01,0,1,2,31.5,3895.1,39998.2,21001.0,77978.5,25.0,0,
2017-12-22 06:06:04,0,1,2,31.6,3895.8,39997.8,21067.7,78238.2,25.0,0,
2017-12-22 06:06:07,0,1,2,31.6,3897.0,39997.4,21067.7,78238.2,25.0,0,
2017-12-22 06:06:10,0,1,2,31.7,3897.7,39997.1,21134.3,78498.0,25.0,0,
2017-12-22 06:06:13,0,1,2,31.7,3898.7,39995.8,21134.3,78498.0,25.0,0,
2017-12-22 06:06:16,0,1,2,31.8,3899.5,39996.0,21201.0,78757.9,25.0,0,
2017-12-22 06:06:19,0,1,2,31.8,3900.1,39314.8,21201.0,78757.9,25.0,0,
2017-12-22 06:06:22,0,1,2,31.9,3900.2,38418.1,21265.4,79009.0,25.0,0,
2017-12-22 06:06:25,0,1,2,31.9,3900.1,37391.2,21265.4,79009.0,25.0,0,
2017-12-22 06:06:29,0,1,2,32.0,3900.2,36720.4,21326.8,79248.4,25.0,0,
2017-12-22 06:06:32,0,1,2,32.0,3900.1,35649.8,21326.8,79248.4,25.0,0,
2017-12-22 06:06:35,0,1,2,32.1,3900.1,35117.6,21385.7,79478.3,25.0,0,
2017-12-22 06:06:38,0,1,2,32.1,3900.1,34416.9,21385.7,79478.3,25.0,0,
2017-12-22 06:06:41,0,1,2,32.2,3900.0,33719.3,21442.5,79699.7,25.0,0,
2017-12-22 06:06:44,0,1,2,32.2,3900.1,33142.2,21442.5,79699.7,25.0,0,
2017-12-22 06:06:47,0,1,2,32.3,3899.8,32391.9,21497.1,79912.9,25.0,0,
2017-12-22 06:06:50,0,1,2,32.3,3900.0,32001.6,21497.1,79912.9,25.0,0,
2017-12-22 06:06:53,0,1,2,32.4,3900.1,31506.5,21550.2,80119.7,25.0,0,
2017-12-22 06:06:56,0,1,2,32.4,3899.8,30803.4,21550.2,80119.7,25.0,0,
2017-12-22 06:07:00,0,1,2,32.5,3899.9,30417.6,21601.4,80319.5,25.0,0,
2017-12-22 06:07:03,0,1,2,32.5,3899.9,29753.9,21601.4,80319.5,25.0,0,
2017-12-22 06:07:06,0,1,2,32.6,3900.1,29368.5,21650.8,80512.3,25.0,0,
2017-12-22 06:07:09,0,1,2,32.6,3900.0,28784.2,21650.8,80512.3,25.0,0,
2017-12-22 06:07:12,0,1,2,32.7,3900.1,28364.3,21698.8,80699.4,25.0,0,
2017-12-22 06:07:16,0,1,2,32.8,3900.1,27871.4,21745.3,80880.9,25.0,0,
2017-12-22 06:07:19,0,1,2,32.8,3900.0,27443.1,21745.3,80880.9,25.0,0,
2017-12-22 06:07:22,0,1,2,32.9,3900.0,26896.1,21790.4,81056.6,25.0,0,
2017-12-22 06:07:25,0,1,2,32.9,3900.1,26561.3,21790.4,81056.6,25.0,0,
2017-12-22 06:07:28,0,1,2,33.0,3899.9,26043.1,21834.0,81226.7,25.0,0,
2017-12-22 06:07:32,0,1,2,33.0,3899.9,25529.0,21834.0,81226.7,25.0,0,
2017-12-22 06:07:35,0,1,2,33.1,3899.8,25071.3,21876.3,81391.8,25.0,0,
2017-12-22 06:07:38,0,1,2,33.1,3900.0,24830.5,21876.3,81391.8,25.0,0,
2017-12-22 06:07:41,0,1,2,33.2,3899.9,24264.2,21917.3,81551.5,25.0,0,
2017-12-22 06:07:44,0,1,2,33.2,3900.1,24023.6,21917.3,81551.5,25.0,0,
2017-12-22 06:07:48,0,1,2,33.3,3899.9,23440.2,21956.9,81706.1,25.0,0,
2017-12-22 06:07:51,0,1,2,33.3,3899.9,23142.4,21956.9,81706.1,25.0,0,
2017-12-22 06:07:54,0,1,2,33.4,3900.0,22789.4,21995.5,81856.4,25.0,0,
2017-12-22 06:07:57,0,1,2,33.4,3900.1,22501.9,21995.5,81856.4,24.9,0,
2017-12-22 06:08:00,0,1,2,33.5,3899.9,22055.1,22032.7,82001.6,24.9,0,
2017-12-22 06:08:03,0,1,2,33.5,3899.9,21669.2,22032.7,82001.6,24.9,0,
2017-12-22 06:08:06,0,1,2,33.6,3900.1,21398.8,22068.8,82142.5,24.9,0,
2017-12-22 06:08:09,0,1,2,33.7,3900.0,21025.2,22103.9,82279.1,24.9,0,
2017-12-22 06:08:12,0,1,2,33.7,3900.0,20669.5,22103.9,82279.1,24.9,0,
2017-12-22 06:08:16,0,1,2,33.8,3900.0,20308.6,22137.7,82411.1,24.9,0,
2017-12-22 06:08:19,0,1,2,33.8,3900.0,20095.7,22137.7,82411.1,24.9,0,
2017-12-22 06:08:22,0,1,2,33.9,3899.9,19694.3,22170.6,82539.2,24.9,0,
2017-12-22 06:08:25,0,1,2,33.9,3900.0,19495.8,22170.6,82539.2,24.9,0,
2017-12-22 06:08:28,0,1,2,34.0,3899.9,19070.0,22202.5,82663.7,24.8,0,
2017-12-22 06:08:31,0,1,2,34.0,3900.0,18821.8,22202.5,82663.7,24.8,0,
2017-12-22 06:08:34,0,1,2,34.1,3899.9,18448.2,22233.4,82784.3,24.9,0,
2017-12-22 06:08:38,0,1,2,34.1,3899.9,18169.4,22233.4,82784.3,24.9,0,
2017-12-22 06:08:41,0,1,2,34.2,3900.0,17942.6,22263.5,82901.5,24.9,0,
2017-12-22 06:08:44,0,1,2,34.2,3899.9,17674.7,22263.5,82901.5,24.9,0,
2017-12-22 06:08:47,0,1,2,34.3,3899.9,17364.7,22292.6,83015.0,24.9,0,
2017-12-22 06:08:50,0,1,2,34.3,3900.1,17105.1,22292.6,83015.0,24.9,0,
2017-12-22 06:08:53,0,1,2,34.4,3900.0,16806.7,22320.8,83125.1,24.9,0,
2017-12-22 06:08:56,0,1,2,34.4,3900.1,16561.2,22320.8,83125.1,25.0,0,
2017-12-22 06:09:00,0,1,2,34.5,3900.1,16304.7,22348.2,83231.9,25.0,0,
2017-12-22 06:09:03,0,1,2,34.5,3899.8,16017.9,22348.2,83231.9,25.0,0,
2017-12-22 06:09:06,0,1,2,34.6,3900.1,15827.5,22374.7,83335.5,25.0,0,
2017-12-22 06:09:09,0,1,2,34.6,3899.9,15471.9,22374.7,83335.5,25.0,0,
2017-12-22 06:09:12,0,1,2,34.7,3900.0,15308.0,22400.5,83436.0,24.9,0,
2017-12-22 06:09:16,0,1,2,34.8,3899.9,15002.8,22425.5,83533.5,24.9,0,
2017-12-22 06:09:19,0,1,2,34.8,3899.9,14813.6,22425.5,83533.5,24.9,0,
2017-12-22 06:09:22,0,1,2,34.9,3900.0,14519.0,22449.8,83628.4,24.9,0,
2017-12-22 06:09:25,0,1,2,34.9,3900.0,14271.2,22449.8,83628.4,24.9,0,
2017-12-22 06:09:28,0,1,2,35.0,3899.9,14086.0,22473.5,83720.6,24.9,0,
2017-12-22 06:09:31,0,1,2,35.0,3900.1,13977.9,22473.5,83720.6,24.9,0,
2017-12-22 06:09:34,0,1,2,35.1,3899.9,13734.1,22496.6,83810.6,24.9,0,
2017-12-22 06:09:38,0,1,2,35.1,3900.0,13527.5,22496.6,83810.6,24.9,0,
2017-12-22 06:09:41,0,1,2,35.2,3899.9,13223.3,22518.8,83897.2,24.9,0,
2017-12-22 06:09:44,0,1,2,35.2,3899.9,13123.9,22518.8,83897.2,24.8,0,
2017-12-22 06:09:47,0,1,2,35.3,3900.0,12927.1,22540.4,83981.5,24.9,0,
2017-12-22 06:09:50,0,1,2,35.3,3900.0,12667.6,22540.4,83981.5,24.8,0,
2017-12-22 06:09:53,0,1,2,35.4,3900.1,12508.9,22561.4,84063.6,24.9,0,
2017-12-22 06:09:57,0,1,2,35.4,3900.1,12321.5,22561.4,84063.6,24.9,0,
2017-12-22 06:10:00,0,1,2,35.5,3900.0,12157.4,22581.9,84143.4,24.8,0,
2017-12-22 06:10:03,0,1,2,35.5,3900.1,11975.4,22581.9,84143.4,24.9,0,
2017-12-22 06:10:06,0,1,2,35.6,3900.1,11764.3,22601.8,84221.1,24.8,0,
2017-12-22 06:10:09,0,1,2,35.6,3900.1,11588.7,22601.8,84221.1,24.9,0,
2017-12-22 06:10:13,0,1,2,35.7,3899.9,11413.4,22621.1,84296.2,24.8,0,
2017-12-22 06:10:15,0,1,2,35.8,3900.1,11242.1,22639.8,84369.3,24.8,0,
2017-12-22 06:10:18,0,1,2,35.8,3899.9,11129.3,22639.8,84369.3,24.8,0,
2017-12-22 06:10:22,0,1,2,35.9,3900.1,10990.0,22658.2,84440.9,24.8,0,
2017-12-22 06:10:25,0,1,2,35.9,3900.0,10824.0,22658.2,84440.9,24.8,0,
2017-12-22 06:10:28,0,1,2,36.0,3900.1,10606.5,22675.8,84509.8,24.8,0,
2017-12-22 06:10:31,0,1,2,36.0,3900.1,10474.2,22675.8,84509.8,24.8,0,
2017-12-22 06:10:34,0,1,2,36.1,3900.1,10368.6,22693.1,84577.2,24.8,0,
2017-12-22 06:10:37,0,1,2,36.1,3900.1,10186.7,22693.1,84577.2,24.8,0,
2017-12-22 06:10:40,0,1,2,36.2,3900.0,10033.4,22709.9,84642.8,24.8,0,
2017-12-22 06:10:41,0,1,2,36.2,3900.1,9983.4,22709.9,84642.8,24.8,5,终止电流到
2017-12-22 06:10:43,0,1,2,36.2,3892.3,2.4,22709.9,84642.8,24.8,5,终止电流到
2017-12-22 06:10:46,0,1,2,36.3,3891.1,3.4,22709.9,84642.8,24.8,5,终止电流到
2017-12-22 06:10:50,0,1,2,36.3,3890.2,3.3,22709.9,84642.8,24.8,5,终止电流到
2017-12-22 06:10:53,0,1,2,36.4,3889.4,3.8,22709.9,84642.8,24.8,5,终止电流到
2017-12-22 06:10:56,0,1,2,36.4,3888.8,3.1,22709.9,84642.8,24.8,5,终止电流到
2017-12-22 06:10:59,0,1,2,36.5,3888.3,3.1,22709.9,84642.8,24.8,5,终止电流到
2017-12-22 06:11:02,0,1,2,36.5,3887.9,2.7,22709.9,84642.8,24.8,5,终止电流到
2017-12-22 06:11:07,0,2,3,0.0,3887.2,0,0.0,0.0,24.8,0,
2017-12-22 06:11:30,0,2,3,0.4,3885.7,23.2,0.0,0.0,24.8,0,
2017-12-22 06:11:33,0,2,3,0.4,3885.4,22.7,0.0,0.0,24.7,0,
2017-12-22 06:11:36,0,2,3,0.5,3885.4,22.8,0.0,0.0,24.7,0,
2017-12-22 06:11:39,0,2,3,0.5,3885.3,22.4,0.0,0.0,24.8,0,
2017-12-22 06:11:42,0,2,3,0.6,3885.0,22.9,0.0,0.0,24.8,0,
2017-12-22 06:11:45,0,2,3,0.6,3884.9,23.2,0.0,0.0,24.8,0,
2017-12-22 06:11:49,0,2,3,0.7,3884.8,22.4,0.0,0.0,24.8,0,
2017-12-22 06:11:52,0,2,3,0.7,3884.7,22.5,0.0,0.0,24.8,0,
2017-12-22 06:11:55,0,2,3,0.8,3884.7,22.8,0.0,0.0,24.8,0,
2017-12-22 06:11:58,0,2,3,0.8,3884.6,22.7,0.0,0.0,24.8,0,
2017-12-22 06:12:01,0,2,3,0.9,3884.6,23.2,0.0,0.0,24.8,0,
2017-12-22 06:12:04,0,2,3,0.9,3884.3,21.9,0.0,0.0,24.8,0,
2017-12-22 06:12:07,0,2,3,1.0,3884.4,22.8,0.0,0.0,24.7,0,
2017-12-22 06:12:08,0,2,3,1.0,3884.2,22.4,0.0,0.0,24.8,1,时间到
2017-12-22 06:12:12,0,3,4,0.0,3884.1,0,0.0,0.0,24.8,0,
2017-12-22 06:12:34,0,3,4,0.4,3833.1,-40000.3,266.7,1024.8,24.7,0,
2017-12-22 06:12:38,0,3,4,0.4,3830.6,-40000.8,266.7,1024.8,24.8,0,
2017-12-22 06:12:41,0,3,4,0.5,3828.3,-40000.5,333.3,1280.1,24.8,0,
2017-12-22 06:12:44,0,3,4,0.5,3826.0,-40001.0,333.3,1280.1,24.7,0,
2017-12-22 06:12:47,0,3,4,0.6,3824.0,-40000.7,400.0,1535.0,24.7,0,
2017-12-22 06:12:50,0,3,4,0.6,3822.0,-40001.0,400.0,1535.0,24.7,0,
2017-12-22 06:12:53,0,3,4,0.7,3820.2,-40001.2,466.7,1789.8,24.8,0,
2017-12-22 06:12:56,0,3,4,0.7,3818.5,-40001.0,466.7,1789.8,24.8,0,
2017-12-22 06:13:00,0,3,4,0.8,3816.7,-40001.1,533.4,2044.3,24.8,0,
2017-12-22 06:13:03,0,3,4,0.8,3815.0,-40001.7,533.4,2044.3,24.8,0,
2017-12-22 06:13:06,0,3,4,0.9,3813.4,-40001.2,600.0,2298.6,24.8,0,
2017-12-22 06:13:09,0,3,4,0.9,3811.9,-40001.3,600.0,2298.6,24.8,0,
2017-12-22 06:13:12,0,3,4,1.0,3810.2,-40001.7,666.7,2552.7,24.8,0,
2017-12-22 06:13:15,0,3,4,1.0,3808.8,-40001.9,666.7,2552.7,24.8,0,
2017-12-22 06:13:18,0,3,4,1.1,3807.2,-40001.5,733.4,2806.6,24.8,0,
2017-12-22 06:13:22,0,3,4,1.1,3805.9,-40001.8,733.4,2806.6,24.8,0,
2017-12-22 06:13:25,0,3,4,1.2,3804.4,-40001.8,800.0,3060.3,24.8,0,
2017-12-22 06:13:28,0,3,4,1.2,3802.8,-40001.3,800.0,3060.3,24.7,0,
2017-12-22 06:13:31,0,3,4,1.3,3801.5,-40001.8,866.7,3313.8,24.8,0,
2017-12-22 06:13:34,0,3,4,1.3,3800.2,-40001.5,866.7,3313.8,24.8,0,
2017-12-22 06:13:37,0,3,4,1.4,3798.7,-40002.0,933.4,3567.2,24.8,0,
2017-12-22 06:13:40,0,3,4,1.5,3797.4,-40001.7,1000.1,3820.4,24.8,0,
2017-12-22 06:13:44,0,3,4,1.5,3796.0,-40001.3,1000.1,3820.4,24.8,0,
2017-12-22 06:13:47,0,3,4,1.6,3794.6,-40001.5,1066.7,4073.4,24.8,0,
2017-12-22 06:13:50,0,3,4,1.6,3793.3,-40001.2,1066.7,4073.4,24.8,0,
2017-12-22 06:13:53,0,3,4,1.7,3792.0,-40001.5,1133.4,4326.2,24.8,0,
2017-12-22 06:13:56,0,3,4,1.7,3790.4,-40001.7,1133.4,4326.2,24.7,0,
2017-12-22 06:14:00,0,3,4,1.8,3789.1,-40001.0,1200.1,4578.8,24.7,0,
2017-12-22 06:14:03,0,3,4,1.8,3787.8,-40001.3,1200.1,4578.8,24.8,0,
2017-12-22 06:14:06,0,3,4,1.9,3786.5,-40001.2,1266.7,4831.3,24.8,0,
2017-12-22 06:14:09,0,3,4,1.9,3785.2,-40001.1,1266.7,4831.3,24.8,0,
2017-12-22 06:14:12,0,3,4,2.0,3783.9,-40001.5,1333.4,5083.7,24.8,0,
2017-12-22 06:14:15,0,3,4,2.0,3782.4,-40001.7,1333.4,5083.7,24.7,0,
2017-12-22 06:14:18,0,3,4,2.1,3781.3,-40001.8,1400.1,5335.8,24.8,0,
2017-12-22 06:14:22,0,3,4,2.1,3779.9,-40001.7,1400.1,5335.8,24.7,0,
2017-12-22 06:14:25,0,3,4,2.2,3778.5,-40001.3,1466.8,5587.8,24.7,0,
2017-12-22 06:14:28,0,3,4,2.2,3777.2,-40001.7,1466.8,5587.8,24.8,0,
2017-12-22 06:14:31,0,3,4,2.3,3776.0,-40001.5,1533.4,5839.7,24.8,0,
2017-12-22 06:14:34,0,3,4,2.3,3774.6,-40001.8,1533.4,5839.7,24.8,0,
2017-12-22 06:14:37,0,3,4,2.4,3773.5,-40001.7,1600.1,6091.3,24.8,0,
2017-12-22 06:14:40,0,3,4,2.5,3772.1,-40001.2,1666.8,6342.8,24.8,0,
2017-12-22 06:14:44,0,3,4,2.5,3770.8,-40001.9,1666.8,6342.8,24.8,0,
2017-12-22 06:14:47,0,3,4,2.6,3769.5,-40001.0,1733.4,6594.1,24.8,0,
2017-12-22 06:14:50,0,3,4,2.6,3768.2,-40001.8,1733.4,6594.1,24.8,0,
2017-12-22 06:14:53,0,3,4,2.7,3767.0,-40001.5,1800.1,6845.3,24.8,0,
2017-12-22 06:14:56,0,3,4,2.7,3765.8,-40001.5,1800.1,6845.3,24.8,0,
2017-12-22 06:14:59,0,3,4,2.8,3764.3,-40001.5,1866.8,7096.3,24.8,0,
2017-12-22 06:15:02,0,3,4,2.8,3763.2,-40001.0,1866.8,7096.3,24.8,0,
2017-12-22 06:15:06,0,3,4,2.9,3761.8,-40001.7,1933.5,7347.1,24.8,0,
2017-12-22 06:15:09,0,3,4,2.9,3760.6,-40001.3,1933.5,7347.1,24.8,0,
2017-12-22 06:15:12,0,3,4,3.0,3759.3,-40001.5,2000.1,7597.8,24.8,0,
2017-12-22 06:15:15,0,3,4,3.0,3758.1,-40001.3,2000.1,7597.8,24.8,0,
2017-12-22 06:15:18,0,3,4,3.1,3756.7,-40001.3,2066.8,7848.3,24.8,0,
2017-12-22 06:15:21,0,3,4,3.1,3755.6,-40001.5,2066.8,7848.3,24.8,0,
2017-12-22 06:15:24,0,3,4,3.2,3754.4,-40001.0,2133.5,8098.7,24.8,0,
2017-12-22 06:15:28,0,3,4,3.2,3753.2,-40001.8,2133.5,8098.7,24.8,0,
2017-12-22 06:15:31,0,3,4,3.3,3752.0,-40001.3,2200.1,8348.9,24.8,0,
2017-12-22 06:15:34,0,3,4,3.3,3750.7,-40001.2,2200.1,8348.9,24.8,0,
2017-12-22 06:15:37,0,3,4,3.4,3749.5,-40001.5,2266.8,8599.0,24.8,0,
2017-12-22 06:15:40,0,3,4,3.4,3748.2,-40001.3,2266.8,8599.0,24.8,0,
2017-12-22 06:15:43,0,3,4,3.5,3747.0,-40002.0,2333.5,8848.9,24.8,0,
2017-12-22 06:15:46,0,3,4,3.6,3745.9,-40001.1,2400.2,9098.6,24.8,0,
2017-12-22 06:15:49,0,3,4,3.6,3744.6,-40000.9,2400.2,9098.6,24.8,0,
2017-12-22 06:15:53,0,3,4,3.7,3743.4,-40001.3,2466.8,9348.2,24.8,0,
2017-12-22 06:15:56,0,3,4,3.7,3742.3,-40000.8,2466.8,9348.2,24.8,0,
2017-12-22 06:15:59,0,3,4,3.8,3741.2,-40001.5,2533.5,9597.7,24.8,0,
2017-12-22 06:16:02,0,3,4,3.8,3740.0,-40001.0,2533.5,9597.7,24.8,0,
2017-12-22 06:16:05,0,3,4,3.9,3739.0,-40001.5,2600.2,9847.0,24.8,0,
2017-12-22 06:16:08,0,3,4,3.9,3737.7,-40001.8,2600.2,9847.0,24.8,0,
2017-12-22 06:16:11,0,3,4,4.0,3736.5,-40001.3,2666.8,10096.1,24.8,0,
2017-12-22 06:16:15,0,3,4,4.0,3735.4,-40001.7,2666.8,10096.1,24.8,0,
2017-12-22 06:16:18,0,3,4,4.1,3734.2,-40001.3,2733.5,10345.1,24.8,0,
2017-12-22 06:16:21,0,3,4,4.1,3733.1,-40001.2,2733.5,10345.1,24.7,0,
2017-12-22 06:16:24,0,3,4,4.2,3732.1,-40001.6,2800.2,10594.0,24.8,0,
2017-12-22 06:16:27,0,3,4,4.2,3730.9,-40001.5,2800.2,10594.0,24.8,0,
2017-12-22 06:16:30,0,3,4,4.3,3729.9,-40001.7,2866.9,10842.7,24.8,0,
2017-12-22 06:16:33,0,3,4,4.3,3728.7,-40001.8,2866.9,10842.7,24.8,0,
2017-12-22 06:16:37,0,3,4,4.4,3727.8,-40001.8,2933.5,11091.3,24.8,0,
2017-12-22 06:16:40,0,3,4,4.4,3726.6,-40001.5,2933.5,11091.3,24.8,0,
2017-12-22 06:16:43,0,3,4,4.5,3725.6,-40001.8,3000.2,11339.7,24.8,0,
2017-12-22 06:16:46,0,3,4,4.5,3724.5,-40001.6,3000.2,11339.7,24.8,0,
2017-12-22 06:16:49,0,3,4,4.6,3723.3,-40001.5,3066.9,11588.1,24.8,0,
2017-12-22 06:16:52,0,3,4,4.6,3722.4,-40001.5,3066.9,11588.1,24.8,0,
2017-12-22 06:16:55,0,3,4,4.7,3721.4,-40001.3,3133.6,11836.2,24.8,0,
2017-12-22 06:16:58,0,3,4,4.8,3720.3,-40001.5,3200.2,12084.3,24.8,0,
2017-12-22 06:17:02,0,3,4,4.8,3719.4,-40001.7,3200.2,12084.3,24.8,0,
2017-12-22 06:17:05,0,3,4,4.9,3718.2,-40001.7,3266.9,12332.2,24.8,0,
2017-12-22 06:17:08,0,3,4,4.9,3717.2,-40001.8,3266.9,12332.2,24.8,0,
2017-12-22 06:17:11,0,3,4,5.0,3716.3,-40001.0,3333.6,12580.0,24.7,0,
2017-12-22 06:17:14,0,3,4,5.0,3715.3,-40001.5,3333.6,12580.0,24.7,0,
2017-12-22 06:17:17,0,3,4,5.1,3714.3,-40001.5,3400.2,12827.7,24.8,0,
2017-12-22 06:17:20,0,3,4,5.1,3713.3,-40001.2,3400.2,12827.7,24.7,0,
2017-12-22 06:17:24,0,3,4,5.2,3712.3,-40001.3,3466.9,13075.2,24.7,0,
2017-12-22 06:17:27,0,3,4,5.2,3711.5,-40001.3,3466.9,13075.2,24.7,0,
2017-12-22 06:17:30,0,3,4,5.3,3710.4,-40002.2,3533.6,13322.6,24.7,0,
2017-12-22 06:17:33,0,3,4,5.3,3709.6,-40001.6,3533.6,13322.6,24.7,0,
2017-12-22 06:17:36,0,3,4,5.4,3708.5,-40001.1,3600.3,13569.9,24.7,0,
2017-12-22 06:17:39,0,3,4,5.4,3707.7,-40001.3,3600.3,13569.9,24.7,0,
2017-12-22 06:17:42,0,3,4,5.5,3706.6,-40001.7,3666.9,13817.1,24.7,0,
2017-12-22 06:17:46,0,3,4,5.5,3705.9,-40001.5,3666.9,13817.1,24.7,0,
2017-12-22 06:17:49,0,3,4,5.6,3704.9,-40001.0,3733.6,14064.1,24.7,0,
2017-12-22 06:17:52,0,3,4,5.6,3703.9,-40001.1,3733.6,14064.1,24.7,0,
2017-12-22 06:17:55,0,3,4,5.7,3703.0,-40002.0,3800.3,14311.1,24.7,0,
2017-12-22 06:17:58,0,3,4,5.7,3702.2,-40001.2,3800.3,14311.1,24.7,0,
2017-12-22 06:18:01,0,3,4,5.8,3701.3,-40001.1,3866.9,14557.9,24.7,0,
2017-12-22 06:18:04,0,3,4,5.9,3700.3,-40001.3,3933.6,14804.6,24.7,0,
2017-12-22 06:18:07,0,3,4,5.9,3699.5,-40001.7,3933.6,14804.6,24.6,0,
2017-12-22 06:18:11,0,3,4,6.0,3698.7,-40001.1,4000.3,15051.2,24.7,0,
2017-12-22 06:18:14,0,3,4,6.0,3697.7,-40001.5,4000.3,15051.2,24.7,0,
2017-12-22 06:18:17,0,3,4,6.1,3696.8,-40001.2,4067.0,15297.7,24.7,0,
2017-12-22 06:18:20,0,3,4,6.1,3696.0,-40001.3,4067.0,15297.7,24.6,0,
2017-12-22 06:18:23,0,3,4,6.2,3695.2,-40001.3,4133.6,15544.0,24.7,0,
2017-12-22 06:18:26,0,3,4,6.2,3694.3,-40001.0,4133.6,15544.0,24.6,0,
2017-12-22 06:18:29,0,3,4,6.3,3693.4,-40000.7,4200.3,15790.3,24.7,0,
2017-12-22 06:18:33,0,3,4,6.3,3692.6,-40001.3,4200.3,15790.3,24.7,0,
2017-12-22 06:18:36,0,3,4,6.4,3691.8,-40001.2,4267.0,16036.4,24.7,0,
2017-12-22 06:18:39,0,3,4,6.4,3690.8,-40001.5,4267.0,16036.4,24.6,0,
2017-12-22 06:18:42,0,3,4,6.5,3690.2,-40001.3,4333.6,16282.5,24.7,0,
2017-12-22 06:18:45,0,3,4,6.5,3689.2,-40001.3,4333.6,16282.5,24.7,0,
2017-12-22 06:18:48,0,3,4,6.6,3688.5,-40001.5,4400.3,16528.4,24.6,0,
2017-12-22 06:18:51,0,3,4,6.6,3687.5,-40000.8,4400.3,16528.4,24.6,0,
2017-12-22 06:18:54,0,3,4,6.7,3686.8,-40001.3,4467.0,16774.3,24.6,0,
2017-12-22 06:18:58,0,3,4,6.7,3686.0,-40001.3,4467.0,16774.3,24.6,0,
2017-12-22 06:19:01,0,3,4,6.8,3685.3,-40001.2,4533.7,17020.0,24.6,0,
2017-12-22 06:19:04,0,3,4,6.8,3684.4,-40001.3,4533.7,17020.0,24.6,0,
2017-12-22 06:19:07,0,3,4,6.9,3683.6,-40000.8,4600.3,17265.7,24.6,0,
2017-12-22 06:19:10,0,3,4,7.0,3682.8,-40001.0,4667.0,17511.2,24.6,0,
2017-12-22 06:19:13,0,3,4,7.0,3682.0,-40001.0,4667.0,17511.2,24.6,0,
2017-12-22 06:19:17,0,3,4,7.1,3681.2,-40000.8,4733.7,17756.6,24.6,0,
2017-12-22 06:19:20,0,3,4,7.1,3680.3,-40000.9,4733.7,17756.6,24.6,0,
2017-12-22 06:19:23,0,3,4,7.2,3679.7,-40000.5,4800.3,18001.9,24.6,0,
2017-12-22 06:19:26,0,3,4,7.2,3679.0,-40001.7,4800.3,18001.9,24.6,0,
2017-12-22 06:19:29,0,3,4,7.3,3678.1,-40000.9,4867.0,18247.2,24.6,0,
2017-12-22 06:19:32,0,3,4,7.3,3677.4,-40001.2,4867.0,18247.2,24.7,0,
2017-12-22 06:19:35,0,3,4,7.4,3676.6,-40000.8,4933.7,18492.3,24.7,0,
2017-12-22 06:19:38,0,3,4,7.4,3675.9,-40000.9,4933.7,18492.3,24.6,0,
2017-12-22 06:19:41,0,3,4,7.5,3675.1,-40000.8,5000.3,18737.3,24.6,0,
2017-12-22 06:19:45,0,3,4,7.5,3674.3,-40000.8,5000.3,18737.3,24.7,0,
2017-12-22 06:19:48,0,3,4,7.6,3673.6,-40000.6,5067.0,18982.3,24.7,0,
2017-12-22 06:19:51,0,3,4,7.6,3672.9,-40000.5,5067.0,18982.3,24.7,0,
2017-12-22 06:19:54,0,3,4,7.7,3672.0,-40000.6,5133.7,19227.1,24.7,0,
2017-12-22 06:19:57,0,3,4,7.7,3671.4,-40000.5,5133.7,19227.1,24.7,0,
2017-12-22 06:20:00,0,3,4,7.8,3670.7,-40000.3,5200.3,19471.9,24.7,0,
2017-12-22 06:20:03,0,3,4,7.8,3670.0,-40000.8,5200.3,19471.9,24.7,0,
2017-12-22 06:20:07,0,3,4,7.9,3669.1,-40000.5,5267.0,19716.5,24.7,0,
2017-12-22 06:20:10,0,3,4,7.9,3668.4,-40000.7,5267.0,19716.5,24.7,0,
2017-12-22 06:20:13,0,3,4,8.0,3667.7,-40000.6,5333.7,19961.1,24.7,0,
2017-12-22 06:20:16,0,3,4,8.1,3666.9,-40000.8,5400.4,20205.6,24.7,0,
2017-12-22 06:20:19,0,3,4,8.1,3666.4,-40000.8,5400.4,20205.6,24.7,0,
2017-12-22 06:20:23,0,3,4,8.2,3665.6,-40000.5,5467.0,20449.9,24.8,0,
2017-12-22 06:20:26,0,3,4,8.2,3664.9,-40000.5,5467.0,20449.9,24.7,0,
2017-12-22 06:20:29,0,3,4,8.3,3664.1,-40000.8,5533.7,20694.2,24.7,0,
2017-12-22 06:20:32,0,3,4,8.3,3663.5,-40000.5,5533.7,20694.2,24.7,0,
2017-12-22 06:20:35,0,3,4,8.4,3662.6,-40000.8,5600.4,20938.4,24.7,0,
2017-12-22 06:20:38,0,3,4,8.4,3662.0,-40000.1,5600.4,20938.4,24.7,0,
2017-12-22 06:20:41,0,3,4,8.5,3661.3,-40000.3,5667.0,21182.5,24.7,0,
2017-12-22 06:20:45,0,3,4,8.5,3660.6,-40000.3,5667.0,21182.5,24.7,0,
2017-12-22 06:20:48,0,3,4,8.6,3660.1,-40000.5,5733.7,21426.6,24.7,0,
2017-12-22 06:20:51,0,3,4,8.6,3659.3,-40000.3,5733.7,21426.6,24.7,0,
2017-12-22 06:20:54,0,3,4,8.7,3658.6,-40000.1,5800.4,21670.5,24.6,0,
2017-12-22 06:20:57,0,3,4,8.7,3658.0,-40000.1,5800.4,21670.5,24.7,0,
2017-12-22 06:21:00,0,3,4,8.8,3657.2,-40000.8,5867.0,21914.3,24.7,0,
2017-12-22 06:21:03,0,3,4,8.8,3656.7,-40000.0,5867.0,21914.3,24.7,0,
2017-12-22 06:21:06,0,3,4,8.9,3656.0,-40000.2,5933.7,22158.1,24.7,0,
2017-12-22 06:21:10,0,3,4,8.9,3655.3,-39999.9,5933.7,22158.1,24.7,0,
2017-12-22 06:21:13,0,3,4,9.0,3654.7,-40000.0,6000.4,22401.8,24.7,0,
2017-12-22 06:21:16,0,3,4,9.0,3653.9,-40000.2,6000.4,22401.8,24.7,0,
2017-12-22 06:21:19,0,3,4,9.1,3653.3,-39999.9,6067.0,22645.4,24.7,0,
2017-12-22 06:21:22,0,3,4,9.1,3652.6,-40000.7,6067.0,22645.4,24.7,0,
2017-12-22 06:21:25,0,3,4,9.2,3652.0,-40000.5,6133.7,22888.9,24.7,0,
2017-12-22 06:21:28,0,3,4,9.3,3651.5,-40000.2,6200.4,23132.3,24.7,0,
2017-12-22 06:21:32,0,3,4,9.3,3650.7,-40000.3,6200.4,23132.3,24.7,0,
2017-12-22 06:21:35,0,3,4,9.4,3650.0,-40000.3,6267.0,23375.7,24.7,0,
2017-12-22 06:21:38,0,3,4,9.4,3649.4,-40000.3,6267.0,23375.7,24.7,0,
2017-12-22 06:21:41,0,3,4,9.5,3648.8,-40000.2,6333.7,23618.9,24.7,0,
2017-12-22 06:21:44,0,3,4,9.5,3648.2,-40000.5,6333.7,23618.9,24.7,0,
2017-12-22 06:21:47,0,3,4,9.6,3647.4,-40000.5,6400.4,23862.1,24.7,0,
2017-12-22 06:21:51,0,3,4,9.6,3646.9,-39999.5,6400.4,23862.1,24.7,0,
2017-12-22 06:21:54,0,3,4,9.7,3646.3,-39999.8,6467.0,24105.2,24.6,0,
2017-12-22 06:21:57,0,3,4,9.7,3645.6,-39999.8,6467.0,24105.2,24.7,0,
2017-12-22 06:22:00,0,3,4,9.8,3645.0,-39999.9,6533.7,24348.2,24.7,0,
2017-12-22 06:22:03,0,3,4,9.8,3644.4,-39999.8,6533.7,24348.2,24.7,0,
2017-12-22 06:22:06,0,3,4,9.9,3643.8,-40000.0,6600.4,24591.2,24.7,0,
2017-12-22 06:22:09,0,3,4,9.9,3643.1,-39999.9,6600.4,24591.2,24.7,0,
2017-12-22 06:22:13,0,3,4,10.0,3642.4,-39999.8,6667.0,24834.0,24.7,0,
2017-12-22 06:22:16,0,3,4,10.0,3641.8,-40000.0,6667.0,24834.0,24.7,0,
2017-12-22 06:22:19,0,3,4,10.1,3641.2,-39999.9,6733.7,25076.8,24.7,0,
2017-12-22 06:22:22,0,3,4,10.1,3640.7,-40000.2,6733.7,25076.8,24.7,0,
2017-12-22 06:22:25,0,3,4,10.2,3640.1,-40000.5,6800.4,25319.5,24.7,0,
2017-12-22 06:22:28,0,3,4,10.2,3639.4,-40000.0,6800.4,25319.5,24.7,0,
2017-12-22 06:22:31,0,3,4,10.3,3638.8,-40000.1,6867.0,25562.1,24.7,0,
2017-12-22 06:22:34,0,3,4,10.4,3638.3,-40000.2,6933.7,25804.7,24.7,0,
2017-12-22 06:22:38,0,3,4,10.4,3637.6,-39999.8,6933.7,25804.7,24.7,0,
2017-12-22 06:22:41,0,3,4,10.5,3637.0,-40000.0,7000.4,26047.2,24.8,0,
2017-12-22 06:22:44,0,3,4,10.5,3636.4,-39999.8,7000.4,26047.2,24.8,0,
2017-12-22 06:22:47,0,3,4,10.6,3635.8,-40000.1,7067.0,26289.6,24.7,0,
2017-12-22 06:22:50,0,3,4,10.6,3635.2,-39999.9,7067.0,26289.6,24.7,0,
2017-12-22 06:22:53,0,3,4,10.7,3634.8,-39999.7,7133.7,26531.9,24.8,0,
2017-12-22 06:22:56,0,3,4,10.7,3634.0,-40000.0,7133.7,26531.9,24.7,0,
2017-12-22 06:23:00,0,3,4,10.8,3633.6,-39999.8,7200.4,26774.1,24.8,0,
2017-12-22 06:23:03,0,3,4,10.8,3632.9,-39999.8,7200.4,26774.1,24.8,0,
2017-12-22 06:23:06,0,3,4,10.9,3632.3,-39999.6,7267.0,27016.3,24.8,0,
2017-12-22 06:23:09,0,3,4,10.9,3631.7,-40000.1,7267.0,27016.3,24.8,0,
2017-12-22 06:23:12,0,3,4,11.0,3631.2,-39999.8,7333.7,27258.4,24.8,0,
2017-12-22 06:23:15,0,3,4,11.0,3630.5,-39999.9,7333.7,27258.4,24.8,0,
2017-12-22 06:23:18,0,3,4,11.1,3630.0,-40000.3,7400.4,27500.4,24.8,0,
2017-12-22 06:23:21,0,3,4,11.1,3629.4,-39999.7,7400.4,27500.4,24.8,0,
2017-12-22 06:23:25,0,3,4,11.2,3628.9,-39999.7,7467.0,27742.4,24.8,0,
2017-12-22 06:23:28,0,3,4,11.2,3628.3,-39999.7,7467.0,27742.4,24.7,0,
2017-12-22 06:23:31,0,3,4,11.3,3627.8,-40000.0,7533.7,27984.2,24.8,0,
2017-12-22 06:23:34,0,3,4,11.3,3627.3,-39999.8,7533.7,27984.2,24.7,0,
2017-12-22 06:23:37,0,3,4,11.4,3626.7,-39999.9,7600.4,28226.1,24.7,0,
2017-12-22 06:23:40,0,3,4,11.4,3626.1,-39999.9,7600.4,28226.1,24.8,0,
2017-12-22 06:23:43,0,3,4,11.5,3625.4,-39999.5,7667.0,28467.8,24.8,0,
2017-12-22 06:23:46,0,3,4,11.6,3624.9,-39999.7,7733.7,28709.4,24.7,0,
2017-12-22 06:23:49,0,3,4,11.6,3624.5,-39999.7,7733.7,28709.4,24.7,0,
2017-12-22 06:23:53,0,3,4,11.7,3623.8,-40000.0,7800.4,28951.0,24.8,0,
2017-12-22 06:23:56,0,3,4,11.7,3623.2,-40000.3,7800.4,28951.0,24.8,0,
2017-12-22 06:23:59,0,3,4,11.8,3622.7,-40000.2,7867.0,29192.6,24.8,0,
2017-12-22 06:24:02,0,3,4,11.8,3622.2,-40000.3,7867.0,29192.6,24.8,0,
2017-12-22 06:24:05,0,3,4,11.9,3621.6,-40000.0,7933.7,29434.0,24.8,0,
2017-12-22 06:24:08,0,3,4,11.9,3621.0,-40000.5,7933.7,29434.0,24.8,0,
2017-12-22 06:24:11,0,3,4,12.0,3620.5,-40000.2,8000.4,29675.4,24.8,0,
2017-12-22 06:24:15,0,3,4,12.0,3619.9,-40000.2,8000.4,29675.4,24.7,0,
2017-12-22 06:24:18,0,3,4,12.1,3619.3,-40000.3,8067.0,29916.7,24.8,0,
2017-12-22 06:24:21,0,3,4,12.1,3618.9,-40000.2,8067.0,29916.7,24.8,0,
2017-12-22 06:24:24,0,3,4,12.2,3618.3,-40000.5,8133.7,30157.9,24.8,0,
2017-12-22 06:24:27,0,3,4,12.2,3617.7,-39999.7,8133.7,30157.9,24.7,0,
2017-12-22 06:24:30,0,3,4,12.3,3617.2,-40000.0,8200.4,30399.1,24.7,0,
2017-12-22 06:24:33,0,3,4,12.3,3616.6,-40000.0,8200.4,30399.1,24.8,0,
2017-12-22 06:24:37,0,3,4,12.4,3616.0,-40000.3,8267.0,30640.2,24.8,0,
2017-12-22 06:24:40,0,3,4,12.4,3615.6,-40000.2,8267.0,30640.2,24.7,0,
2017-12-22 06:24:43,0,3,4,12.5,3614.9,-40000.1,8333.7,30881.2,24.8,0,
2017-12-22 06:24:46,0,3,4,12.5,3614.4,-40000.0,8333.7,30881.2,24.8,0,
2017-12-22 06:24:49,0,3,4,12.6,3613.8,-40000.0,8400.4,31122.2,24.7,0,
2017-12-22 06:24:52,0,3,4,12.7,3613.2,-39999.0,8467.0,31363.0,24.7,0,
2017-12-22 06:24:56,0,3,4,12.7,3612.8,-40000.1,8467.0,31363.0,24.7,0,
2017-12-22 06:24:59,0,3,4,12.8,3612.3,-39999.9,8533.7,31603.9,24.7,0,
2017-12-22 06:25:02,0,3,4,12.8,3611.7,-39999.7,8533.7,31603.9,24.7,0,
2017-12-22 06:25:05,0,3,4,12.9,3611.3,-40000.1,8600.4,31844.6,24.8,0,
2017-12-22 06:25:08,0,3,4,12.9,3610.7,-40000.0,8600.4,31844.6,24.8,0,
2017-12-22 06:25:11,0,3,4,13.0,3610.2,-40000.0,8667.0,32085.3,24.8,0,
2017-12-22 06:25:14,0,3,4,13.0,3609.7,-40000.2,8667.0,32085.3,24.7,0,
2017-12-22 06:25:18,0,3,4,13.1,3609.1,-40000.3,8733.7,32326.0,24.7,0,
2017-12-22 06:25:21,0,3,4,13.1,3608.7,-40000.3,8733.7,32326.0,24.8,0,
2017-12-22 06:25:24,0,3,4,13.2,3608.0,-40000.0,8800.4,32566.5,24.7,0,
2017-12-22 06:25:27,0,3,4,13.2,3607.5,-40000.7,8800.4,32566.5,24.8,0,
2017-12-22 06:25:30,0,3,4,13.3,3607.1,-40000.9,8867.0,32807.0,24.7,0,
2017-12-22 06:25:34,0,3,4,13.3,3606.5,-40000.3,8867.0,32807.0,24.8,0,
2017-12-22 06:25:37,0,3,4,13.4,3605.9,-40000.0,8933.7,33047.5,24.8,0,
2017-12-22 06:25:40,0,3,4,13.4,3605.5,-39999.4,8933.7,33047.5,24.8,0,
2017-12-22 06:25:43,0,3,4,13.5,3605.0,-39999.8,9000.4,33287.8,24.8,0,
2017-12-22 06:25:46,0,3,4,13.5,3604.5,-40000.5,9000.4,33287.8,24.8,0,
2017-12-22 06:25:49,0,3,4,13.6,3604.0,-39999.7,9067.0,33528.1,24.8,0,
2017-12-22 06:25:52,0,3,4,13.7,3603.4,-39999.9,9133.7,33768.3,24.7,0,
2017-12-22 06:25:56,0,3,4,13.7,3603.0,-39999.8,9133.7,33768.3,24.8,0,
2017-12-22 06:25:59,0,3,4,13.8,3602.3,-40000.2,9200.4,34008.5,24.8,0,
2017-12-22 06:26:02,0,3,4,13.8,3601.8,-40000.3,9200.4,34008.5,24.8,0,
2017-12-22 06:26:05,0,3,4,13.9,3601.3,-40000.3,9267.0,34248.6,24.8,0,
2017-12-22 06:26:08,0,3,4,13.9,3600.9,-40000.5,9267.0,34248.6,24.8,0,
2017-12-22 06:26:11,0,3,4,14.0,3600.4,-40000.2,9333.7,34488.6,24.8,0,
2017-12-22 06:26:14,0,3,4,14.0,3599.9,-40000.1,9333.7,34488.6,24.8,0,
2017-12-22 06:26:18,0,3,4,14.1,3599.4,-40000.0,9400.4,34728.6,24.8,0,
2017-12-22 06:26:21,0,3,4,14.1,3598.8,-40000.0,9400.4,34728.6,24.8,0,
2017-12-22 06:26:24,0,3,4,14.2,3598.2,-40000.0,9467.0,34968.5,24.8,0,
2017-12-22 06:26:27,0,3,4,14.2,3597.7,-40000.2,9467.0,34968.5,24.8,0,
2017-12-22 06:26:30,0,3,4,14.3,3597.2,-39999.9,9533.7,35208.3,24.8,0,
2017-12-22 06:26:33,0,3,4,14.3,3596.8,-39999.7,9533.7,35208.3,24.8,0,
2017-12-22 06:26:36,0,3,4,14.4,3596.4,-39999.7,9600.4,35448.1,24.8,0,
2017-12-22 06:26:40,0,3,4,14.4,3595.7,-39999.8,9600.4,35448.1,24.8,0,
2017-12-22 06:26:43,0,3,4,14.5,3595.3,-39999.6,9667.0,35687.8,24.8,0,
2017-12-22 06:26:46,0,3,4,14.5,3594.8,-39999.8,9667.0,35687.8,24.8,0,
2017-12-22 06:26:49,0,3,4,14.6,3594.2,-39999.4,9733.7,35927.5,24.8,0,
2017-12-22 06:26:52,0,3,4,14.6,3593.7,-39999.5,9733.7,35927.5,24.8,0,
2017-12-22 06:26:55,0,3,4,14.7,3593.3,-39999.8,9800.4,36167.0,24.8,0,
2017-12-22 06:26:58,0,3,4,14.8,3592.8,-39999.5,9867.0,36406.5,24.9,0,
2017-12-22 06:27:01,0,3,4,14.8,3592.3,-40000.0,9867.0,36406.5,24.9,0,
2017-12-22 06:27:04,0,3,4,14.9,3591.8,-39999.4,9933.7,36646.0,24.9,0,
2017-12-22 06:27:08,0,3,4,14.9,3591.4,-40000.1,9933.7,36646.0,24.9,0,
2017-12-22 06:27:11,0,3,4,15.0,3590.9,-39999.0,10000.4,36885.4,24.9,0,
2017-12-22 06:27:14,0,3,4,15.0,3590.4,-39999.4,10000.4,36885.4,24.9,0,
2017-12-22 06:27:17,0,3,4,15.1,3589.8,-39999.2,10067.0,37124.7,24.9,0,
2017-12-22 06:27:20,0,3,4,15.1,3589.3,-39999.4,10067.0,37124.7,24.9,0,
2017-12-22 06:27:23,0,3,4,15.2,3588.8,-39999.7,10133.7,37364.0,24.9,0,
2017-12-22 06:27:26,0,3,4,15.2,3588.3,-39999.1,10133.7,37364.0,24.9,0,
2017-12-22 06:27:30,0,3,4,15.3,3588.0,-39999.8,10200.4,37603.2,24.9,0,
2017-12-22 06:27:33,0,3,4,15.3,3587.4,-39999.3,10200.4,37603.2,24.9,0,
2017-12-22 06:27:36,0,3,4,15.4,3586.9,-39999.4,10267.0,37842.3,24.8,0,
2017-12-22 06:27:39,0,3,4,15.4,3586.5,-39999.7,10267.0,37842.3,24.9,0,
2017-12-22 06:27:42,0,3,4,15.5,3585.8,-39999.7,10333.7,38081.4,24.8,0,
2017-12-22 06:27:45,0,3,4,15.5,3585.3,-40000.0,10333.7,38081.4,24.8,0,
2017-12-22 06:27:48,0,3,4,15.6,3585.0,-39999.9,10400.3,38320.4,24.8,0,
2017-12-22 06:27:51,0,3,4,15.6,3584.4,-39999.5,10400.3,38320.4,24.8,0,
2017-12-22 06:27:54,0,3,4,15.7,3583.9,-40000.3,10467.0,38559.3,24.8,0,
2017-12-22 06:27:58,0,3,4,15.7,3583.5,-39999.6,10467.0,38559.3,24.9,0,
2017-12-22 06:28:01,0,3,4,15.8,3583.0,-39999.8,10533.7,38798.2,24.8,0,
2017-12-22 06:28:04,0,3,4,15.8,3582.5,-39999.5,10533.7,38798.2,24.8,0,
2017-12-22 06:28:07,0,3,4,15.9,3582.0,-39999.7,10600.3,39037.0,24.8,0,
2017-12-22 06:28:10,0,3,4,16.0,3581.5,-39999.5,10667.0,39275.8,24.8,0,
2017-12-22 06:28:13,0,3,4,16.0,3581.1,-39999.5,10667.0,39275.8,24.8,0,
2017-12-22 06:28:17,0,3,4,16.1,3580.5,-39999.6,10733.7,39514.5,24.8,0,
2017-12-22 06:28:20,0,3,4,16.1,3580.0,-40000.0,10733.7,39514.5,24.8,0,
2017-12-22 06:28:23,0,3,4,16.2,3579.4,-39999.7,10800.3,39753.1,24.8,0,
2017-12-22 06:28:26,0,3,4,16.2,3579.1,-39999.5,10800.3,39753.1,24.9,0,
2017-12-22 06:28:29,0,3,4,16.3,3578.7,-39999.1,10867.0,39991.7,24.9,0,
2017-12-22 06:28:32,0,3,4,16.3,3578.1,-39999.8,10867.0,39991.7,24.9,0,
2017-12-22 06:28:35,0,3,4,16.4,3577.6,-39999.3,10933.7,40230.2,24.9,0,
2017-12-22 06:28:38,0,3,4,16.4,3577.0,-39999.7,10933.7,40230.2,24.9,0,
2017-12-22 06:28:42,0,3,4,16.5,3576.6,-39999.8,11000.3,40468.7,24.9,0,
2017-12-22 06:28:45,0,3,4,16.5,3576.2,-39999.7,11000.3,40468.7,24.9,0,
2017-12-22 06:28:48,0,3,4,16.6,3575.6,-39999.9,11067.0,40707.1,24.9,0,
2017-12-22 06:28:51,0,3,4,16.6,3575.3,-39999.5,11067.0,40707.1,24.9,0,
2017-12-22 06:28:54,0,3,4,16.7,3574.6,-39999.4,11133.7,40945.4,24.9,0,
2017-12-22 06:28:57,0,3,4,16.7,3574.3,-39999.7,11133.7,40945.4,24.9,0,
2017-12-22 06:29:00,0,3,4,16.8,3573.8,-39999.5,11200.3,41183.7,24.9,0,
2017-12-22 06:29:04,0,3,4,16.8,3573.3,-40000.0,11200.3,41183.7,24.9,0,
2017-12-22 06:29:07,0,3,4,16.9,3572.8,-39999.7,11267.0,41421.9,24.9,0,
2017-12-22 06:29:10,0,3,4,16.9,3572.2,-39999.5,11267.0,41421.9,24.9,0,
2017-12-22 06:29:13,0,3,4,17.0,3571.9,-39999.6,11333.7,41660.0,24.9,0,
2017-12-22 06:29:16,0,3,4,17.1,3571.3,-39999.5,11400.3,41898.1,24.9,0,
2017-12-22 06:29:20,0,3,4,17.1,3570.9,-39999.8,11400.3,41898.1,24.9,0,
2017-12-22 06:29:23,0,3,4,17.2,3570.4,-39999.3,11467.0,42136.1,24.9,0,
2017-12-22 06:29:26,0,3,4,17.2,3569.9,-39999.5,11467.0,42136.1,24.9,0,
2017-12-22 06:29:29,0,3,4,17.3,3569.3,-39999.7,11533.7,42374.1,24.9,0,
2017-12-22 06:29:32,0,3,4,17.3,3569.0,-39999.5,11533.7,42374.1,24.9,0,
2017-12-22 06:29:35,0,3,4,17.4,3568.4,-39999.7,11600.3,42612.0,24.9,0,
2017-12-22 06:29:38,0,3,4,17.4,3568.0,-39999.5,11600.3,42612.0,24.9,0,
2017-12-22 06:29:41,0,3,4,17.5,3567.5,-39999.3,11667.0,42849.8,24.8,0,
2017-12-22 06:29:44,0,3,4,17.5,3567.0,-39999.5,11667.0,42849.8,24.9,0,
2017-12-22 06:29:47,0,3,4,17.6,3566.5,-39999.7,11733.7,43087.6,24.9,0,
2017-12-22 06:29:51,0,3,4,17.6,3566.1,-39999.7,11733.7,43087.6,24.9,0,
2017-12-22 06:29:54,0,3,4,17.7,3565.5,-39999.8,11800.3,43325.3,25.0,0,
2017-12-22 06:29:57,0,3,4,17.7,3565.2,-39999.7,11800.3,43325.3,24.9,0,
2017-12-22 06:30:00,0,3,4,17.8,3564.6,-39999.6,11867.0,43563.0,24.9,0,
2017-12-22 06:30:03,0,3,4,17.8,3564.1,-39999.8,11867.0,43563.0,24.9,0,
2017-12-22 06:30:06,0,3,4,17.9,3563.6,-39999.9,11933.7,43800.5,24.9,0,
2017-12-22 06:30:09,0,3,4,17.9,3563.2,-39999.5,11933.7,43800.5,24.9,0,
2017-12-22 06:30:12,0,3,4,18.0,3562.6,-39999.7,12000.3,44038.1,24.9,0,
2017-12-22 06:30:16,0,3,4,18.0,3562.2,-39999.6,12000.3,44038.1,25.0,0,
2017-12-22 06:30:19,0,3,4,18.1,3561.7,-39999.5,12067.0,44275.5,24.9,0,
2017-12-22 06:30:22,0,3,4,18.1,3561.2,-39999.3,12067.0,44275.5,24.9,0,
2017-12-22 06:30:25,0,3,4,18.2,3560.8,-39999.9,12133.7,44513.0,25.0,0,
2017-12-22 06:30:28,0,3,4,18.2,3560.3,-39999.8,12133.7,44513.0,25.0,0,
2017-12-22 06:30:31,0,3,4,18.3,3559.7,-39999.9,12200.3,44750.3,25.0,0,
2017-12-22 06:30:34,0,3,4,18.4,3559.2,-39999.9,12267.0,44987.6,25.0,0,
2017-12-22 06:30:38,0,3,4,18.4,3558.8,-39999.8,12267.0,44987.6,25.0,0,
2017-12-22 06:30:41,0,3,4,18.5,3558.4,-40000.0,12333.7,45224.8,25.0,0,
2017-12-22 06:30:44,0,3,4,18.5,3557.7,-40000.0,12333.7,45224.8,25.0,0,
2017-12-22 06:30:47,0,3,4,18.6,3557.2,-39999.7,12400.3,45462.0,25.0,0,
2017-12-22 06:30:50,0,3,4,18.6,3556.8,-39999.7,12400.3,45462.0,25.0,0,
2017-12-22 06:30:53,0,3,4,18.7,3556.3,-39999.0,12467.0,45699.1,25.0,0,
2017-12-22 06:30:56,0,3,4,18.7,3555.9,-39999.9,12467.0,45699.1,25.0,0,
2017-12-22 06:31:00,0,3,4,18.8,3555.4,-39999.9,12533.7,45936.1,25.0,0,
2017-12-22 06:31:03,0,3,4,18.8,3555.0,-39999.5,12533.7,45936.1,25.0,0,
2017-12-22 06:31:06,0,3,4,18.9,3554.5,-39999.7,12600.3,46173.1,25.0,0,
2017-12-22 06:31:09,0,3,4,18.9,3554.0,-40000.0,12600.3,46173.1,25.0,0,
2017-12-22 06:31:12,0,3,4,19.0,3553.5,-40000.0,12667.0,46410.0,25.0,0,
2017-12-22 06:31:15,0,3,4,19.0,3552.9,-40000.0,12667.0,46410.0,25.0,0,
2017-12-22 06:31:18,0,3,4,19.1,3552.5,-39999.9,12733.7,46646.9,24.9,0,
2017-12-22 06:31:21,0,3,4,19.1,3552.1,-39999.9,12733.7,46646.9,24.9,0,
2017-12-22 06:31:25,0,3,4,19.2,3551.5,-39999.2,12800.3,46883.6,24.9,0,
2017-12-22 06:31:28,0,3,4,19.2,3551.0,-40000.0,12800.3,46883.6,24.9,0,
2017-12-22 06:31:31,0,3,4,19.3,3550.5,-39999.5,12867.0,47120.4,24.9,0,
2017-12-22 06:31:34,0,3,4,19.4,3550.1,-39999.6,12933.6,47357.0,24.9,0,
2017-12-22 06:31:37,0,3,4,19.4,3549.5,-40000.2,12933.6,47357.0,24.9,0,
2017-12-22 06:31:41,0,3,4,19.5,3549.0,-39999.7,13000.3,47593.6,24.9,0,
2017-12-22 06:31:44,0,3,4,19.5,3548.7,-40000.1,13000.3,47593.6,24.9,0,
2017-12-22 06:31:47,0,3,4,19.6,3548.1,-39999.3,13067.0,47830.2,24.9,0,
2017-12-22 06:31:50,0,3,4,19.6,3547.6,-39999.7,13067.0,47830.2,25.0,0,
2017-12-22 06:31:53,0,3,4,19.7,3547.2,-40000.0,13133.6,48066.7,25.0,0,
2017-12-22 06:31:56,0,3,4,19.7,3546.6,-39999.7,13133.6,48066.7,25.0,0,
2017-12-22 06:31:59,0,3,4,19.8,3546.1,-39999.7,13200.3,48303.1,25.0,0,
2017-12-22 06:32:03,0,3,4,19.8,3545.6,-39999.6,13200.3,48303.1,25.0,0,
2017-12-22 06:32:06,0,3,4,19.9,3545.2,-39999.2,13267.0,48539.4,25.0,0,
2017-12-22 06:32:09,0,3,4,19.9,3544.6,-39999.4,13267.0,48539.4,25.0,0,
2017-12-22 06:32:12,0,3,4,20.0,3544.2,-39999.5,13333.6,48775.7,25.0,0,
2017-12-22 06:32:15,0,3,4,20.0,3543.8,-39999.3,13333.6,48775.7,25.0,0,
2017-12-22 06:32:18,0,3,4,20.1,3543.2,-39999.1,13400.3,49012.0,25.0,0,
2017-12-22 06:32:21,0,3,4,20.1,3542.8,-39999.5,13400.3,49012.0,25.0,0,
2017-12-22 06:32:24,0,3,4,20.2,3542.2,-39999.3,13467.0,49248.1,25.0,0,
2017-12-22 06:32:28,0,3,4,20.2,3541.7,-39999.7,13467.0,49248.1,25.0,0,
2017-12-22 06:32:31,0,3,4,20.3,3541.3,-39999.8,13533.6,49484.2,25.0,0,
2017-12-22 06:32:34,0,3,4,20.3,3540.7,-39999.3,13533.6,49484.2,25.0,0,
2017-12-22 06:32:37,0,3,4,20.4,3540.3,-39999.5,13600.3,49720.3,25.0,0,
2017-12-22 06:32:40,0,3,4,20.4,3539.7,-39999.4,13600.3,49720.3,25.0,0,
2017-12-22 06:32:43,0,3,4,20.5,3539.2,-39999.5,13667.0,49956.3,25.0,0,
2017-12-22 06:32:46,0,3,4,20.6,3538.9,-39999.7,13733.6,50192.2,25.0,0,
2017-12-22 06:32:50,0,3,4,20.6,3538.4,-39999.3,13733.6,50192.2,25.0,0,
2017-12-22 06:32:53,0,3,4,20.7,3537.9,-39999.6,13800.3,50428.0,25.0,0,
2017-12-22 06:32:56,0,3,4,20.7,3537.4,-39999.3,13800.3,50428.0,25.0,0,
2017-12-22 06:32:59,0,3,4,20.8,3536.9,-39999.5,13867.0,50663.8,25.0,0,
2017-12-22 06:33:02,0,3,4,20.8,3536.4,-39999.7,13867.0,50663.8,25.0,0,
2017-12-22 06:33:05,0,3,4,20.9,3535.8,-39999.4,13933.6,50899.6,25.0,0,
2017-12-22 06:33:08,0,3,4,20.9,3535.4,-39999.5,13933.6,50899.6,25.0,0,
2017-12-22 06:33:11,0,3,4,21.0,3534.9,-39999.3,14000.3,51135.2,25.0,0,
2017-12-22 06:33:15,0,3,4,21.0,3534.4,-39999.6,14000.3,51135.2,25.0,0,
2017-12-22 06:33:18,0,3,4,21.1,3533.9,-39999.5,14067.0,51370.8,25.0,0,
2017-12-22 06:33:21,0,3,4,21.1,3533.4,-39999.0,14067.0,51370.8,24.9,0,
2017-12-22 06:33:24,0,3,4,21.2,3532.9,-39999.0,14133.6,51606.4,24.9,0,
2017-12-22 06:33:27,0,3,4,21.2,3532.3,-39999.0,14133.6,51606.4,24.9,0,
2017-12-22 06:33:30,0,3,4,21.3,3531.8,-39999.2,14200.3,51841.8,24.9,0,
2017-12-22 06:33:34,0,3,4,21.3,3531.4,-39999.1,14200.3,51841.8,24.9,0,
2017-12-22 06:33:37,0,3,4,21.4,3530.8,-39999.1,14267.0,52077.2,24.9,0,
2017-12-22 06:33:40,0,3,4,21.4,3530.3,-39999.8,14267.0,52077.2,24.9,0,
2017-12-22 06:33:43,0,3,4,21.5,3529.9,-39999.5,14333.6,52312.6,25.0,0,
2017-12-22 06:33:46,0,3,4,21.5,3529.4,-39999.8,14333.6,52312.6,24.9,0,
2017-12-22 06:33:49,0,3,4,21.6,3528.8,-39999.5,14400.3,52547.9,24.9,0,
2017-12-22 06:33:52,0,3,4,21.7,3528.3,-39999.5,14466.9,52783.1,25.0,0,
2017-12-22 06:33:55,0,3,4,21.7,3527.7,-39999.5,14466.9,52783.1,25.0,0,
2017-12-22 06:33:59,0,3,4,21.8,3527.3,-39999.5,14533.6,53018.2,25.0,0,
2017-12-22 06:34:02,0,3,4,21.8,3526.8,-39999.6,14533.6,53018.2,25.0,0,
2017-12-22 06:34:05,0,3,4,21.9,3526.2,-39999.3,14600.3,53253.3,25.0,0,
2017-12-22 06:34:08,0,3,4,21.9,3525.9,-39999.2,14600.3,53253.3,25.0,0,
2017-12-22 06:34:11,0,3,4,22.0,3525.3,-40000.0,14666.9,53488.3,25.0,0,
2017-12-22 06:34:14,0,3,4,22.0,3524.8,-39999.3,14666.9,53488.3,25.0,0,
2017-12-22 06:34:17,0,3,4,22.1,3524.3,-39999.5,14733.6,53723.3,25.0,0,
2017-12-22 06:34:21,0,3,4,22.1,3523.8,-39999.5,14733.6,53723.3,25.0,0,
2017-12-22 06:34:24,0,3,4,22.2,3523.3,-39999.0,14800.3,53958.2,25.0,0,
2017-12-22 06:34:27,0,3,4,22.2,3522.6,-39999.0,14800.3,53958.2,25.0,0,
2017-12-22 06:34:30,0,3,4,22.3,3522.2,-39999.6,14866.9,54193.0,25.0,0,
2017-12-22 06:34:33,0,3,4,22.3,3521.8,-39999.0,14866.9,54193.0,25.0,0,
2017-12-22 06:34:36,0,3,4,22.4,3521.1,-39999.1,14933.6,54427.8,25.0,0,
2017-12-22 06:34:39,0,3,4,22.4,3520.6,-39999.1,14933.6,54427.8,25.0,0,
2017-12-22 06:34:43,0,3,4,22.5,3520.1,-39999.4,15000.3,54662.5,25.0,0,
2017-12-22 06:34:46,0,3,4,22.5,3519.7,-39999.0,15000.3,54662.5,25.0,0,
2017-12-22 06:34:49,0,3,4,22.6,3519.1,-39999.1,15066.9,54897.1,25.0,0,
2017-12-22 06:34:52,0,3,4,22.6,3518.5,-39999.0,15066.9,54897.1,25.0,0,
2017-12-22 06:34:55,0,3,4,22.7,3518.1,-39999.4,15133.6,55131.6,25.0,0,
2017-12-22 06:34:58,0,3,4,22.8,3517.5,-39999.4,15200.3,55366.1,25.0,0,
2017-12-22 06:35:01,0,3,4,22.8,3517.0,-39999.2,15200.3,55366.1,25.0,0,
2017-12-22 06:35:04,0,3,4,22.9,3516.5,-39999.4,15266.9,55600.6,25.0,0,
2017-12-22 06:35:08,0,3,4,22.9,3516.0,-39999.5,15266.9,55600.6,25.0,0,
2017-12-22 06:35:11,0,3,4,23.0,3515.5,-39999.3,15333.6,55834.9,25.0,0,
2017-12-22 06:35:14,0,3,4,23.0,3515.0,-39998.8,15333.6,55834.9,25.0,0,
2017-12-22 06:35:17,0,3,4,23.1,3514.4,-39999.2,15400.2,56069.2,25.0,0,
2017-12-22 06:35:20,0,3,4,23.1,3513.9,-39999.2,15400.2,56069.2,25.0,0,
2017-12-22 06:35:23,0,3,4,23.2,3513.4,-39999.0,15466.9,56303.5,25.0,0,
2017-12-22 06:35:26,0,3,4,23.2,3512.9,-39998.9,15466.9,56303.5,25.0,0,
2017-12-22 06:35:30,0,3,4,23.3,3512.3,-39998.9,15533.6,56537.6,25.0,0,
2017-12-22 06:35:33,0,3,4,23.3,3511.7,-39999.2,15533.6,56537.6,25.0,0,
2017-12-22 06:35:36,0,3,4,23.4,3511.2,-39999.6,15600.2,56771.7,25.0,0,
2017-12-22 06:35:39,0,3,4,23.4,3510.7,-39999.2,15600.2,56771.7,25.0,0,
2017-12-22 06:35:42,0,3,4,23.5,3510.3,-39999.5,15666.9,57005.7,25.0,0,
2017-12-22 06:35:45,0,3,4,23.5,3509.7,-39999.0,15666.9,57005.7,25.0,0,
2017-12-22 06:35:48,0,3,4,23.6,3509.1,-39999.3,15733.6,57239.7,25.0,0,
2017-12-22 06:35:52,0,3,4,23.6,3508.7,-39999.2,15733.6,57239.7,25.0,0,
2017-12-22 06:35:55,0,3,4,23.7,3508.2,-39998.8,15800.2,57473.6,25.0,0,
2017-12-22 06:35:58,0,3,4,23.7,3507.5,-39999.2,15800.2,57473.6,25.0,0,
2017-12-22 06:36:01,0,3,4,23.8,3507.0,-39999.2,15866.9,57707.4,25.0,0,
2017-12-22 06:36:04,0,3,4,23.9,3506.6,-39999.3,15933.6,57941.2,25.0,0,
2017-12-22 06:36:07,0,3,4,23.9,3506.0,-39999.0,15933.6,57941.2,25.0,0,
2017-12-22 06:36:10,0,3,4,24.0,3505.4,-39999.0,16000.2,58174.9,25.0,0,
2017-12-22 06:36:14,0,3,4,24.0,3504.9,-39999.3,16000.2,58174.9,25.0,0,
2017-12-22 06:36:17,0,3,4,24.1,3504.3,-39999.2,16066.9,58408.5,25.0,0,
2017-12-22 06:36:20,0,3,4,24.1,3503.9,-39999.2,16066.9,58408.5,25.1,0,
2017-12-22 06:36:23,0,3,4,24.2,3503.3,-39999.2,16133.6,58642.0,25.1,0,
2017-12-22 06:36:26,0,3,4,24.2,3502.8,-39999.4,16133.6,58642.0,25.1,0,
2017-12-22 06:36:29,0,3,4,24.3,3502.3,-39998.8,16200.2,58875.5,25.1,0,
2017-12-22 06:36:32,0,3,4,24.3,3501.7,-39998.7,16200.2,58875.5,25.1,0,
2017-12-22 06:36:36,0,3,4,24.4,3501.1,-39999.3,16266.9,59108.9,25.1,0,
2017-12-22 06:36:39,0,3,4,24.4,3500.7,-39998.8,16266.9,59108.9,25.1,0,
2017-12-22 06:36:42,0,3,4,24.5,3500.2,-39999.3,16333.5,59342.3,25.1,0,
2017-12-22 06:36:45,0,3,4,24.5,3499.5,-39999.5,16333.5,59342.3,25.1,0,
2017-12-22 06:36:48,0,3,4,24.6,3499.0,-39999.3,16400.2,59575.6,25.1,0,
2017-12-22 06:36:51,0,3,4,24.6,3498.4,-39999.3,16400.2,59575.6,25.0,0,
2017-12-22 06:36:54,0,3,4,24.7,3498.0,-39998.7,16466.9,59808.8,25.0,0,
2017-12-22 06:36:57,0,3,4,24.7,3497.3,-39999.0,16466.9,59808.8,25.0,0,
2017-12-22 06:37:01,0,3,4,24.8,3496.8,-39999.0,16533.5,60041.9,25.0,0,
2017-12-22 06:37:04,0,3,4,24.8,3496.1,-39999.0,16533.5,60041.9,25.0,0,
2017-12-22 06:37:07,0,3,4,24.9,3495.6,-39999.1,16600.2,60274.9,25.0,0,
2017-12-22 06:37:10,0,3,4,24.9,3495.1,-39998.8,16600.2,60274.9,25.0,0,
2017-12-22 06:37:13,0,3,4,25.0,3494.5,-39999.3,16666.9,60507.9,25.0,0,
2017-12-22 06:37:16,0,3,4,25.1,3494.0,-39998.9,16733.5,60740.8,25.1,0,
2017-12-22 06:37:19,0,3,4,25.1,3493.3,-39998.8,16733.5,60740.8,25.1,0,
2017-12-22 06:37:23,0,3,4,25.2,3492.8,-39999.1,16800.2,60973.7,25.0,0,
2017-12-22 06:37:26,0,3,4,25.2,3492.3,-39998.7,16800.2,60973.7,25.0,0,
2017-12-22 06:37:29,0,3,4,25.3,3491.8,-39998.8,16866.8,61206.5,25.1,0,
2017-12-22 06:37:32,0,3,4,25.3,3491.2,-39998.5,16866.8,61206.5,25.1,0,
2017-12-22 06:37:35,0,3,4,25.4,3490.5,-39998.8,16933.5,61439.2,25.1,0,
2017-12-22 06:37:38,0,3,4,25.4,3490.0,-39998.8,16933.5,61439.2,25.0,0,
2017-12-22 06:37:41,0,3,4,25.5,3489.5,-39998.7,17000.2,61671.8,25.0,0,
2017-12-22 06:37:44,0,3,4,25.5,3488.8,-39999.0,17000.2,61671.8,25.0,0,
2017-12-22 06:37:48,0,3,4,25.6,3488.4,-39998.5,17066.8,61904.3,25.0,0,
2017-12-22 06:37:51,0,3,4,25.6,3487.8,-39999.0,17066.8,61904.3,25.0,0,
2017-12-22 06:37:54,0,3,4,25.7,3487.1,-39998.7,17133.5,62136.8,25.0,0,
2017-12-22 06:37:57,0,3,4,25.7,3486.6,-39998.5,17133.5,62136.8,25.0,0,
2017-12-22 06:38:00,0,3,4,25.8,3485.9,-39998.6,17200.2,62369.2,25.0,0,
2017-12-22 06:38:03,0,3,4,25.8,3485.4,-39998.2,17200.2,62369.2,25.0,0,
2017-12-22 06:38:06,0,3,4,25.9,3484.9,-39998.5,17266.8,62601.6,25.0,0,
2017-12-22 06:38:10,0,3,4,25.9,3484.3,-39998.5,17266.8,62601.6,25.0,0,
2017-12-22 06:38:13,0,3,4,26.0,3483.6,-39998.6,17333.5,62833.8,25.0,0,
2017-12-22 06:38:16,0,3,4,26.0,3483.1,-39998.6,17333.5,62833.8,25.0,0,
2017-12-22 06:38:19,0,3,4,26.1,3482.4,-39998.9,17400.1,63066.0,25.0,0,
2017-12-22 06:38:22,0,3,4,26.2,3481.8,-39998.7,17466.8,63298.1,25.0,0,
2017-12-22 06:38:25,0,3,4,26.2,3481.2,-39998.7,17466.8,63298.1,25.0,0,
2017-12-22 06:38:29,0,3,4,26.3,3480.6,-39998.3,17533.5,63530.1,25.0,0,
2017-12-22 06:38:32,0,3,4,26.3,3480.1,-39998.5,17533.5,63530.1,25.0,0,
2017-12-22 06:38:35,0,3,4,26.4,3479.5,-39998.6,17600.1,63762.1,25.0,0,
2017-12-22 06:38:38,0,3,4,26.4,3478.8,-39998.7,17600.1,63762.1,25.0,0,
2017-12-22 06:38:41,0,3,4,26.5,3478.2,-39998.7,17666.8,63994.0,25.0,0,
2017-12-22 06:38:44,0,3,4,26.5,3477.6,-39998.5,17666.8,63994.0,25.0,0,
2017-12-22 06:38:47,0,3,4,26.6,3477.1,-39998.7,17733.5,64225.8,25.0,0,
2017-12-22 06:38:50,0,3,4,26.6,3476.5,-39998.5,17733.5,64225.8,25.0,0,
2017-12-22 06:38:54,0,3,4,26.7,3475.8,-39998.9,17800.1,64457.5,25.0,0,
2017-12-22 06:38:57,0,3,4,26.7,3475.2,-39998.8,17800.1,64457.5,25.0,0,
2017-12-22 06:39:00,0,3,4,26.8,3474.5,-39998.8,17866.8,64689.1,25.0,0,
2017-12-22 06:39:03,0,3,4,26.8,3473.8,-39999.0,17866.8,64689.1,25.0,0,
2017-12-22 06:39:06,0,3,4,26.9,3473.3,-39998.9,17933.4,64920.7,25.0,0,
2017-12-22 06:39:09,0,3,4,26.9,3472.6,-39998.9,17933.4,64920.7,25.0,0,
2017-12-22 06:39:12,0,3,4,27.0,3471.9,-39999.1,18000.1,65152.1,25.0,0,
2017-12-22 06:39:16,0,3,4,27.0,3471.4,-39999.0,18000.1,65152.1,25.0,0,
2017-12-22 06:39:19,0,3,4,27.1,3470.7,-39998.7,18066.8,65383.5,25.0,0,
2017-12-22 06:39:22,0,3,4,27.1,3469.9,-39998.5,18066.8,65383.5,25.0,0,
2017-12-22 06:39:25,0,3,4,27.2,3469.4,-39998.8,18133.4,65614.8,25.0,0,
2017-12-22 06:39:28,0,3,4,27.3,3468.7,-39998.5,18200.1,65846.1,25.0,0,
2017-12-22 06:39:31,0,3,4,27.3,3468.0,-39998.7,18200.1,65846.1,25.0,0,
2017-12-22 06:39:35,0,3,4,27.4,3467.3,-39998.7,18266.7,66077.2,25.0,0,
2017-12-22 06:39:38,0,3,4,27.4,3466.6,-39998.7,18266.7,66077.2,25.0,0,
2017-12-22 06:39:41,0,3,4,27.5,3466.0,-39998.7,18333.4,66308.3,25.0,0,
2017-12-22 06:39:44,0,3,4,27.5,3465.4,-39998.5,18333.4,66308.3,25.0,0,
2017-12-22 06:39:47,0,3,4,27.6,3464.7,-39998.9,18400.1,66539.3,25.0,0,
2017-12-22 06:39:50,0,3,4,27.6,3464.0,-39998.5,18400.1,66539.3,25.0,0,
2017-12-22 06:39:54,0,3,4,27.7,3463.2,-39998.7,18466.7,66770.1,25.0,0,
2017-12-22 06:39:57,0,3,4,27.7,3462.5,-39999.0,18466.7,66770.1,25.0,0,
2017-12-22 06:40:00,0,3,4,27.8,3462.0,-39998.5,18533.4,67000.9,25.0,0,
2017-12-22 06:40:03,0,3,4,27.8,3461.2,-39998.7,18533.4,67000.9,25.0,0,
2017-12-22 06:40:06,0,3,4,27.9,3460.6,-39998.6,18600.1,67231.7,25.0,0,
2017-12-22 06:40:09,0,3,4,27.9,3459.8,-39998.6,18600.1,67231.7,25.0,0,
2017-12-22 06:40:12,0,3,4,28.0,3459.1,-39999.3,18666.7,67462.3,25.0,0,
2017-12-22 06:40:16,0,3,4,28.0,3458.5,-39998.9,18666.7,67462.3,25.0,0,
2017-12-22 06:40:19,0,3,4,28.1,3457.7,-39998.7,18733.4,67692.8,25.0,0,
2017-12-22 06:40:22,0,3,4,28.1,3457.1,-39998.7,18733.4,67692.8,25.0,0,
2017-12-22 06:40:25,0,3,4,28.2,3456.4,-39998.4,18800.0,67923.3,25.0,0,
2017-12-22 06:40:28,0,3,4,28.2,3455.6,-39998.2,18800.0,67923.3,25.0,0,
2017-12-22 06:40:31,0,3,4,28.3,3454.9,-39998.4,18866.7,68153.6,25.0,0,
2017-12-22 06:40:34,0,3,4,28.4,3454.3,-39998.6,18933.4,68383.9,25.0,0,
2017-12-22 06:40:37,0,3,4,28.4,3453.6,-39998.7,18933.4,68383.9,25.1,0,
2017-12-22 06:40:41,0,3,4,28.5,3452.7,-39998.2,19000.0,68614.1,25.0,0,
2017-12-22 06:40:44,0,3,4,28.5,3452.1,-39998.5,19000.0,68614.1,25.1,0,
2017-12-22 06:40:47,0,3,4,28.6,3451.3,-39998.2,19066.7,68844.2,25.0,0,
2017-12-22 06:40:50,0,3,4,28.6,3450.5,-39998.5,19066.7,68844.2,25.0,0,
2017-12-22 06:40:53,0,3,4,28.7,3449.9,-39998.0,19133.4,69074.1,25.0,0,
2017-12-22 06:40:56,0,3,4,28.7,3449.1,-39997.7,19133.4,69074.1,25.0,0,
2017-12-22 06:40:59,0,3,4,28.8,3448.5,-39998.3,19200.0,69304.0,25.1,0,
2017-12-22 06:41:03,0,3,4,28.8,3447.5,-39997.8,19200.0,69304.0,25.1,0,
2017-12-22 06:41:06,0,3,4,28.9,3446.9,-39998.1,19266.7,69533.8,25.0,0,
2017-12-22 06:41:09,0,3,4,28.9,3446.1,-39998.2,19266.7,69533.8,25.1,0,
2017-12-22 06:41:12,0,3,4,29.0,3445.4,-39998.3,19333.3,69763.5,25.1,0,
2017-12-22 06:41:15,0,3,4,29.0,3444.6,-39998.3,19333.3,69763.5,25.1,0,
2017-12-22 06:41:18,0,3,4,29.1,3443.8,-39998.0,19400.0,69993.1,25.1,0,
2017-12-22 06:41:21,0,3,4,29.1,3443.1,-39998.2,19400.0,69993.1,25.1,0,
2017-12-22 06:41:25,0,3,4,29.2,3442.4,-39998.1,19466.7,70222.6,25.1,0,
2017-12-22 06:41:28,0,3,4,29.2,3441.6,-39998.0,19466.7,70222.6,25.1,0,
2017-12-22 06:41:31,0,3,4,29.3,3440.7,-39998.1,19533.3,70452.0,25.1,0,
2017-12-22 06:41:34,0,3,4,29.3,3439.9,-39997.7,19533.3,70452.0,25.1,0,
2017-12-22 06:41:37,0,3,4,29.4,3439.1,-39997.8,19600.0,70681.3,25.1,0,
2017-12-22 06:41:40,0,3,4,29.5,3438.4,-39997.7,19666.6,70910.5,25.1,0,
2017-12-22 06:41:43,0,3,4,29.5,3437.5,-39998.2,19666.6,70910.5,25.1,0,
2017-12-22 06:41:47,0,3,4,29.6,3436.9,-39998.4,19733.3,71139.6,25.1,0,
2017-12-22 06:41:50,0,3,4,29.6,3436.0,-39998.0,19733.3,71139.6,25.1,0,
2017-12-22 06:41:53,0,3,4,29.7,3435.2,-39998.1,19800.0,71368.6,25.0,0,
2017-12-22 06:41:56,0,3,4,29.7,3434.3,-39997.8,19800.0,71368.6,25.0,0,
2017-12-22 06:41:59,0,3,4,29.8,3433.5,-39998.5,19866.6,71597.5,25.0,0,
2017-12-22 06:42:02,0,3,4,29.8,3432.7,-39998.2,19866.6,71597.5,25.0,0,
2017-12-22 06:42:05,0,3,4,29.9,3431.8,-39998.0,19933.3,71826.3,25.1,0,
2017-12-22 06:42:09,0,3,4,29.9,3431.1,-39997.5,19933.3,71826.3,25.0,0,
2017-12-22 06:42:12,0,3,4,30.0,3430.2,-39998.1,19999.9,72055.0,25.1,0,
2017-12-22 06:42:15,0,3,4,30.0,3429.3,-39998.7,19999.9,72055.0,25.1,0,
2017-12-22 06:42:18,0,3,4,30.1,3428.7,-39997.5,20066.6,72283.5,25.1,0,
2017-12-22 06:42:21,0,3,4,30.1,3427.7,-39997.9,20066.6,72283.5,25.1,0,
2017-12-22 06:42:24,0,3,4,30.2,3426.8,-39998.4,20133.3,72512.0,25.1,0,
2017-12-22 06:42:28,0,3,4,30.2,3426.0,-39998.6,20133.3,72512.0,25.1,0,
2017-12-22 06:42:31,0,3,4,30.3,3425.1,-39998.5,20199.9,72740.4,25.1,0,
2017-12-22 06:42:34,0,3,4,30.3,3424.3,-39998.3,20199.9,72740.4,25.1,0,
2017-12-22 06:42:37,0,3,4,30.4,3423.3,-39998.2,20266.6,72968.6,25.1,0,
2017-12-22 06:42:40,0,3,4,30.4,3422.4,-39998.0,20266.6,72968.6,25.1,0,
2017-12-22 06:42:43,0,3,4,30.5,3421.7,-39998.0,20333.2,73196.8,25.1,0,
2017-12-22 06:42:46,0,3,4,30.6,3420.8,-39998.5,20399.9,73424.8,25.1,0,
2017-12-22 06:42:49,0,3,4,30.6,3419.9,-39998.0,20399.9,73424.8,25.1,0,
2017-12-22 06:42:53,0,3,4,30.7,3418.8,-39997.8,20466.6,73652.7,25.1,0,
2017-12-22 06:42:56,0,3,4,30.7,3417.9,-39998.0,20466.6,73652.7,25.1,0,
2017-12-22 06:42:59,0,3,4,30.8,3417.0,-39998.0,20533.2,73880.5,25.1,0,
2017-12-22 06:43:02,0,3,4,30.8,3416.1,-39997.9,20533.2,73880.5,25.1,0,
2017-12-22 06:43:05,0,3,4,30.9,3415.1,-39997.9,20599.9,74108.2,25.1,0,
2017-12-22 06:43:08,0,3,4,30.9,3414.0,-39998.3,20599.9,74108.2,25.1,0,
2017-12-22 06:43:11,0,3,4,31.0,3413.2,-39997.8,20666.5,74335.8,25.1,0,
2017-12-22 06:43:15,0,3,4,31.0,3412.3,-39997.5,20666.5,74335.8,25.1,0,
2017-12-22 06:43:18,0,3,4,31.1,3411.3,-39997.8,20733.2,74563.2,25.1,0,
2017-12-22 06:43:21,0,3,4,31.1,3410.1,-39997.3,20733.2,74563.2,25.1,0,
2017-12-22 06:43:24,0,3,4,31.2,3409.2,-39997.8,20799.9,74790.5,25.1,0,
2017-12-22 06:43:27,0,3,4,31.2,3408.1,-39998.1,20799.9,74790.5,25.1,0,
2017-12-22 06:43:30,0,3,4,31.3,3407.1,-39997.5,20866.5,75017.6,25.1,0,
2017-12-22 06:43:33,0,3,4,31.3,3406.1,-39998.0,20866.5,75017.6,25.1,0,
2017-12-22 06:43:37,0,3,4,31.4,3405.0,-39997.5,20933.2,75244.6,25.1,0,
2017-12-22 06:43:40,0,3,4,31.4,3403.7,-39997.9,20933.2,75244.6,25.1,0,
2017-12-22 06:43:43,0,3,4,31.5,3402.8,-39997.8,20999.8,75471.5,25.1,0,
2017-12-22 06:43:46,0,3,4,31.5,3401.5,-39997.7,20999.8,75471.5,25.1,0,
2017-12-22 06:43:49,0,3,4,31.6,3400.4,-39998.1,21066.5,75698.2,25.1,0,
2017-12-22 06:43:52,0,3,4,31.7,3399.1,-39997.5,21133.2,75924.8,25.1,0,
2017-12-22 06:43:55,0,3,4,31.7,3398.1,-39998.0,21133.2,75924.8,25.1,0,
2017-12-22 06:43:59,0,3,4,31.8,3396.9,-39997.7,21199.8,76151.3,25.2,0,
2017-12-22 06:44:02,0,3,4,31.8,3395.7,-39997.7,21199.8,76151.3,25.2,0,
2017-12-22 06:44:05,0,3,4,31.9,3394.2,-39997.9,21266.5,76377.5,25.2,0,
2017-12-22 06:44:08,0,3,4,31.9,3393.1,-39997.7,21266.5,76377.5,25.2,0,
2017-12-22 06:44:11,0,3,4,32.0,3391.6,-39998.0,21333.1,76603.7,25.2,0,
2017-12-22 06:44:14,0,3,4,32.0,3390.4,-39997.5,21333.1,76603.7,25.2,0,
2017-12-22 06:44:18,0,3,4,32.1,3389.0,-39997.5,21399.8,76829.6,25.2,0,
2017-12-22 06:44:21,0,3,4,32.1,3387.7,-40000.8,21399.8,76829.6,25.2,0,
2017-12-22 06:44:24,0,3,4,32.2,3386.1,-40000.6,21466.5,77055.4,25.2,0,
2017-12-22 06:44:27,0,3,4,32.2,3384.8,-40000.7,21466.5,77055.4,25.2,0,
2017-12-22 06:44:30,0,3,4,32.3,3383.3,-40000.5,21533.1,77281.0,25.2,0,
2017-12-22 06:44:33,0,3,4,32.3,3381.7,-40000.5,21533.1,77281.0,25.2,0,
2017-12-22 06:44:36,0,3,4,32.4,3380.2,-40000.7,21599.8,77506.4,25.3,0,
2017-12-22 06:44:39,0,3,4,32.4,3378.7,-40000.5,21599.8,77506.4,25.3,0,
2017-12-22 06:44:43,0,3,4,32.5,3376.8,-40000.7,21666.5,77731.7,25.3,0,
2017-12-22 06:44:46,0,3,4,32.5,3375.2,-40000.0,21666.5,77731.7,25.3,0,
2017-12-22 06:44:49,0,3,4,32.6,3373.4,-40000.5,21733.1,77956.7,25.3,0,
2017-12-22 06:44:52,0,3,4,32.6,3371.6,-40000.7,21733.1,77956.7,25.3,0,
2017-12-22 06:44:55,0,3,4,32.7,3369.8,-40000.3,21799.8,78181.4,25.3,0,
2017-12-22 06:44:58,0,3,4,32.8,3368.0,-40000.7,21866.5,78406.0,25.2,0,
2017-12-22 06:45:02,0,3,4,32.8,3366.0,-40000.7,21866.5,78406.0,25.2,0,
2017-12-22 06:45:05,0,3,4,32.9,3364.1,-40000.8,21933.1,78630.3,25.2,0,
2017-12-22 06:45:08,0,3,4,32.9,3362.0,-40000.7,21933.1,78630.3,25.2,0,
2017-12-22 06:45:11,0,3,4,33.0,3360.0,-40000.6,21999.8,78854.3,25.2,0,
2017-12-22 06:45:14,0,3,4,33.0,3357.9,-40000.5,21999.8,78854.3,25.2,0,
2017-12-22 06:45:17,0,3,4,33.1,3355.4,-40000.3,22066.5,79078.1,25.1,0,
2017-12-22 06:45:20,0,3,4,33.1,3353.2,-40000.7,22066.5,79078.1,25.2,0,
2017-12-22 06:45:23,0,3,4,33.2,3350.8,-40000.5,22133.1,79301.5,25.2,0,
2017-12-22 06:45:27,0,3,4,33.2,3348.3,-40000.1,22133.1,79301.5,25.2,0,
2017-12-22 06:45:30,0,3,4,33.3,3345.9,-40000.1,22199.8,79524.6,25.2,0,
2017-12-22 06:45:33,0,3,4,33.3,3343.2,-39999.9,22199.8,79524.6,25.2,0,
2017-12-22 06:45:36,0,3,4,33.4,3340.6,-40000.2,22266.5,79747.4,25.3,0,
2017-12-22 06:45:39,0,3,4,33.4,3337.7,-40000.2,22266.5,79747.4,25.3,0,
2017-12-22 06:45:42,0,3,4,33.5,3334.9,-40000.1,22333.1,79969.9,25.3,0,
2017-12-22 06:45:45,0,3,4,33.5,3331.9,-40000.3,22333.1,79969.9,25.3,0,
2017-12-22 06:45:49,0,3,4,33.6,3328.8,-39999.9,22399.8,80192.0,25.3,0,
2017-12-22 06:45:52,0,3,4,33.6,3325.7,-40000.8,22399.8,80192.0,25.3,0,
2017-12-22 06:45:55,0,3,4,33.7,3322.6,-40000.2,22466.5,80413.7,25.3,0,
2017-12-22 06:45:58,0,3,4,33.7,3319.1,-40000.0,22466.5,80413.7,25.3,0,
2017-12-22 06:46:01,0,3,4,33.8,3315.9,-40000.0,22533.1,80634.9,25.3,0,
2017-12-22 06:46:04,0,3,4,33.8,3312.2,-40000.5,22533.1,80634.9,25.3,0,
2017-12-22 06:46:07,0,3,4,33.9,3308.9,-40000.8,22599.8,80855.7,25.3,0,
2017-12-22 06:46:10,0,3,4,34.0,3305.1,-40000.8,22666.5,81076.0,25.3,0,
2017-12-22 06:46:14,0,3,4,34.0,3301.1,-40000.8,22666.5,81076.0,25.3,0,
2017-12-22 06:46:14,0,3,4,34.0,3300.0,-40000.0,22666.5,81076.0,25.3,3,下限电压到
2017-12-22 06:46:17,0,3,4,34.1,3362.3,21.5,22666.5,81076.2,25.3,3,下限电压到
2017-12-22 06:46:20,0,3,4,34.1,3370.5,21.5,22666.5,81076.2,25.3,3,下限电压到
2017-12-22 06:46:23,0,3,4,34.2,3375.4,22.2,22666.6,81076.3,25.3,3,下限电压到
2017-12-22 06:46:26,0,3,4,34.2,3379.6,21.9,22666.6,81076.3,25.3,3,下限电压到
2017-12-22 06:46:29,0,3,4,34.3,3382.9,21.4,22666.6,81076.4,25.3,3,下限电压到
2017-12-22 06:46:32,0,3,4,34.3,3385.6,22.3,22666.6,81076.4,25.3,3,下限电压到
2017-12-22 06:46:35,0,3,4,34.4,3387.9,21.8,22666.6,81076.5,25.3,3,下限电压到
2017-12-22 06:46:38,0,3,4,34.4,3389.9,22.0,22666.6,81076.5,25.3,3,下限电压到
2017-12-22 06:46:42,0,3,4,34.5,3391.6,22.2,22666.7,81076.7,25.3,3,下限电压到
2017-12-22 06:46:45,0,3,4,34.5,3393.3,21.7,22666.7,81076.7,25.3,3,下限电压到
2017-12-22 06:46:50,0,4,6,0.0,3394.9,0,0.0,0.0,25.3,0,
