2017-12-22 05:33:19,0,0,3,0.0,3426.1,0,0.0,0.0,24.7,0,
2017-12-22 05:33:47,0,0,3,0.4,3427.2,23.1,0.0,0.0,24.6,0,
2017-12-22 05:33:50,0,0,3,0.4,3427.2,22.4,0.0,0.0,24.6,0,
2017-12-22 05:33:53,0,0,3,0.5,3427.3,23.5,0.0,0.0,24.6,0,
2017-12-22 05:33:56,0,0,3,0.5,3427.5,23.3,0.0,0.0,24.7,0,
2017-12-22 05:33:59,0,0,3,0.6,3427.6,23.5,0.0,0.0,24.7,0,
2017-12-22 05:34:02,0,0,3,0.6,3427.7,21.8,0.0,0.0,24.7,0,
2017-12-22 05:34:05,0,0,3,0.7,3427.8,23.7,0.0,0.0,24.7,0,
2017-12-22 05:34:08,0,0,3,0.7,3427.9,23.4,0.0,0.0,24.7,0,
2017-12-22 05:34:12,0,0,3,0.8,3427.9,23.1,0.0,0.0,24.7,0,
2017-12-22 05:34:15,0,0,3,0.8,3428.0,23.3,0.0,0.0,24.7,0,
2017-12-22 05:34:18,0,0,3,0.9,3428.2,22.3,0.0,0.0,24.7,0,
2017-12-22 05:34:21,0,0,3,0.9,3428.1,23.5,0.0,0.0,24.7,0,
2017-12-22 05:34:24,0,0,3,1.0,3428.3,21.9,0.0,0.0,24.7,0,
2017-12-22 05:34:25,0,0,3,1.0,3428.3,23.3,0.0,0.0,24.7,1,时间到
2017-12-22 05:34:29,0,1,2,0.0,3428.5,0,0.0,0.0,24.7,0,
2017-12-22 05:34:51,0,1,2,0.4,3505.3,40000.8,266.7,930.5,24.8,0,
2017-12-22 05:34:54,0,1,2,0.4,3509.6,40000.5,266.7,930.5,24.8,0,
2017-12-22 05:34:58,0,1,2,0.5,3513.8,40001.6,333.3,1164.7,24.8,0,
2017-12-22 05:35:01,0,1,2,0.5,3517.5,40001.1,333.3,1164.7,24.8,0,
2017-12-22 05:35:04,0,1,2,0.6,3521.1,40001.3,400.0,1399.4,24.8,0,
2017-12-22 05:35:07,0,1,2,0.6,3524.7,40001.3,400.0,1399.4,24.8,0,
2017-12-22 05:35:11,0,1,2,0.7,3527.7,40001.4,466.7,1634.5,24.8,0,
2017-12-22 05:35:14,0,1,2,0.7,3530.6,40001.5,466.7,1634.5,24.8,0,
2017-12-22 05:35:17,0,1,2,0.8,3533.3,40002.0,533.4,1870.0,24.8,0,
2017-12-22 05:35:20,0,1,2,0.8,3535.9,40002.2,533.4,1870.0,24.8,0,
2017-12-22 05:35:23,0,1,2,0.9,3538.3,40001.8,600.0,2105.8,24.8,0,
2017-12-22 05:35:27,0,1,2,0.9,3540.5,40002.3,600.0,2105.8,24.8,0,
2017-12-22 05:35:30,0,1,2,1.0,3542.6,40002.2,666.7,2341.9,24.8,0,
2017-12-22 05:35:33,0,1,2,1.0,3544.4,40002.3,666.7,2341.9,24.8,0,
2017-12-22 05:35:36,0,1,2,1.1,3546.0,40002.3,733.4,2578.3,24.9,0,
2017-12-22 05:35:39,0,1,2,1.1,3547.5,40002.2,733.4,2578.3,24.9,0,
2017-12-22 05:35:42,0,1,2,1.2,3548.9,39999.2,800.0,2814.8,24.9,0,
2017-12-22 05:35:45,0,1,2,1.2,3550.3,39999.4,800.0,2814.8,25.0,0,
2017-12-22 05:35:48,0,1,2,1.3,3551.7,39999.6,866.7,3051.5,25.0,0,
2017-12-22 05:35:51,0,1,2,1.4,3552.9,39999.5,933.4,3288.3,25.0,0,
2017-12-22 05:35:54,0,1,2,1.4,3554.2,39999.5,933.4,3288.3,24.9,0,
2017-12-22 05:35:58,0,1,2,1.5,3555.4,39999.5,1000.0,3525.3,24.9,0,
2017-12-22 05:36:01,0,1,2,1.5,3556.5,39999.7,1000.0,3525.3,24.9,0,
2017-12-22 05:36:04,0,1,2,1.6,3557.6,39999.6,1066.7,3762.5,24.9,0,
2017-12-22 05:36:07,0,1,2,1.6,3558.4,39999.4,1066.7,3762.5,24.9,0,
2017-12-22 05:36:10,0,1,2,1.7,3559.5,39999.4,1133.4,3999.7,24.9,0,
2017-12-22 05:36:13,0,1,2,1.7,3560.3,39999.4,1133.4,3999.7,24.9,0,
2017-12-22 05:36:17,0,1,2,1.8,3561.3,39999.5,1200.0,4237.1,24.9,0,
2017-12-22 05:36:20,0,1,2,1.8,3562.2,39999.7,1200.0,4237.1,24.9,0,
2017-12-22 05:36:23,0,1,2,1.9,3563.1,39999.6,1266.7,4474.6,24.9,0,
2017-12-22 05:36:26,0,1,2,1.9,3564.0,39999.5,1266.7,4474.6,25.0,0,
2017-12-22 05:36:29,0,1,2,2.0,3564.8,39999.7,1333.4,4712.2,24.9,0,
2017-12-22 05:36:32,0,1,2,2.0,3565.7,39999.8,1333.4,4712.2,24.9,0,
2017-12-22 05:36:35,0,1,2,2.1,3566.4,40000.0,1400.0,4950.0,24.9,0,
2017-12-22 05:36:39,0,1,2,2.1,3567.4,39999.4,1400.0,4950.0,24.9,0,
2017-12-22 05:36:42,0,1,2,2.2,3568.3,39999.4,1466.7,5187.8,24.9,0,
2017-12-22 05:36:45,0,1,2,2.2,3569.1,39999.3,1466.7,5187.8,24.9,0,
2017-12-22 05:36:48,0,1,2,2.3,3570.0,39999.7,1533.4,5425.8,24.9,0,
2017-12-22 05:36:52,0,1,2,2.4,3570.9,39999.5,1600.0,5663.8,24.9,0,
2017-12-22 05:36:55,0,1,2,2.4,3571.7,39999.5,1600.0,5663.8,24.9,0,
2017-12-22 05:36:58,0,1,2,2.5,3572.4,39999.5,1666.7,5901.9,24.9,0,
2017-12-22 05:37:01,0,1,2,2.5,3573.3,39999.7,1666.7,5901.9,24.9,0,
2017-12-22 05:37:04,0,1,2,2.6,3574.1,39999.1,1733.4,6140.2,24.8,0,
2017-12-22 05:37:07,0,1,2,2.6,3574.8,39999.5,1733.4,6140.2,24.8,0,
2017-12-22 05:37:10,0,1,2,2.7,3575.6,39999.5,1800.0,6378.6,24.8,0,
2017-12-22 05:37:13,0,1,2,2.7,3576.4,39999.7,1800.0,6378.6,24.8,0,
2017-12-22 05:37:17,0,1,2,2.8,3577.1,39999.3,1866.7,6617.0,24.8,0,
2017-12-22 05:37:20,0,1,2,2.8,3578.0,39999.4,1866.7,6617.0,24.8,0,
2017-12-22 05:37:23,0,1,2,2.9,3578.7,39999.5,1933.4,6855.6,24.8,0,
2017-12-22 05:37:26,0,1,2,2.9,3579.5,39999.5,1933.4,6855.6,24.8,0,
2017-12-22 05:37:29,0,1,2,3.0,3580.4,39999.5,2000.0,7094.2,24.8,0,
2017-12-22 05:37:32,0,1,2,3.0,3581.1,39999.5,2000.0,7094.2,24.7,0,
2017-12-22 05:37:35,0,1,2,3.1,3582.0,39999.8,2066.7,7333.0,24.8,0,
2017-12-22 05:37:38,0,1,2,3.1,3582.7,39999.4,2066.7,7333.0,24.7,0,
2017-12-22 05:37:41,0,1,2,3.2,3583.6,39999.7,2133.4,7571.9,24.7,0,
2017-12-22 05:37:44,0,1,2,3.2,3584.4,39999.5,2133.4,7571.9,24.7,0,
2017-12-22 05:37:47,0,1,2,3.3,3585.2,39999.4,2200.0,7810.9,24.7,0,
2017-12-22 05:37:51,0,1,2,3.3,3586.1,39999.7,2200.0,7810.9,24.7,0,
2017-12-22 05:37:54,0,1,2,3.4,3586.7,39999.9,2266.7,8049.9,24.7,0,
2017-12-22 05:37:57,0,1,2,3.4,3587.5,39999.8,2266.7,8049.9,24.7,0,
2017-12-22 05:38:00,0,1,2,3.5,3588.5,39999.9,2333.3,8289.1,24.6,0,
2017-12-22 05:38:03,0,1,2,3.5,3589.2,39999.5,2333.3,8289.1,24.6,0,
2017-12-22 05:38:06,0,1,2,3.6,3589.9,39999.6,2400.0,8528.4,24.6,0,
2017-12-22 05:38:09,0,1,2,3.6,3590.9,39999.8,2400.0,8528.4,24.6,0,
2017-12-22 05:38:12,0,1,2,3.7,3591.7,39999.8,2466.7,8767.8,24.6,0,
2017-12-22 05:38:15,0,1,2,3.7,3592.4,39999.5,2466.7,8767.8,24.6,0,
2017-12-22 05:38:18,0,1,2,3.8,3593.2,39999.7,2533.3,9007.3,24.6,0,
2017-12-22 05:38:21,0,1,2,3.9,3594.1,39999.6,2600.0,9246.9,24.6,0,
2017-12-22 05:38:24,0,1,2,3.9,3594.8,39999.6,2600.0,9246.9,24.6,0,
2017-12-22 05:38:27,0,1,2,4.0,3595.8,39999.7,2666.7,9486.6,24.6,0,
2017-12-22 05:38:30,0,1,2,4.0,3596.4,39999.7,2666.7,9486.6,24.6,0,
2017-12-22 05:38:33,0,1,2,4.1,3597.4,39999.8,2733.3,9726.4,24.6,0,
2017-12-22 05:38:36,0,1,2,4.1,3598.1,39999.9,2733.3,9726.4,24.6,0,
2017-12-22 05:38:40,0,1,2,4.2,3599.0,39999.8,2800.0,9966.4,24.6,0,
2017-12-22 05:38:43,0,1,2,4.2,3599.8,39999.9,2800.0,9966.4,24.6,0,
2017-12-22 05:38:46,0,1,2,4.3,3600.7,39999.7,2866.7,10206.4,24.7,0,
2017-12-22 05:38:49,0,1,2,4.3,3601.4,39999.8,2866.7,10206.4,24.7,0,
2017-12-22 05:38:52,0,1,2,4.4,3602.2,40000.1,2933.3,10446.5,24.7,0,
2017-12-22 05:38:55,0,1,2,4.4,3603.0,39999.9,2933.3,10446.5,24.7,0,
2017-12-22 05:38:58,0,1,2,4.5,3603.9,40000.1,3000.0,10686.8,24.6,0,
2017-12-22 05:39:01,0,1,2,4.5,3604.7,40000.0,3000.0,10686.8,24.6,0,
2017-12-22 05:39:04,0,1,2,4.6,3605.4,39999.8,3066.7,10927.1,24.6,0,
2017-12-22 05:39:08,0,1,2,4.6,3606.3,39999.7,3066.7,10927.1,24.6,0,
2017-12-22 05:39:11,0,1,2,4.7,3607.2,39999.7,3133.3,11167.6,24.6,0,
2017-12-22 05:39:14,0,1,2,4.7,3608.1,39999.8,3133.3,11167.6,24.7,0,
2017-12-22 05:39:17,0,1,2,4.8,3608.7,39999.8,3200.0,11408.1,24.7,0,
2017-12-22 05:39:20,0,1,2,4.8,3609.5,39999.7,3200.0,11408.1,24.7,0,
2017-12-22 05:39:23,0,1,2,4.9,3610.6,40000.0,3266.7,11648.8,24.6,0,
2017-12-22 05:39:27,0,1,2,4.9,3611.4,39999.7,3266.7,11648.8,24.7,0,
2017-12-22 05:39:30,0,1,2,5.0,3612.1,39999.7,3333.3,11889.6,24.7,0,
2017-12-22 05:39:33,0,1,2,5.0,3613.0,39999.5,3333.3,11889.6,24.7,0,
2017-12-22 05:39:36,0,1,2,5.1,3613.7,39999.5,3400.0,12130.4,24.7,0,
2017-12-22 05:39:39,0,1,2,5.1,3614.7,40000.0,3400.0,12130.4,24.7,0,
2017-12-22 05:39:42,0,1,2,5.2,3615.3,39999.7,3466.7,12371.4,24.7,0,
2017-12-22 05:39:45,0,1,2,5.2,3616.3,40000.0,3466.7,12371.4,24.7,0,
2017-12-22 05:39:48,0,1,2,5.3,3617.0,39999.7,3533.3,12612.5,24.7,0,
2017-12-22 05:39:51,0,1,2,5.3,3617.9,39999.8,3533.3,12612.5,24.7,0,
2017-12-22 05:39:54,0,1,2,5.4,3618.5,40000.0,3600.0,12853.7,24.7,0,
2017-12-22 05:39:58,0,1,2,5.5,3619.4,39999.7,3666.7,13095.0,24.7,0,
2017-12-22 05:40:01,0,1,2,5.5,3620.2,40000.1,3666.7,13095.0,24.7,0,
2017-12-22 05:40:04,0,1,2,5.6,3621.0,39999.9,3733.3,13336.4,24.7,0,
2017-12-22 05:40:07,0,1,2,5.6,3621.8,39999.8,3733.3,13336.4,24.7,0,
2017-12-22 05:40:10,0,1,2,5.7,3622.7,40000.0,3800.0,13577.9,24.7,0,
2017-12-22 05:40:13,0,1,2,5.7,3623.4,39999.7,3800.0,13577.9,24.7,0,
2017-12-22 05:40:16,0,1,2,5.8,3624.1,39999.8,3866.7,13819.5,24.7,0,
2017-12-22 05:40:19,0,1,2,5.8,3624.9,40000.1,3866.7,13819.5,24.7,0,
2017-12-22 05:40:22,0,1,2,5.9,3625.5,39999.8,3933.3,14061.2,24.8,0,
2017-12-22 05:40:25,0,1,2,5.9,3626.4,39999.5,3933.3,14061.2,24.7,0,
2017-12-22 05:40:28,0,1,2,6.0,3627.1,39999.9,4000.0,14302.9,24.8,0,
2017-12-22 05:40:32,0,1,2,6.0,3627.9,40000.1,4000.0,14302.9,24.8,0,
2017-12-22 05:40:35,0,1,2,6.1,3628.8,40000.0,4066.7,14544.8,24.8,0,
2017-12-22 05:40:38,0,1,2,6.1,3629.5,40000.0,4066.7,14544.8,24.8,0,
2017-12-22 05:40:41,0,1,2,6.2,3630.2,39999.7,4133.3,14786.8,24.8,0,
2017-12-22 05:40:44,0,1,2,6.2,3631.0,39999.7,4133.3,14786.8,24.8,0,
2017-12-22 05:40:47,0,1,2,6.3,3631.8,39999.8,4200.0,15028.9,24.7,0,
2017-12-22 05:40:51,0,1,2,6.3,3632.5,39999.9,4200.0,15028.9,24.7,0,
2017-12-22 05:40:54,0,1,2,6.4,3633.2,40000.0,4266.7,15271.1,24.8,0,
2017-12-22 05:40:57,0,1,2,6.4,3633.9,40000.3,4266.7,15271.1,24.7,0,
2017-12-22 05:41:00,0,1,2,6.5,3634.6,40000.1,4333.3,15513.3,24.7,0,
2017-12-22 05:41:03,0,1,2,6.5,3635.3,40000.1,4333.3,15513.3,24.7,0,
2017-12-22 05:41:06,0,1,2,6.6,3636.0,40000.1,4400.0,15755.7,24.8,0,
2017-12-22 05:41:09,0,1,2,6.7,3636.7,40000.0,4466.7,15998.2,24.7,0,
2017-12-22 05:41:13,0,1,2,6.7,3637.6,40000.0,4466.7,15998.2,24.8,0,
2017-12-22 05:41:16,0,1,2,6.8,3638.1,39999.7,4533.3,16240.7,24.8,0,
2017-12-22 05:41:19,0,1,2,6.8,3638.9,39999.8,4533.3,16240.7,24.8,0,
2017-12-22 05:41:22,0,1,2,6.9,3639.6,40000.0,4600.0,16483.3,24.8,0,
2017-12-22 05:41:25,0,1,2,6.9,3640.4,39999.7,4600.0,16483.3,24.8,0,
2017-12-22 05:41:28,0,1,2,7.0,3641.0,40000.0,4666.7,16726.1,24.8,0,
2017-12-22 05:41:31,0,1,2,7.0,3641.7,40000.0,4666.7,16726.1,24.7,0,
2017-12-22 05:41:34,0,1,2,7.1,3642.3,39999.9,4733.3,16968.9,24.7,0,
2017-12-22 05:41:38,0,1,2,7.1,3643.2,40000.2,4733.3,16968.9,24.7,0,
2017-12-22 05:41:41,0,1,2,7.2,3643.9,40000.0,4800.0,17211.8,24.8,0,
2017-12-22 05:41:44,0,1,2,7.2,3644.6,40000.2,4800.0,17211.8,24.8,0,
2017-12-22 05:41:47,0,1,2,7.3,3645.2,40000.0,4866.7,17454.8,24.8,0,
2017-12-22 05:41:50,0,1,2,7.3,3645.9,40000.2,4866.7,17454.8,24.8,0,
2017-12-22 05:41:53,0,1,2,7.4,3646.5,40000.2,4933.3,17697.8,24.8,0,
2017-12-22 05:41:57,0,1,2,7.4,3647.2,40000.0,4933.3,17697.8,24.8,0,
2017-12-22 05:42:00,0,1,2,7.5,3648.0,40000.3,5000.0,17941.0,24.7,0,
2017-12-22 05:42:03,0,1,2,7.5,3648.6,40000.0,5000.0,17941.0,24.7,0,
2017-12-22 05:42:06,0,1,2,7.6,3649.3,40000.2,5066.7,18184.3,24.7,0,
2017-12-22 05:42:09,0,1,2,7.7,3649.9,40000.1,5133.3,18427.6,24.8,0,
2017-12-22 05:42:13,0,1,2,7.7,3650.6,39999.8,5133.3,18427.6,24.8,0,
2017-12-22 05:42:16,0,1,2,7.8,3651.2,40000.3,5200.0,18671.0,24.8,0,
2017-12-22 05:42:19,0,1,2,7.8,3652.0,40000.0,5200.0,18671.0,24.8,0,
2017-12-22 05:42:22,0,1,2,7.9,3652.5,40000.0,5266.7,18914.5,24.8,0,
2017-12-22 05:42:25,0,1,2,7.9,3653.3,40000.0,5266.7,18914.5,24.8,0,
2017-12-22 05:42:28,0,1,2,8.0,3653.7,40000.1,5333.3,19158.1,24.8,0,
2017-12-22 05:42:31,0,1,2,8.0,3654.4,40000.5,5333.3,19158.1,24.8,0,
2017-12-22 05:42:34,0,1,2,8.1,3655.1,40000.1,5400.0,19401.7,24.8,0,
2017-12-22 05:42:37,0,1,2,8.1,3655.8,40000.0,5400.0,19401.7,24.8,0,
2017-12-22 05:42:41,0,1,2,8.2,3656.4,40000.3,5466.7,19645.5,24.8,0,
2017-12-22 05:42:44,0,1,2,8.2,3656.8,40000.0,5466.7,19645.5,24.8,0,
2017-12-22 05:42:47,0,1,2,8.3,3657.6,40000.1,5533.3,19889.3,24.8,0,
2017-12-22 05:42:50,0,1,2,8.3,3658.3,39999.9,5533.3,19889.3,24.8,0,
2017-12-22 05:42:53,0,1,2,8.4,3658.7,40000.0,5600.0,20133.2,24.8,0,
2017-12-22 05:42:56,0,1,2,8.4,3659.4,40000.3,5600.0,20133.2,24.8,0,
2017-12-22 05:43:00,0,1,2,8.5,3660.2,40000.0,5666.7,20377.2,24.8,0,
2017-12-22 05:43:03,0,1,2,8.5,3660.7,40000.0,5666.7,20377.2,24.8,0,
2017-12-22 05:43:06,0,1,2,8.6,3661.4,39999.9,5733.3,20621.2,24.8,0,
2017-12-22 05:43:09,0,1,2,8.6,3661.9,40000.0,5733.3,20621.2,24.8,0,
2017-12-22 05:43:12,0,1,2,8.7,3662.5,40000.1,5800.0,20865.4,24.8,0,
2017-12-22 05:43:16,0,1,2,8.8,3663.1,40000.2,5866.7,21109.6,24.7,0,
2017-12-22 05:43:19,0,1,2,8.8,3663.8,40000.1,5866.7,21109.6,24.8,0,
2017-12-22 05:43:22,0,1,2,8.9,3664.3,40000.0,5933.3,21353.9,24.7,0,
2017-12-22 05:43:25,0,1,2,8.9,3665.0,40000.5,5933.3,21353.9,24.7,0,
2017-12-22 05:43:28,0,1,2,9.0,3665.5,40000.3,6000.0,21598.2,24.7,0,
2017-12-22 05:43:31,0,1,2,9.0,3666.1,40000.2,6000.0,21598.2,24.7,0,
2017-12-22 05:43:34,0,1,2,9.1,3666.8,40000.2,6066.7,21842.7,24.6,0,
2017-12-22 05:43:37,0,1,2,9.1,3667.3,40000.1,6066.7,21842.7,24.6,0,
2017-12-22 05:43:40,0,1,2,9.2,3667.7,40000.1,6133.3,22087.2,24.6,0,
2017-12-22 05:43:43,0,1,2,9.2,3668.2,40000.2,6133.3,22087.2,24.7,0,
2017-12-22 05:43:46,0,1,2,9.3,3669.0,40000.2,6200.0,22331.8,24.7,0,
2017-12-22 05:43:49,0,1,2,9.3,3669.4,40000.1,6200.0,22331.8,24.7,0,
2017-12-22 05:43:53,0,1,2,9.4,3669.9,40000.3,6266.7,22576.4,24.7,0,
2017-12-22 05:43:56,0,1,2,9.4,3670.6,40000.3,6266.7,22576.4,24.7,0,
2017-12-22 05:43:59,0,1,2,9.5,3671.2,40000.0,6333.3,22821.2,24.7,0,
2017-12-22 05:44:02,0,1,2,9.5,3671.8,40000.0,6333.3,22821.2,24.7,0,
2017-12-22 05:44:05,0,1,2,9.6,3672.1,40000.2,6400.0,23066.0,24.7,0,
2017-12-22 05:44:08,0,1,2,9.6,3672.6,40000.2,6400.0,23066.0,24.6,0,
2017-12-22 05:44:11,0,1,2,9.7,3673.3,39999.8,6466.7,23310.8,24.6,0,
2017-12-22 05:44:14,0,1,2,9.7,3673.7,40000.0,6466.7,23310.8,24.6,0,
2017-12-22 05:44:17,0,1,2,9.8,3674.3,40000.8,6533.3,23555.8,24.6,0,
2017-12-22 05:44:20,0,1,2,9.8,3674.7,40000.3,6533.3,23555.8,24.6,0,
2017-12-22 05:44:24,0,1,2,9.9,3675.3,40000.3,6600.0,23800.8,24.6,0,
2017-12-22 05:44:27,0,1,2,9.9,3675.8,40000.4,6600.0,23800.8,24.6,0,
2017-12-22 05:44:30,0,1,2,10.0,3676.4,40000.0,6666.7,24045.8,24.6,0,
2017-12-22 05:44:33,0,1,2,10.0,3677.0,40000.3,6666.7,24045.8,24.6,0,
2017-12-22 05:44:36,0,1,2,10.1,3677.5,40000.2,6733.3,24291.0,24.6,0,
2017-12-22 05:44:40,0,1,2,10.2,3677.8,40000.2,6800.0,24536.2,24.6,0,
2017-12-22 05:44:43,0,1,2,10.2,3678.5,40000.5,6800.0,24536.2,24.6,0,
2017-12-22 05:44:46,0,1,2,10.3,3679.0,40000.5,6866.7,24781.4,24.6,0,
2017-12-22 05:44:49,0,1,2,10.3,3679.4,40000.7,6866.7,24781.4,24.7,0,
2017-12-22 05:44:52,0,1,2,10.4,3679.9,40000.5,6933.3,25026.7,24.7,0,
2017-12-22 05:44:55,0,1,2,10.4,3680.3,40000.4,6933.3,25026.7,24.7,0,
2017-12-22 05:44:58,0,1,2,10.5,3680.7,40000.6,7000.0,25272.1,24.7,0,
2017-12-22 05:45:02,0,1,2,10.5,3681.2,40000.2,7000.0,25272.1,24.7,0,
2017-12-22 05:45:05,0,1,2,10.6,3681.7,40000.3,7066.7,25517.6,24.7,0,
2017-12-22 05:45:08,0,1,2,10.6,3682.3,40000.3,7066.7,25517.6,24.7,0,
2017-12-22 05:45:11,0,1,2,10.7,3682.8,40000.3,7133.3,25763.1,24.7,0,
2017-12-22 05:45:15,0,1,2,10.7,3683.1,40000.3,7133.3,25763.1,24.7,0,
2017-12-22 05:45:18,0,1,2,10.8,3683.6,40000.5,7200.0,26008.6,24.6,0,
2017-12-22 05:45:21,0,1,2,10.8,3684.0,40000.5,7200.0,26008.6,24.6,0,
2017-12-22 05:45:24,0,1,2,10.9,3684.5,40000.8,7266.7,26254.3,24.6,0,
2017-12-22 05:45:27,0,1,2,10.9,3684.8,40000.5,7266.7,26254.3,24.6,0,
2017-12-22 05:45:30,0,1,2,11.0,3685.4,40000.5,7333.3,26499.9,24.6,0,
2017-12-22 05:45:33,0,1,2,11.0,3685.7,40000.5,7333.3,26499.9,24.6,0,
2017-12-22 05:45:36,0,1,2,11.1,3686.2,40000.3,7400.0,26745.7,24.6,0,
2017-12-22 05:45:39,0,1,2,11.1,3686.6,40000.3,7400.0,26745.7,24.6,0,
2017-12-22 05:45:42,0,1,2,11.2,3687.0,40000.6,7466.7,26991.4,24.6,0,
2017-12-22 05:45:45,0,1,2,11.3,3687.5,40000.5,7533.4,27237.3,24.6,0,
2017-12-22 05:45:49,0,1,2,11.3,3687.9,40000.7,7533.4,27237.3,24.6,0,
2017-12-22 05:45:52,0,1,2,11.4,3688.2,40000.5,7600.0,27483.2,24.7,0,
2017-12-22 05:45:55,0,1,2,11.4,3688.6,40000.5,7600.0,27483.2,24.7,0,
2017-12-22 05:45:58,0,1,2,11.5,3689.1,40000.4,7666.7,27729.1,24.7,0,
2017-12-22 05:46:01,0,1,2,11.5,3689.4,40000.3,7666.7,27729.1,24.7,0,
2017-12-22 05:46:04,0,1,2,11.6,3689.8,40000.2,7733.4,27975.1,24.7,0,
2017-12-22 05:46:07,0,1,2,11.6,3690.3,40000.5,7733.4,27975.1,24.6,0,
2017-12-22 05:46:10,0,1,2,11.7,3690.7,40000.5,7800.0,28221.1,24.7,0,
2017-12-22 05:46:13,0,1,2,11.7,3690.9,40000.5,7800.0,28221.1,24.7,0,
2017-12-22 05:46:16,0,1,2,11.8,3691.4,40000.7,7866.7,28467.2,24.6,0,
2017-12-22 05:46:19,0,1,2,11.8,3691.8,40000.5,7866.7,28467.2,24.7,0,
2017-12-22 05:46:22,0,1,2,11.9,3692.3,40000.3,7933.4,28713.4,24.6,0,
2017-12-22 05:46:25,0,1,2,11.9,3692.5,40000.8,7933.4,28713.4,24.6,0,
2017-12-22 05:46:28,0,1,2,12.0,3692.9,40000.5,8000.0,28959.6,24.6,0,
2017-12-22 05:46:32,0,1,2,12.0,3693.3,40000.7,8000.0,28959.6,24.6,0,
2017-12-22 05:46:35,0,1,2,12.1,3693.6,40000.8,8066.7,29205.8,24.6,0,
2017-12-22 05:46:38,0,1,2,12.1,3694.0,40000.4,8066.7,29205.8,24.6,0,
2017-12-22 05:46:41,0,1,2,12.2,3694.5,40000.4,8133.4,29452.1,24.6,0,
2017-12-22 05:46:44,0,1,2,12.2,3694.9,40000.4,8133.4,29452.1,24.6,0,
2017-12-22 05:46:47,0,1,2,12.3,3695.1,40000.3,8200.0,29698.4,24.6,0,
2017-12-22 05:46:50,0,1,2,12.3,3695.4,40000.5,8200.0,29698.4,24.6,0,
2017-12-22 05:46:53,0,1,2,12.4,3695.8,40000.5,8266.7,29944.8,24.6,0,
2017-12-22 05:46:56,0,1,2,12.4,3696.3,40000.5,8266.7,29944.8,24.6,0,
2017-12-22 05:46:59,0,1,2,12.5,3696.7,40000.2,8333.4,30191.2,24.6,0,
2017-12-22 05:47:03,0,1,2,12.5,3697.1,40000.7,8333.4,30191.2,24.6,0,
2017-12-22 05:47:06,0,1,2,12.6,3697.3,40000.8,8400.0,30437.7,24.6,0,
2017-12-22 05:47:09,0,1,2,12.6,3697.8,40000.5,8400.0,30437.7,24.6,0,
2017-12-22 05:47:12,0,1,2,12.7,3698.1,40000.7,8466.7,30684.2,24.6,0,
2017-12-22 05:47:15,0,1,2,12.7,3698.3,40000.4,8466.7,30684.2,24.6,0,
2017-12-22 05:47:18,0,1,2,12.8,3698.7,40000.6,8533.4,30930.8,24.6,0,
2017-12-22 05:47:21,0,1,2,12.8,3699.1,40000.6,8533.4,30930.8,24.6,0,
2017-12-22 05:47:24,0,1,2,12.9,3699.5,40000.4,8600.0,31177.4,24.7,0,
2017-12-22 05:47:27,0,1,2,13.0,3699.8,40000.5,8666.7,31424.1,24.7,0,
2017-12-22 05:47:30,0,1,2,13.0,3700.1,40000.4,8666.7,31424.1,24.7,0,
2017-12-22 05:47:33,0,1,2,13.1,3700.5,40000.5,8733.4,31670.8,24.7,0,
2017-12-22 05:47:36,0,1,2,13.1,3700.9,40000.4,8733.4,31670.8,24.7,0,
2017-12-22 05:47:39,0,1,2,13.2,3701.2,40000.7,8800.0,31917.6,24.7,0,
2017-12-22 05:47:43,0,1,2,13.2,3701.6,40000.8,8800.0,31917.6,24.7,0,
2017-12-22 05:47:46,0,1,2,13.3,3701.8,40000.4,8866.7,32164.3,24.6,0,
2017-12-22 05:47:49,0,1,2,13.3,3702.3,40000.4,8866.7,32164.3,24.6,0,
2017-12-22 05:47:52,0,1,2,13.4,3702.7,40000.3,8933.4,32411.2,24.6,0,
2017-12-22 05:47:55,0,1,2,13.4,3702.9,40000.7,8933.4,32411.2,24.7,0,
2017-12-22 05:47:58,0,1,2,13.5,3703.4,40000.3,9000.1,32658.1,24.8,0,
2017-12-22 05:48:01,0,1,2,13.5,3703.7,40000.4,9000.1,32658.1,24.7,0,
2017-12-22 05:48:04,0,1,2,13.6,3703.9,40000.5,9066.7,32905.0,24.7,0,
2017-12-22 05:48:07,0,1,2,13.6,3704.4,40000.5,9066.7,32905.0,24.7,0,
2017-12-22 05:48:10,0,1,2,13.7,3704.7,40000.5,9133.4,33152.0,24.7,0,
2017-12-22 05:48:13,0,1,2,13.7,3704.9,40000.3,9133.4,33152.0,24.7,0,
2017-12-22 05:48:16,0,1,2,13.8,3705.3,40000.5,9200.1,33399.0,24.7,0,
2017-12-22 05:48:19,0,1,2,13.8,3705.6,40000.5,9200.1,33399.0,24.7,0,
2017-12-22 05:48:22,0,1,2,13.9,3706.1,40000.4,9266.7,33646.0,24.7,0,
2017-12-22 05:48:26,0,1,2,13.9,3706.3,40000.5,9266.7,33646.0,24.7,0,
2017-12-22 05:48:29,0,1,2,14.0,3706.6,40000.0,9333.4,33893.2,24.7,0,
2017-12-22 05:48:32,0,1,2,14.0,3707.1,40000.4,9333.4,33893.2,24.7,0,
2017-12-22 05:48:35,0,1,2,14.1,3707.3,40000.5,9400.1,34140.3,24.7,0,
2017-12-22 05:48:38,0,1,2,14.1,3707.7,40000.6,9400.1,34140.3,24.7,0,
2017-12-22 05:48:41,0,1,2,14.2,3707.9,40000.5,9466.7,34387.5,24.8,0,
2017-12-22 05:48:44,0,1,2,14.2,3708.4,40000.3,9466.7,34387.5,24.7,0,
2017-12-22 05:48:47,0,1,2,14.3,3708.6,40000.3,9533.4,34634.7,24.7,0,
2017-12-22 05:48:50,0,1,2,14.3,3709.1,40000.5,9533.4,34634.7,24.7,0,
2017-12-22 05:48:53,0,1,2,14.4,3709.4,40000.4,9600.1,34882.0,24.7,0,
2017-12-22 05:48:57,0,1,2,14.4,3709.7,40000.5,9600.1,34882.0,24.7,0,
2017-12-22 05:49:00,0,1,2,14.5,3710.0,40000.5,9666.7,35129.4,24.7,0,
2017-12-22 05:49:03,0,1,2,14.5,3710.4,40000.8,9666.7,35129.4,24.7,0,
2017-12-22 05:49:06,0,1,2,14.6,3710.9,40000.5,9733.4,35376.7,24.7,0,
2017-12-22 05:49:09,0,1,2,14.7,3711.1,40000.5,9800.1,35624.1,24.7,0,
2017-12-22 05:49:12,0,1,2,14.7,3711.5,40000.5,9800.1,35624.1,24.7,0,
2017-12-22 05:49:15,0,1,2,14.8,3711.8,40000.8,9866.7,35871.6,24.7,0,
2017-12-22 05:49:19,0,1,2,14.8,3712.2,40000.7,9866.7,35871.6,24.7,0,
2017-12-22 05:49:22,0,1,2,14.9,3712.5,40000.5,9933.4,36119.1,24.7,0,
2017-12-22 05:49:25,0,1,2,14.9,3712.8,40000.4,9933.4,36119.1,24.7,0,
2017-12-22 05:49:28,0,1,2,15.0,3713.2,40000.7,10000.1,36366.6,24.7,0,
2017-12-22 05:49:31,0,1,2,15.0,3713.5,40000.6,10000.1,36366.6,24.6,0,
2017-12-22 05:49:34,0,1,2,15.1,3713.8,40000.3,10066.7,36614.2,24.6,0,
2017-12-22 05:49:37,0,1,2,15.1,3714.2,40000.5,10066.7,36614.2,24.6,0,
2017-12-22 05:49:40,0,1,2,15.2,3714.6,40000.4,10133.4,36861.9,24.6,0,
2017-12-22 05:49:43,0,1,2,15.2,3714.9,40000.5,10133.4,36861.9,24.6,0,
2017-12-22 05:49:47,0,1,2,15.3,3715.1,40000.5,10200.1,37109.5,24.6,0,
2017-12-22 05:49:50,0,1,2,15.3,3715.6,40000.5,10200.1,37109.5,24.6,0,
2017-12-22 05:49:53,0,1,2,15.4,3715.8,40000.5,10266.7,37357.3,24.6,0,
2017-12-22 05:49:56,0,1,2,15.4,3716.2,40000.7,10266.7,37357.3,24.6,0,
2017-12-22 05:49:59,0,1,2,15.5,3716.7,40000.5,10333.4,37605.0,24.6,0,
2017-12-22 05:50:02,0,1,2,15.5,3717.0,40000.7,10333.4,37605.0,24.6,0,
2017-12-22 05:50:05,0,1,2,15.6,3717.2,40000.5,10400.1,37852.8,24.6,0,
2017-12-22 05:50:08,0,1,2,15.6,3717.5,40000.5,10400.1,37852.8,24.6,0,
2017-12-22 05:50:11,0,1,2,15.7,3717.8,40000.5,10466.8,38100.7,24.6,0,
2017-12-22 05:50:14,0,1,2,15.7,3718.2,40000.5,10466.8,38100.7,24.6,0,
2017-12-22 05:50:17,0,1,2,15.8,3718.6,40000.5,10533.4,38348.6,24.6,0,
2017-12-22 05:50:21,0,1,2,15.8,3718.9,40000.3,10533.4,38348.6,24.6,0,
2017-12-22 05:50:24,0,1,2,15.9,3719.2,40000.6,10600.1,38596.6,24.6,0,
2017-12-22 05:50:27,0,1,2,15.9,3719.7,40000.5,10600.1,38596.6,24.6,0,
2017-12-22 05:50:30,0,1,2,16.0,3720.1,40000.5,10666.8,38844.5,24.6,0,
2017-12-22 05:50:33,0,1,2,16.0,3720.5,40000.5,10666.8,38844.5,24.7,0,
2017-12-22 05:50:37,0,1,2,16.1,3720.8,40000.5,10733.4,39092.6,24.6,0,
2017-12-22 05:50:40,0,1,2,16.2,3721.2,40000.7,10800.1,39340.7,24.6,0,
2017-12-22 05:50:43,0,1,2,16.2,3721.4,40000.8,10800.1,39340.7,24.6,0,
2017-12-22 05:50:46,0,1,2,16.3,3721.8,40000.5,10866.8,39588.8,24.6,0,
2017-12-22 05:50:49,0,1,2,16.3,3722.2,40000.7,10866.8,39588.8,24.7,0,
2017-12-22 05:50:52,0,1,2,16.4,3722.5,40000.8,10933.4,39837.0,24.7,0,
2017-12-22 05:50:55,0,1,2,16.4,3722.9,40000.7,10933.4,39837.0,24.7,0,
2017-12-22 05:50:58,0,1,2,16.5,3723.2,40000.8,11000.1,40085.2,24.7,0,
2017-12-22 05:51:01,0,1,2,16.5,3723.5,40000.8,11000.1,40085.2,24.7,0,
2017-12-22 05:51:04,0,1,2,16.6,3724.0,40000.7,11066.8,40333.5,24.7,0,
2017-12-22 05:51:07,0,1,2,16.6,3724.3,40000.7,11066.8,40333.5,24.7,0,
2017-12-22 05:51:10,0,1,2,16.7,3724.5,40001.0,11133.4,40581.8,24.7,0,
2017-12-22 05:51:13,0,1,2,16.7,3724.9,40000.9,11133.4,40581.8,24.6,0,
2017-12-22 05:51:16,0,1,2,16.8,3725.4,40000.6,11200.1,40830.1,24.6,0,
2017-12-22 05:51:19,0,1,2,16.8,3725.7,40000.8,11200.1,40830.1,24.6,0,
2017-12-22 05:51:22,0,1,2,16.9,3726.1,40000.7,11266.8,41078.5,24.6,0,
2017-12-22 05:51:25,0,1,2,16.9,3726.3,40000.7,11266.8,41078.5,24.7,0,
2017-12-22 05:51:28,0,1,2,17.0,3726.7,40000.8,11333.4,41327.0,24.7,0,
2017-12-22 05:51:31,0,1,2,17.0,3727.1,40000.7,11333.4,41327.0,24.6,0,
2017-12-22 05:51:34,0,1,2,17.1,3727.4,40000.8,11400.1,41575.5,24.7,0,
2017-12-22 05:51:37,0,1,2,17.1,3727.7,40000.7,11400.1,41575.5,24.7,0,
2017-12-22 05:51:41,0,1,2,17.2,3728.1,40000.9,11466.8,41824.0,24.7,0,
2017-12-22 05:51:44,0,1,2,17.2,3728.4,40000.7,11466.8,41824.0,24.6,0,
2017-12-22 05:51:47,0,1,2,17.3,3728.9,40000.8,11533.5,42072.6,24.6,0,
2017-12-22 05:51:50,0,1,2,17.3,3729.3,40000.7,11533.5,42072.6,24.6,0,
2017-12-22 05:51:53,0,1,2,17.4,3729.6,40000.8,11600.1,42321.2,24.6,0,
2017-12-22 05:51:56,0,1,2,17.4,3729.9,40000.7,11600.1,42321.2,24.6,0,
2017-12-22 05:51:59,0,1,2,17.5,3730.4,40001.0,11666.8,42569.9,24.7,0,
2017-12-22 05:52:03,0,1,2,17.5,3730.8,40000.8,11666.8,42569.9,24.7,0,
2017-12-22 05:52:06,0,1,2,17.6,3731.2,40000.8,11733.5,42818.6,24.7,0,
2017-12-22 05:52:09,0,1,2,17.6,3731.5,40000.9,11733.5,42818.6,24.8,0,
2017-12-22 05:52:12,0,1,2,17.7,3732.0,40000.8,11800.1,43067.4,24.7,0,
2017-12-22 05:52:15,0,1,2,17.7,3732.3,40001.0,11800.1,43067.4,24.8,0,
2017-12-22 05:52:18,0,1,2,17.8,3732.7,40001.0,11866.8,43316.3,24.8,0,
2017-12-22 05:52:21,0,1,2,17.8,3733.1,40001.0,11866.8,43316.3,24.8,0,
2017-12-22 05:52:25,0,1,2,17.9,3733.4,40000.8,11933.5,43565.1,24.8,0,
2017-12-22 05:52:28,0,1,2,18.0,3733.8,40000.9,12000.1,43814.1,24.7,0,
2017-12-22 05:52:31,0,1,2,18.0,3734.1,40000.8,12000.1,43814.1,24.7,0,
2017-12-22 05:52:34,0,1,2,18.1,3734.6,40001.0,12066.8,44063.0,24.7,0,
2017-12-22 05:52:37,0,1,2,18.1,3734.9,40000.8,12066.8,44063.0,24.8,0,
2017-12-22 05:52:40,0,1,2,18.2,3735.2,40001.0,12133.5,44312.1,24.7,0,
2017-12-22 05:52:43,0,1,2,18.2,3735.7,40000.9,12133.5,44312.1,24.7,0,
2017-12-22 05:52:46,0,1,2,18.3,3736.2,40000.8,12200.1,44561.1,24.7,0,
2017-12-22 05:52:50,0,1,2,18.3,3736.4,40000.7,12200.1,44561.1,24.7,0,
2017-12-22 05:52:53,0,1,2,18.4,3736.7,40000.2,12266.8,44810.3,24.8,0,
2017-12-22 05:52:56,0,1,2,18.4,3737.3,40000.8,12266.8,44810.3,24.8,0,
2017-12-22 05:52:59,0,1,2,18.5,3737.7,40000.7,12333.5,45059.4,24.8,0,
2017-12-22 05:53:02,0,1,2,18.5,3738.1,40000.6,12333.5,45059.4,24.8,0,
2017-12-22 05:53:05,0,1,2,18.6,3738.5,40000.9,12400.2,45308.7,24.7,0,
2017-12-22 05:53:09,0,1,2,18.6,3739.1,40000.9,12400.2,45308.7,24.8,0,
2017-12-22 05:53:12,0,1,2,18.7,3739.5,40000.7,12466.8,45558.0,24.8,0,
2017-12-22 05:53:15,0,1,2,18.7,3739.9,40000.8,12466.8,45558.0,24.8,0,
2017-12-22 05:53:18,0,1,2,18.8,3740.4,40000.8,12533.5,45807.3,24.8,0,
2017-12-22 05:53:21,0,1,2,18.9,3740.8,40001.0,12600.2,46056.7,24.8,0,
2017-12-22 05:53:25,0,1,2,18.9,3741.1,40000.5,12600.2,46056.7,24.8,0,
2017-12-22 05:53:28,0,1,2,19.0,3741.5,40001.1,12666.8,46306.1,24.7,0,
2017-12-22 05:53:31,0,1,2,19.0,3741.9,40000.8,12666.8,46306.1,24.8,0,
2017-12-22 05:53:34,0,1,2,19.1,3742.4,40000.6,12733.5,46555.6,24.8,0,
2017-12-22 05:53:37,0,1,2,19.1,3742.8,40000.8,12733.5,46555.6,24.7,0,
2017-12-22 05:53:41,0,1,2,19.2,3743.3,40000.8,12800.2,46805.2,24.7,0,
2017-12-22 05:53:44,0,1,2,19.2,3743.5,40000.6,12800.2,46805.2,24.7,0,
2017-12-22 05:53:47,0,1,2,19.3,3744.1,40001.0,12866.8,47054.8,24.8,0,
2017-12-22 05:53:50,0,1,2,19.3,3744.4,40001.0,12866.8,47054.8,24.8,0,
2017-12-22 05:53:53,0,1,2,19.4,3744.9,40000.7,12933.5,47304.4,24.7,0,
2017-12-22 05:53:56,0,1,2,19.4,3745.2,40000.8,12933.5,47304.4,24.8,0,
2017-12-22 05:53:59,0,1,2,19.5,3745.8,40001.1,13000.2,47554.1,24.8,0,
2017-12-22 05:54:03,0,1,2,19.5,3746.1,40001.0,13000.2,47554.1,24.8,0,
2017-12-22 05:54:06,0,1,2,19.6,3746.5,40001.0,13066.9,47803.9,24.8,0,
2017-12-22 05:54:09,0,1,2,19.6,3747.1,40001.1,13066.9,47803.9,24.8,0,
2017-12-22 05:54:12,0,1,2,19.7,3747.4,40000.6,13133.5,48053.7,24.8,0,
2017-12-22 05:54:15,0,1,2,19.7,3747.8,40000.8,13133.5,48053.7,24.8,0,
2017-12-22 05:54:18,0,1,2,19.8,3748.3,40001.0,13200.2,48303.6,24.8,0,
2017-12-22 05:54:21,0,1,2,19.8,3748.7,40000.7,13200.2,48303.6,24.8,0,
2017-12-22 05:54:24,0,1,2,19.9,3749.1,40001.3,13266.9,48553.5,24.8,0,
2017-12-22 05:54:28,0,1,2,20.0,3749.5,40000.9,13333.5,48803.5,24.8,0,
2017-12-22 05:54:31,0,1,2,20.0,3750.1,40001.0,13333.5,48803.5,24.8,0,
2017-12-22 05:54:34,0,1,2,20.1,3750.5,40001.0,13400.2,49053.5,24.8,0,
2017-12-22 05:54:37,0,1,2,20.1,3750.9,40000.8,13400.2,49053.5,24.7,0,
2017-12-22 05:54:40,0,1,2,20.2,3751.4,40000.9,13466.9,49303.6,24.7,0,
2017-12-22 05:54:43,0,1,2,20.2,3751.9,40001.0,13466.9,49303.6,24.7,0,
2017-12-22 05:54:46,0,1,2,20.3,3752.2,40001.0,13533.5,49553.8,24.7,0,
2017-12-22 05:54:49,0,1,2,20.3,3752.7,40001.0,13533.5,49553.8,24.7,0,
2017-12-22 05:54:52,0,1,2,20.4,3753.2,40000.9,13600.2,49804.0,24.6,0,
2017-12-22 05:54:55,0,1,2,20.4,3753.5,40001.0,13600.2,49804.0,24.6,0,
2017-12-22 05:54:58,0,1,2,20.5,3754.1,40001.0,13666.9,50054.3,24.6,0,
2017-12-22 05:55:01,0,1,2,20.5,3754.4,40001.2,13666.9,50054.3,24.6,0,
2017-12-22 05:55:04,0,1,2,20.6,3754.8,40000.9,13733.5,50304.6,24.6,0,
2017-12-22 05:55:07,0,1,2,20.6,3755.2,40001.2,13733.5,50304.6,24.6,0,
2017-12-22 05:55:11,0,1,2,20.7,3755.9,40001.0,13800.2,50555.0,24.6,0,
2017-12-22 05:55:14,0,1,2,20.7,3756.3,40001.1,13800.2,50555.0,24.6,0,
2017-12-22 05:55:17,0,1,2,20.8,3756.8,40000.8,13866.9,50805.4,24.7,0,
2017-12-22 05:55:20,0,1,2,20.8,3757.2,40001.3,13866.9,50805.4,24.7,0,
2017-12-22 05:55:23,0,1,2,20.9,3757.7,40000.9,13933.6,51055.9,24.7,0,
2017-12-22 05:55:26,0,1,2,20.9,3758.1,40000.5,13933.6,51055.9,24.7,0,
2017-12-22 05:55:29,0,1,2,21.0,3758.5,40000.9,14000.2,51306.5,24.7,0,
2017-12-22 05:55:33,0,1,2,21.0,3759.0,40001.0,14000.2,51306.5,24.7,0,
2017-12-22 05:55:36,0,1,2,21.1,3759.5,40000.8,14066.9,51557.1,24.8,0,
2017-12-22 05:55:39,0,1,2,21.1,3760.2,40000.8,14066.9,51557.1,24.8,0,
2017-12-22 05:55:42,0,1,2,21.2,3760.5,40000.9,14133.6,51807.8,24.8,0,
2017-12-22 05:55:46,0,1,2,21.3,3761.0,40000.7,14200.2,52058.6,24.8,0,
2017-12-22 05:55:49,0,1,2,21.3,3761.4,40000.5,14200.2,52058.6,24.8,0,
2017-12-22 05:55:52,0,1,2,21.4,3762.1,40001.0,14266.9,52309.4,24.8,0,
2017-12-22 05:55:55,0,1,2,21.4,3762.5,40000.6,14266.9,52309.4,24.8,0,
2017-12-22 05:55:58,0,1,2,21.5,3763.0,40000.7,14333.6,52560.3,24.8,0,
2017-12-22 05:56:01,0,1,2,21.5,3763.3,40000.8,14333.6,52560.3,24.8,0,
2017-12-22 05:56:04,0,1,2,21.6,3763.8,40000.5,14400.2,52811.2,24.8,0,
2017-12-22 05:56:07,0,1,2,21.6,3764.4,40001.0,14400.2,52811.2,24.8,0,
2017-12-22 05:56:10,0,1,2,21.7,3764.7,40000.8,14466.9,53062.2,24.8,0,
2017-12-22 05:56:13,0,1,2,21.7,3765.3,40000.7,14466.9,53062.2,24.8,0,
2017-12-22 05:56:16,0,1,2,21.8,3765.8,40000.8,14533.6,53313.2,24.8,0,
2017-12-22 05:56:19,0,1,2,21.8,3766.3,40000.7,14533.6,53313.2,24.8,0,
2017-12-22 05:56:23,0,1,2,21.9,3766.9,40000.6,14600.2,53564.4,24.8,0,
2017-12-22 05:56:26,0,1,2,21.9,3767.4,40000.8,14600.2,53564.4,24.8,0,
2017-12-22 05:56:29,0,1,2,22.0,3767.8,40000.6,14666.9,53815.6,24.8,0,
2017-12-22 05:56:32,0,1,2,22.0,3768.3,40000.5,14666.9,53815.6,24.8,0,
2017-12-22 05:56:35,0,1,2,22.1,3768.9,40000.8,14733.6,54066.8,24.8,0,
2017-12-22 05:56:38,0,1,2,22.1,3769.4,40000.8,14733.6,54066.8,24.8,0,
2017-12-22 05:56:42,0,1,2,22.2,3769.9,40001.0,14800.3,54318.1,24.8,0,
2017-12-22 05:56:45,0,1,2,22.2,3770.4,40000.5,14800.3,54318.1,24.8,0,
2017-12-22 05:56:48,0,1,2,22.3,3771.0,40000.8,14866.9,54569.5,24.8,0,
2017-12-22 05:56:51,0,1,2,22.3,3771.5,40000.7,14866.9,54569.5,24.8,0,
2017-12-22 05:56:55,0,1,2,22.4,3772.2,40000.8,14933.6,54821.0,24.8,0,
2017-12-22 05:56:58,0,1,2,22.5,3772.5,40000.9,15000.3,55072.5,24.8,0,
2017-12-22 05:57:01,0,1,2,22.5,3773.0,40000.8,15000.3,55072.5,24.8,0,
2017-12-22 05:57:04,0,1,2,22.6,3773.7,40001.0,15066.9,55324.1,24.8,0,
2017-12-22 05:57:07,0,1,2,22.6,3774.2,40001.0,15066.9,55324.1,24.8,0,
2017-12-22 05:57:10,0,1,2,22.7,3774.7,40000.9,15133.6,55575.7,24.8,0,
2017-12-22 05:57:13,0,1,2,22.7,3775.3,40000.8,15133.6,55575.7,24.7,0,
2017-12-22 05:57:16,0,1,2,22.8,3775.8,40000.8,15200.3,55827.4,24.8,0,
2017-12-22 05:57:20,0,1,2,22.8,3776.4,40000.8,15200.3,55827.4,24.8,0,
2017-12-22 05:57:23,0,1,2,22.9,3777.0,40000.9,15266.9,56079.2,24.7,0,
2017-12-22 05:57:26,0,1,2,22.9,3777.3,40001.0,15266.9,56079.2,24.8,0,
2017-12-22 05:57:29,0,1,2,23.0,3778.0,40000.8,15333.6,56331.1,24.8,0,
2017-12-22 05:57:32,0,1,2,23.0,3778.4,40001.2,15333.6,56331.1,24.8,0,
2017-12-22 05:57:36,0,1,2,23.1,3779.0,40000.9,15400.3,56583.0,24.8,0,
2017-12-22 05:57:39,0,1,2,23.1,3779.7,40001.0,15400.3,56583.0,24.8,0,
2017-12-22 05:57:42,0,1,2,23.2,3780.4,40001.1,15466.9,56835.0,24.8,0,
2017-12-22 05:57:45,0,1,2,23.2,3780.7,40000.9,15466.9,56835.0,24.8,0,
2017-12-22 05:57:48,0,1,2,23.3,3781.3,40001.2,15533.6,57087.1,24.8,0,
2017-12-22 05:57:51,0,1,2,23.4,3782.0,40000.9,15600.3,57339.2,24.8,0,
2017-12-22 05:57:55,0,1,2,23.4,3782.5,40001.0,15600.3,57339.2,24.8,0,
2017-12-22 05:57:58,0,1,2,23.5,3783.1,40000.9,15667.0,57591.4,24.8,0,
2017-12-22 05:58:01,0,1,2,23.5,3783.6,40001.0,15667.0,57591.4,24.8,0,
2017-12-22 05:58:04,0,1,2,23.6,3784.3,40001.0,15733.6,57843.7,24.8,0,
2017-12-22 05:58:07,0,1,2,23.6,3784.7,40001.0,15733.6,57843.7,24.8,0,
2017-12-22 05:58:10,0,1,2,23.7,3785.3,40001.4,15800.3,58096.1,24.8,0,
2017-12-22 05:58:14,0,1,2,23.7,3785.9,40001.0,15800.3,58096.1,24.8,0,
2017-12-22 05:58:17,0,1,2,23.8,3786.6,40001.1,15867.0,58348.5,24.8,0,
2017-12-22 05:58:20,0,1,2,23.8,3787.3,40001.0,15867.0,58348.5,24.8,0,
2017-12-22 05:58:23,0,1,2,23.9,3787.8,40001.1,15933.6,58601.0,24.8,0,
2017-12-22 05:58:26,0,1,2,23.9,3788.4,40000.8,15933.6,58601.0,24.9,0,
2017-12-22 05:58:29,0,1,2,24.0,3789.0,40000.8,16000.3,58853.6,24.9,0,
2017-12-22 05:58:33,0,1,2,24.0,3789.6,40000.8,16000.3,58853.6,24.8,0,
2017-12-22 05:58:36,0,1,2,24.1,3790.1,40001.0,16067.0,59106.3,24.9,0,
2017-12-22 05:58:39,0,1,2,24.1,3790.9,40000.8,16067.0,59106.3,24.8,0,
2017-12-22 05:58:42,0,1,2,24.2,3791.4,40000.8,16133.6,59359.0,24.9,0,
2017-12-22 05:58:45,0,1,2,24.3,3791.9,40000.7,16200.3,59611.8,24.9,0,
2017-12-22 05:58:49,0,1,2,24.3,3792.6,40000.1,16200.3,59611.8,24.9,0,
2017-12-22 05:58:52,0,1,2,24.4,3793.4,40000.8,16267.0,59864.7,24.9,0,
2017-12-22 05:58:55,0,1,2,24.4,3793.9,40001.0,16267.0,59864.7,24.8,0,
2017-12-22 05:58:58,0,1,2,24.5,3794.4,40001.2,16333.7,60117.7,24.8,0,
2017-12-22 05:59:01,0,1,2,24.5,3795.1,40001.0,16333.7,60117.7,24.8,0,
2017-12-22 05:59:05,0,1,2,24.6,3795.7,40000.7,16400.3,60370.7,24.8,0,
2017-12-22 05:59:08,0,1,2,24.6,3796.5,40000.8,16400.3,60370.7,24.8,0,
2017-12-22 05:59:11,0,1,2,24.7,3797.1,40001.0,16467.0,60623.8,24.8,0,
2017-12-22 05:59:14,0,1,2,24.7,3797.6,40000.8,16467.0,60623.8,24.8,0,
2017-12-22 05:59:17,0,1,2,24.8,3798.3,40000.8,16533.7,60877.0,24.8,0,
2017-12-22 05:59:20,0,1,2,24.8,3798.9,40000.4,16533.7,60877.0,24.8,0,
2017-12-22 05:59:23,0,1,2,24.9,3799.5,40000.8,16600.3,61130.3,24.8,0,
2017-12-22 05:59:27,0,1,2,24.9,3800.2,40000.8,16600.3,61130.3,24.8,0,
2017-12-22 05:59:30,0,1,2,25.0,3800.7,40001.0,16667.0,61383.7,24.8,0,
2017-12-22 05:59:33,0,1,2,25.0,3801.4,40001.1,16667.0,61383.7,24.8,0,
2017-12-22 05:59:36,0,1,2,25.1,3802.0,40001.0,16733.7,61637.1,24.8,0,
2017-12-22 05:59:39,0,1,2,25.1,3802.7,40000.5,16733.7,61637.1,24.8,0,
2017-12-22 05:59:42,0,1,2,25.2,3803.3,40001.0,16800.3,61890.7,24.8,0,
2017-12-22 05:59:45,0,1,2,25.2,3804.1,40000.8,16800.3,61890.7,24.8,0,
2017-12-22 05:59:48,0,1,2,25.3,3804.6,40001.0,16867.0,62144.3,24.8,0,
2017-12-22 05:59:51,0,1,2,25.3,3805.2,40000.6,16867.0,62144.3,24.8,0,
2017-12-22 05:59:54,0,1,2,25.4,3805.8,40001.0,16933.7,62398.0,24.8,0,
2017-12-22 05:59:57,0,1,2,25.4,3806.4,40000.7,16933.7,62398.0,24.8,0,
2017-12-22 06:00:00,0,1,2,25.5,3807.2,40000.5,17000.3,62651.8,24.8,0,
2017-12-22 06:00:04,0,1,2,25.6,3807.8,40000.8,17067.0,62905.6,24.8,0,
2017-12-22 06:00:07,0,1,2,25.6,3808.5,40000.8,17067.0,62905.6,24.8,0,
2017-12-22 06:00:10,0,1,2,25.7,3809.1,40000.7,17133.7,63159.6,24.8,0,
2017-12-22 06:00:13,0,1,2,25.7,3810.0,40000.8,17133.7,63159.6,24.8,0,
2017-12-22 06:00:17,0,1,2,25.8,3810.6,40001.0,17200.4,63413.6,24.8,0,
2017-12-22 06:00:20,0,1,2,25.8,3811.4,40001.0,17200.4,63413.6,24.8,0,
2017-12-22 06:00:23,0,1,2,25.9,3811.9,40001.0,17267.0,63667.8,24.8,0,
2017-12-22 06:00:26,0,1,2,25.9,3812.6,40001.2,17267.0,63667.8,24.8,0,
2017-12-22 06:00:29,0,1,2,26.0,3813.4,40000.5,17333.7,63922.0,24.8,0,
2017-12-22 06:00:32,0,1,2,26.0,3814.1,40001.2,17333.7,63922.0,24.8,0,
2017-12-22 06:00:36,0,1,2,26.1,3814.7,40001.0,17400.4,64176.3,24.8,0,
2017-12-22 06:00:39,0,1,2,26.1,3815.6,40000.8,17400.4,64176.3,24.8,0,
2017-12-22 06:00:42,0,1,2,26.2,3816.1,40001.3,17467.0,64430.7,24.8,0,
2017-12-22 06:00:45,0,1,2,26.2,3816.8,40000.9,17467.0,64430.7,24.8,0,
2017-12-22 06:00:48,0,1,2,26.3,3817.6,40001.0,17533.7,64685.1,24.8,0,
2017-12-22 06:00:51,0,1,2,26.3,3818.4,40000.8,17533.7,64685.1,24.8,0,
2017-12-22 06:00:54,0,1,2,26.4,3819.1,40000.9,17600.4,64939.7,24.8,0,
2017-12-22 06:00:57,0,1,2,26.5,3819.7,40001.0,17667.0,65194.4,24.8,0,
2017-12-22 06:01:01,0,1,2,26.5,3820.4,40000.8,17667.0,65194.4,24.8,0,
2017-12-22 06:01:04,0,1,2,26.6,3821.1,40000.9,17733.7,65449.1,24.8,0,
2017-12-22 06:01:07,0,1,2,26.6,3822.0,40001.0,17733.7,65449.1,24.8,0,
2017-12-22 06:01:10,0,1,2,26.7,3822.7,40001.2,17800.4,65704.0,24.8,0,
2017-12-22 06:01:14,0,1,2,26.7,3823.6,40001.0,17800.4,65704.0,24.8,0,
2017-12-22 06:01:17,0,1,2,26.8,3824.3,40001.2,17867.1,65958.9,24.8,0,
2017-12-22 06:01:20,0,1,2,26.8,3825.0,40001.1,17867.1,65958.9,24.8,0,
2017-12-22 06:01:23,0,1,2,26.9,3825.8,40001.0,17933.7,66213.9,24.8,0,
2017-12-22 06:01:26,0,1,2,26.9,3826.4,40000.8,17933.7,66213.9,24.8,0,
2017-12-22 06:01:29,0,1,2,27.0,3827.2,40001.2,18000.4,66469.1,24.8,0,
2017-12-22 06:01:32,0,1,2,27.0,3828.0,40001.0,18000.4,66469.1,24.8,0,
2017-12-22 06:01:36,0,1,2,27.1,3828.6,40001.3,18067.1,66724.3,24.8,0,
2017-12-22 06:01:39,0,1,2,27.1,3829.4,40000.8,18067.1,66724.3,24.8,0,
2017-12-22 06:01:42,0,1,2,27.2,3830.1,40001.3,18133.7,66979.6,24.8,0,
2017-12-22 06:01:45,0,1,2,27.2,3830.8,40001.1,18133.7,66979.6,24.9,0,
2017-12-22 06:01:48,0,1,2,27.3,3831.7,40001.0,18200.4,67235.0,24.9,0,
2017-12-22 06:01:51,0,1,2,27.3,3832.4,40001.2,18200.4,67235.0,24.9,0,
2017-12-22 06:01:55,0,1,2,27.4,3833.3,40001.3,18267.1,67490.5,24.9,0,
2017-12-22 06:01:58,0,1,2,27.5,3834.0,40000.9,18333.7,67746.2,24.9,0,
2017-12-22 06:02:01,0,1,2,27.5,3834.8,40001.2,18333.7,67746.2,24.9,0,
2017-12-22 06:02:04,0,1,2,27.6,3835.6,40001.0,18400.4,68001.9,24.9,0,
2017-12-22 06:02:07,0,1,2,27.6,3836.4,40001.1,18400.4,68001.9,24.9,0,
2017-12-22 06:02:10,0,1,2,27.7,3837.1,40001.0,18467.1,68257.7,24.9,0,
2017-12-22 06:02:14,0,1,2,27.7,3838.0,40000.9,18467.1,68257.7,24.9,0,
2017-12-22 06:02:17,0,1,2,27.8,3838.8,40001.1,18533.8,68513.6,24.9,0,
2017-12-22 06:02:20,0,1,2,27.8,3839.5,40001.3,18533.8,68513.6,24.9,0,
2017-12-22 06:02:23,0,1,2,27.9,3840.2,40001.2,18600.4,68769.6,24.9,0,
2017-12-22 06:02:26,0,1,2,27.9,3841.1,40001.0,18600.4,68769.6,24.9,0,
2017-12-22 06:02:29,0,1,2,28.0,3841.8,40001.0,18667.1,69025.7,24.9,0,
2017-12-22 06:02:32,0,1,2,28.0,3842.7,40000.9,18667.1,69025.7,25.0,0,
2017-12-22 06:02:35,0,1,2,28.1,3843.4,40000.8,18733.8,69281.9,25.0,0,
2017-12-22 06:02:38,0,1,2,28.1,3844.3,40001.0,18733.8,69281.9,25.0,0,
2017-12-22 06:02:41,0,1,2,28.2,3845.0,40001.0,18800.4,69538.2,25.0,0,
2017-12-22 06:02:44,0,1,2,28.2,3845.8,40000.8,18800.4,69538.2,25.0,0,
2017-12-22 06:02:47,0,1,2,28.3,3846.7,40001.0,18867.1,69794.6,25.0,0,
2017-12-22 06:02:51,0,1,2,28.3,3847.4,40001.2,18867.1,69794.6,25.0,0,
2017-12-22 06:02:54,0,1,2,28.4,3848.2,40001.2,18933.8,70051.2,25.0,0,
2017-12-22 06:02:57,0,1,2,28.4,3848.8,40001.0,18933.8,70051.2,25.0,0,
2017-12-22 06:03:00,0,1,2,28.5,3849.8,40001.2,19000.4,70307.8,25.0,0,
2017-12-22 06:03:03,0,1,2,28.5,3850.5,40000.8,19000.4,70307.8,25.0,0,
2017-12-22 06:03:06,0,1,2,28.6,3851.3,40001.3,19067.1,70564.5,25.0,0,
2017-12-22 06:03:09,0,1,2,28.6,3852.3,40001.0,19067.1,70564.5,24.9,0,
2017-12-22 06:03:12,0,1,2,28.7,3853.0,40001.0,19133.8,70821.3,24.9,0,
2017-12-22 06:03:16,0,1,2,28.8,3854.0,40001.0,19200.5,71078.3,24.9,0,
2017-12-22 06:03:19,0,1,2,28.8,3854.7,40001.4,19200.5,71078.3,24.8,0,
2017-12-22 06:03:22,0,1,2,28.9,3855.7,40001.0,19267.1,71335.3,24.8,0,
2017-12-22 06:03:25,0,1,2,28.9,3856.5,40001.0,19267.1,71335.3,24.8,0,
2017-12-22 06:03:28,0,1,2,29.0,3857.5,40001.2,19333.8,71592.5,24.8,0,
2017-12-22 06:03:31,0,1,2,29.0,3858.2,40001.0,19333.8,71592.5,24.8,0,
2017-12-22 06:03:34,0,1,2,29.1,3859.0,40001.1,19400.5,71849.8,24.8,0,
2017-12-22 06:03:38,0,1,2,29.1,3859.9,40000.9,19400.5,71849.8,24.8,0,
2017-12-22 06:03:41,0,1,2,29.2,3860.8,40000.8,19467.1,72107.1,24.8,0,
2017-12-22 06:03:44,0,1,2,29.2,3861.6,40001.2,19467.1,72107.1,24.9,0,
2017-12-22 06:03:47,0,1,2,29.3,3862.5,40000.8,19533.8,72364.6,24.8,0,
2017-12-22 06:03:50,0,1,2,29.3,3863.2,40001.0,19533.8,72364.6,24.9,0,
2017-12-22 06:03:53,0,1,2,29.4,3864.2,40001.0,19600.5,72622.2,24.9,0,
2017-12-22 06:03:56,0,1,2,29.4,3865.2,40001.0,19600.5,72622.2,24.9,0,
2017-12-22 06:03:59,0,1,2,29.5,3865.9,40001.1,19667.2,72879.9,24.9,0,
2017-12-22 06:04:02,0,1,2,29.5,3866.7,40001.2,19667.2,72879.9,24.9,0,
2017-12-22 06:04:05,0,1,2,29.6,3867.5,40001.0,19733.8,73137.7,24.9,0,
2017-12-22 06:04:08,0,1,2,29.6,3868.4,40001.0,19733.8,73137.7,24.9,0,
2017-12-22 06:04:12,0,1,2,29.7,3869.4,40001.1,19800.5,73395.7,24.9,0,
2017-12-22 06:04:15,0,1,2,29.7,3870.4,40001.3,19800.5,73395.7,24.9,0,
2017-12-22 06:04:18,0,1,2,29.8,3871.2,40000.9,19867.2,73653.7,24.9,0,
2017-12-22 06:04:21,0,1,2,29.8,3872.1,40001.0,19867.2,73653.7,25.0,0,
2017-12-22 06:04:24,0,1,2,29.9,3872.9,40001.2,19933.8,73911.9,25.0,0,
2017-12-22 06:04:27,0,1,2,30.0,3873.8,40001.0,20000.5,74170.2,25.0,0,
2017-12-22 06:04:30,0,1,2,30.0,3874.7,40001.3,20000.5,74170.2,25.0,0,
2017-12-22 06:04:34,0,1,2,30.1,3875.5,40001.3,20067.2,74428.5,25.0,0,
2017-12-22 06:04:37,0,1,2,30.1,3876.6,40001.2,20067.2,74428.5,25.0,0,
2017-12-22 06:04:40,0,1,2,30.2,3877.3,40000.9,20133.8,74687.0,25.0,0,
2017-12-22 06:04:43,0,1,2,30.2,3878.3,40001.0,20133.8,74687.0,25.0,0,
2017-12-22 06:04:46,0,1,2,30.3,3879.2,40001.0,20200.5,74945.7,25.0,0,
2017-12-22 06:04:49,0,1,2,30.3,3879.9,40001.2,20200.5,74945.7,25.0,0,
2017-12-22 06:04:52,0,1,2,30.4,3880.8,40001.1,20267.2,75204.4,25.0,0,
2017-12-22 06:04:55,0,1,2,30.4,3881.7,40001.2,20267.2,75204.4,25.0,0,
2017-12-22 06:04:58,0,1,2,30.5,3882.8,40001.0,20333.9,75463.2,25.0,0,
2017-12-22 06:05:01,0,1,2,30.5,3883.7,40001.4,20333.9,75463.2,25.0,0,
2017-12-22 06:05:05,0,1,2,30.6,3884.6,40001.0,20400.5,75722.2,25.0,0,
2017-12-22 06:05:08,0,1,2,30.6,3885.7,40001.1,20400.5,75722.2,24.9,0,
2017-12-22 06:05:11,0,1,2,30.7,3886.6,40001.3,20467.2,75981.3,24.9,0,
2017-12-22 06:05:14,0,1,2,30.7,3887.4,40001.2,20467.2,75981.3,25.0,0,
2017-12-22 06:05:17,0,1,2,30.8,3888.2,40001.5,20533.9,76240.5,24.9,0,
2017-12-22 06:05:20,0,1,2,30.8,3889.4,40001.0,20533.9,76240.5,24.9,0,
2017-12-22 06:05:24,0,1,2,30.9,3890.3,40001.3,20600.5,76499.8,25.0,0,
2017-12-22 06:05:27,0,1,2,30.9,3891.1,40001.3,20600.5,76499.8,25.0,0,
2017-12-22 06:05:30,0,1,2,31.0,3892.1,40001.3,20667.2,76759.2,25.0,0,
2017-12-22 06:05:33,0,1,2,31.0,3893.0,40001.1,20667.2,76759.2,25.0,0,
2017-12-22 06:05:36,0,1,2,31.1,3893.9,40001.3,20733.9,77018.8,25.0,0,
2017-12-22 06:05:39,0,1,2,31.1,3894.9,40001.3,20733.9,77018.8,25.0,0,
2017-12-22 06:05:42,0,1,2,31.2,3895.8,40002.3,20800.6,77278.5,25.0,0,
2017-12-22 06:05:45,0,1,2,31.2,3896.6,40002.2,20800.6,77278.5,25.0,0,
2017-12-22 06:05:48,0,1,2,31.3,3897.6,40002.2,20867.2,77538.3,24.9,0,
2017-12-22 06:05:51,0,1,2,31.4,3898.6,40003.0,20933.9,77798.2,25.0,0,
2017-12-22 06:05:54,0,1,2,31.4,3899.6,40002.9,20933.9,77798.2,24.9,0,
2017-12-22 06:05:57,0,1,2,31.5,3900.1,39406.1,20999.6,78054.4,24.9,0,
2017-12-22 06:06:01,0,1,2,31.5,3900.0,38315.2,20999.6,78054.4,25.0,0,
2017-12-22 06:06:04,0,1,2,31.6,3900.2,37381.9,21062.2,78298.5,25.0,0,
2017-12-22 06:06:07,0,1,2,31.6,3900.1,36441.0,21062.2,78298.5,25.0,0,
2017-12-22 06:06:10,0,1,2,31.7,3900.1,35736.3,21121.8,78531.2,25.0,0,
2017-12-22 06:06:13,0,1,2,31.7,3900.1,35114.7,21121.8,78531.2,25.0,0,
2017-12-22 06:06:16,0,1,2,31.8,3899.9,34315.7,21179.5,78756.0,25.0,0,
2017-12-22 06:06:19,0,1,2,31.8,3900.1,33719.2,21179.5,78756.0,25.0,0,
2017-12-22 06:06:22,0,1,2,31.9,3900.1,33062.4,21234.8,78972.0,25.0,0,
2017-12-22 06:06:25,0,1,2,31.9,3899.9,32490.8,21234.8,78972.0,25.0,0,
2017-12-22 06:06:29,0,1,2,32.0,3900.0,31990.1,21288.4,79181.0,25.0,0,
2017-12-22 06:06:32,0,1,2,32.0,3900.0,31433.2,21288.4,79181.0,25.0,0,
2017-12-22 06:06:35,0,1,2,32.1,3900.1,30750.6,21340.2,79382.7,25.0,0,
2017-12-22 06:06:38,0,1,2,32.1,3900.0,30197.4,21340.2,79382.7,25.0,0,
2017-12-22 06:06:41,0,1,2,32.2,3900.0,29746.6,21390.2,79578.0,25.0,0,
2017-12-22 06:06:44,0,1,2,32.2,3900.0,29158.6,21390.2,79578.0,25.0,0,
2017-12-22 06:06:47,0,1,2,32.3,3899.9,28721.6,21438.8,79767.5,25.0,0,
2017-12-22 06:06:50,0,1,2,32.3,3900.1,28293.1,21438.8,79767.5,25.0,0,
2017-12-22 06:06:53,0,1,2,32.4,3900.0,27733.8,21485.8,79950.5,25.0,0,
2017-12-22 06:06:56,0,1,2,32.4,3899.9,27385.8,21485.8,79950.5,25.0,0,
2017-12-22 06:07:00,0,1,2,32.5,3899.9,26843.7,21531.2,80127.6,25.0,0,
2017-12-22 06:07:03,0,1,2,32.5,3900.2,26574.5,21531.2,80127.6,25.0,0,
2017-12-22 06:07:06,0,1,2,32.6,3899.9,25992.5,21575.0,80298.7,25.0,0,
2017-12-22 06:07:09,0,1,2,32.6,3900.1,25658.4,21575.0,80298.7,25.0,0,
2017-12-22 06:07:12,0,1,2,32.7,3899.9,25086.8,21617.6,80464.7,25.0,0,
2017-12-22 06:07:16,0,1,2,32.8,3900.1,24711.0,21658.8,80625.3,25.0,0,
2017-12-22 06:07:19,0,1,2,32.8,3900.0,24402.5,21658.8,80625.3,25.0,0,
2017-12-22 06:07:22,0,1,2,32.9,3900.1,23870.5,21698.8,80781.2,25.0,0,
2017-12-22 06:07:25,0,1,2,32.9,3899.9,23444.4,21698.8,80781.2,25.0,0,
2017-12-22 06:07:28,0,1,2,33.0,3899.9,23091.5,21737.4,80932.0,25.0,0,
2017-12-22 06:07:32,0,1,2,33.0,3900.0,22690.5,21737.4,80932.0,25.0,0,
2017-12-22 06:07:35,0,1,2,33.1,3900.1,22351.3,21775.1,81078.8,25.0,0,
2017-12-22 06:07:38,0,1,2,33.1,3900.2,22017.9,21775.1,81078.8,25.0,0,
2017-12-22 06:07:41,0,1,2,33.2,3900.1,21591.4,21811.4,81220.5,25.0,0,
2017-12-22 06:07:44,0,1,2,33.2,3899.9,21258.1,21811.4,81220.5,25.0,0,
2017-12-22 06:07:48,0,1,2,33.3,3900.0,20889.5,21846.6,81357.6,25.0,0,
2017-12-22 06:07:51,0,1,2,33.3,3899.9,20523.8,21846.6,81357.6,25.0,0,
2017-12-22 06:07:54,0,1,2,33.4,3900.0,20217.4,21880.6,81490.4,25.0,0,
2017-12-22 06:07:57,0,1,2,33.4,3900.1,19965.6,21880.6,81490.4,24.9,0,
2017-12-22 06:08:00,0,1,2,33.5,3899.9,19531.7,21913.7,81619.6,24.9,0,
2017-12-22 06:08:03,0,1,2,33.5,3900.0,19228.9,21913.7,81619.6,24.9,0,
2017-12-22 06:08:06,0,1,2,33.6,3899.9,18894.7,21945.8,81744.6,24.9,0,
2017-12-22 06:08:09,0,1,2,33.7,3899.9,18612.1,21976.8,81865.5,24.9,0,
2017-12-22 06:08:12,0,1,2,33.7,3900.0,18295.0,21976.8,81865.5,24.9,0,
2017-12-22 06:08:16,0,1,2,33.8,3900.0,18104.0,22007.0,81983.2,24.9,0,
2017-12-22 06:08:19,0,1,2,33.8,3900.0,17752.3,22007.0,81983.2,24.9,0,
2017-12-22 06:08:22,0,1,2,33.9,3899.9,17479.7,22036.2,82097.1,24.9,0,
2017-12-22 06:08:25,0,1,2,33.9,3899.9,17225.6,22036.2,82097.1,24.9,0,
2017-12-22 06:08:28,0,1,2,34.0,3900.1,16928.1,22064.6,82207.9,24.8,0,
2017-12-22 06:08:31,0,1,2,34.0,3900.1,16707.3,22064.6,82207.9,24.8,0,
2017-12-22 06:08:34,0,1,2,34.1,3900.0,16456.0,22092.1,82315.2,24.9,0,
2017-12-22 06:08:38,0,1,2,34.1,3899.8,16097.0,22092.1,82315.2,24.9,0,
2017-12-22 06:08:41,0,1,2,34.2,3900.0,15927.5,22118.6,82418.8,24.9,0,
2017-12-22 06:08:44,0,1,2,34.2,3900.0,15649.9,22118.6,82418.8,24.9,0,
2017-12-22 06:08:47,0,1,2,34.3,3899.9,15377.2,22144.5,82519.5,24.9,0,
2017-12-22 06:08:50,0,1,2,34.3,3899.9,15147.2,22144.5,82519.5,24.9,0,
2017-12-22 06:08:53,0,1,2,34.4,3900.1,14882.3,22169.6,82617.4,24.9,0,
2017-12-22 06:08:56,0,1,2,34.4,3900.0,14695.3,22169.6,82617.4,25.0,0,
2017-12-22 06:09:00,0,1,2,34.5,3899.9,14404.1,22194.1,82713.0,25.0,0,
2017-12-22 06:09:03,0,1,2,34.5,3899.9,14159.4,22194.1,82713.0,25.0,0,
2017-12-22 06:09:06,0,1,2,34.6,3899.9,13975.1,22217.6,82804.5,25.0,0,
2017-12-22 06:09:09,0,1,2,34.6,3900.0,13732.0,22217.6,82804.5,25.0,0,
2017-12-22 06:09:12,0,1,2,34.7,3900.2,13594.0,22240.4,82893.7,24.9,0,
2017-12-22 06:09:16,0,1,2,34.8,3900.0,13289.1,22262.6,82980.1,24.9,0,
2017-12-22 06:09:19,0,1,2,34.8,3900.0,13090.9,22262.6,82980.1,24.9,0,
2017-12-22 06:09:22,0,1,2,34.9,3899.9,12894.6,22284.1,83064.1,24.9,0,
2017-12-22 06:09:25,0,1,2,34.9,3900.0,12732.7,22284.1,83064.1,24.9,0,
2017-12-22 06:09:28,0,1,2,35.0,3899.9,12511.2,22305.0,83145.7,24.9,0,
2017-12-22 06:09:31,0,1,2,35.0,3900.0,12323.4,22305.0,83145.7,24.9,0,
2017-12-22 06:09:34,0,1,2,35.1,3900.0,12138.9,22325.4,83225.0,24.9,0,
2017-12-22 06:09:38,0,1,2,35.1,3900.0,11872.8,22325.4,83225.0,24.9,0,
2017-12-22 06:09:41,0,1,2,35.2,3900.0,11718.9,22345.1,83301.9,24.9,0,
2017-12-22 06:09:44,0,1,2,35.2,3899.9,11576.6,22345.1,83301.9,24.8,0,
2017-12-22 06:09:47,0,1,2,35.3,3899.9,11399.0,22364.3,83376.6,24.9,0,
2017-12-22 06:09:50,0,1,2,35.3,3900.1,11289.6,22364.3,83376.6,24.8,0,
2017-12-22 06:09:53,0,1,2,35.4,3899.9,11031.2,22382.9,83449.4,24.9,0,
2017-12-22 06:09:57,0,1,2,35.4,3900.0,10893.8,22382.9,83449.4,24.9,0,
2017-12-22 06:10:00,0,1,2,35.5,3900.0,10702.1,22401.0,83520.1,24.8,0,
2017-12-22 06:10:03,0,1,2,35.5,3900.1,10516.1,22401.0,83520.1,24.9,0,
2017-12-22 06:10:06,0,1,2,35.6,3900.1,10363.8,22418.5,83588.1,24.8,0,
2017-12-22 06:10:09,0,1,2,35.6,3900.0,10206.0,22418.5,83588.1,24.9,0,
2017-12-22 06:10:13,0,1,2,35.7,3899.9,10074.2,22435.5,83654.3,24.8,0,
2017-12-22 06:10:15,0,1,2,35.7,3899.9,10000.0,22435.5,83654.3,24.8,5,终止电流到
2017-12-22 06:10:15,0,1,2,35.8,3892.6,4.1,22435.5,83654.4,24.8,5,终止电流到
2017-12-22 06:10:18,0,1,2,35.8,3891.1,3.6,22435.5,83654.4,24.8,5,终止电流到
2017-12-22 06:10:22,0,1,2,35.9,3890.2,3.2,22435.5,83654.4,24.8,5,终止电流到
2017-12-22 06:10:25,0,1,2,35.9,3889.6,2.0,22435.5,83654.4,24.8,5,终止电流到
2017-12-22 06:10:28,0,1,2,36.0,3888.9,3.2,22435.5,83654.4,24.8,5,终止电流到
2017-12-22 06:10:31,0,1,2,36.0,3888.2,1.9,22435.5,83654.4,24.8,5,终止电流到
2017-12-22 06:10:34,0,1,2,36.1,3887.9,1.6,22435.5,83654.4,24.8,5,终止电流到
2017-12-22 06:10:37,0,1,2,36.1,3887.5,2.7,22435.5,83654.4,24.8,5,终止电流到
2017-12-22 06:10:40,0,1,2,36.2,3887.2,2.7,22435.5,83654.4,24.8,5,终止电流到
2017-12-22 06:10:43,0,1,2,36.2,3886.8,3.2,22435.5,83654.4,24.8,5,终止电流到
2017-12-22 06:10:46,0,1,2,36.3,3886.5,2.0,22435.5,83654.4,24.8,5,终止电流到
2017-12-22 06:10:50,0,1,2,36.3,3886.4,2.8,22435.5,83654.4,24.8,5,终止电流到
2017-12-22 06:10:53,0,1,2,36.4,3886.0,1.8,22435.5,83654.4,24.8,5,终止电流到
2017-12-22 06:10:56,0,1,2,36.4,3886.0,2.1,22435.5,83654.4,24.8,5,终止电流到
2017-12-22 06:10:59,0,1,2,36.5,3885.6,3.4,22435.5,83654.5,24.8,5,终止电流到
2017-12-22 06:11:02,0,1,2,36.5,3885.5,2.9,22435.5,83654.5,24.8,5,终止电流到
2017-12-22 06:11:07,0,2,3,0.0,3885.2,0,0.0,0.0,24.8,0,
2017-12-22 06:11:30,0,2,3,0.4,3884.4,22.9,0.0,0.0,24.8,0,
2017-12-22 06:11:33,0,2,3,0.4,3884.3,23.1,0.0,0.0,24.7,0,
2017-12-22 06:11:36,0,2,3,0.5,3884.3,23.3,0.0,0.0,24.7,0,
2017-12-22 06:11:39,0,2,3,0.5,3884.1,23.7,0.0,0.0,24.8,0,
2017-12-22 06:11:42,0,2,3,0.6,3884.1,23.9,0.0,0.0,24.8,0,
2017-12-22 06:11:45,0,2,3,0.6,3884.0,22.7,0.0,0.0,24.8,0,
2017-12-22 06:11:49,0,2,3,0.7,3884.0,23.1,0.0,0.0,24.8,0,
2017-12-22 06:11:52,0,2,3,0.7,3883.9,24.2,0.0,0.0,24.8,0,
2017-12-22 06:11:55,0,2,3,0.8,3883.7,23.5,0.0,0.0,24.8,0,
2017-12-22 06:11:58,0,2,3,0.8,3883.8,23.8,0.0,0.0,24.8,0,
2017-12-22 06:12:01,0,2,3,0.9,3883.7,23.0,0.0,0.0,24.8,0,
2017-12-22 06:12:04,0,2,3,0.9,3883.7,23.3,0.0,0.0,24.8,0,
2017-12-22 06:12:07,0,2,3,1.0,3883.6,22.7,0.0,0.0,24.7,0,
2017-12-22 06:12:08,0,2,3,1.0,3883.6,22.6,0.0,0.0,24.8,1,时间到
2017-12-22 06:12:12,0,3,4,0.0,3883.4,0,0.0,0.0,24.8,0,
2017-12-22 06:12:34,0,3,4,0.4,3832.4,-39999.6,266.7,1024.7,24.7,0,
2017-12-22 06:12:38,0,3,4,0.4,3829.9,-39999.6,266.7,1024.7,24.8,0,
2017-12-22 06:12:41,0,3,4,0.5,3827.7,-39999.3,333.3,1279.8,24.8,0,
2017-12-22 06:12:44,0,3,4,0.5,3825.2,-40000.0,333.3,1279.8,24.7,0,
2017-12-22 06:12:47,0,3,4,0.6,3823.3,-39999.8,400.0,1534.7,24.7,0,
2017-12-22 06:12:50,0,3,4,0.6,3821.2,-40000.0,400.0,1534.7,24.7,0,
2017-12-22 06:12:53,0,3,4,0.7,3819.4,-40000.0,466.7,1789.4,24.8,0,
2017-12-22 06:12:56,0,3,4,0.7,3817.5,-39999.7,466.7,1789.4,24.8,0,
2017-12-22 06:13:00,0,3,4,0.8,3815.8,-39999.7,533.3,2043.8,24.8,0,
2017-12-22 06:13:03,0,3,4,0.8,3814.1,-39999.7,533.3,2043.8,24.8,0,
2017-12-22 06:13:06,0,3,4,0.9,3812.5,-40000.0,600.0,2298.0,24.8,0,
2017-12-22 06:13:09,0,3,4,0.9,3810.9,-39999.9,600.0,2298.0,24.8,0,
2017-12-22 06:13:12,0,3,4,1.0,3809.4,-39999.9,666.7,2552.1,24.8,0,
2017-12-22 06:13:15,0,3,4,1.0,3807.8,-40000.3,666.7,2552.1,24.8,0,
2017-12-22 06:13:18,0,3,4,1.1,3806.4,-39999.8,733.3,2805.9,24.8,0,
2017-12-22 06:13:22,0,3,4,1.1,3804.7,-40000.0,733.3,2805.9,24.8,0,
2017-12-22 06:13:25,0,3,4,1.2,3803.4,-39999.8,800.0,3059.5,24.8,0,
2017-12-22 06:13:28,0,3,4,1.2,3801.9,-39999.7,800.0,3059.5,24.7,0,
2017-12-22 06:13:31,0,3,4,1.3,3800.4,-39999.9,866.7,3313.0,24.8,0,
2017-12-22 06:13:34,0,3,4,1.3,3799.0,-39999.8,866.7,3313.0,24.8,0,
2017-12-22 06:13:37,0,3,4,1.4,3797.6,-39999.5,933.3,3566.2,24.8,0,
2017-12-22 06:13:40,0,3,4,1.5,3796.3,-39999.7,1000.0,3819.3,24.8,0,
2017-12-22 06:13:44,0,3,4,1.5,3794.8,-40000.0,1000.0,3819.3,24.8,0,
2017-12-22 06:13:47,0,3,4,1.6,3793.4,-39999.9,1066.7,4072.2,24.8,0,
2017-12-22 06:13:50,0,3,4,1.6,3792.1,-39999.6,1066.7,4072.2,24.8,0,
2017-12-22 06:13:53,0,3,4,1.7,3790.6,-39999.8,1133.3,4324.9,24.8,0,
2017-12-22 06:13:56,0,3,4,1.7,3789.4,-39999.8,1133.3,4324.9,24.7,0,
2017-12-22 06:14:00,0,3,4,1.8,3787.8,-39999.6,1200.0,4577.5,24.7,0,
2017-12-22 06:14:03,0,3,4,1.8,3786.5,-39999.5,1200.0,4577.5,24.8,0,
2017-12-22 06:14:06,0,3,4,1.9,3785.2,-39999.3,1266.7,4829.9,24.8,0,
2017-12-22 06:14:09,0,3,4,1.9,3783.8,-39999.5,1266.7,4829.9,24.8,0,
2017-12-22 06:14:12,0,3,4,2.0,3782.5,-39999.6,1333.3,5082.1,24.8,0,
2017-12-22 06:14:15,0,3,4,2.0,3781.1,-39999.7,1333.3,5082.1,24.7,0,
2017-12-22 06:14:18,0,3,4,2.1,3779.8,-39999.7,1400.0,5334.1,24.8,0,
2017-12-22 06:14:22,0,3,4,2.1,3778.5,-39999.6,1400.0,5334.1,24.7,0,
2017-12-22 06:14:25,0,3,4,2.2,3777.2,-39999.6,1466.7,5586.0,24.7,0,
2017-12-22 06:14:28,0,3,4,2.2,3775.9,-39999.5,1466.7,5586.0,24.8,0,
2017-12-22 06:14:31,0,3,4,2.3,3774.6,-39999.3,1533.3,5837.7,24.8,0,
2017-12-22 06:14:34,0,3,4,2.3,3773.2,-39999.2,1533.3,5837.7,24.8,0,
2017-12-22 06:14:37,0,3,4,2.4,3771.9,-39998.7,1600.0,6089.2,24.8,0,
2017-12-22 06:14:40,0,3,4,2.5,3770.5,-39999.5,1666.6,6340.6,24.8,0,
2017-12-22 06:14:44,0,3,4,2.5,3769.3,-39999.5,1666.6,6340.6,24.8,0,
2017-12-22 06:14:47,0,3,4,2.6,3768.0,-39999.4,1733.3,6591.8,24.8,0,
2017-12-22 06:14:50,0,3,4,2.6,3766.7,-39999.7,1733.3,6591.8,24.8,0,
2017-12-22 06:14:53,0,3,4,2.7,3765.3,-39999.0,1800.0,6842.8,24.8,0,
2017-12-22 06:14:56,0,3,4,2.7,3764.1,-39999.2,1800.0,6842.8,24.8,0,
2017-12-22 06:14:59,0,3,4,2.8,3762.7,-39999.4,1866.6,7093.7,24.8,0,
2017-12-22 06:15:02,0,3,4,2.8,3761.5,-39999.7,1866.6,7093.7,24.8,0,
2017-12-22 06:15:06,0,3,4,2.9,3760.1,-39999.6,1933.3,7344.4,24.8,0,
2017-12-22 06:15:09,0,3,4,2.9,3759.1,-39999.2,1933.3,7344.4,24.8,0,
2017-12-22 06:15:12,0,3,4,3.0,3757.7,-39999.0,2000.0,7594.9,24.8,0,
2017-12-22 06:15:15,0,3,4,3.0,3756.3,-39999.5,2000.0,7594.9,24.8,0,
2017-12-22 06:15:18,0,3,4,3.1,3755.1,-39999.8,2066.6,7845.3,24.8,0,
2017-12-22 06:15:21,0,3,4,3.1,3753.9,-39999.5,2066.6,7845.3,24.8,0,
2017-12-22 06:15:24,0,3,4,3.2,3752.6,-39999.6,2133.3,8095.6,24.8,0,
2017-12-22 06:15:28,0,3,4,3.2,3751.3,-39999.8,2133.3,8095.6,24.8,0,
2017-12-22 06:15:31,0,3,4,3.3,3750.0,-40000.2,2200.0,8345.6,24.8,0,
2017-12-22 06:15:34,0,3,4,3.3,3748.8,-39999.3,2200.0,8345.6,24.8,0,
2017-12-22 06:15:37,0,3,4,3.4,3747.6,-39999.7,2266.6,8595.5,24.8,0,
2017-12-22 06:15:40,0,3,4,3.4,3746.5,-39999.2,2266.6,8595.5,24.8,0,
2017-12-22 06:15:43,0,3,4,3.5,3745.1,-39999.5,2333.3,8845.3,24.8,0,
2017-12-22 06:15:46,0,3,4,3.6,3744.1,-39999.8,2400.0,9094.9,24.8,0,
2017-12-22 06:15:49,0,3,4,3.6,3742.7,-39999.0,2400.0,9094.9,24.8,0,
2017-12-22 06:15:53,0,3,4,3.7,3741.7,-39999.3,2466.6,9344.3,24.8,0,
2017-12-22 06:15:56,0,3,4,3.7,3740.5,-39999.4,2466.6,9344.3,24.8,0,
2017-12-22 06:15:59,0,3,4,3.8,3739.2,-39999.8,2533.3,9593.6,24.8,0,
2017-12-22 06:16:02,0,3,4,3.8,3738.0,-40000.0,2533.3,9593.6,24.8,0,
2017-12-22 06:16:05,0,3,4,3.9,3736.8,-39999.3,2600.0,9842.8,24.8,0,
2017-12-22 06:16:08,0,3,4,3.9,3735.6,-39999.7,2600.0,9842.8,24.8,0,
2017-12-22 06:16:11,0,3,4,4.0,3734.6,-39999.0,2666.6,10091.8,24.8,0,
2017-12-22 06:16:15,0,3,4,4.0,3733.4,-39999.9,2666.6,10091.8,24.8,0,
2017-12-22 06:16:18,0,3,4,4.1,3732.3,-39998.5,2733.3,10340.6,24.8,0,
2017-12-22 06:16:21,0,3,4,4.1,3731.3,-39999.0,2733.3,10340.6,24.7,0,
2017-12-22 06:16:24,0,3,4,4.2,3730.1,-39999.7,2800.0,10589.3,24.8,0,
2017-12-22 06:16:27,0,3,4,4.2,3729.0,-39999.8,2800.0,10589.3,24.8,0,
2017-12-22 06:16:30,0,3,4,4.3,3727.8,-39999.0,2866.6,10837.9,24.8,0,
2017-12-22 06:16:33,0,3,4,4.3,3726.7,-39999.7,2866.6,10837.9,24.8,0,
2017-12-22 06:16:37,0,3,4,4.4,3725.8,-39999.7,2933.3,11086.3,24.8,0,
2017-12-22 06:16:40,0,3,4,4.4,3724.7,-39999.3,2933.3,11086.3,24.8,0,
2017-12-22 06:16:43,0,3,4,4.5,3723.6,-39998.8,3000.0,11334.6,24.8,0,
2017-12-22 06:16:46,0,3,4,4.5,3722.6,-39999.6,3000.0,11334.6,24.8,0,
2017-12-22 06:16:49,0,3,4,4.6,3721.5,-39999.0,3066.6,11582.7,24.8,0,
2017-12-22 06:16:52,0,3,4,4.6,3720.5,-40000.3,3066.6,11582.7,24.8,0,
2017-12-22 06:16:55,0,3,4,4.7,3719.4,-39999.3,3133.3,11830.7,24.8,0,
2017-12-22 06:16:58,0,3,4,4.8,3718.4,-40000.0,3200.0,12078.6,24.8,0,
2017-12-22 06:17:02,0,3,4,4.8,3717.3,-39999.5,3200.0,12078.6,24.8,0,
2017-12-22 06:17:05,0,3,4,4.9,3716.3,-39999.5,3266.6,12326.4,24.8,0,
2017-12-22 06:17:08,0,3,4,4.9,3715.3,-39999.5,3266.6,12326.4,24.8,0,
2017-12-22 06:17:11,0,3,4,5.0,3714.3,-39999.7,3333.3,12574.0,24.7,0,
2017-12-22 06:17:14,0,3,4,5.0,3713.4,-39999.7,3333.3,12574.0,24.7,0,
2017-12-22 06:17:17,0,3,4,5.1,3712.4,-40000.0,3399.9,12821.5,24.8,0,
2017-12-22 06:17:20,0,3,4,5.1,3711.5,-39999.6,3399.9,12821.5,24.7,0,
2017-12-22 06:17:24,0,3,4,5.2,3710.3,-39999.5,3466.6,13068.9,24.7,0,
2017-12-22 06:17:27,0,3,4,5.2,3709.4,-39999.8,3466.6,13068.9,24.7,0,
2017-12-22 06:17:30,0,3,4,5.3,3708.3,-39999.7,3533.3,13316.2,24.7,0,
2017-12-22 06:17:33,0,3,4,5.3,3707.5,-39999.7,3533.3,13316.2,24.7,0,
2017-12-22 06:17:36,0,3,4,5.4,3706.6,-40000.0,3599.9,13563.3,24.7,0,
2017-12-22 06:17:39,0,3,4,5.4,3705.6,-39999.9,3599.9,13563.3,24.7,0,
2017-12-22 06:17:42,0,3,4,5.5,3704.6,-39999.5,3666.6,13810.3,24.7,0,
2017-12-22 06:17:46,0,3,4,5.5,3703.7,-39999.9,3666.6,13810.3,24.7,0,
2017-12-22 06:17:49,0,3,4,5.6,3702.9,-40000.0,3733.3,14057.2,24.7,0,
2017-12-22 06:17:52,0,3,4,5.6,3702.0,-39999.5,3733.3,14057.2,24.7,0,
2017-12-22 06:17:55,0,3,4,5.7,3700.9,-39999.3,3799.9,14304.0,24.7,0,
2017-12-22 06:17:58,0,3,4,5.7,3700.2,-39999.3,3799.9,14304.0,24.7,0,
2017-12-22 06:18:01,0,3,4,5.8,3699.2,-39999.5,3866.6,14550.7,24.7,0,
2017-12-22 06:18:04,0,3,4,5.9,3698.4,-39999.0,3933.3,14797.2,24.7,0,
2017-12-22 06:18:07,0,3,4,5.9,3697.5,-40000.5,3933.3,14797.2,24.6,0,
2017-12-22 06:18:11,0,3,4,6.0,3696.5,-39999.7,3999.9,15043.7,24.7,0,
2017-12-22 06:18:14,0,3,4,6.0,3695.6,-40000.0,3999.9,15043.7,24.7,0,
2017-12-22 06:18:17,0,3,4,6.1,3694.8,-40000.0,4066.6,15290.0,24.7,0,
2017-12-22 06:18:20,0,3,4,6.1,3693.9,-39999.7,4066.6,15290.0,24.6,0,
2017-12-22 06:18:23,0,3,4,6.2,3693.1,-40000.1,4133.3,15536.2,24.7,0,
2017-12-22 06:18:26,0,3,4,6.2,3692.2,-39999.7,4133.3,15536.2,24.6,0,
2017-12-22 06:18:29,0,3,4,6.3,3691.3,-40000.3,4199.9,15782.3,24.7,0,
2017-12-22 06:18:33,0,3,4,6.3,3690.6,-39999.8,4199.9,15782.3,24.7,0,
2017-12-22 06:18:36,0,3,4,6.4,3689.7,-39999.5,4266.6,16028.3,24.7,0,
2017-12-22 06:18:39,0,3,4,6.4,3688.9,-39999.7,4266.6,16028.3,24.6,0,
2017-12-22 06:18:42,0,3,4,6.5,3688.0,-40000.4,4333.3,16274.2,24.7,0,
2017-12-22 06:18:45,0,3,4,6.5,3687.2,-39999.7,4333.3,16274.2,24.7,0,
2017-12-22 06:18:48,0,3,4,6.6,3686.2,-39999.8,4399.9,16520.0,24.6,0,
2017-12-22 06:18:51,0,3,4,6.6,3685.5,-39999.7,4399.9,16520.0,24.6,0,
2017-12-22 06:18:54,0,3,4,6.7,3684.6,-40000.0,4466.6,16765.6,24.6,0,
2017-12-22 06:18:58,0,3,4,6.7,3683.9,-40000.0,4466.6,16765.6,24.6,0,
2017-12-22 06:19:01,0,3,4,6.8,3683.0,-39999.7,4533.3,17011.2,24.6,0,
2017-12-22 06:19:04,0,3,4,6.8,3682.4,-39999.9,4533.3,17011.2,24.6,0,
2017-12-22 06:19:07,0,3,4,6.9,3681.5,-40000.0,4599.9,17256.7,24.6,0,
2017-12-22 06:19:10,0,3,4,7.0,3680.8,-40000.1,4666.6,17502.1,24.6,0,
2017-12-22 06:19:13,0,3,4,7.0,3679.8,-39999.9,4666.6,17502.1,24.6,0,
2017-12-22 06:19:17,0,3,4,7.1,3679.2,-39999.8,4733.3,17747.4,24.6,0,
2017-12-22 06:19:20,0,3,4,7.1,3678.2,-40000.0,4733.3,17747.4,24.6,0,
2017-12-22 06:19:23,0,3,4,7.2,3677.6,-39999.7,4799.9,17992.5,24.6,0,
2017-12-22 06:19:26,0,3,4,7.2,3676.7,-39999.7,4799.9,17992.5,24.6,0,
2017-12-22 06:19:29,0,3,4,7.3,3675.9,-39999.4,4866.6,18237.6,24.6,0,
2017-12-22 06:19:32,0,3,4,7.3,3675.1,-39999.3,4866.6,18237.6,24.6,0,
2017-12-22 06:19:35,0,3,4,7.4,3674.5,-39999.7,4933.3,18482.6,24.7,0,
2017-12-22 06:19:38,0,3,4,7.4,3673.7,-39999.2,4933.3,18482.6,24.6,0,
2017-12-22 06:19:41,0,3,4,7.5,3672.9,-40000.0,4999.9,18727.4,24.6,0,
2017-12-22 06:19:45,0,3,4,7.5,3672.1,-39999.7,4999.9,18727.4,24.7,0,
2017-12-22 06:19:48,0,3,4,7.6,3671.4,-39999.5,5066.6,18972.2,24.7,0,
2017-12-22 06:19:51,0,3,4,7.6,3670.7,-39999.6,5066.6,18972.2,24.7,0,
2017-12-22 06:19:54,0,3,4,7.7,3669.9,-40000.0,5133.3,19216.9,24.7,0,
2017-12-22 06:19:57,0,3,4,7.7,3669.1,-39999.5,5133.3,19216.9,24.7,0,
2017-12-22 06:20:00,0,3,4,7.8,3668.4,-39999.5,5199.9,19461.5,24.7,0,
2017-12-22 06:20:03,0,3,4,7.8,3667.7,-39999.9,5199.9,19461.5,24.7,0,
2017-12-22 06:20:07,0,3,4,7.9,3667.0,-39999.5,5266.6,19706.0,24.7,0,
2017-12-22 06:20:10,0,3,4,7.9,3666.2,-39999.6,5266.6,19706.0,24.7,0,
2017-12-22 06:20:13,0,3,4,8.0,3665.5,-39999.8,5333.3,19950.4,24.7,0,
2017-12-22 06:20:16,0,3,4,8.1,3664.7,-40000.0,5399.9,20194.7,24.7,0,
2017-12-22 06:20:19,0,3,4,8.1,3664.1,-39999.7,5399.9,20194.7,24.7,0,
2017-12-22 06:20:23,0,3,4,8.2,3663.3,-40000.5,5466.6,20438.9,24.8,0,
2017-12-22 06:20:26,0,3,4,8.2,3662.6,-40000.2,5466.6,20438.9,24.7,0,
2017-12-22 06:20:29,0,3,4,8.3,3661.8,-39999.4,5533.3,20683.1,24.7,0,
2017-12-22 06:20:32,0,3,4,8.3,3661.1,-39999.7,5533.3,20683.1,24.7,0,
2017-12-22 06:20:35,0,3,4,8.4,3660.5,-39999.7,5599.9,20927.1,24.7,0,
2017-12-22 06:20:38,0,3,4,8.4,3659.8,-40000.0,5599.9,20927.1,24.7,0,
2017-12-22 06:20:41,0,3,4,8.5,3659.0,-39999.8,5666.6,21171.0,24.7,0,
2017-12-22 06:20:45,0,3,4,8.5,3658.4,-39999.9,5666.6,21171.0,24.7,0,
2017-12-22 06:20:48,0,3,4,8.6,3657.7,-39999.5,5733.3,21414.9,24.7,0,
2017-12-22 06:20:51,0,3,4,8.6,3657.0,-39999.6,5733.3,21414.9,24.7,0,
2017-12-22 06:20:54,0,3,4,8.7,3656.3,-40000.4,5799.9,21658.7,24.6,0,
2017-12-22 06:20:57,0,3,4,8.7,3655.7,-39999.7,5799.9,21658.7,24.7,0,
2017-12-22 06:21:00,0,3,4,8.8,3654.9,-40000.3,5866.6,21902.4,24.7,0,
2017-12-22 06:21:03,0,3,4,8.8,3654.3,-39999.8,5866.6,21902.4,24.7,0,
2017-12-22 06:21:06,0,3,4,8.9,3653.6,-39999.5,5933.2,22146.0,24.7,0,
2017-12-22 06:21:10,0,3,4,8.9,3652.9,-40000.0,5933.2,22146.0,24.7,0,
2017-12-22 06:21:13,0,3,4,9.0,3652.2,-40000.5,5999.9,22389.5,24.7,0,
2017-12-22 06:21:16,0,3,4,9.0,3651.7,-40000.3,5999.9,22389.5,24.7,0,
2017-12-22 06:21:19,0,3,4,9.1,3650.9,-40000.0,6066.6,22632.9,24.7,0,
2017-12-22 06:21:22,0,3,4,9.1,3650.3,-39999.8,6066.6,22632.9,24.7,0,
2017-12-22 06:21:25,0,3,4,9.2,3649.7,-39999.8,6133.2,22876.3,24.7,0,
2017-12-22 06:21:28,0,3,4,9.3,3649.1,-40000.0,6199.9,23119.6,24.7,0,
2017-12-22 06:21:32,0,3,4,9.3,3648.3,-40000.5,6199.9,23119.6,24.7,0,
2017-12-22 06:21:35,0,3,4,9.4,3647.6,-39999.7,6266.6,23362.8,24.7,0,
2017-12-22 06:21:38,0,3,4,9.4,3647.1,-40000.2,6266.6,23362.8,24.7,0,
2017-12-22 06:21:41,0,3,4,9.5,3646.4,-39999.8,6333.2,23605.9,24.7,0,
2017-12-22 06:21:44,0,3,4,9.5,3645.7,-39999.8,6333.2,23605.9,24.7,0,
2017-12-22 06:21:47,0,3,4,9.6,3645.2,-40000.5,6399.9,23848.9,24.7,0,
2017-12-22 06:21:51,0,3,4,9.6,3644.4,-39999.5,6399.9,23848.9,24.7,0,
2017-12-22 06:21:54,0,3,4,9.7,3643.8,-40000.3,6466.6,24091.8,24.6,0,
2017-12-22 06:21:57,0,3,4,9.7,3643.2,-40000.4,6466.6,24091.8,24.7,0,
2017-12-22 06:22:00,0,3,4,9.8,3642.6,-40000.3,6533.2,24334.7,24.7,0,
2017-12-22 06:22:03,0,3,4,9.8,3642.0,-39999.6,6533.2,24334.7,24.7,0,
2017-12-22 06:22:06,0,3,4,9.9,3641.3,-39999.5,6599.9,24577.5,24.7,0,
2017-12-22 06:22:09,0,3,4,9.9,3640.6,-40000.3,6599.9,24577.5,24.7,0,
2017-12-22 06:22:13,0,3,4,10.0,3640.0,-40000.2,6666.6,24820.2,24.7,0,
2017-12-22 06:22:16,0,3,4,10.0,3639.4,-40000.3,6666.6,24820.2,24.7,0,
2017-12-22 06:22:19,0,3,4,10.1,3638.8,-39999.9,6733.2,25062.8,24.7,0,
2017-12-22 06:22:22,0,3,4,10.1,3638.1,-40000.3,6733.2,25062.8,24.7,0,
2017-12-22 06:22:25,0,3,4,10.2,3637.6,-40000.5,6799.9,25305.3,24.7,0,
2017-12-22 06:22:28,0,3,4,10.2,3636.9,-40000.0,6799.9,25305.3,24.7,0,
2017-12-22 06:22:31,0,3,4,10.3,3636.4,-39999.7,6866.6,25547.8,24.7,0,
2017-12-22 06:22:34,0,3,4,10.4,3635.7,-40000.3,6933.2,25790.2,24.7,0,
2017-12-22 06:22:38,0,3,4,10.4,3635.2,-40000.0,6933.2,25790.2,24.7,0,
2017-12-22 06:22:41,0,3,4,10.5,3634.5,-40000.0,6999.9,26032.5,24.8,0,
2017-12-22 06:22:44,0,3,4,10.5,3633.9,-39999.9,6999.9,26032.5,24.8,0,
2017-12-22 06:22:47,0,3,4,10.6,3633.4,-40000.1,7066.6,26274.7,24.7,0,
2017-12-22 06:22:50,0,3,4,10.6,3632.8,-39999.8,7066.6,26274.7,24.7,0,
2017-12-22 06:22:53,0,3,4,10.7,3632.2,-40000.1,7133.2,26516.9,24.8,0,
2017-12-22 06:22:56,0,3,4,10.7,3631.6,-40000.3,7133.2,26516.9,24.7,0,
2017-12-22 06:23:00,0,3,4,10.8,3630.9,-40000.3,7199.9,26758.9,24.8,0,
2017-12-22 06:23:03,0,3,4,10.8,3630.3,-40000.2,7199.9,26758.9,24.8,0,
2017-12-22 06:23:06,0,3,4,10.9,3629.7,-40000.5,7266.6,27001.0,24.8,0,
2017-12-22 06:23:09,0,3,4,10.9,3629.1,-40000.3,7266.6,27001.0,24.8,0,
2017-12-22 06:23:12,0,3,4,11.0,3628.7,-39999.9,7333.3,27242.9,24.8,0,
2017-12-22 06:23:15,0,3,4,11.0,3628.0,-40000.5,7333.3,27242.9,24.8,0,
2017-12-22 06:23:18,0,3,4,11.1,3627.4,-40000.8,7399.9,27484.8,24.8,0,
2017-12-22 06:23:21,0,3,4,11.1,3627.0,-40000.5,7399.9,27484.8,24.8,0,
2017-12-22 06:23:25,0,3,4,11.2,3626.3,-40000.6,7466.6,27726.5,24.8,0,
2017-12-22 06:23:28,0,3,4,11.2,3625.8,-40000.4,7466.6,27726.5,24.7,0,
2017-12-22 06:23:31,0,3,4,11.3,3625.2,-40000.4,7533.3,27968.3,24.8,0,
2017-12-22 06:23:34,0,3,4,11.3,3624.6,-40000.2,7533.3,27968.3,24.7,0,
2017-12-22 06:23:37,0,3,4,11.4,3624.1,-40000.2,7599.9,28209.9,24.7,0,
2017-12-22 06:23:40,0,3,4,11.4,3623.4,-40000.8,7599.9,28209.9,24.8,0,
2017-12-22 06:23:43,0,3,4,11.5,3622.9,-40000.6,7666.6,28451.5,24.8,0,
2017-12-22 06:23:46,0,3,4,11.6,3622.3,-40000.5,7733.3,28693.0,24.7,0,
2017-12-22 06:23:49,0,3,4,11.6,3621.8,-40000.5,7733.3,28693.0,24.7,0,
2017-12-22 06:23:53,0,3,4,11.7,3621.3,-40000.5,7799.9,28934.4,24.8,0,
2017-12-22 06:23:56,0,3,4,11.7,3620.7,-40000.8,7799.9,28934.4,24.8,0,
2017-12-22 06:23:59,0,3,4,11.8,3620.2,-40000.5,7866.6,29175.8,24.8,0,
2017-12-22 06:24:02,0,3,4,11.8,3619.7,-40000.0,7866.6,29175.8,24.8,0,
2017-12-22 06:24:05,0,3,4,11.9,3619.0,-40000.5,7933.3,29417.0,24.8,0,
2017-12-22 06:24:08,0,3,4,11.9,3618.4,-40000.9,7933.3,29417.0,24.8,0,
2017-12-22 06:24:11,0,3,4,12.0,3617.8,-40001.3,7999.9,29658.2,24.8,0,
2017-12-22 06:24:15,0,3,4,12.0,3617.3,-40000.8,7999.9,29658.2,24.7,0,
2017-12-22 06:24:18,0,3,4,12.1,3616.8,-40000.9,8066.6,29899.4,24.8,0,
2017-12-22 06:24:21,0,3,4,12.1,3616.3,-40000.0,8066.6,29899.4,24.8,0,
2017-12-22 06:24:24,0,3,4,12.2,3615.6,-40000.7,8133.3,30140.5,24.8,0,
2017-12-22 06:24:27,0,3,4,12.2,3615.1,-40000.4,8133.3,30140.5,24.7,0,
2017-12-22 06:24:30,0,3,4,12.3,3614.6,-40000.5,8199.9,30381.5,24.7,0,
2017-12-22 06:24:33,0,3,4,12.3,3614.0,-40000.3,8199.9,30381.5,24.8,0,
2017-12-22 06:24:37,0,3,4,12.4,3613.5,-39999.7,8266.6,30622.4,24.8,0,
2017-12-22 06:24:40,0,3,4,12.4,3613.0,-40000.7,8266.6,30622.4,24.7,0,
2017-12-22 06:24:43,0,3,4,12.5,3612.4,-40000.3,8333.3,30863.3,24.8,0,
2017-12-22 06:24:46,0,3,4,12.5,3611.9,-40000.1,8333.3,30863.3,24.8,0,
2017-12-22 06:24:49,0,3,4,12.6,3611.4,-40000.8,8399.9,31104.1,24.7,0,
2017-12-22 06:24:52,0,3,4,12.7,3610.8,-39999.9,8466.6,31344.8,24.7,0,
2017-12-22 06:24:56,0,3,4,12.7,3610.3,-40000.5,8466.6,31344.8,24.7,0,
2017-12-22 06:24:59,0,3,4,12.8,3609.7,-40000.8,8533.3,31585.4,24.7,0,
2017-12-22 06:25:02,0,3,4,12.8,3609.1,-40000.2,8533.3,31585.4,24.7,0,
2017-12-22 06:25:05,0,3,4,12.9,3608.6,-40000.8,8599.9,31826.0,24.8,0,
2017-12-22 06:25:08,0,3,4,12.9,3608.0,-40000.0,8599.9,31826.0,24.8,0,
2017-12-22 06:25:11,0,3,4,13.0,3607.6,-40001.2,8666.6,32066.5,24.8,0,
2017-12-22 06:25:14,0,3,4,13.0,3607.0,-40000.5,8666.6,32066.5,24.7,0,
2017-12-22 06:25:18,0,3,4,13.1,3606.5,-40000.0,8733.3,32307.0,24.7,0,
2017-12-22 06:25:21,0,3,4,13.1,3606.0,-40000.2,8733.3,32307.0,24.8,0,
2017-12-22 06:25:24,0,3,4,13.2,3605.4,-40000.8,8800.0,32547.4,24.7,0,
2017-12-22 06:25:27,0,3,4,13.2,3605.0,-40000.8,8800.0,32547.4,24.8,0,
2017-12-22 06:25:30,0,3,4,13.3,3604.3,-40000.6,8866.6,32787.7,24.7,0,
2017-12-22 06:25:34,0,3,4,13.3,3604.0,-40000.4,8866.6,32787.7,24.8,0,
2017-12-22 06:25:37,0,3,4,13.4,3603.3,-40000.8,8933.3,33028.0,24.8,0,
2017-12-22 06:25:40,0,3,4,13.4,3602.9,-40000.8,8933.3,33028.0,24.8,0,
2017-12-22 06:25:43,0,3,4,13.5,3602.4,-40000.3,9000.0,33268.2,24.8,0,
2017-12-22 06:25:46,0,3,4,13.5,3601.9,-40000.8,9000.0,33268.2,24.8,0,
2017-12-22 06:25:49,0,3,4,13.6,3601.2,-40000.7,9066.6,33508.3,24.8,0,
2017-12-22 06:25:52,0,3,4,13.7,3600.9,-40000.5,9133.3,33748.4,24.7,0,
2017-12-22 06:25:56,0,3,4,13.7,3600.3,-40000.0,9133.3,33748.4,24.8,0,
2017-12-22 06:25:59,0,3,4,13.8,3599.9,-40000.2,9200.0,33988.4,24.8,0,
2017-12-22 06:26:02,0,3,4,13.8,3599.3,-40000.7,9200.0,33988.4,24.8,0,
2017-12-22 06:26:05,0,3,4,13.9,3598.8,-40000.5,9266.6,34228.3,24.8,0,
2017-12-22 06:26:08,0,3,4,13.9,3598.3,-40000.3,9266.6,34228.3,24.8,0,
2017-12-22 06:26:11,0,3,4,14.0,3597.6,-40000.7,9333.3,34468.2,24.8,0,
2017-12-22 06:26:14,0,3,4,14.0,3597.2,-40001.1,9333.3,34468.2,24.8,0,
2017-12-22 06:26:18,0,3,4,14.1,3596.8,-40000.3,9400.0,34708.0,24.8,0,
2017-12-22 06:26:21,0,3,4,14.1,3596.2,-40000.5,9400.0,34708.0,24.8,0,
2017-12-22 06:26:24,0,3,4,14.2,3595.6,-40000.8,9466.6,34947.7,24.8,0,
2017-12-22 06:26:27,0,3,4,14.2,3595.2,-40001.0,9466.6,34947.7,24.8,0,
2017-12-22 06:26:30,0,3,4,14.3,3594.6,-40000.8,9533.3,35187.4,24.8,0,
2017-12-22 06:26:33,0,3,4,14.3,3594.2,-40000.3,9533.3,35187.4,24.8,0,
2017-12-22 06:26:36,0,3,4,14.4,3593.7,-40001.0,9600.0,35427.0,24.8,0,
2017-12-22 06:26:40,0,3,4,14.4,3593.2,-40000.0,9600.0,35427.0,24.8,0,
2017-12-22 06:26:43,0,3,4,14.5,3592.6,-40001.2,9666.6,35666.5,24.8,0,
2017-12-22 06:26:46,0,3,4,14.5,3592.1,-40001.0,9666.6,35666.5,24.8,0,
2017-12-22 06:26:49,0,3,4,14.6,3591.6,-40000.5,9733.3,35906.0,24.8,0,
2017-12-22 06:26:52,0,3,4,14.6,3591.1,-40000.3,9733.3,35906.0,24.8,0,
2017-12-22 06:26:55,0,3,4,14.7,3590.6,-40000.6,9800.0,36145.4,24.8,0,
2017-12-22 06:26:58,0,3,4,14.8,3590.2,-40000.5,9866.6,36384.7,24.9,0,
2017-12-22 06:27:01,0,3,4,14.8,3589.7,-40000.7,9866.6,36384.7,24.9,0,
2017-12-22 06:27:04,0,3,4,14.9,3589.1,-40000.8,9933.3,36624.0,24.9,0,
2017-12-22 06:27:08,0,3,4,14.9,3588.6,-40000.6,9933.3,36624.0,24.9,0,
2017-12-22 06:27:11,0,3,4,15.0,3588.1,-40000.5,10000.0,36863.2,24.9,0,
2017-12-22 06:27:14,0,3,4,15.0,3587.6,-40000.8,10000.0,36863.2,24.9,0,
2017-12-22 06:27:17,0,3,4,15.1,3587.2,-40000.8,10066.7,37102.4,24.9,0,
2017-12-22 06:27:20,0,3,4,15.1,3586.7,-40000.5,10066.7,37102.4,24.9,0,
2017-12-22 06:27:23,0,3,4,15.2,3586.2,-40000.5,10133.3,37341.5,24.9,0,
2017-12-22 06:27:26,0,3,4,15.2,3585.7,-40000.1,10133.3,37341.5,24.9,0,
2017-12-22 06:27:30,0,3,4,15.3,3585.2,-40000.3,10200.0,37580.5,24.9,0,
2017-12-22 06:27:33,0,3,4,15.3,3584.7,-40000.5,10200.0,37580.5,24.9,0,
2017-12-22 06:27:36,0,3,4,15.4,3584.1,-40000.7,10266.7,37819.5,24.8,0,
2017-12-22 06:27:39,0,3,4,15.4,3583.8,-40000.0,10266.7,37819.5,24.9,0,
2017-12-22 06:27:42,0,3,4,15.5,3583.2,-40001.0,10333.3,38058.4,24.8,0,
2017-12-22 06:27:45,0,3,4,15.5,3582.6,-40000.0,10333.3,38058.4,24.8,0,
2017-12-22 06:27:48,0,3,4,15.6,3582.3,-40000.2,10400.0,38297.2,24.8,0,
2017-12-22 06:27:51,0,3,4,15.6,3581.8,-40000.6,10400.0,38297.2,24.8,0,
2017-12-22 06:27:54,0,3,4,15.7,3581.2,-40001.3,10466.7,38536.0,24.8,0,
2017-12-22 06:27:58,0,3,4,15.7,3580.8,-40000.5,10466.7,38536.0,24.9,0,
2017-12-22 06:28:01,0,3,4,15.8,3580.2,-40001.0,10533.3,38774.7,24.8,0,
2017-12-22 06:28:04,0,3,4,15.8,3579.9,-40001.2,10533.3,38774.7,24.8,0,
2017-12-22 06:28:07,0,3,4,15.9,3579.2,-40000.8,10600.0,39013.4,24.8,0,
2017-12-22 06:28:10,0,3,4,16.0,3578.7,-40000.7,10666.7,39252.0,24.8,0,
2017-12-22 06:28:13,0,3,4,16.0,3578.2,-40000.3,10666.7,39252.0,24.8,0,
2017-12-22 06:28:17,0,3,4,16.1,3577.9,-40000.3,10733.3,39490.5,24.8,0,
2017-12-22 06:28:20,0,3,4,16.1,3577.4,-40000.6,10733.3,39490.5,24.8,0,
2017-12-22 06:28:23,0,3,4,16.2,3576.9,-40000.9,10800.0,39729.0,24.8,0,
2017-12-22 06:28:26,0,3,4,16.2,3576.3,-40000.5,10800.0,39729.0,24.9,0,
2017-12-22 06:28:29,0,3,4,16.3,3575.9,-40000.3,10866.7,39967.4,24.9,0,
2017-12-22 06:28:32,0,3,4,16.3,3575.4,-40001.2,10866.7,39967.4,24.9,0,
2017-12-22 06:28:35,0,3,4,16.4,3574.9,-40001.0,10933.3,40205.8,24.9,0,
2017-12-22 06:28:38,0,3,4,16.4,3574.4,-40000.5,10933.3,40205.8,24.9,0,
2017-12-22 06:28:42,0,3,4,16.5,3574.0,-40000.5,11000.0,40444.0,24.9,0,
2017-12-22 06:28:45,0,3,4,16.5,3573.5,-40000.6,11000.0,40444.0,24.9,0,
2017-12-22 06:28:48,0,3,4,16.6,3573.0,-40000.9,11066.7,40682.3,24.9,0,
2017-12-22 06:28:51,0,3,4,16.6,3572.4,-40000.5,11066.7,40682.3,24.9,0,
2017-12-22 06:28:54,0,3,4,16.7,3572.1,-40000.3,11133.4,40920.4,24.9,0,
2017-12-22 06:28:57,0,3,4,16.7,3571.5,-40000.6,11133.4,40920.4,24.9,0,
2017-12-22 06:29:00,0,3,4,16.8,3571.1,-40000.8,11200.0,41158.6,24.9,0,
2017-12-22 06:29:04,0,3,4,16.8,3570.5,-40001.3,11200.0,41158.6,24.9,0,
2017-12-22 06:29:07,0,3,4,16.9,3570.0,-40000.8,11266.7,41396.6,24.9,0,
2017-12-22 06:29:10,0,3,4,16.9,3569.6,-40001.0,11266.7,41396.6,24.9,0,
2017-12-22 06:29:13,0,3,4,17.0,3569.2,-40000.8,11333.4,41634.6,24.9,0,
2017-12-22 06:29:16,0,3,4,17.1,3568.6,-40001.0,11400.0,41872.5,24.9,0,
2017-12-22 06:29:20,0,3,4,17.1,3568.1,-40001.6,11400.0,41872.5,24.9,0,
2017-12-22 06:29:23,0,3,4,17.2,3567.7,-40001.3,11466.7,42110.3,24.9,0,
2017-12-22 06:29:26,0,3,4,17.2,3567.1,-40001.2,11466.7,42110.3,24.9,0,
2017-12-22 06:29:29,0,3,4,17.3,3566.8,-40000.7,11533.4,42348.1,24.9,0,
2017-12-22 06:29:32,0,3,4,17.3,3566.3,-40000.7,11533.4,42348.1,24.9,0,
2017-12-22 06:29:35,0,3,4,17.4,3565.7,-40000.7,11600.0,42585.9,24.9,0,
2017-12-22 06:29:38,0,3,4,17.4,3565.2,-40001.0,11600.0,42585.9,24.9,0,
2017-12-22 06:29:41,0,3,4,17.5,3564.8,-40000.9,11666.7,42823.5,24.8,0,
2017-12-22 06:29:44,0,3,4,17.5,3564.3,-40000.5,11666.7,42823.5,24.9,0,
2017-12-22 06:29:47,0,3,4,17.6,3563.9,-40000.3,11733.4,43061.1,24.9,0,
2017-12-22 06:29:51,0,3,4,17.6,3563.3,-40000.9,11733.4,43061.1,24.9,0,
2017-12-22 06:29:54,0,3,4,17.7,3562.9,-40000.3,11800.1,43298.7,25.0,0,
2017-12-22 06:29:57,0,3,4,17.7,3562.4,-40000.7,11800.1,43298.7,24.9,0,
2017-12-22 06:30:00,0,3,4,17.8,3561.9,-40000.9,11866.7,43536.2,24.9,0,
2017-12-22 06:30:03,0,3,4,17.8,3561.4,-40000.8,11866.7,43536.2,24.9,0,
2017-12-22 06:30:06,0,3,4,17.9,3560.9,-40001.0,11933.4,43773.6,24.9,0,
2017-12-22 06:30:09,0,3,4,17.9,3560.4,-40000.5,11933.4,43773.6,24.9,0,
2017-12-22 06:30:12,0,3,4,18.0,3559.9,-40001.0,12000.1,44011.0,24.9,0,
2017-12-22 06:30:16,0,3,4,18.0,3559.4,-40000.3,12000.1,44011.0,25.0,0,
2017-12-22 06:30:19,0,3,4,18.1,3559.1,-40001.3,12066.7,44248.3,24.9,0,
2017-12-22 06:30:22,0,3,4,18.1,3558.6,-39999.9,12066.7,44248.3,24.9,0,
2017-12-22 06:30:25,0,3,4,18.2,3558.0,-40000.9,12133.4,44485.5,25.0,0,
2017-12-22 06:30:28,0,3,4,18.2,3557.6,-40001.1,12133.4,44485.5,25.0,0,
2017-12-22 06:30:31,0,3,4,18.3,3557.2,-40001.0,12200.1,44722.7,25.0,0,
2017-12-22 06:30:34,0,3,4,18.4,3556.6,-40000.8,12266.7,44959.8,25.0,0,
2017-12-22 06:30:38,0,3,4,18.4,3556.2,-40000.6,12266.7,44959.8,25.0,0,
2017-12-22 06:30:41,0,3,4,18.5,3555.6,-40000.5,12333.4,45196.8,25.0,0,
2017-12-22 06:30:44,0,3,4,18.5,3555.2,-40000.8,12333.4,45196.8,25.0,0,
2017-12-22 06:30:47,0,3,4,18.6,3554.6,-40000.8,12400.1,45433.8,25.0,0,
2017-12-22 06:30:50,0,3,4,18.6,3554.3,-40000.6,12400.1,45433.8,25.0,0,
2017-12-22 06:30:53,0,3,4,18.7,3553.7,-40000.3,12466.7,45670.8,25.0,0,
2017-12-22 06:30:56,0,3,4,18.7,3553.2,-40000.3,12466.7,45670.8,25.0,0,
2017-12-22 06:31:00,0,3,4,18.8,3552.8,-40000.3,12533.4,45907.6,25.0,0,
2017-12-22 06:31:03,0,3,4,18.8,3552.2,-40000.6,12533.4,45907.6,25.0,0,
2017-12-22 06:31:06,0,3,4,18.9,3551.7,-40000.8,12600.1,46144.4,25.0,0,
2017-12-22 06:31:09,0,3,4,18.9,3551.3,-40000.7,12600.1,46144.4,25.0,0,
2017-12-22 06:31:12,0,3,4,19.0,3550.9,-40001.2,12666.8,46381.2,25.0,0,
2017-12-22 06:31:15,0,3,4,19.0,3550.2,-40000.3,12666.8,46381.2,25.0,0,
2017-12-22 06:31:18,0,3,4,19.1,3549.8,-40000.2,12733.4,46617.9,24.9,0,
2017-12-22 06:31:21,0,3,4,19.1,3549.3,-40000.5,12733.4,46617.9,24.9,0,
2017-12-22 06:31:25,0,3,4,19.2,3548.9,-39999.8,12800.1,46854.5,24.9,0,
2017-12-22 06:31:28,0,3,4,19.2,3548.4,-40000.5,12800.1,46854.5,24.9,0,
2017-12-22 06:31:31,0,3,4,19.3,3547.9,-40000.3,12866.8,47091.1,24.9,0,
2017-12-22 06:31:34,0,3,4,19.4,3547.3,-40000.5,12933.4,47327.5,24.9,0,
2017-12-22 06:31:37,0,3,4,19.4,3546.8,-40000.9,12933.4,47327.5,24.9,0,
2017-12-22 06:31:41,0,3,4,19.5,3546.5,-40000.3,13000.1,47564.0,24.9,0,
2017-12-22 06:31:44,0,3,4,19.5,3545.9,-40000.7,13000.1,47564.0,24.9,0,
2017-12-22 06:31:47,0,3,4,19.6,3545.4,-40001.0,13066.8,47800.4,24.9,0,
2017-12-22 06:31:50,0,3,4,19.6,3544.9,-40000.5,13066.8,47800.4,25.0,0,
2017-12-22 06:31:53,0,3,4,19.7,3544.6,-40000.2,13133.4,48036.7,25.0,0,
2017-12-22 06:31:56,0,3,4,19.7,3544.0,-40000.6,13133.4,48036.7,25.0,0,
2017-12-22 06:31:59,0,3,4,19.8,3543.4,-40000.3,13200.1,48272.9,25.0,0,
2017-12-22 06:32:03,0,3,4,19.8,3543.0,-40000.8,13200.1,48272.9,25.0,0,
2017-12-22 06:32:06,0,3,4,19.9,3542.6,-40000.8,13266.8,48509.1,25.0,0,
2017-12-22 06:32:09,0,3,4,19.9,3542.0,-40000.1,13266.8,48509.1,25.0,0,
2017-12-22 06:32:12,0,3,4,20.0,3541.5,-40000.4,13333.4,48745.2,25.0,0,
2017-12-22 06:32:15,0,3,4,20.0,3541.2,-40000.6,13333.4,48745.2,25.0,0,
2017-12-22 06:32:18,0,3,4,20.1,3540.6,-40000.3,13400.1,48981.3,25.0,0,
2017-12-22 06:32:21,0,3,4,20.1,3540.0,-40000.6,13400.1,48981.3,25.0,0,
2017-12-22 06:32:24,0,3,4,20.2,3539.5,-40000.7,13466.8,49217.3,25.0,0,
2017-12-22 06:32:28,0,3,4,20.2,3539.2,-40000.0,13466.8,49217.3,25.0,0,
2017-12-22 06:32:31,0,3,4,20.3,3538.6,-40000.3,13533.4,49453.2,25.0,0,
2017-12-22 06:32:34,0,3,4,20.3,3538.2,-40000.2,13533.4,49453.2,25.0,0,
2017-12-22 06:32:37,0,3,4,20.4,3537.7,-40000.0,13600.1,49689.1,25.0,0,
2017-12-22 06:32:40,0,3,4,20.4,3537.2,-40000.5,13600.1,49689.1,25.0,0,
2017-12-22 06:32:43,0,3,4,20.5,3536.6,-40000.7,13666.8,49924.9,25.0,0,
2017-12-22 06:32:46,0,3,4,20.6,3536.2,-40000.2,13733.4,50160.6,25.0,0,
2017-12-22 06:32:50,0,3,4,20.6,3535.8,-40000.5,13733.4,50160.6,25.0,0,
2017-12-22 06:32:53,0,3,4,20.7,3535.3,-40000.2,13800.1,50396.3,25.0,0,
2017-12-22 06:32:56,0,3,4,20.7,3534.7,-40000.8,13800.1,50396.3,25.0,0,
2017-12-22 06:32:59,0,3,4,20.8,3534.2,-40000.6,13866.8,50631.9,25.0,0,
2017-12-22 06:33:02,0,3,4,20.8,3533.7,-40000.8,13866.8,50631.9,25.0,0,
2017-12-22 06:33:05,0,3,4,20.9,3533.2,-40000.5,13933.4,50867.5,25.0,0,
2017-12-22 06:33:08,0,3,4,20.9,3532.7,-40000.3,13933.4,50867.5,25.0,0,
2017-12-22 06:33:11,0,3,4,21.0,3532.2,-40000.3,14000.1,51103.0,25.0,0,
2017-12-22 06:33:15,0,3,4,21.0,3531.7,-40000.5,14000.1,51103.0,25.0,0,
2017-12-22 06:33:18,0,3,4,21.1,3531.2,-40000.4,14066.8,51338.4,25.0,0,
2017-12-22 06:33:21,0,3,4,21.1,3530.7,-40000.4,14066.8,51338.4,24.9,0,
2017-12-22 06:33:24,0,3,4,21.2,3530.2,-39999.8,14133.5,51573.8,24.9,0,
2017-12-22 06:33:27,0,3,4,21.2,3529.6,-40000.4,14133.5,51573.8,24.9,0,
2017-12-22 06:33:30,0,3,4,21.3,3529.2,-40000.4,14200.1,51809.1,24.9,0,
2017-12-22 06:33:34,0,3,4,21.3,3528.7,-40000.7,14200.1,51809.1,24.9,0,
2017-12-22 06:33:37,0,3,4,21.4,3528.2,-40000.7,14266.8,52044.4,24.9,0,
2017-12-22 06:33:40,0,3,4,21.4,3527.7,-40000.5,14266.8,52044.4,24.9,0,
2017-12-22 06:33:43,0,3,4,21.5,3527.2,-40000.7,14333.5,52279.5,25.0,0,
2017-12-22 06:33:46,0,3,4,21.5,3526.7,-40000.8,14333.5,52279.5,24.9,0,
2017-12-22 06:33:49,0,3,4,21.6,3526.2,-40000.5,14400.1,52514.6,24.9,0,
2017-12-22 06:33:52,0,3,4,21.7,3525.7,-40000.0,14466.8,52749.7,25.0,0,
2017-12-22 06:33:55,0,3,4,21.7,3525.1,-40000.7,14466.8,52749.7,25.0,0,
2017-12-22 06:33:59,0,3,4,21.8,3524.6,-40000.5,14533.5,52984.7,25.0,0,
2017-12-22 06:34:02,0,3,4,21.8,3524.1,-40000.3,14533.5,52984.7,25.0,0,
2017-12-22 06:34:05,0,3,4,21.9,3523.6,-40000.4,14600.1,53219.6,25.0,0,
2017-12-22 06:34:08,0,3,4,21.9,3523.2,-40000.7,14600.1,53219.6,25.0,0,
2017-12-22 06:34:11,0,3,4,22.0,3522.6,-40000.7,14666.8,53454.5,25.0,0,
2017-12-22 06:34:14,0,3,4,22.0,3522.1,-40000.8,14666.8,53454.5,25.0,0,
2017-12-22 06:34:17,0,3,4,22.1,3521.5,-40000.8,14733.5,53689.2,25.0,0,
2017-12-22 06:34:21,0,3,4,22.1,3521.1,-40000.3,14733.5,53689.2,25.0,0,
2017-12-22 06:34:24,0,3,4,22.2,3520.6,-40000.6,14800.1,53924.0,25.0,0,
2017-12-22 06:34:27,0,3,4,22.2,3520.1,-40000.4,14800.1,53924.0,25.0,0,
2017-12-22 06:34:30,0,3,4,22.3,3519.6,-40000.2,14866.8,54158.6,25.0,0,
2017-12-22 06:34:33,0,3,4,22.3,3519.0,-40000.3,14866.8,54158.6,25.0,0,
2017-12-22 06:34:36,0,3,4,22.4,3518.5,-40000.4,14933.5,54393.2,25.0,0,
2017-12-22 06:34:39,0,3,4,22.4,3518.1,-40000.5,14933.5,54393.2,25.0,0,
2017-12-22 06:34:43,0,3,4,22.5,3517.4,-39999.9,15000.1,54627.8,25.0,0,
2017-12-22 06:34:46,0,3,4,22.5,3517.1,-40000.0,15000.1,54627.8,25.0,0,
2017-12-22 06:34:49,0,3,4,22.6,3516.5,-40000.0,15066.8,54862.2,25.0,0,
2017-12-22 06:34:52,0,3,4,22.6,3516.0,-40000.0,15066.8,54862.2,25.0,0,
2017-12-22 06:34:55,0,3,4,22.7,3515.5,-40000.0,15133.5,55096.6,25.0,0,
2017-12-22 06:34:58,0,3,4,22.8,3514.9,-40000.5,15200.1,55330.9,25.0,0,
2017-12-22 06:35:01,0,3,4,22.8,3514.4,-40000.3,15200.1,55330.9,25.0,0,
2017-12-22 06:35:04,0,3,4,22.9,3513.9,-40000.3,15266.8,55565.2,25.0,0,
2017-12-22 06:35:08,0,3,4,22.9,3513.3,-39999.8,15266.8,55565.2,25.0,0,
2017-12-22 06:35:11,0,3,4,23.0,3512.8,-40000.4,15333.5,55799.4,25.0,0,
2017-12-22 06:35:14,0,3,4,23.0,3512.3,-40000.0,15333.5,55799.4,25.0,0,
2017-12-22 06:35:17,0,3,4,23.1,3511.7,-40000.3,15400.1,56033.5,25.0,0,
2017-12-22 06:35:20,0,3,4,23.1,3511.2,-40000.5,15400.1,56033.5,25.0,0,
2017-12-22 06:35:23,0,3,4,23.2,3510.7,-40000.7,15466.8,56267.6,25.0,0,
2017-12-22 06:35:26,0,3,4,23.2,3510.2,-40000.3,15466.8,56267.6,25.0,0,
2017-12-22 06:35:30,0,3,4,23.3,3509.7,-40000.7,15533.5,56501.6,25.0,0,
2017-12-22 06:35:33,0,3,4,23.3,3509.1,-40000.2,15533.5,56501.6,25.0,0,
2017-12-22 06:35:36,0,3,4,23.4,3508.5,-40000.8,15600.1,56735.5,25.0,0,
2017-12-22 06:35:39,0,3,4,23.4,3508.0,-40000.5,15600.1,56735.5,25.0,0,
2017-12-22 06:35:42,0,3,4,23.5,3507.5,-40000.7,15666.8,56969.4,25.0,0,
2017-12-22 06:35:45,0,3,4,23.5,3506.9,-39999.7,15666.8,56969.4,25.0,0,
2017-12-22 06:35:48,0,3,4,23.6,3506.6,-40000.5,15733.5,57203.2,25.0,0,
2017-12-22 06:35:52,0,3,4,23.6,3505.9,-40000.3,15733.5,57203.2,25.0,0,
2017-12-22 06:35:55,0,3,4,23.7,3505.4,-39999.5,15800.2,57436.9,25.0,0,
2017-12-22 06:35:58,0,3,4,23.7,3505.0,-40000.3,15800.2,57436.9,25.0,0,
2017-12-22 06:36:01,0,3,4,23.8,3504.4,-39999.9,15866.8,57670.6,25.0,0,
2017-12-22 06:36:04,0,3,4,23.9,3503.8,-40000.0,15933.5,57904.1,25.0,0,
2017-12-22 06:36:07,0,3,4,23.9,3503.4,-40000.3,15933.5,57904.1,25.0,0,
2017-12-22 06:36:10,0,3,4,24.0,3502.7,-40000.2,16000.2,58137.7,25.0,0,
2017-12-22 06:36:14,0,3,4,24.0,3502.3,-40000.3,16000.2,58137.7,25.0,0,
2017-12-22 06:36:17,0,3,4,24.1,3501.7,-40000.0,16066.8,58371.1,25.0,0,
2017-12-22 06:36:20,0,3,4,24.1,3501.1,-40000.3,16066.8,58371.1,25.1,0,
2017-12-22 06:36:23,0,3,4,24.2,3500.6,-39999.8,16133.5,58604.5,25.1,0,
2017-12-22 06:36:26,0,3,4,24.2,3500.2,-39999.7,16133.5,58604.5,25.1,0,
2017-12-22 06:36:29,0,3,4,24.3,3499.5,-40000.0,16200.2,58837.8,25.1,0,
2017-12-22 06:36:32,0,3,4,24.3,3498.9,-39999.7,16200.2,58837.8,25.1,0,
2017-12-22 06:36:36,0,3,4,24.4,3498.5,-40000.1,16266.8,59071.1,25.1,0,
2017-12-22 06:36:39,0,3,4,24.4,3498.0,-40000.0,16266.8,59071.1,25.1,0,
2017-12-22 06:36:42,0,3,4,24.5,3497.2,-40000.1,16333.5,59304.3,25.1,0,
2017-12-22 06:36:45,0,3,4,24.5,3496.7,-40000.3,16333.5,59304.3,25.1,0,
2017-12-22 06:36:48,0,3,4,24.6,3496.1,-40000.0,16400.2,59537.4,25.1,0,
2017-12-22 06:36:51,0,3,4,24.6,3495.6,-40000.3,16400.2,59537.4,25.0,0,
2017-12-22 06:36:54,0,3,4,24.7,3495.1,-40000.3,16466.8,59770.4,25.0,0,
2017-12-22 06:36:57,0,3,4,24.7,3494.5,-40000.2,16466.8,59770.4,25.0,0,
2017-12-22 06:37:01,0,3,4,24.8,3494.0,-40000.0,16533.5,60003.3,25.0,0,
2017-12-22 06:37:04,0,3,4,24.8,3493.4,-40000.4,16533.5,60003.3,25.0,0,
2017-12-22 06:37:07,0,3,4,24.9,3492.9,-40000.3,16600.2,60236.2,25.0,0,
2017-12-22 06:37:10,0,3,4,24.9,3492.3,-40000.8,16600.2,60236.2,25.0,0,
2017-12-22 06:37:13,0,3,4,25.0,3491.8,-40000.7,16666.8,60469.1,25.0,0,
2017-12-22 06:37:16,0,3,4,25.1,3491.1,-40000.2,16733.5,60701.8,25.1,0,
2017-12-22 06:37:19,0,3,4,25.1,3490.7,-40000.3,16733.5,60701.8,25.1,0,
2017-12-22 06:37:23,0,3,4,25.2,3490.1,-39999.8,16800.2,60934.5,25.0,0,
2017-12-22 06:37:26,0,3,4,25.2,3489.4,-40000.5,16800.2,60934.5,25.0,0,
2017-12-22 06:37:29,0,3,4,25.3,3488.8,-40000.1,16866.8,61167.1,25.1,0,
2017-12-22 06:37:32,0,3,4,25.3,3488.4,-40000.3,16866.8,61167.1,25.1,0,
2017-12-22 06:37:35,0,3,4,25.4,3487.8,-40000.1,16933.5,61399.6,25.1,0,
2017-12-22 06:37:38,0,3,4,25.4,3487.2,-39999.5,16933.5,61399.6,25.0,0,
2017-12-22 06:37:41,0,3,4,25.5,3486.6,-40000.4,17000.2,61632.0,25.0,0,
2017-12-22 06:37:44,0,3,4,25.5,3486.0,-39999.5,17000.2,61632.0,25.0,0,
2017-12-22 06:37:48,0,3,4,25.6,3485.5,-39999.9,17066.8,61864.4,25.0,0,
2017-12-22 06:37:51,0,3,4,25.6,3484.9,-39999.9,17066.8,61864.4,25.0,0,
2017-12-22 06:37:54,0,3,4,25.7,3484.3,-39999.7,17133.5,62096.7,25.0,0,
2017-12-22 06:37:57,0,3,4,25.7,3483.6,-39999.7,17133.5,62096.7,25.0,0,
2017-12-22 06:38:00,0,3,4,25.8,3482.9,-39999.8,17200.2,62328.9,25.0,0,
2017-12-22 06:38:03,0,3,4,25.8,3482.4,-39999.6,17200.2,62328.9,25.0,0,
2017-12-22 06:38:06,0,3,4,25.9,3481.8,-39999.9,17266.8,62561.1,25.0,0,
2017-12-22 06:38:10,0,3,4,25.9,3481.2,-40000.0,17266.8,62561.1,25.0,0,
2017-12-22 06:38:13,0,3,4,26.0,3480.6,-40000.3,17333.5,62793.2,25.0,0,
2017-12-22 06:38:16,0,3,4,26.0,3479.9,-39999.8,17333.5,62793.2,25.0,0,
2017-12-22 06:38:19,0,3,4,26.1,3479.4,-39999.8,17400.2,63025.2,25.0,0,
2017-12-22 06:38:22,0,3,4,26.2,3478.8,-39999.5,17466.8,63257.1,25.0,0,
2017-12-22 06:38:25,0,3,4,26.2,3478.1,-40000.0,17466.8,63257.1,25.0,0,
2017-12-22 06:38:29,0,3,4,26.3,3477.5,-39999.7,17533.5,63488.9,25.0,0,
2017-12-22 06:38:32,0,3,4,26.3,3476.9,-39999.9,17533.5,63488.9,25.0,0,
2017-12-22 06:38:35,0,3,4,26.4,3476.3,-39999.9,17600.2,63720.6,25.0,0,
2017-12-22 06:38:38,0,3,4,26.4,3475.7,-39999.7,17600.2,63720.6,25.0,0,
2017-12-22 06:38:41,0,3,4,26.5,3475.0,-40000.0,17666.8,63952.3,25.0,0,
2017-12-22 06:38:44,0,3,4,26.5,3474.4,-39999.5,17666.8,63952.3,25.0,0,
2017-12-22 06:38:47,0,3,4,26.6,3473.8,-39999.8,17733.5,64183.9,25.0,0,
2017-12-22 06:38:50,0,3,4,26.6,3473.0,-39999.6,17733.5,64183.9,25.0,0,
2017-12-22 06:38:54,0,3,4,26.7,3472.5,-40000.3,17800.2,64415.4,25.0,0,
2017-12-22 06:38:57,0,3,4,26.7,3471.8,-40000.2,17800.2,64415.4,25.0,0,
2017-12-22 06:39:00,0,3,4,26.8,3471.1,-39999.7,17866.8,64646.8,25.0,0,
2017-12-22 06:39:03,0,3,4,26.8,3470.6,-39999.7,17866.8,64646.8,25.0,0,
2017-12-22 06:39:06,0,3,4,26.9,3469.7,-39999.7,17933.5,64878.2,25.0,0,
2017-12-22 06:39:09,0,3,4,26.9,3469.1,-39999.8,17933.5,64878.2,25.0,0,
2017-12-22 06:39:12,0,3,4,27.0,3468.5,-40000.3,18000.2,65109.5,25.0,0,
2017-12-22 06:39:16,0,3,4,27.0,3467.8,-39999.7,18000.2,65109.5,25.0,0,
2017-12-22 06:39:19,0,3,4,27.1,3467.2,-39999.7,18066.8,65340.6,25.0,0,
2017-12-22 06:39:22,0,3,4,27.1,3466.5,-39999.7,18066.8,65340.6,25.0,0,
2017-12-22 06:39:25,0,3,4,27.2,3465.8,-39999.8,18133.5,65571.7,25.0,0,
2017-12-22 06:39:28,0,3,4,27.3,3465.2,-39999.9,18200.2,65802.7,25.0,0,
2017-12-22 06:39:31,0,3,4,27.3,3464.4,-39999.5,18200.2,65802.7,25.0,0,
2017-12-22 06:39:35,0,3,4,27.4,3463.7,-39999.8,18266.8,66033.6,25.0,0,
2017-12-22 06:39:38,0,3,4,27.4,3462.9,-39999.6,18266.8,66033.6,25.0,0,
2017-12-22 06:39:41,0,3,4,27.5,3462.3,-39999.5,18333.5,66264.5,25.0,0,
2017-12-22 06:39:44,0,3,4,27.5,3461.6,-39999.8,18333.5,66264.5,25.0,0,
2017-12-22 06:39:47,0,3,4,27.6,3461.0,-39999.3,18400.2,66495.2,25.0,0,
2017-12-22 06:39:50,0,3,4,27.6,3460.2,-39999.7,18400.2,66495.2,25.0,0,
2017-12-22 06:39:54,0,3,4,27.7,3459.4,-39999.7,18466.8,66725.9,25.0,0,
2017-12-22 06:39:57,0,3,4,27.7,3458.8,-39999.5,18466.8,66725.9,25.0,0,
2017-12-22 06:40:00,0,3,4,27.8,3458.0,-39999.5,18533.5,66956.4,25.0,0,
2017-12-22 06:40:03,0,3,4,27.8,3457.2,-39999.7,18533.5,66956.4,25.0,0,
2017-12-22 06:40:06,0,3,4,27.9,3456.5,-40000.0,18600.1,67186.9,25.0,0,
2017-12-22 06:40:09,0,3,4,27.9,3455.8,-39999.5,18600.1,67186.9,25.0,0,
2017-12-22 06:40:12,0,3,4,28.0,3455.2,-39999.5,18666.8,67417.3,25.0,0,
2017-12-22 06:40:16,0,3,4,28.0,3454.4,-39999.9,18666.8,67417.3,25.0,0,
2017-12-22 06:40:19,0,3,4,28.1,3453.7,-40000.0,18733.5,67647.5,25.0,0,
2017-12-22 06:40:22,0,3,4,28.1,3453.0,-39999.7,18733.5,67647.5,25.0,0,
2017-12-22 06:40:25,0,3,4,28.2,3452.3,-40000.1,18800.1,67877.7,25.0,0,
2017-12-22 06:40:28,0,3,4,28.2,3451.5,-40000.1,18800.1,67877.7,25.0,0,
2017-12-22 06:40:31,0,3,4,28.3,3450.8,-40000.0,18866.8,68107.8,25.0,0,
2017-12-22 06:40:34,0,3,4,28.4,3450.0,-39999.4,18933.5,68337.8,25.0,0,
2017-12-22 06:40:37,0,3,4,28.4,3449.2,-39999.8,18933.5,68337.8,25.1,0,
2017-12-22 06:40:41,0,3,4,28.5,3448.5,-39999.9,19000.1,68567.7,25.0,0,
2017-12-22 06:40:44,0,3,4,28.5,3447.7,-39999.7,19000.1,68567.7,25.1,0,
2017-12-22 06:40:47,0,3,4,28.6,3447.0,-39999.7,19066.8,68797.5,25.0,0,
2017-12-22 06:40:50,0,3,4,28.6,3446.3,-39999.9,19066.8,68797.5,25.0,0,
2017-12-22 06:40:53,0,3,4,28.7,3445.4,-39999.8,19133.5,69027.2,25.0,0,
2017-12-22 06:40:56,0,3,4,28.7,3444.6,-39999.4,19133.5,69027.2,25.0,0,
2017-12-22 06:40:59,0,3,4,28.8,3443.9,-39999.7,19200.1,69256.8,25.1,0,
2017-12-22 06:41:03,0,3,4,28.8,3443.1,-39999.0,19200.1,69256.8,25.1,0,
2017-12-22 06:41:06,0,3,4,28.9,3442.3,-39999.7,19266.8,69486.3,25.0,0,
2017-12-22 06:41:09,0,3,4,28.9,3441.5,-39999.8,19266.8,69486.3,25.1,0,
2017-12-22 06:41:12,0,3,4,29.0,3440.7,-39999.3,19333.5,69715.7,25.1,0,
2017-12-22 06:41:15,0,3,4,29.0,3439.9,-39999.5,19333.5,69715.7,25.1,0,
2017-12-22 06:41:18,0,3,4,29.1,3439.0,-39999.2,19400.1,69945.0,25.1,0,
2017-12-22 06:41:21,0,3,4,29.1,3438.3,-39999.3,19400.1,69945.0,25.1,0,
2017-12-22 06:41:25,0,3,4,29.2,3437.5,-39999.5,19466.8,70174.2,25.1,0,
2017-12-22 06:41:28,0,3,4,29.2,3436.7,-39999.5,19466.8,70174.2,25.1,0,
2017-12-22 06:41:31,0,3,4,29.3,3435.8,-39999.7,19533.5,70403.3,25.1,0,
2017-12-22 06:41:34,0,3,4,29.3,3435.0,-39999.4,19533.5,70403.3,25.1,0,
2017-12-22 06:41:37,0,3,4,29.4,3434.1,-39999.5,19600.1,70632.3,25.1,0,
2017-12-22 06:41:40,0,3,4,29.5,3433.3,-39999.0,19666.8,70861.2,25.1,0,
2017-12-22 06:41:43,0,3,4,29.5,3432.5,-39999.3,19666.8,70861.2,25.1,0,
2017-12-22 06:41:47,0,3,4,29.6,3431.5,-39998.9,19733.5,71090.0,25.1,0,
2017-12-22 06:41:50,0,3,4,29.6,3430.7,-39999.1,19733.5,71090.0,25.1,0,
2017-12-22 06:41:53,0,3,4,29.7,3429.7,-39999.2,19800.1,71318.6,25.0,0,
2017-12-22 06:41:56,0,3,4,29.7,3428.9,-39999.1,19800.1,71318.6,25.0,0,
2017-12-22 06:41:59,0,3,4,29.8,3428.1,-39999.3,19866.8,71547.2,25.0,0,
2017-12-22 06:42:02,0,3,4,29.8,3427.1,-39999.0,19866.8,71547.2,25.0,0,
2017-12-22 06:42:05,0,3,4,29.9,3426.3,-39999.5,19933.4,71775.6,25.1,0,
2017-12-22 06:42:09,0,3,4,29.9,3425.5,-39999.5,19933.4,71775.6,25.0,0,
2017-12-22 06:42:12,0,3,4,30.0,3424.4,-39999.7,20000.1,72003.9,25.1,0,
2017-12-22 06:42:15,0,3,4,30.0,3423.6,-39999.0,20000.1,72003.9,25.1,0,
2017-12-22 06:42:18,0,3,4,30.1,3422.7,-39999.0,20066.8,72232.1,25.1,0,
2017-12-22 06:42:21,0,3,4,30.1,3421.7,-39999.3,20066.8,72232.1,25.1,0,
2017-12-22 06:42:24,0,3,4,30.2,3420.7,-39999.4,20133.4,72460.2,25.1,0,
2017-12-22 06:42:28,0,3,4,30.2,3419.9,-39999.5,20133.4,72460.2,25.1,0,
2017-12-22 06:42:31,0,3,4,30.3,3418.9,-39999.2,20200.1,72688.2,25.1,0,
2017-12-22 06:42:34,0,3,4,30.3,3417.9,-39999.5,20200.1,72688.2,25.1,0,
2017-12-22 06:42:37,0,3,4,30.4,3416.9,-39999.1,20266.8,72916.0,25.1,0,
2017-12-22 06:42:40,0,3,4,30.4,3416.0,-39999.3,20266.8,72916.0,25.1,0,
2017-12-22 06:42:43,0,3,4,30.5,3415.0,-39999.5,20333.4,73143.7,25.1,0,
2017-12-22 06:42:46,0,3,4,30.6,3413.9,-39999.7,20400.1,73371.3,25.1,0,
2017-12-22 06:42:49,0,3,4,30.6,3412.8,-39999.2,20400.1,73371.3,25.1,0,
2017-12-22 06:42:53,0,3,4,30.7,3412.0,-39999.2,20466.8,73598.8,25.1,0,
2017-12-22 06:42:56,0,3,4,30.7,3410.8,-39999.5,20466.8,73598.8,25.1,0,
2017-12-22 06:42:59,0,3,4,30.8,3409.8,-39999.2,20533.4,73826.1,25.1,0,
2017-12-22 06:43:02,0,3,4,30.8,3408.7,-39999.0,20533.4,73826.1,25.1,0,
2017-12-22 06:43:05,0,3,4,30.9,3407.7,-39999.3,20600.1,74053.3,25.1,0,
2017-12-22 06:43:08,0,3,4,30.9,3406.7,-39999.5,20600.1,74053.3,25.1,0,
2017-12-22 06:43:11,0,3,4,31.0,3405.5,-39999.1,20666.8,74280.4,25.1,0,
2017-12-22 06:43:15,0,3,4,31.0,3404.3,-39999.3,20666.8,74280.4,25.1,0,
2017-12-22 06:43:18,0,3,4,31.1,3403.2,-39999.0,20733.4,74507.3,25.1,0,
2017-12-22 06:43:21,0,3,4,31.1,3402.0,-39999.0,20733.4,74507.3,25.1,0,
2017-12-22 06:43:24,0,3,4,31.2,3400.8,-39998.5,20800.1,74734.0,25.1,0,
2017-12-22 06:43:27,0,3,4,31.2,3399.6,-39998.7,20800.1,74734.0,25.1,0,
2017-12-22 06:43:30,0,3,4,31.3,3398.4,-39998.5,20866.8,74960.6,25.1,0,
2017-12-22 06:43:33,0,3,4,31.3,3397.3,-39998.8,20866.8,74960.6,25.1,0,
2017-12-22 06:43:37,0,3,4,31.4,3396.0,-39998.7,20933.4,75187.1,25.1,0,
2017-12-22 06:43:40,0,3,4,31.4,3394.7,-39998.7,20933.4,75187.1,25.1,0,
2017-12-22 06:43:43,0,3,4,31.5,3393.4,-39998.8,21000.1,75413.3,25.1,0,
2017-12-22 06:43:46,0,3,4,31.5,3391.9,-39999.0,21000.1,75413.3,25.1,0,
2017-12-22 06:43:49,0,3,4,31.6,3390.7,-39999.0,21066.7,75639.5,25.1,0,
2017-12-22 06:43:52,0,3,4,31.7,3389.2,-39999.1,21133.4,75865.4,25.1,0,
2017-12-22 06:43:55,0,3,4,31.7,3387.8,-39998.4,21133.4,75865.4,25.1,0,
2017-12-22 06:43:59,0,3,4,31.8,3386.4,-39999.0,21200.1,76091.1,25.2,0,
2017-12-22 06:44:02,0,3,4,31.8,3384.9,-39998.6,21200.1,76091.1,25.2,0,
2017-12-22 06:44:05,0,3,4,31.9,3383.5,-39998.3,21266.7,76316.7,25.2,0,
2017-12-22 06:44:08,0,3,4,31.9,3381.9,-39997.7,21266.7,76316.7,25.2,0,
2017-12-22 06:44:11,0,3,4,32.0,3380.2,-39998.2,21333.4,76542.1,25.2,0,
2017-12-22 06:44:14,0,3,4,32.0,3378.7,-40001.0,21333.4,76542.1,25.2,0,
2017-12-22 06:44:18,0,3,4,32.1,3376.7,-40001.7,21400.1,76767.3,25.2,0,
2017-12-22 06:44:21,0,3,4,32.1,3375.2,-40001.5,21400.1,76767.3,25.2,0,
2017-12-22 06:44:24,0,3,4,32.2,3373.5,-40001.3,21466.7,76992.2,25.2,0,
2017-12-22 06:44:27,0,3,4,32.2,3371.6,-40001.8,21466.7,76992.2,25.2,0,
2017-12-22 06:44:30,0,3,4,32.3,3369.9,-40001.5,21533.4,77217.0,25.2,0,
2017-12-22 06:44:33,0,3,4,32.3,3367.9,-40001.1,21533.4,77217.0,25.3,0,
2017-12-22 06:44:36,0,3,4,32.4,3365.9,-40001.0,21600.1,77441.5,25.3,0,
2017-12-22 06:44:39,0,3,4,32.4,3363.9,-40000.7,21600.1,77441.5,25.3,0,
2017-12-22 06:44:43,0,3,4,32.5,3362.0,-40001.0,21666.7,77665.7,25.3,0,
2017-12-22 06:44:46,0,3,4,32.5,3359.8,-40000.8,21666.7,77665.7,25.3,0,
2017-12-22 06:44:49,0,3,4,32.6,3357.7,-40001.6,21733.4,77889.7,25.3,0,
2017-12-22 06:44:52,0,3,4,32.6,3355.4,-40001.0,21733.4,77889.7,25.3,0,
2017-12-22 06:44:55,0,3,4,32.7,3353.0,-40001.8,21800.1,78113.4,25.3,0,
2017-12-22 06:44:58,0,3,4,32.8,3350.7,-40001.3,21866.8,78336.8,25.2,0,
2017-12-22 06:45:02,0,3,4,32.8,3348.3,-40001.3,21866.8,78336.8,25.2,0,
2017-12-22 06:45:05,0,3,4,32.9,3345.6,-40000.7,21933.4,78559.8,25.2,0,
2017-12-22 06:45:08,0,3,4,32.9,3343.1,-40001.5,21933.4,78559.8,25.2,0,
2017-12-22 06:45:11,0,3,4,33.0,3340.2,-40001.3,22000.1,78782.6,25.2,0,
2017-12-22 06:45:14,0,3,4,33.0,3337.4,-40001.4,22000.1,78782.6,25.2,0,
2017-12-22 06:45:17,0,3,4,33.1,3334.4,-40001.5,22066.8,79005.0,25.1,0,
2017-12-22 06:45:20,0,3,4,33.1,3331.5,-40000.8,22066.8,79005.0,25.2,0,
2017-12-22 06:45:23,0,3,4,33.2,3328.4,-40001.0,22133.4,79226.9,25.2,0,
2017-12-22 06:45:27,0,3,4,33.2,3325.1,-40001.5,22133.4,79226.9,25.2,0,
2017-12-22 06:45:30,0,3,4,33.3,3321.8,-40001.0,22200.1,79448.5,25.2,0,
2017-12-22 06:45:33,0,3,4,33.3,3318.3,-40000.8,22200.1,79448.5,25.2,0,
2017-12-22 06:45:36,0,3,4,33.4,3314.7,-40000.8,22266.8,79669.6,25.3,0,
2017-12-22 06:45:39,0,3,4,33.4,3310.9,-40000.8,22266.8,79669.6,25.3,0,
2017-12-22 06:45:42,0,3,4,33.5,3307.1,-40000.3,22333.4,79890.3,25.3,0,
2017-12-22 06:45:45,0,3,4,33.5,3303.0,-39999.8,22333.4,79890.3,25.3,0,
2017-12-22 06:45:48,0,3,4,33.6,3300.0,-39999.7,22400.1,80110.4,25.3,3,下限电压到
2017-12-22 06:45:49,0,3,4,33.6,3361.5,18.6,22400.1,80110.4,25.3,3,下限电压到
2017-12-22 06:45:52,0,3,4,33.6,3375.9,20.6,22400.1,80110.4,25.3,3,下限电压到
2017-12-22 06:45:55,0,3,4,33.7,3382.6,21.2,22400.1,80110.5,25.3,3,下限电压到
2017-12-22 06:45:58,0,3,4,33.7,3387.9,21.3,22400.1,80110.5,25.3,3,下限电压到
2017-12-22 06:46:01,0,3,4,33.8,3391.8,21.7,22400.2,80110.6,25.3,3,下限电压到
2017-12-22 06:46:04,0,3,4,33.8,3394.9,22.9,22400.2,80110.6,25.3,3,下限电压到
2017-12-22 06:46:07,0,3,4,33.9,3397.7,21.8,22400.2,80110.8,25.3,3,下限电压到
2017-12-22 06:46:10,0,3,4,34.0,3400.0,23.3,22400.3,80110.9,25.3,3,下限电压到
2017-12-22 06:46:14,0,3,4,34.0,3402.0,22.5,22400.3,80110.9,25.3,3,下限电压到
2017-12-22 06:46:17,0,3,4,34.1,3403.9,23.1,22400.3,80111.0,25.3,3,下限电压到
2017-12-22 06:46:20,0,3,4,34.1,3405.3,23.1,22400.3,80111.0,25.3,3,下限电压到
2017-12-22 06:46:23,0,3,4,34.2,3406.8,23.4,22400.3,80111.1,25.3,3,下限电压到
2017-12-22 06:46:26,0,3,4,34.2,3408.0,22.0,22400.3,80111.1,25.3,3,下限电压到
2017-12-22 06:46:29,0,3,4,34.3,3409.1,21.8,22400.4,80111.3,25.3,3,下限电压到
2017-12-22 06:46:32,0,3,4,34.3,3410.1,21.9,22400.4,80111.3,25.3,3,下限电压到
2017-12-22 06:46:35,0,3,4,34.4,3411.1,23.2,22400.4,80111.4,25.3,3,下限电压到
2017-12-22 06:46:38,0,3,4,34.4,3412.0,21.7,22400.4,80111.4,25.3,3,下限电压到
2017-12-22 06:46:42,0,3,4,34.5,3412.8,22.7,22400.4,80111.5,25.3,3,下限电压到
2017-12-22 06:46:45,0,3,4,34.5,3413.5,22.0,22400.4,80111.5,25.3,3,下限电压到
2017-12-22 06:46:50,0,4,6,0.0,3414.5,0,0.0,0.0,25.3,0,
