2017-12-22 05:33:19,0,0,3,0.0,3422.1,0,0.0,0.0,24.7,0,
2017-12-22 05:33:47,0,0,3,0.4,3423.2,23.0,0.0,0.0,24.6,0,
2017-12-22 05:33:50,0,0,3,0.4,3423.2,22.3,0.0,0.0,24.6,0,
2017-12-22 05:33:53,0,0,3,0.5,3423.3,22.0,0.0,0.0,24.6,0,
2017-12-22 05:33:56,0,0,3,0.5,3423.5,21.8,0.0,0.0,24.7,0,
2017-12-22 05:33:59,0,0,3,0.6,3423.6,22.3,0.0,0.0,24.7,0,
2017-12-22 05:34:02,0,0,3,0.6,3423.7,21.9,0.0,0.0,24.7,0,
2017-12-22 05:34:05,0,0,3,0.7,3423.8,22.1,0.0,0.0,24.7,0,
2017-12-22 05:34:08,0,0,3,0.7,3423.9,23.4,0.0,0.0,24.7,0,
2017-12-22 05:34:12,0,0,3,0.8,3424.0,22.1,0.0,0.0,24.7,0,
2017-12-22 05:34:15,0,0,3,0.8,3424.1,21.4,0.0,0.0,24.7,0,
2017-12-22 05:34:18,0,0,3,0.9,3424.1,23.0,0.0,0.0,24.7,0,
2017-12-22 05:34:21,0,0,3,0.9,3424.1,21.9,0.0,0.0,24.7,0,
2017-12-22 05:34:24,0,0,3,1.0,3424.3,21.6,0.0,0.0,24.7,0,
2017-12-22 05:34:25,0,0,3,1.0,3424.4,21.7,0.0,0.0,24.7,1,时间到
2017-12-22 05:34:29,0,1,2,0.0,3424.3,0,0.0,0.0,24.7,0,
2017-12-22 05:34:51,0,1,2,0.4,3500.6,39999.7,266.7,929.2,24.8,0,
2017-12-22 05:34:54,0,1,2,0.4,3504.9,40000.2,266.7,929.2,24.8,0,
2017-12-22 05:34:58,0,1,2,0.5,3509.2,40000.4,333.4,1163.1,24.8,0,
2017-12-22 05:35:01,0,1,2,0.5,3513.2,40000.3,333.4,1163.1,24.8,0,
2017-12-22 05:35:04,0,1,2,0.6,3516.7,40000.8,400.0,1397.5,24.8,0,
2017-12-22 05:35:07,0,1,2,0.6,3520.2,40001.0,400.0,1397.5,24.8,0,
2017-12-22 05:35:11,0,1,2,0.7,3523.5,40001.2,466.7,1632.3,24.8,0,
2017-12-22 05:35:14,0,1,2,0.7,3526.5,40001.0,466.7,1632.3,24.8,0,
2017-12-22 05:35:17,0,1,2,0.8,3529.3,40001.0,533.4,1867.5,24.8,0,
2017-12-22 05:35:20,0,1,2,0.8,3532.0,40001.3,533.4,1867.5,24.8,0,
2017-12-22 05:35:23,0,1,2,0.9,3534.6,40001.0,600.0,2103.1,24.8,0,
2017-12-22 05:35:27,0,1,2,0.9,3536.9,40001.3,600.0,2103.1,24.8,0,
2017-12-22 05:35:30,0,1,2,1.0,3539.1,40001.4,666.7,2338.9,24.8,0,
2017-12-22 05:35:33,0,1,2,1.0,3541.1,40001.5,666.7,2338.9,24.8,0,
2017-12-22 05:35:36,0,1,2,1.1,3542.8,40001.5,733.4,2575.0,24.9,0,
2017-12-22 05:35:39,0,1,2,1.1,3544.5,40001.8,733.4,2575.0,24.9,0,
2017-12-22 05:35:42,0,1,2,1.2,3545.9,40001.7,800.0,2811.4,24.9,0,
2017-12-22 05:35:45,0,1,2,1.2,3547.4,40001.7,800.0,2811.4,25.0,0,
2017-12-22 05:35:48,0,1,2,1.3,3548.8,40001.8,866.7,3047.9,25.0,0,
2017-12-22 05:35:51,0,1,2,1.4,3550.2,40001.5,933.4,3284.6,25.0,0,
2017-12-22 05:35:54,0,1,2,1.4,3551.4,40001.7,933.4,3284.6,24.9,0,
2017-12-22 05:35:58,0,1,2,1.5,3552.5,40001.8,1000.1,3521.4,24.9,0,
2017-12-22 05:36:01,0,1,2,1.5,3553.7,40001.8,1000.1,3521.4,24.9,0,
2017-12-22 05:36:04,0,1,2,1.6,3554.9,40001.5,1066.7,3758.4,24.9,0,
2017-12-22 05:36:07,0,1,2,1.6,3556.0,40001.8,1066.7,3758.4,24.9,0,
2017-12-22 05:36:10,0,1,2,1.7,3556.9,40001.8,1133.4,3995.6,24.9,0,
2017-12-22 05:36:13,0,1,2,1.7,3557.7,40001.9,1133.4,3995.6,24.9,0,
2017-12-22 05:36:17,0,1,2,1.8,3558.8,40002.0,1200.1,4232.8,24.9,0,
2017-12-22 05:36:20,0,1,2,1.8,3559.7,40001.8,1200.1,4232.8,24.9,0,
2017-12-22 05:36:23,0,1,2,1.9,3560.7,40001.8,1266.8,4470.2,24.9,0,
2017-12-22 05:36:26,0,1,2,1.9,3561.5,40002.0,1266.8,4470.2,25.0,0,
2017-12-22 05:36:29,0,1,2,2.0,3562.3,40001.8,1333.4,4707.7,24.9,0,
2017-12-22 05:36:32,0,1,2,2.0,3563.1,40001.8,1333.4,4707.7,24.9,0,
2017-12-22 05:36:35,0,1,2,2.1,3564.1,40001.9,1400.1,4945.3,24.9,0,
2017-12-22 05:36:39,0,1,2,2.1,3565.0,40002.0,1400.1,4945.3,24.9,0,
2017-12-22 05:36:42,0,1,2,2.2,3565.8,40001.9,1466.8,5183.0,24.9,0,
2017-12-22 05:36:45,0,1,2,2.2,3566.7,40002.5,1466.8,5183.0,24.9,0,
2017-12-22 05:36:48,0,1,2,2.3,3567.5,40002.3,1533.4,5420.8,24.9,0,
2017-12-22 05:36:52,0,1,2,2.4,3568.4,40002.1,1600.1,5658.7,24.9,0,
2017-12-22 05:36:55,0,1,2,2.4,3569.0,40002.2,1600.1,5658.7,24.9,0,
2017-12-22 05:36:58,0,1,2,2.5,3569.9,40002.0,1666.8,5896.7,24.9,0,
2017-12-22 05:37:01,0,1,2,2.5,3570.7,40002.3,1666.8,5896.7,24.9,0,
2017-12-22 05:37:04,0,1,2,2.6,3571.6,40002.5,1733.5,6134.8,24.8,0,
2017-12-22 05:37:07,0,1,2,2.6,3572.3,40002.3,1733.5,6134.8,24.8,0,
2017-12-22 05:37:10,0,1,2,2.7,3573.1,40002.3,1800.1,6373.0,24.8,0,
2017-12-22 05:37:13,0,1,2,2.7,3573.7,40002.3,1800.1,6373.0,24.8,0,
2017-12-22 05:37:17,0,1,2,2.8,3574.6,40002.5,1866.8,6611.3,24.8,0,
2017-12-22 05:37:20,0,1,2,2.8,3575.4,40002.3,1866.8,6611.3,24.8,0,
2017-12-22 05:37:23,0,1,2,2.9,3576.2,40002.3,1933.5,6849.7,24.8,0,
2017-12-22 05:37:26,0,1,2,2.9,3577.0,40002.0,1933.5,6849.7,24.8,0,
2017-12-22 05:37:29,0,1,2,3.0,3577.7,40002.3,2000.2,7088.2,24.8,0,
2017-12-22 05:37:32,0,1,2,3.0,3578.5,40002.5,2000.2,7088.2,24.7,0,
2017-12-22 05:37:35,0,1,2,3.1,3579.2,40002.3,2066.8,7326.9,24.8,0,
2017-12-22 05:37:38,0,1,2,3.1,3580.0,40002.5,2066.8,7326.9,24.7,0,
2017-12-22 05:37:41,0,1,2,3.2,3580.9,40002.5,2133.5,7565.6,24.7,0,
2017-12-22 05:37:44,0,1,2,3.2,3581.7,40002.8,2133.5,7565.6,24.7,0,
2017-12-22 05:37:47,0,1,2,3.3,3582.6,40002.4,2200.2,7804.4,24.7,0,
2017-12-22 05:37:51,0,1,2,3.3,3583.5,40002.5,2200.2,7804.4,24.7,0,
2017-12-22 05:37:54,0,1,2,3.4,3584.2,40002.5,2266.9,8043.4,24.7,0,
2017-12-22 05:37:57,0,1,2,3.4,3584.9,40002.3,2266.9,8043.4,24.7,0,
2017-12-22 05:38:00,0,1,2,3.5,3585.7,40002.5,2333.5,8282.4,24.6,0,
2017-12-22 05:38:03,0,1,2,3.5,3586.6,40002.8,2333.5,8282.4,24.6,0,
2017-12-22 05:38:06,0,1,2,3.6,3587.4,40002.7,2400.2,8521.6,24.6,0,
2017-12-22 05:38:09,0,1,2,3.6,3588.3,40002.7,2400.2,8521.6,24.6,0,
2017-12-22 05:38:12,0,1,2,3.7,3589.0,40002.6,2466.9,8760.8,24.6,0,
2017-12-22 05:38:15,0,1,2,3.7,3589.7,39999.7,2466.9,8760.8,24.6,0,
2017-12-22 05:38:18,0,1,2,3.8,3590.5,39999.7,2533.6,9000.1,24.6,0,
2017-12-22 05:38:21,0,1,2,3.9,3591.4,39999.8,2600.2,9239.5,24.6,0,
2017-12-22 05:38:24,0,1,2,3.9,3592.3,39999.5,2600.2,9239.5,24.6,0,
2017-12-22 05:38:27,0,1,2,4.0,3593.0,39999.7,2666.9,9479.1,24.6,0,
2017-12-22 05:38:30,0,1,2,4.0,3593.9,39999.8,2666.9,9479.1,24.6,0,
2017-12-22 05:38:33,0,1,2,4.1,3594.6,39999.4,2733.6,9718.7,24.6,0,
2017-12-22 05:38:36,0,1,2,4.1,3595.3,39999.5,2733.6,9718.7,24.6,0,
2017-12-22 05:38:40,0,1,2,4.2,3596.4,39999.7,2800.2,9958.5,24.6,0,
2017-12-22 05:38:43,0,1,2,4.2,3597.2,40000.0,2800.2,9958.5,24.6,0,
2017-12-22 05:38:46,0,1,2,4.3,3598.1,39999.6,2866.9,10198.3,24.7,0,
2017-12-22 05:38:49,0,1,2,4.3,3598.9,39999.6,2866.9,10198.3,24.7,0,
2017-12-22 05:38:52,0,1,2,4.4,3599.5,39999.7,2933.5,10438.2,24.7,0,
2017-12-22 05:38:55,0,1,2,4.4,3600.4,39999.7,2933.5,10438.2,24.7,0,
2017-12-22 05:38:58,0,1,2,4.5,3601.2,39999.7,3000.2,10678.3,24.6,0,
2017-12-22 05:39:01,0,1,2,4.5,3602.1,39999.7,3000.2,10678.3,24.6,0,
2017-12-22 05:39:04,0,1,2,4.6,3602.8,39999.7,3066.9,10918.5,24.6,0,
2017-12-22 05:39:08,0,1,2,4.6,3603.6,39999.7,3066.9,10918.5,24.6,0,
2017-12-22 05:39:11,0,1,2,4.7,3604.5,39999.8,3133.5,11158.7,24.6,0,
2017-12-22 05:39:14,0,1,2,4.7,3605.5,39999.6,3133.5,11158.7,24.7,0,
2017-12-22 05:39:17,0,1,2,4.8,3606.1,40000.0,3200.2,11399.1,24.7,0,
2017-12-22 05:39:20,0,1,2,4.8,3607.0,39999.9,3200.2,11399.1,24.7,0,
2017-12-22 05:39:23,0,1,2,4.9,3608.0,39999.8,3266.9,11639.6,24.6,0,
2017-12-22 05:39:27,0,1,2,4.9,3608.8,39999.7,3266.9,11639.6,24.7,0,
2017-12-22 05:39:30,0,1,2,5.0,3609.6,39999.8,3333.5,11880.2,24.7,0,
2017-12-22 05:39:33,0,1,2,5.0,3610.3,39999.5,3333.5,11880.2,24.7,0,
2017-12-22 05:39:36,0,1,2,5.1,3611.1,39999.9,3400.2,12120.9,24.7,0,
2017-12-22 05:39:39,0,1,2,5.1,3612.1,39999.7,3400.2,12120.9,24.7,0,
2017-12-22 05:39:42,0,1,2,5.2,3612.8,39999.7,3466.9,12361.7,24.7,0,
2017-12-22 05:39:45,0,1,2,5.2,3613.6,39999.8,3466.9,12361.7,24.7,0,
2017-12-22 05:39:48,0,1,2,5.3,3614.5,40000.0,3533.5,12602.6,24.7,0,
2017-12-22 05:39:51,0,1,2,5.3,3615.3,39999.7,3533.5,12602.6,24.7,0,
2017-12-22 05:39:54,0,1,2,5.4,3616.0,39999.9,3600.2,12843.6,24.7,0,
2017-12-22 05:39:58,0,1,2,5.5,3616.9,39999.7,3666.9,13084.8,24.7,0,
2017-12-22 05:40:01,0,1,2,5.5,3617.6,39999.8,3666.9,13084.8,24.7,0,
2017-12-22 05:40:04,0,1,2,5.6,3618.6,39999.9,3733.5,13326.0,24.7,0,
2017-12-22 05:40:07,0,1,2,5.6,3619.2,39999.8,3733.5,13326.0,24.7,0,
2017-12-22 05:40:10,0,1,2,5.7,3620.1,40000.2,3800.2,13567.3,24.7,0,
2017-12-22 05:40:13,0,1,2,5.7,3620.9,39999.8,3800.2,13567.3,24.7,0,
2017-12-22 05:40:16,0,1,2,5.8,3621.7,39999.5,3866.9,13808.8,24.7,0,
2017-12-22 05:40:19,0,1,2,5.8,3622.4,39999.7,3866.9,13808.8,24.7,0,
2017-12-22 05:40:22,0,1,2,5.9,3623.2,39999.7,3933.5,14050.3,24.8,0,
2017-12-22 05:40:25,0,1,2,5.9,3624.0,39999.7,3933.5,14050.3,24.7,0,
2017-12-22 05:40:28,0,1,2,6.0,3624.8,39999.7,4000.2,14291.9,24.8,0,
2017-12-22 05:40:32,0,1,2,6.0,3625.6,39999.7,4000.2,14291.9,24.8,0,
2017-12-22 05:40:35,0,1,2,6.1,3626.3,39999.5,4066.9,14533.6,24.8,0,
2017-12-22 05:40:38,0,1,2,6.1,3627.0,39999.9,4066.9,14533.6,24.8,0,
2017-12-22 05:40:41,0,1,2,6.2,3627.7,39999.7,4133.5,14775.4,24.8,0,
2017-12-22 05:40:44,0,1,2,6.2,3628.6,39999.5,4133.5,14775.4,24.8,0,
2017-12-22 05:40:47,0,1,2,6.3,3629.2,40000.0,4200.2,15017.4,24.7,0,
2017-12-22 05:40:51,0,1,2,6.3,3630.0,39999.7,4200.2,15017.4,24.7,0,
2017-12-22 05:40:54,0,1,2,6.4,3630.8,39999.6,4266.9,15259.4,24.8,0,
2017-12-22 05:40:57,0,1,2,6.4,3631.5,39999.7,4266.9,15259.4,24.7,0,
2017-12-22 05:41:00,0,1,2,6.5,3632.2,39999.9,4333.5,15501.5,24.7,0,
2017-12-22 05:41:03,0,1,2,6.5,3633.0,39999.7,4333.5,15501.5,24.7,0,
2017-12-22 05:41:06,0,1,2,6.6,3633.6,39999.6,4400.2,15743.7,24.8,0,
2017-12-22 05:41:09,0,1,2,6.7,3634.4,39999.6,4466.9,15986.0,24.7,0,
2017-12-22 05:41:13,0,1,2,6.7,3635.1,39999.6,4466.9,15986.0,24.8,0,
2017-12-22 05:41:16,0,1,2,6.8,3635.9,40000.0,4533.5,16228.4,24.8,0,
2017-12-22 05:41:19,0,1,2,6.8,3636.6,39999.7,4533.5,16228.4,24.8,0,
2017-12-22 05:41:22,0,1,2,6.9,3637.3,39999.5,4600.2,16470.9,24.8,0,
2017-12-22 05:41:25,0,1,2,6.9,3638.0,39999.9,4600.2,16470.9,24.8,0,
2017-12-22 05:41:28,0,1,2,7.0,3638.8,39999.7,4666.9,16713.4,24.8,0,
2017-12-22 05:41:31,0,1,2,7.0,3639.5,39999.7,4666.9,16713.4,24.7,0,
2017-12-22 05:41:34,0,1,2,7.1,3640.1,39999.5,4733.5,16956.1,24.7,0,
2017-12-22 05:41:38,0,1,2,7.1,3640.9,39999.7,4733.5,16956.1,24.7,0,
2017-12-22 05:41:41,0,1,2,7.2,3641.5,40000.0,4800.2,17198.8,24.8,0,
2017-12-22 05:41:44,0,1,2,7.2,3642.2,40000.0,4800.2,17198.8,24.8,0,
2017-12-22 05:41:47,0,1,2,7.3,3642.8,40000.0,4866.9,17441.7,24.8,0,
2017-12-22 05:41:50,0,1,2,7.3,3643.5,39999.9,4866.9,17441.7,24.8,0,
2017-12-22 05:41:53,0,1,2,7.4,3644.3,40000.0,4933.5,17684.6,24.8,0,
2017-12-22 05:41:57,0,1,2,7.4,3644.8,39999.9,4933.5,17684.6,24.8,0,
2017-12-22 05:42:00,0,1,2,7.5,3645.6,39999.9,5000.2,17927.6,24.7,0,
2017-12-22 05:42:03,0,1,2,7.5,3646.3,40000.2,5000.2,17927.6,24.7,0,
2017-12-22 05:42:06,0,1,2,7.6,3647.0,40000.0,5066.9,18170.7,24.7,0,
2017-12-22 05:42:09,0,1,2,7.7,3647.8,39999.9,5133.5,18413.9,24.8,0,
2017-12-22 05:42:13,0,1,2,7.7,3648.4,39999.9,5133.5,18413.9,24.8,0,
2017-12-22 05:42:16,0,1,2,7.8,3649.1,40000.0,5200.2,18657.1,24.8,0,
2017-12-22 05:42:19,0,1,2,7.8,3649.6,39999.8,5200.2,18657.1,24.8,0,
2017-12-22 05:42:22,0,1,2,7.9,3650.3,40000.0,5266.9,18900.5,24.8,0,
2017-12-22 05:42:25,0,1,2,7.9,3651.0,39999.6,5266.9,18900.5,24.8,0,
2017-12-22 05:42:28,0,1,2,8.0,3651.5,39999.7,5333.5,19143.9,24.8,0,
2017-12-22 05:42:31,0,1,2,8.0,3652.2,39999.8,5333.5,19143.9,24.8,0,
2017-12-22 05:42:34,0,1,2,8.1,3652.9,40000.0,5400.2,19387.4,24.8,0,
2017-12-22 05:42:37,0,1,2,8.1,3653.5,39999.9,5400.2,19387.4,24.8,0,
2017-12-22 05:42:41,0,1,2,8.2,3654.2,39999.6,5466.9,19631.0,24.8,0,
2017-12-22 05:42:44,0,1,2,8.2,3654.7,40000.0,5466.9,19631.0,24.8,0,
2017-12-22 05:42:47,0,1,2,8.3,3655.5,39999.7,5533.5,19874.7,24.8,0,
2017-12-22 05:42:50,0,1,2,8.3,3656.1,40000.2,5533.5,19874.7,24.8,0,
2017-12-22 05:42:53,0,1,2,8.4,3656.7,39999.7,5600.2,20118.4,24.8,0,
2017-12-22 05:42:56,0,1,2,8.4,3657.4,40000.0,5600.2,20118.4,24.8,0,
2017-12-22 05:43:00,0,1,2,8.5,3657.9,39999.7,5666.8,20362.3,24.8,0,
2017-12-22 05:43:03,0,1,2,8.5,3658.7,39999.9,5666.8,20362.3,24.8,0,
2017-12-22 05:43:06,0,1,2,8.6,3659.1,39999.8,5733.5,20606.2,24.8,0,
2017-12-22 05:43:09,0,1,2,8.6,3659.9,40000.0,5733.5,20606.2,24.8,0,
2017-12-22 05:43:12,0,1,2,8.7,3660.5,40000.0,5800.2,20850.2,24.8,0,
2017-12-22 05:43:16,0,1,2,8.8,3661.0,40000.0,5866.8,21094.2,24.7,0,
2017-12-22 05:43:19,0,1,2,8.8,3661.7,39999.9,5866.8,21094.2,24.8,0,
2017-12-22 05:43:22,0,1,2,8.9,3662.4,40000.0,5933.5,21338.4,24.7,0,
2017-12-22 05:43:25,0,1,2,8.9,3663.0,40000.0,5933.5,21338.4,24.7,0,
2017-12-22 05:43:28,0,1,2,9.0,3663.5,39999.8,6000.2,21582.6,24.7,0,
2017-12-22 05:43:31,0,1,2,9.0,3664.0,39999.8,6000.2,21582.6,24.7,0,
2017-12-22 05:43:34,0,1,2,9.1,3664.7,39999.7,6066.8,21826.9,24.6,0,
2017-12-22 05:43:37,0,1,2,9.1,3665.2,40000.0,6066.8,21826.9,24.6,0,
2017-12-22 05:43:40,0,1,2,9.2,3665.6,39999.8,6133.5,22071.3,24.6,0,
2017-12-22 05:43:43,0,1,2,9.2,3666.2,40000.2,6133.5,22071.3,24.7,0,
2017-12-22 05:43:46,0,1,2,9.3,3666.9,39999.8,6200.2,22315.7,24.7,0,
2017-12-22 05:43:49,0,1,2,9.3,3667.4,39999.8,6200.2,22315.7,24.7,0,
2017-12-22 05:43:53,0,1,2,9.4,3668.0,39999.7,6266.8,22560.3,24.7,0,
2017-12-22 05:43:56,0,1,2,9.4,3668.5,39999.8,6266.8,22560.3,24.7,0,
2017-12-22 05:43:59,0,1,2,9.5,3669.1,39999.7,6333.5,22804.9,24.7,0,
2017-12-22 05:44:02,0,1,2,9.5,3669.7,39999.7,6333.5,22804.9,24.7,0,
2017-12-22 05:44:05,0,1,2,9.6,3670.1,39999.7,6400.2,23049.5,24.7,0,
2017-12-22 05:44:08,0,1,2,9.6,3670.7,39999.5,6400.2,23049.5,24.6,0,
2017-12-22 05:44:11,0,1,2,9.7,3671.2,39999.9,6466.8,23294.2,24.6,0,
2017-12-22 05:44:14,0,1,2,9.7,3671.7,39999.5,6466.8,23294.2,24.6,0,
2017-12-22 05:44:17,0,1,2,9.8,3672.4,39999.6,6533.5,23539.0,24.6,0,
2017-12-22 05:44:20,0,1,2,9.8,3672.9,39999.8,6533.5,23539.0,24.6,0,
2017-12-22 05:44:24,0,1,2,9.9,3673.4,39999.7,6600.2,23783.9,24.6,0,
2017-12-22 05:44:27,0,1,2,9.9,3674.0,39999.7,6600.2,23783.9,24.6,0,
2017-12-22 05:44:30,0,1,2,10.0,3674.5,39999.6,6666.8,24028.8,24.6,0,
2017-12-22 05:44:33,0,1,2,10.0,3675.0,39999.8,6666.8,24028.8,24.6,0,
2017-12-22 05:44:36,0,1,2,10.1,3675.5,39999.7,6733.5,24273.8,24.6,0,
2017-12-22 05:44:40,0,1,2,10.2,3676.0,39999.7,6800.2,24518.9,24.6,0,
2017-12-22 05:44:43,0,1,2,10.2,3676.5,39999.6,6800.2,24518.9,24.6,0,
2017-12-22 05:44:46,0,1,2,10.3,3677.1,39999.6,6866.8,24764.0,24.6,0,
2017-12-22 05:44:49,0,1,2,10.3,3677.4,39999.7,6866.8,24764.0,24.7,0,
2017-12-22 05:44:52,0,1,2,10.4,3677.9,39999.7,6933.5,25009.2,24.7,0,
2017-12-22 05:44:55,0,1,2,10.4,3678.4,39999.8,6933.5,25009.2,24.7,0,
2017-12-22 05:44:58,0,1,2,10.5,3678.9,39999.7,7000.2,25254.5,24.7,0,
2017-12-22 05:45:02,0,1,2,10.5,3679.5,39999.5,7000.2,25254.5,24.7,0,
2017-12-22 05:45:05,0,1,2,10.6,3680.0,39999.6,7066.8,25499.8,24.7,0,
2017-12-22 05:45:08,0,1,2,10.6,3680.5,39999.7,7066.8,25499.8,24.7,0,
2017-12-22 05:45:11,0,1,2,10.7,3680.9,39999.6,7133.5,25745.2,24.7,0,
2017-12-22 05:45:15,0,1,2,10.7,3681.3,40000.0,7133.5,25745.2,24.7,0,
2017-12-22 05:45:18,0,1,2,10.8,3681.9,39999.5,7200.2,25990.6,24.6,0,
2017-12-22 05:45:21,0,1,2,10.8,3682.2,39999.8,7200.2,25990.6,24.6,0,
2017-12-22 05:45:24,0,1,2,10.9,3682.8,39999.7,7266.8,26236.1,24.6,0,
2017-12-22 05:45:27,0,1,2,10.9,3683.1,39999.6,7266.8,26236.1,24.6,0,
2017-12-22 05:45:30,0,1,2,11.0,3683.6,39999.7,7333.5,26481.6,24.6,0,
2017-12-22 05:45:33,0,1,2,11.0,3683.9,39999.6,7333.5,26481.6,24.6,0,
2017-12-22 05:45:36,0,1,2,11.1,3684.4,39999.6,7400.2,26727.2,24.6,0,
2017-12-22 05:45:39,0,1,2,11.1,3684.9,39999.5,7400.2,26727.2,24.6,0,
2017-12-22 05:45:42,0,1,2,11.2,3685.4,39999.5,7466.8,26972.9,24.6,0,
2017-12-22 05:45:45,0,1,2,11.3,3685.8,39999.7,7533.5,27218.6,24.6,0,
2017-12-22 05:45:49,0,1,2,11.3,3686.1,39999.6,7533.5,27218.6,24.6,0,
2017-12-22 05:45:52,0,1,2,11.4,3686.6,39999.5,7600.2,27464.4,24.7,0,
2017-12-22 05:45:55,0,1,2,11.4,3686.8,39999.5,7600.2,27464.4,24.7,0,
2017-12-22 05:45:58,0,1,2,11.5,3687.3,39999.5,7666.8,27710.2,24.7,0,
2017-12-22 05:46:01,0,1,2,11.5,3687.8,39999.6,7666.8,27710.2,24.7,0,
2017-12-22 05:46:04,0,1,2,11.6,3688.2,39999.5,7733.5,27956.1,24.7,0,
2017-12-22 05:46:07,0,1,2,11.6,3688.4,39999.3,7733.5,27956.1,24.6,0,
2017-12-22 05:46:10,0,1,2,11.7,3689.0,39999.5,7800.2,28202.0,24.7,0,
2017-12-22 05:46:13,0,1,2,11.7,3689.3,39999.7,7800.2,28202.0,24.7,0,
2017-12-22 05:46:16,0,1,2,11.8,3689.7,39999.5,7866.8,28447.9,24.6,0,
2017-12-22 05:46:19,0,1,2,11.8,3690.0,39999.3,7866.8,28447.9,24.7,0,
2017-12-22 05:46:22,0,1,2,11.9,3690.5,39999.3,7933.5,28694.0,24.6,0,
2017-12-22 05:46:25,0,1,2,11.9,3690.8,39999.5,7933.5,28694.0,24.6,0,
2017-12-22 05:46:28,0,1,2,12.0,3691.1,39999.3,8000.1,28940.0,24.6,0,
2017-12-22 05:46:32,0,1,2,12.0,3691.5,39999.4,8000.1,28940.0,24.6,0,
2017-12-22 05:46:35,0,1,2,12.1,3692.0,39999.5,8066.8,29186.2,24.6,0,
2017-12-22 05:46:38,0,1,2,12.1,3692.3,39999.3,8066.8,29186.2,24.6,0,
2017-12-22 05:46:41,0,1,2,12.2,3692.9,39999.1,8133.5,29432.3,24.6,0,
2017-12-22 05:46:44,0,1,2,12.2,3693.1,39999.5,8133.5,29432.3,24.6,0,
2017-12-22 05:46:47,0,1,2,12.3,3693.5,39999.3,8200.1,29678.5,24.6,0,
2017-12-22 05:46:50,0,1,2,12.3,3693.8,39999.3,8200.1,29678.5,24.6,0,
2017-12-22 05:46:53,0,1,2,12.4,3694.3,39999.4,8266.8,29924.8,24.6,0,
2017-12-22 05:46:56,0,1,2,12.4,3694.6,39999.5,8266.8,29924.8,24.6,0,
2017-12-22 05:46:59,0,1,2,12.5,3694.9,39999.0,8333.5,30171.1,24.6,0,
2017-12-22 05:47:03,0,1,2,12.5,3695.3,39999.4,8333.5,30171.1,24.6,0,
2017-12-22 05:47:06,0,1,2,12.6,3695.7,39999.5,8400.1,30417.4,24.6,0,
2017-12-22 05:47:09,0,1,2,12.6,3696.2,39999.3,8400.1,30417.4,24.6,0,
2017-12-22 05:47:12,0,1,2,12.7,3696.3,39999.6,8466.8,30663.9,24.6,0,
2017-12-22 05:47:15,0,1,2,12.7,3696.7,39999.5,8466.8,30663.9,24.6,0,
2017-12-22 05:47:18,0,1,2,12.8,3697.1,39999.6,8533.5,30910.3,24.6,0,
2017-12-22 05:47:21,0,1,2,12.8,3697.4,39999.2,8533.5,30910.3,24.6,0,
2017-12-22 05:47:24,0,1,2,12.9,3697.7,39999.5,8600.1,31156.8,24.7,0,
2017-12-22 05:47:27,0,1,2,13.0,3698.2,39999.7,8666.8,31403.3,24.7,0,
2017-12-22 05:47:30,0,1,2,13.0,3698.5,39999.5,8666.8,31403.3,24.7,0,
2017-12-22 05:47:33,0,1,2,13.1,3698.9,39999.5,8733.5,31649.9,24.7,0,
2017-12-22 05:47:36,0,1,2,13.1,3699.3,39999.3,8733.5,31649.9,24.7,0,
2017-12-22 05:47:39,0,1,2,13.2,3699.6,39999.3,8800.1,31896.5,24.7,0,
2017-12-22 05:47:43,0,1,2,13.2,3700.0,39999.5,8800.1,31896.5,24.7,0,
2017-12-22 05:47:46,0,1,2,13.3,3700.2,39999.4,8866.8,32143.2,24.6,0,
2017-12-22 05:47:49,0,1,2,13.3,3700.5,39999.6,8866.8,32143.2,24.6,0,
2017-12-22 05:47:52,0,1,2,13.4,3701.0,39999.2,8933.5,32389.9,24.6,0,
2017-12-22 05:47:55,0,1,2,13.4,3701.2,39999.5,8933.5,32389.9,24.7,0,
2017-12-22 05:47:58,0,1,2,13.5,3701.6,39999.2,9000.1,32636.7,24.8,0,
2017-12-22 05:48:01,0,1,2,13.5,3702.0,39999.2,9000.1,32636.7,24.7,0,
2017-12-22 05:48:04,0,1,2,13.6,3702.3,39999.4,9066.8,32883.5,24.7,0,
2017-12-22 05:48:07,0,1,2,13.6,3702.7,39999.5,9066.8,32883.5,24.7,0,
2017-12-22 05:48:10,0,1,2,13.7,3703.0,39999.5,9133.4,33130.3,24.7,0,
2017-12-22 05:48:13,0,1,2,13.7,3703.3,39999.5,9133.4,33130.3,24.7,0,
2017-12-22 05:48:16,0,1,2,13.8,3703.7,39999.4,9200.1,33377.2,24.7,0,
2017-12-22 05:48:19,0,1,2,13.8,3703.9,39999.4,9200.1,33377.2,24.7,0,
2017-12-22 05:48:22,0,1,2,13.9,3704.3,39999.4,9266.8,33624.2,24.7,0,
2017-12-22 05:48:26,0,1,2,13.9,3704.6,39999.2,9266.8,33624.2,24.7,0,
2017-12-22 05:48:29,0,1,2,14.0,3705.0,39999.5,9333.4,33871.2,24.7,0,
2017-12-22 05:48:32,0,1,2,14.0,3705.2,39999.2,9333.4,33871.2,24.7,0,
2017-12-22 05:48:35,0,1,2,14.1,3705.6,39999.2,9400.1,34118.2,24.7,0,
2017-12-22 05:48:38,0,1,2,14.1,3705.9,39999.2,9400.1,34118.2,24.7,0,
2017-12-22 05:48:41,0,1,2,14.2,3706.3,39999.5,9466.8,34365.2,24.8,0,
2017-12-22 05:48:44,0,1,2,14.2,3706.6,39999.5,9466.8,34365.2,24.7,0,
2017-12-22 05:48:47,0,1,2,14.3,3707.0,39999.3,9533.4,34612.4,24.7,0,
2017-12-22 05:48:50,0,1,2,14.3,3707.2,39999.5,9533.4,34612.4,24.7,0,
2017-12-22 05:48:53,0,1,2,14.4,3707.5,39999.4,9600.1,34859.5,24.7,0,
2017-12-22 05:48:57,0,1,2,14.4,3707.9,39999.5,9600.1,34859.5,24.7,0,
2017-12-22 05:49:00,0,1,2,14.5,3708.3,39999.5,9666.8,35106.7,24.7,0,
2017-12-22 05:49:03,0,1,2,14.5,3708.6,39999.4,9666.8,35106.7,24.7,0,
2017-12-22 05:49:06,0,1,2,14.6,3709.1,39999.5,9733.4,35353.9,24.7,0,
2017-12-22 05:49:09,0,1,2,14.7,3709.3,39999.3,9800.1,35601.2,24.7,0,
2017-12-22 05:49:12,0,1,2,14.7,3709.7,39999.5,9800.1,35601.2,24.7,0,
2017-12-22 05:49:15,0,1,2,14.8,3710.1,39999.3,9866.8,35848.6,24.7,0,
2017-12-22 05:49:19,0,1,2,14.8,3710.4,39999.4,9866.8,35848.6,24.7,0,
2017-12-22 05:49:22,0,1,2,14.9,3710.6,39999.6,9933.4,36095.9,24.7,0,
2017-12-22 05:49:25,0,1,2,14.9,3711.1,39999.5,9933.4,36095.9,24.7,0,
2017-12-22 05:49:28,0,1,2,15.0,3711.5,39999.5,10000.1,36343.3,24.7,0,
2017-12-22 05:49:31,0,1,2,15.0,3711.8,39999.5,10000.1,36343.3,24.6,0,
2017-12-22 05:49:34,0,1,2,15.1,3712.1,39999.8,10066.8,36590.8,24.6,0,
2017-12-22 05:49:37,0,1,2,15.1,3712.3,39999.2,10066.8,36590.8,24.6,0,
2017-12-22 05:49:40,0,1,2,15.2,3712.7,39999.3,10133.4,36838.3,24.6,0,
2017-12-22 05:49:43,0,1,2,15.2,3713.2,39999.5,10133.4,36838.3,24.6,0,
2017-12-22 05:49:47,0,1,2,15.3,3713.5,39999.3,10200.1,37085.9,24.6,0,
2017-12-22 05:49:50,0,1,2,15.3,3713.7,39999.7,10200.1,37085.9,24.6,0,
2017-12-22 05:49:53,0,1,2,15.4,3714.0,39999.5,10266.7,37333.4,24.6,0,
2017-12-22 05:49:56,0,1,2,15.4,3714.5,39999.7,10266.7,37333.4,24.6,0,
2017-12-22 05:49:59,0,1,2,15.5,3714.8,39999.5,10333.4,37581.1,24.6,0,
2017-12-22 05:50:02,0,1,2,15.5,3715.2,39999.5,10333.4,37581.1,24.6,0,
2017-12-22 05:50:05,0,1,2,15.6,3715.5,39999.5,10400.1,37828.8,24.6,0,
2017-12-22 05:50:08,0,1,2,15.6,3715.9,39999.5,10400.1,37828.8,24.6,0,
2017-12-22 05:50:11,0,1,2,15.7,3716.1,39999.5,10466.7,38076.5,24.6,0,
2017-12-22 05:50:14,0,1,2,15.7,3716.4,39999.5,10466.7,38076.5,24.6,0,
2017-12-22 05:50:17,0,1,2,15.8,3716.8,39999.3,10533.4,38324.2,24.6,0,
2017-12-22 05:50:21,0,1,2,15.8,3717.2,39999.6,10533.4,38324.2,24.6,0,
2017-12-22 05:50:24,0,1,2,15.9,3717.5,39999.4,10600.1,38572.1,24.6,0,
2017-12-22 05:50:27,0,1,2,15.9,3717.9,39999.1,10600.1,38572.1,24.6,0,
2017-12-22 05:50:30,0,1,2,16.0,3718.2,39999.2,10666.7,38819.9,24.6,0,
2017-12-22 05:50:33,0,1,2,16.0,3718.6,39999.4,10666.7,38819.9,24.7,0,
2017-12-22 05:50:37,0,1,2,16.1,3718.9,39999.4,10733.4,39067.8,24.6,0,
2017-12-22 05:50:40,0,1,2,16.2,3719.2,39999.5,10800.1,39315.7,24.6,0,
2017-12-22 05:50:43,0,1,2,16.2,3719.5,39999.5,10800.1,39315.7,24.6,0,
2017-12-22 05:50:46,0,1,2,16.3,3719.8,39999.3,10866.7,39563.7,24.6,0,
2017-12-22 05:50:49,0,1,2,16.3,3720.3,39999.4,10866.7,39563.7,24.7,0,
2017-12-22 05:50:52,0,1,2,16.4,3720.6,39999.4,10933.4,39811.8,24.7,0,
2017-12-22 05:50:55,0,1,2,16.4,3720.9,39999.5,10933.4,39811.8,24.7,0,
2017-12-22 05:50:58,0,1,2,16.5,3721.4,39999.7,11000.1,40059.8,24.7,0,
2017-12-22 05:51:01,0,1,2,16.5,3721.7,39999.6,11000.1,40059.8,24.7,0,
2017-12-22 05:51:04,0,1,2,16.6,3722.1,39999.6,11066.7,40308.0,24.7,0,
2017-12-22 05:51:07,0,1,2,16.6,3722.4,39999.8,11066.7,40308.0,24.7,0,
2017-12-22 05:51:10,0,1,2,16.7,3722.6,39999.2,11133.4,40556.1,24.7,0,
2017-12-22 05:51:13,0,1,2,16.7,3723.0,39999.7,11133.4,40556.1,24.6,0,
2017-12-22 05:51:16,0,1,2,16.8,3723.4,39999.5,11200.1,40804.3,24.6,0,
2017-12-22 05:51:19,0,1,2,16.8,3723.7,39999.5,11200.1,40804.3,24.6,0,
2017-12-22 05:51:22,0,1,2,16.9,3724.1,39999.4,11266.7,41052.6,24.6,0,
2017-12-22 05:51:25,0,1,2,16.9,3724.4,39999.5,11266.7,41052.6,24.7,0,
2017-12-22 05:51:28,0,1,2,17.0,3724.9,39999.3,11333.4,41300.9,24.7,0,
2017-12-22 05:51:31,0,1,2,17.0,3725.1,39999.5,11333.4,41300.9,24.6,0,
2017-12-22 05:51:34,0,1,2,17.1,3725.6,39999.5,11400.1,41549.3,24.7,0,
2017-12-22 05:51:37,0,1,2,17.1,3725.7,39999.8,11400.1,41549.3,24.7,0,
2017-12-22 05:51:41,0,1,2,17.2,3726.1,39999.3,11466.7,41797.7,24.7,0,
2017-12-22 05:51:44,0,1,2,17.2,3726.6,39999.5,11466.7,41797.7,24.6,0,
2017-12-22 05:51:47,0,1,2,17.3,3726.9,39999.3,11533.4,42046.1,24.6,0,
2017-12-22 05:51:50,0,1,2,17.3,3727.3,39999.3,11533.4,42046.1,24.6,0,
2017-12-22 05:51:53,0,1,2,17.4,3727.8,39999.3,11600.0,42294.6,24.6,0,
2017-12-22 05:51:56,0,1,2,17.4,3728.0,39999.2,11600.0,42294.6,24.6,0,
2017-12-22 05:51:59,0,1,2,17.5,3728.5,39999.3,11666.7,42543.1,24.7,0,
2017-12-22 05:52:03,0,1,2,17.5,3728.8,39999.5,11666.7,42543.1,24.7,0,
2017-12-22 05:52:06,0,1,2,17.6,3729.2,39999.6,11733.4,42791.7,24.7,0,
2017-12-22 05:52:09,0,1,2,17.6,3729.7,39999.3,11733.4,42791.7,24.8,0,
2017-12-22 05:52:12,0,1,2,17.7,3729.9,39999.9,11800.0,43040.4,24.7,0,
2017-12-22 05:52:15,0,1,2,17.7,3730.3,39999.4,11800.0,43040.4,24.8,0,
2017-12-22 05:52:18,0,1,2,17.8,3730.7,39999.6,11866.7,43289.0,24.8,0,
2017-12-22 05:52:21,0,1,2,17.8,3731.1,39999.5,11866.7,43289.0,24.8,0,
2017-12-22 05:52:25,0,1,2,17.9,3731.3,39999.4,11933.4,43537.8,24.8,0,
2017-12-22 05:52:28,0,1,2,18.0,3731.9,39999.6,12000.0,43786.6,24.7,0,
2017-12-22 05:52:31,0,1,2,18.0,3732.1,39999.6,12000.0,43786.6,24.7,0,
2017-12-22 05:52:34,0,1,2,18.1,3732.6,39999.7,12066.7,44035.4,24.7,0,
2017-12-22 05:52:37,0,1,2,18.1,3732.9,39999.5,12066.7,44035.4,24.8,0,
2017-12-22 05:52:40,0,1,2,18.2,3733.3,39999.4,12133.4,44284.3,24.7,0,
2017-12-22 05:52:43,0,1,2,18.2,3733.7,39999.5,12133.4,44284.3,24.7,0,
2017-12-22 05:52:46,0,1,2,18.3,3734.2,39999.2,12200.0,44533.2,24.7,0,
2017-12-22 05:52:50,0,1,2,18.3,3734.5,39999.3,12200.0,44533.2,24.7,0,
2017-12-22 05:52:53,0,1,2,18.4,3734.8,39999.6,12266.7,44782.2,24.8,0,
2017-12-22 05:52:56,0,1,2,18.4,3735.3,39999.4,12266.7,44782.2,24.8,0,
2017-12-22 05:52:59,0,1,2,18.5,3735.8,39999.5,12333.4,45031.2,24.8,0,
2017-12-22 05:53:02,0,1,2,18.5,3736.2,39999.3,12333.4,45031.2,24.8,0,
2017-12-22 05:53:05,0,1,2,18.6,3736.6,39999.0,12400.0,45280.3,24.7,0,
2017-12-22 05:53:09,0,1,2,18.6,3736.9,39999.1,12400.0,45280.3,24.8,0,
2017-12-22 05:53:12,0,1,2,18.7,3737.3,39999.5,12466.7,45529.4,24.8,0,
2017-12-22 05:53:15,0,1,2,18.7,3737.8,39999.6,12466.7,45529.4,24.8,0,
2017-12-22 05:53:18,0,1,2,18.8,3738.1,39999.3,12533.4,45778.6,24.8,0,
2017-12-22 05:53:21,0,1,2,18.9,3738.7,39999.3,12600.0,46027.8,24.8,0,
2017-12-22 05:53:25,0,1,2,18.9,3738.9,39999.3,12600.0,46027.8,24.8,0,
2017-12-22 05:53:28,0,1,2,19.0,3739.4,39999.2,12666.7,46277.1,24.7,0,
2017-12-22 05:53:31,0,1,2,19.0,3739.9,39999.2,12666.7,46277.1,24.8,0,
2017-12-22 05:53:34,0,1,2,19.1,3740.3,39999.2,12733.3,46526.4,24.8,0,
2017-12-22 05:53:37,0,1,2,19.1,3740.6,39999.5,12733.3,46526.4,24.7,0,
2017-12-22 05:53:41,0,1,2,19.2,3741.2,39999.4,12800.0,46775.8,24.7,0,
2017-12-22 05:53:44,0,1,2,19.2,3741.5,39999.5,12800.0,46775.8,24.7,0,
2017-12-22 05:53:47,0,1,2,19.3,3742.1,39999.5,12866.7,47025.3,24.8,0,
2017-12-22 05:53:50,0,1,2,19.3,3742.3,39999.4,12866.7,47025.3,24.8,0,
2017-12-22 05:53:53,0,1,2,19.4,3742.9,39999.3,12933.3,47274.8,24.7,0,
2017-12-22 05:53:56,0,1,2,19.4,3743.1,39999.7,12933.3,47274.8,24.8,0,
2017-12-22 05:53:59,0,1,2,19.5,3743.6,39999.5,13000.0,47524.3,24.8,0,
2017-12-22 05:54:03,0,1,2,19.5,3744.2,39999.5,13000.0,47524.3,24.8,0,
2017-12-22 05:54:06,0,1,2,19.6,3744.6,39999.0,13066.7,47773.9,24.8,0,
2017-12-22 05:54:09,0,1,2,19.6,3745.0,39999.4,13066.7,47773.9,24.8,0,
2017-12-22 05:54:12,0,1,2,19.7,3745.4,39999.5,13133.3,48023.6,24.8,0,
2017-12-22 05:54:15,0,1,2,19.7,3745.7,39999.1,13133.3,48023.6,24.8,0,
2017-12-22 05:54:18,0,1,2,19.8,3746.2,39999.2,13200.0,48273.3,24.8,0,
2017-12-22 05:54:21,0,1,2,19.8,3746.7,39999.2,13200.0,48273.3,24.8,0,
2017-12-22 05:54:24,0,1,2,19.9,3747.2,39999.3,13266.7,48523.1,24.8,0,
2017-12-22 05:54:28,0,1,2,20.0,3747.5,39999.2,13333.3,48772.9,24.8,0,
2017-12-22 05:54:31,0,1,2,20.0,3748.1,39999.3,13333.3,48772.9,24.8,0,
2017-12-22 05:54:34,0,1,2,20.1,3748.4,39999.3,13400.0,49022.8,24.8,0,
2017-12-22 05:54:37,0,1,2,20.1,3749.0,39999.0,13400.0,49022.8,24.7,0,
2017-12-22 05:54:40,0,1,2,20.2,3749.3,39999.4,13466.6,49272.7,24.7,0,
2017-12-22 05:54:43,0,1,2,20.2,3749.8,39999.3,13466.6,49272.7,24.7,0,
2017-12-22 05:54:46,0,1,2,20.3,3750.2,39999.2,13533.3,49522.7,24.7,0,
2017-12-22 05:54:49,0,1,2,20.3,3750.6,39999.5,13533.3,49522.7,24.7,0,
2017-12-22 05:54:52,0,1,2,20.4,3751.1,39999.3,13600.0,49772.8,24.6,0,
2017-12-22 05:54:55,0,1,2,20.4,3751.4,39999.0,13600.0,49772.8,24.6,0,
2017-12-22 05:54:58,0,1,2,20.5,3751.9,39999.4,13666.6,50022.9,24.6,0,
2017-12-22 05:55:01,0,1,2,20.5,3752.4,39999.3,13666.6,50022.9,24.6,0,
2017-12-22 05:55:04,0,1,2,20.6,3752.7,39999.2,13733.3,50273.1,24.6,0,
2017-12-22 05:55:07,0,1,2,20.6,3753.3,39999.2,13733.3,50273.1,24.6,0,
2017-12-22 05:55:11,0,1,2,20.7,3753.8,39999.0,13800.0,50523.3,24.6,0,
2017-12-22 05:55:14,0,1,2,20.7,3754.3,39999.3,13800.0,50523.3,24.6,0,
2017-12-22 05:55:17,0,1,2,20.8,3754.7,39999.1,13866.6,50773.6,24.7,0,
2017-12-22 05:55:20,0,1,2,20.8,3755.2,39999.3,13866.6,50773.6,24.7,0,
2017-12-22 05:55:23,0,1,2,20.9,3755.5,39999.2,13933.3,51023.9,24.7,0,
2017-12-22 05:55:26,0,1,2,20.9,3756.0,39999.1,13933.3,51023.9,24.7,0,
2017-12-22 05:55:29,0,1,2,21.0,3756.5,39999.3,14000.0,51274.3,24.7,0,
2017-12-22 05:55:33,0,1,2,21.0,3757.1,39999.2,14000.0,51274.3,24.7,0,
2017-12-22 05:55:36,0,1,2,21.1,3757.5,39999.0,14066.6,51524.8,24.8,0,
2017-12-22 05:55:39,0,1,2,21.1,3758.1,39999.2,14066.6,51524.8,24.8,0,
2017-12-22 05:55:42,0,1,2,21.2,3758.6,39999.2,14133.3,51775.3,24.8,0,
2017-12-22 05:55:46,0,1,2,21.3,3759.0,39999.0,14200.0,52025.9,24.8,0,
2017-12-22 05:55:49,0,1,2,21.3,3759.5,39999.2,14200.0,52025.9,24.8,0,
2017-12-22 05:55:52,0,1,2,21.4,3760.0,39999.2,14266.6,52276.6,24.8,0,
2017-12-22 05:55:55,0,1,2,21.4,3760.4,39999.3,14266.6,52276.6,24.8,0,
2017-12-22 05:55:58,0,1,2,21.5,3760.9,39999.0,14333.3,52527.3,24.8,0,
2017-12-22 05:56:01,0,1,2,21.5,3761.4,39999.2,14333.3,52527.3,24.8,0,
2017-12-22 05:56:04,0,1,2,21.6,3761.7,39999.6,14399.9,52778.0,24.8,0,
2017-12-22 05:56:07,0,1,2,21.6,3762.3,39999.3,14399.9,52778.0,24.8,0,
2017-12-22 05:56:10,0,1,2,21.7,3762.7,39999.0,14466.6,53028.9,24.8,0,
2017-12-22 05:56:13,0,1,2,21.7,3763.3,39999.1,14466.6,53028.9,24.8,0,
2017-12-22 05:56:16,0,1,2,21.8,3763.6,39999.0,14533.3,53279.8,24.8,0,
2017-12-22 05:56:19,0,1,2,21.8,3764.3,39999.3,14533.3,53279.8,24.8,0,
2017-12-22 05:56:23,0,1,2,21.9,3764.7,39999.0,14599.9,53530.7,24.8,0,
2017-12-22 05:56:26,0,1,2,21.9,3765.2,39999.0,14599.9,53530.7,24.8,0,
2017-12-22 05:56:29,0,1,2,22.0,3765.8,39999.0,14666.6,53781.8,24.8,0,
2017-12-22 05:56:32,0,1,2,22.0,3766.2,39999.0,14666.6,53781.8,24.8,0,
2017-12-22 05:56:35,0,1,2,22.1,3766.8,39999.1,14733.3,54032.9,24.8,0,
2017-12-22 05:56:38,0,1,2,22.1,3767.2,39999.2,14733.3,54032.9,24.8,0,
2017-12-22 05:56:42,0,1,2,22.2,3767.8,39999.4,14799.9,54284.0,24.8,0,
2017-12-22 05:56:45,0,1,2,22.2,3768.4,39999.2,14799.9,54284.0,24.8,0,
2017-12-22 05:56:48,0,1,2,22.3,3769.0,39999.0,14866.6,54535.3,24.8,0,
2017-12-22 05:56:51,0,1,2,22.3,3769.4,39999.0,14866.6,54535.3,24.8,0,
2017-12-22 05:56:55,0,1,2,22.4,3770.0,39999.0,14933.3,54786.5,24.8,0,
2017-12-22 05:56:58,0,1,2,22.5,3770.5,39999.0,14999.9,55037.9,24.8,0,
2017-12-22 05:57:01,0,1,2,22.5,3771.1,39999.0,14999.9,55037.9,24.8,0,
2017-12-22 05:57:04,0,1,2,22.6,3771.5,39999.0,15066.6,55289.3,24.8,0,
2017-12-22 05:57:07,0,1,2,22.6,3772.2,39999.0,15066.6,55289.3,24.8,0,
2017-12-22 05:57:10,0,1,2,22.7,3772.7,39998.8,15133.2,55540.8,24.8,0,
2017-12-22 05:57:13,0,1,2,22.7,3773.2,39999.0,15133.2,55540.8,24.7,0,
2017-12-22 05:57:16,0,1,2,22.8,3773.7,39998.9,15199.9,55792.4,24.8,0,
2017-12-22 05:57:20,0,1,2,22.8,3774.3,39999.1,15199.9,55792.4,24.8,0,
2017-12-22 05:57:23,0,1,2,22.9,3774.8,39999.4,15266.6,56044.0,24.7,0,
2017-12-22 05:57:26,0,1,2,22.9,3775.3,39999.0,15266.6,56044.0,24.8,0,
2017-12-22 05:57:29,0,1,2,23.0,3776.0,39999.2,15333.2,56295.7,24.8,0,
2017-12-22 05:57:32,0,1,2,23.0,3776.5,39999.0,15333.2,56295.7,24.8,0,
2017-12-22 05:57:36,0,1,2,23.1,3777.0,39999.2,15399.9,56547.5,24.8,0,
2017-12-22 05:57:39,0,1,2,23.1,3777.6,39999.3,15399.9,56547.5,24.8,0,
2017-12-22 05:57:42,0,1,2,23.2,3778.3,39999.3,15466.6,56799.3,24.8,0,
2017-12-22 05:57:45,0,1,2,23.2,3778.8,39999.5,15466.6,56799.3,24.8,0,
2017-12-22 05:57:48,0,1,2,23.3,3779.4,39999.2,15533.2,57051.2,24.8,0,
2017-12-22 05:57:51,0,1,2,23.4,3779.9,39999.3,15599.9,57303.2,24.8,0,
2017-12-22 05:57:55,0,1,2,23.4,3780.5,39999.2,15599.9,57303.2,24.8,0,
2017-12-22 05:57:58,0,1,2,23.5,3781.0,39999.2,15666.6,57555.3,24.8,0,
2017-12-22 05:58:01,0,1,2,23.5,3781.5,39999.3,15666.6,57555.3,24.8,0,
2017-12-22 05:58:04,0,1,2,23.6,3782.2,39999.0,15733.2,57807.4,24.8,0,
2017-12-22 05:58:07,0,1,2,23.6,3782.7,39999.0,15733.2,57807.4,24.8,0,
2017-12-22 05:58:10,0,1,2,23.7,3783.3,39999.0,15799.9,58059.6,24.8,0,
2017-12-22 05:58:14,0,1,2,23.7,3783.9,39999.0,15799.9,58059.6,24.8,0,
2017-12-22 05:58:17,0,1,2,23.8,3784.6,39999.0,15866.5,58311.9,24.8,0,
2017-12-22 05:58:20,0,1,2,23.8,3785.3,39999.0,15866.5,58311.9,24.8,0,
2017-12-22 05:58:23,0,1,2,23.9,3785.8,39999.0,15933.2,58564.2,24.8,0,
2017-12-22 05:58:26,0,1,2,23.9,3786.5,39999.0,15933.2,58564.2,24.9,0,
2017-12-22 05:58:29,0,1,2,24.0,3787.1,39999.0,15999.9,58816.6,24.9,0,
2017-12-22 05:58:33,0,1,2,24.0,3787.6,39999.0,15999.9,58816.6,24.8,0,
2017-12-22 05:58:36,0,1,2,24.1,3788.1,39999.0,16066.5,59069.1,24.9,0,
2017-12-22 05:58:39,0,1,2,24.1,3788.8,39998.7,16066.5,59069.1,24.8,0,
2017-12-22 05:58:42,0,1,2,24.2,3789.4,39999.0,16133.2,59321.7,24.9,0,
2017-12-22 05:58:45,0,1,2,24.3,3789.9,39999.0,16199.9,59574.4,24.9,0,
2017-12-22 05:58:49,0,1,2,24.3,3790.8,39999.1,16199.9,59574.4,24.9,0,
2017-12-22 05:58:52,0,1,2,24.4,3791.4,39998.9,16266.5,59827.1,24.9,0,
2017-12-22 05:58:55,0,1,2,24.4,3791.9,39999.0,16266.5,59827.1,24.8,0,
2017-12-22 05:58:58,0,1,2,24.5,3792.5,39999.0,16333.2,60079.9,24.8,0,
2017-12-22 05:59:01,0,1,2,24.5,3793.2,39999.0,16333.2,60079.9,24.8,0,
2017-12-22 05:59:05,0,1,2,24.6,3793.7,39998.7,16399.9,60332.8,24.8,0,
2017-12-22 05:59:08,0,1,2,24.6,3794.5,39999.1,16399.9,60332.8,24.8,0,
2017-12-22 05:59:11,0,1,2,24.7,3795.2,39998.5,16466.5,60585.8,24.8,0,
2017-12-22 05:59:14,0,1,2,24.7,3795.7,39998.7,16466.5,60585.8,24.8,0,
2017-12-22 05:59:17,0,1,2,24.8,3796.3,39998.8,16533.2,60838.8,24.8,0,
2017-12-22 05:59:20,0,1,2,24.8,3796.9,39998.7,16533.2,60838.8,24.8,0,
2017-12-22 05:59:23,0,1,2,24.9,3797.6,39998.8,16599.8,61092.0,24.8,0,
2017-12-22 05:59:27,0,1,2,24.9,3798.3,39998.8,16599.8,61092.0,24.8,0,
2017-12-22 05:59:30,0,1,2,25.0,3798.7,39999.1,16666.5,61345.2,24.8,0,
2017-12-22 05:59:33,0,1,2,25.0,3799.3,39999.0,16666.5,61345.2,24.8,0,
2017-12-22 05:59:36,0,1,2,25.1,3800.0,39999.0,16733.2,61598.5,24.8,0,
2017-12-22 05:59:39,0,1,2,25.1,3800.8,39998.7,16733.2,61598.5,24.8,0,
2017-12-22 05:59:42,0,1,2,25.2,3801.3,39999.0,16799.8,61851.9,24.8,0,
2017-12-22 05:59:45,0,1,2,25.2,3802.1,39999.0,16799.8,61851.9,24.8,0,
2017-12-22 05:59:48,0,1,2,25.3,3802.7,39998.9,16866.5,62105.3,24.8,0,
2017-12-22 05:59:51,0,1,2,25.3,3803.4,39998.8,16866.5,62105.3,24.8,0,
2017-12-22 05:59:54,0,1,2,25.4,3804.0,39998.7,16933.2,62358.9,24.8,0,
2017-12-22 05:59:57,0,1,2,25.4,3804.5,39998.7,16933.2,62358.9,24.8,0,
2017-12-22 06:00:00,0,1,2,25.5,3805.3,39998.7,16999.8,62612.5,24.8,0,
2017-12-22 06:00:04,0,1,2,25.6,3805.9,39998.8,17066.5,62866.2,24.8,0,
2017-12-22 06:00:07,0,1,2,25.6,3806.6,39998.9,17066.5,62866.2,24.8,0,
2017-12-22 06:00:10,0,1,2,25.7,3807.3,39998.7,17133.1,63120.0,24.8,0,
2017-12-22 06:00:13,0,1,2,25.7,3808.0,39999.1,17133.1,63120.0,24.8,0,
2017-12-22 06:00:17,0,1,2,25.8,3808.8,39998.5,17199.8,63373.9,24.8,0,
2017-12-22 06:00:20,0,1,2,25.8,3809.5,39998.5,17199.8,63373.9,24.8,0,
2017-12-22 06:00:23,0,1,2,25.9,3810.0,39998.8,17266.5,63627.8,24.8,0,
2017-12-22 06:00:26,0,1,2,25.9,3810.7,39998.7,17266.5,63627.8,24.8,0,
2017-12-22 06:00:29,0,1,2,26.0,3811.5,39998.8,17333.1,63881.9,24.8,0,
2017-12-22 06:00:32,0,1,2,26.0,3812.1,39998.8,17333.1,63881.9,24.8,0,
2017-12-22 06:00:36,0,1,2,26.1,3812.8,39998.7,17399.8,64136.0,24.8,0,
2017-12-22 06:00:39,0,1,2,26.1,3813.5,39998.5,17399.8,64136.0,24.8,0,
2017-12-22 06:00:42,0,1,2,26.2,3814.2,39998.5,17466.5,64390.3,24.8,0,
2017-12-22 06:00:45,0,1,2,26.2,3815.0,39998.6,17466.5,64390.3,24.8,0,
2017-12-22 06:00:48,0,1,2,26.3,3815.7,39998.7,17533.1,64644.6,24.8,0,
2017-12-22 06:00:51,0,1,2,26.3,3816.4,39998.5,17533.1,64644.6,24.8,0,
2017-12-22 06:00:54,0,1,2,26.4,3817.0,39998.8,17599.8,64899.0,24.8,0,
2017-12-22 06:00:57,0,1,2,26.5,3817.7,39998.7,17666.4,65153.5,24.8,0,
2017-12-22 06:01:01,0,1,2,26.5,3818.6,39998.6,17666.4,65153.5,24.8,0,
2017-12-22 06:01:04,0,1,2,26.6,3819.2,39998.7,17733.1,65408.1,24.8,0,
2017-12-22 06:01:07,0,1,2,26.6,3820.2,39998.4,17733.1,65408.1,24.8,0,
2017-12-22 06:01:10,0,1,2,26.7,3820.7,39998.7,17799.8,65662.8,24.8,0,
2017-12-22 06:01:14,0,1,2,26.7,3821.6,39998.7,17799.8,65662.8,24.8,0,
2017-12-22 06:01:17,0,1,2,26.8,3822.4,39998.7,17866.4,65917.6,24.8,0,
2017-12-22 06:01:20,0,1,2,26.8,3823.1,39998.7,17866.4,65917.6,24.8,0,
2017-12-22 06:01:23,0,1,2,26.9,3823.9,39998.7,17933.1,66172.4,24.8,0,
2017-12-22 06:01:26,0,1,2,26.9,3824.6,39998.7,17933.1,66172.4,24.8,0,
2017-12-22 06:01:29,0,1,2,27.0,3825.3,39998.6,17999.8,66427.4,24.8,0,
2017-12-22 06:01:32,0,1,2,27.0,3826.0,39998.7,17999.8,66427.4,24.8,0,
2017-12-22 06:01:36,0,1,2,27.1,3826.7,39998.9,18066.4,66682.5,24.8,0,
2017-12-22 06:01:39,0,1,2,27.1,3827.5,39998.5,18066.4,66682.5,24.8,0,
2017-12-22 06:01:42,0,1,2,27.2,3828.1,39998.7,18133.1,66937.6,24.8,0,
2017-12-22 06:01:45,0,1,2,27.2,3829.1,39998.6,18133.1,66937.6,24.9,0,
2017-12-22 06:01:48,0,1,2,27.3,3829.7,39998.7,18199.7,67192.9,24.9,0,
2017-12-22 06:01:51,0,1,2,27.3,3830.6,39998.5,18199.7,67192.9,24.9,0,
2017-12-22 06:01:55,0,1,2,27.4,3831.3,39998.7,18266.4,67448.2,24.9,0,
2017-12-22 06:01:58,0,1,2,27.5,3832.0,39998.7,18333.1,67703.7,24.9,0,
2017-12-22 06:02:01,0,1,2,27.5,3833.0,39998.6,18333.1,67703.7,24.9,0,
2017-12-22 06:02:04,0,1,2,27.6,3833.7,39998.7,18399.7,67959.2,24.9,0,
2017-12-22 06:02:07,0,1,2,27.6,3834.4,39998.7,18399.7,67959.2,24.9,0,
2017-12-22 06:02:10,0,1,2,27.7,3835.2,39998.7,18466.4,68214.9,24.9,0,
2017-12-22 06:02:14,0,1,2,27.7,3836.2,39998.6,18466.4,68214.9,24.9,0,
2017-12-22 06:02:17,0,1,2,27.8,3836.9,39998.7,18533.1,68470.6,24.9,0,
2017-12-22 06:02:20,0,1,2,27.8,3837.7,39998.5,18533.1,68470.6,24.9,0,
2017-12-22 06:02:23,0,1,2,27.9,3838.3,39998.6,18599.7,68726.5,24.9,0,
2017-12-22 06:02:26,0,1,2,27.9,3839.1,39998.7,18599.7,68726.5,24.9,0,
2017-12-22 06:02:29,0,1,2,28.0,3840.0,39998.7,18666.4,68982.5,24.9,0,
2017-12-22 06:02:32,0,1,2,28.0,3840.7,39998.3,18666.4,68982.5,25.0,0,
2017-12-22 06:02:35,0,1,2,28.1,3841.5,39998.7,18733.0,69238.5,25.0,0,
2017-12-22 06:02:38,0,1,2,28.1,3842.4,39998.2,18733.0,69238.5,25.0,0,
2017-12-22 06:02:41,0,1,2,28.2,3843.0,39998.6,18799.7,69494.7,25.0,0,
2017-12-22 06:02:44,0,1,2,28.2,3843.9,39998.3,18799.7,69494.7,25.0,0,
2017-12-22 06:02:47,0,1,2,28.3,3844.7,39998.5,18866.4,69750.9,25.0,0,
2017-12-22 06:02:51,0,1,2,28.3,3845.6,39998.8,18866.4,69750.9,25.0,0,
2017-12-22 06:02:54,0,1,2,28.4,3846.3,39998.5,18933.0,70007.3,25.0,0,
2017-12-22 06:02:57,0,1,2,28.4,3847.0,39998.5,18933.0,70007.3,25.0,0,
2017-12-22 06:03:00,0,1,2,28.5,3847.9,39998.6,18999.7,70263.7,25.0,0,
2017-12-22 06:03:03,0,1,2,28.5,3848.6,39998.6,18999.7,70263.7,25.0,0,
2017-12-22 06:03:06,0,1,2,28.6,3849.4,39998.5,19066.3,70520.3,25.0,0,
2017-12-22 06:03:09,0,1,2,28.6,3850.4,39998.4,19066.3,70520.3,24.9,0,
2017-12-22 06:03:12,0,1,2,28.7,3851.1,39998.5,19133.0,70777.0,24.9,0,
2017-12-22 06:03:16,0,1,2,28.8,3852.1,39998.3,19199.7,71033.8,24.9,0,
2017-12-22 06:03:19,0,1,2,28.8,3852.9,39998.6,19199.7,71033.8,24.8,0,
2017-12-22 06:03:22,0,1,2,28.9,3853.9,39998.5,19266.3,71290.6,24.8,0,
2017-12-22 06:03:25,0,1,2,28.9,3854.7,39998.2,19266.3,71290.6,24.8,0,
2017-12-22 06:03:28,0,1,2,29.0,3855.5,39998.6,19333.0,71547.6,24.8,0,
2017-12-22 06:03:31,0,1,2,29.0,3856.4,39998.5,19333.0,71547.6,24.8,0,
2017-12-22 06:03:34,0,1,2,29.1,3857.2,39998.4,19399.7,71804.8,24.8,0,
2017-12-22 06:03:38,0,1,2,29.1,3858.1,39998.2,19399.7,71804.8,24.8,0,
2017-12-22 06:03:41,0,1,2,29.2,3858.8,39998.2,19466.3,72062.0,24.8,0,
2017-12-22 06:03:44,0,1,2,29.2,3859.5,39998.5,19466.3,72062.0,24.9,0,
2017-12-22 06:03:47,0,1,2,29.3,3860.5,39998.0,19533.0,72319.3,24.8,0,
2017-12-22 06:03:50,0,1,2,29.3,3861.4,39998.5,19533.0,72319.3,24.9,0,
2017-12-22 06:03:53,0,1,2,29.4,3862.4,39998.3,19599.6,72576.7,24.9,0,
2017-12-22 06:03:56,0,1,2,29.4,3863.1,39998.6,19599.6,72576.7,24.9,0,
2017-12-22 06:03:59,0,1,2,29.5,3864.0,39998.5,19666.3,72834.3,24.9,0,
2017-12-22 06:04:02,0,1,2,29.5,3864.9,39998.3,19666.3,72834.3,24.9,0,
2017-12-22 06:04:05,0,1,2,29.6,3865.6,39998.3,19733.0,73091.9,24.9,0,
2017-12-22 06:04:08,0,1,2,29.6,3866.6,39998.1,19733.0,73091.9,24.9,0,
2017-12-22 06:04:12,0,1,2,29.7,3867.4,39998.5,19799.6,73349.7,24.9,0,
2017-12-22 06:04:15,0,1,2,29.7,3868.4,39999.0,19799.6,73349.7,24.9,0,
2017-12-22 06:04:18,0,1,2,29.8,3869.3,39998.5,19866.3,73607.6,24.9,0,
2017-12-22 06:04:21,0,1,2,29.8,3870.1,39998.2,19866.3,73607.6,25.0,0,
2017-12-22 06:04:24,0,1,2,29.9,3871.1,39998.3,19932.9,73865.6,25.0,0,
2017-12-22 06:04:27,0,1,2,30.0,3872.0,39998.3,19999.6,74123.7,25.0,0,
2017-12-22 06:04:30,0,1,2,30.0,3872.9,39998.3,19999.6,74123.7,25.0,0,
2017-12-22 06:04:34,0,1,2,30.1,3873.8,39998.5,20066.3,74381.9,25.0,0,
2017-12-22 06:04:37,0,1,2,30.1,3874.7,39998.2,20066.3,74381.9,25.0,0,
2017-12-22 06:04:40,0,1,2,30.2,3875.5,39998.2,20132.9,74640.3,25.0,0,
2017-12-22 06:04:43,0,1,2,30.2,3876.4,39998.4,20132.9,74640.3,25.0,0,
2017-12-22 06:04:46,0,1,2,30.3,3877.1,39998.2,20199.6,74898.7,25.0,0,
2017-12-22 06:04:49,0,1,2,30.3,3878.0,39998.2,20199.6,74898.7,25.0,0,
2017-12-22 06:04:52,0,1,2,30.4,3878.9,39998.3,20266.2,75157.3,25.0,0,
2017-12-22 06:04:55,0,1,2,30.4,3880.0,39998.2,20266.2,75157.3,25.0,0,
2017-12-22 06:04:58,0,1,2,30.5,3880.8,39998.7,20332.9,75416.0,25.0,0,
2017-12-22 06:05:01,0,1,2,30.5,3881.9,39998.3,20332.9,75416.0,25.0,0,
2017-12-22 06:05:05,0,1,2,30.6,3882.7,39998.2,20399.6,75674.8,25.0,0,
2017-12-22 06:05:08,0,1,2,30.6,3883.8,39998.2,20399.6,75674.8,24.9,0,
2017-12-22 06:05:11,0,1,2,30.7,3884.7,39998.3,20466.2,75933.7,24.9,0,
2017-12-22 06:05:14,0,1,2,30.7,3885.5,39998.2,20466.2,75933.7,25.0,0,
2017-12-22 06:05:17,0,1,2,30.8,3886.4,39998.2,20532.9,76192.7,24.9,0,
2017-12-22 06:05:20,0,1,2,30.8,3887.5,39998.5,20532.9,76192.7,24.9,0,
2017-12-22 06:05:24,0,1,2,30.9,3888.5,39998.3,20599.6,76451.9,25.0,0,
2017-12-22 06:05:27,0,1,2,30.9,3889.2,39998.7,20599.6,76451.9,25.0,0,
2017-12-22 06:05:30,0,1,2,31.0,3890.2,39998.3,20666.2,76711.2,25.0,0,
2017-12-22 06:05:33,0,1,2,31.0,3891.1,39998.2,20666.2,76711.2,25.0,0,
2017-12-22 06:05:36,0,1,2,31.1,3892.0,39998.6,20732.9,76970.6,25.0,0,
2017-12-22 06:05:39,0,1,2,31.1,3893.0,39998.2,20732.9,76970.6,25.0,0,
2017-12-22 06:05:42,0,1,2,31.2,3894.0,39998.1,20799.5,77230.1,25.0,0,
2017-12-22 06:05:45,0,1,2,31.2,3894.9,39998.2,20799.5,77230.1,25.0,0,
2017-12-22 06:05:48,0,1,2,31.3,3895.8,39996.1,20866.2,77489.7,24.9,0,
2017-12-22 06:05:51,0,1,2,31.4,3896.7,39995.9,20932.9,77749.5,25.0,0,
2017-12-22 06:05:54,0,1,2,31.4,3897.6,39996.9,20932.9,77749.5,24.9,0,
2017-12-22 06:05:57,0,1,2,31.5,3898.5,39996.0,20999.5,78009.3,24.9,0,
2017-12-22 06:06:01,0,1,2,31.5,3899.6,39995.8,20999.5,78009.3,25.0,0,
2017-12-22 06:06:04,0,1,2,31.6,3900.1,39412.3,21065.3,78266.1,25.0,0,
2017-12-22 06:06:07,0,1,2,31.6,3900.1,38249.9,21065.3,78266.1,25.0,0,
2017-12-22 06:06:10,0,1,2,31.7,3900.0,37300.5,21127.8,78509.7,25.0,0,
2017-12-22 06:06:13,0,1,2,31.7,3899.9,36361.1,21127.8,78509.7,25.0,0,
2017-12-22 06:06:16,0,1,2,31.8,3900.0,35728.7,21187.5,78742.6,25.0,0,
2017-12-22 06:06:19,0,1,2,31.8,3900.0,34932.3,21187.5,78742.6,25.0,0,
2017-12-22 06:06:22,0,1,2,31.9,3899.8,34171.5,21244.9,78966.2,25.0,0,
2017-12-22 06:06:25,0,1,2,31.9,3900.1,33643.5,21244.9,78966.2,25.0,0,
2017-12-22 06:06:29,0,1,2,32.0,3900.0,33059.3,21300.1,79181.7,25.0,0,
2017-12-22 06:06:32,0,1,2,32.0,3900.1,32324.4,21300.1,79181.7,25.0,0,
2017-12-22 06:06:35,0,1,2,32.1,3900.0,31680.0,21353.4,79389.7,25.0,0,
2017-12-22 06:06:38,0,1,2,32.1,3900.1,31129.1,21353.4,79389.7,25.0,0,
2017-12-22 06:06:41,0,1,2,32.2,3900.1,30586.5,21404.8,79590.0,25.0,0,
2017-12-22 06:06:44,0,1,2,32.2,3899.9,30055.6,21404.8,79590.0,25.0,0,
2017-12-22 06:06:47,0,1,2,32.3,3900.2,29606.5,21454.4,79783.4,25.0,0,
2017-12-22 06:06:50,0,1,2,32.3,3900.0,29090.7,21454.4,79783.4,25.0,0,
2017-12-22 06:06:53,0,1,2,32.4,3900.2,28585.3,21502.5,79971.1,25.0,0,
2017-12-22 06:06:56,0,1,2,32.4,3899.8,27948.6,21502.5,79971.1,25.0,0,
2017-12-22 06:07:00,0,1,2,32.5,3899.9,27529.1,21549.1,80152.7,25.0,0,
2017-12-22 06:07:03,0,1,2,32.5,3900.1,27050.2,21549.1,80152.7,25.0,0,
2017-12-22 06:07:06,0,1,2,32.6,3900.0,26579.0,21594.1,80328.1,25.0,0,
2017-12-22 06:07:09,0,1,2,32.6,3899.9,26066.9,21594.1,80328.1,25.0,0,
2017-12-22 06:07:12,0,1,2,32.7,3900.0,25662.9,21637.5,80497.4,25.0,0,
2017-12-22 06:07:16,0,1,2,32.8,3900.0,25278.7,21679.6,80661.8,25.0,0,
2017-12-22 06:07:19,0,1,2,32.8,3899.9,24777.6,21679.6,80661.8,25.0,0,
2017-12-22 06:07:22,0,1,2,32.9,3899.9,24294.6,21720.2,80820.1,25.0,0,
2017-12-22 06:07:25,0,1,2,32.9,3900.1,24041.2,21720.2,80820.1,25.0,0,
2017-12-22 06:07:28,0,1,2,33.0,3899.9,23454.9,21759.6,80973.7,25.0,0,
2017-12-22 06:07:32,0,1,2,33.0,3899.9,23095.6,21759.6,80973.7,25.0,0,
2017-12-22 06:07:35,0,1,2,33.1,3900.0,22693.4,21797.8,81122.7,25.0,0,
2017-12-22 06:07:38,0,1,2,33.1,3899.9,22298.8,21797.8,81122.7,25.0,0,
2017-12-22 06:07:41,0,1,2,33.2,3900.0,21974.9,21834.7,81266.5,25.0,0,
2017-12-22 06:07:44,0,1,2,33.2,3900.0,21582.9,21834.7,81266.5,25.0,0,
2017-12-22 06:07:48,0,1,2,33.3,3900.1,21260.1,21870.5,81406.1,25.0,0,
2017-12-22 06:07:51,0,1,2,33.3,3899.8,20787.8,21870.5,81406.1,25.0,0,
2017-12-22 06:07:54,0,1,2,33.4,3900.1,20526.5,21905.1,81541.2,25.0,0,
2017-12-22 06:07:57,0,1,2,33.4,3899.9,20120.6,21905.1,81541.2,24.9,0,
2017-12-22 06:08:00,0,1,2,33.5,3900.0,19818.1,21938.6,81671.7,24.9,0,
2017-12-22 06:08:03,0,1,2,33.5,3900.1,19472.9,21938.6,81671.7,24.9,0,
2017-12-22 06:08:06,0,1,2,33.6,3900.1,19182.5,21970.9,81797.7,24.9,0,
2017-12-22 06:08:09,0,1,2,33.7,3900.0,18857.1,22002.3,81920.3,24.9,0,
2017-12-22 06:08:12,0,1,2,33.7,3900.1,18613.4,22002.3,81920.3,24.9,0,
2017-12-22 06:08:16,0,1,2,33.8,3900.0,18335.8,22032.9,82039.5,24.9,0,
2017-12-22 06:08:19,0,1,2,33.8,3900.1,17979.1,22032.9,82039.5,24.9,0,
2017-12-22 06:08:22,0,1,2,33.9,3899.9,17657.6,22062.3,82154.3,24.9,0,
2017-12-22 06:08:25,0,1,2,33.9,3900.1,17393.5,22062.3,82154.3,24.9,0,
2017-12-22 06:08:28,0,1,2,34.0,3900.0,17090.3,22090.9,82265.6,24.8,0,
2017-12-22 06:08:31,0,1,2,34.0,3899.9,16834.4,22090.9,82265.6,24.8,0,
2017-12-22 06:08:34,0,1,2,34.1,3900.0,16592.2,22118.7,82374.0,24.9,0,
2017-12-22 06:08:38,0,1,2,34.1,3899.9,16212.4,22118.7,82374.0,24.9,0,
2017-12-22 06:08:41,0,1,2,34.2,3899.9,16051.5,22145.5,82478.9,24.9,0,
2017-12-22 06:08:44,0,1,2,34.2,3900.1,15770.4,22145.5,82478.9,24.9,0,
2017-12-22 06:08:47,0,1,2,34.3,3899.8,15495.8,22171.4,82579.8,24.9,0,
2017-12-22 06:08:50,0,1,2,34.3,3900.1,15225.8,22171.4,82579.8,24.9,0,
2017-12-22 06:08:53,0,1,2,34.4,3900.0,14968.8,22196.6,82677.8,24.9,0,
2017-12-22 06:08:56,0,1,2,34.4,3900.1,14736.9,22196.6,82677.8,25.0,0,
2017-12-22 06:09:00,0,1,2,34.5,3900.0,14515.8,22220.9,82772.9,25.0,0,
2017-12-22 06:09:03,0,1,2,34.5,3899.9,14263.5,22220.9,82772.9,25.0,0,
2017-12-22 06:09:06,0,1,2,34.6,3899.9,14016.3,22244.7,82865.6,25.0,0,
2017-12-22 06:09:09,0,1,2,34.6,3900.0,13771.6,22244.7,82865.6,25.0,0,
2017-12-22 06:09:12,0,1,2,34.7,3900.0,13536.6,22267.7,82955.1,24.9,0,
2017-12-22 06:09:16,0,1,2,34.8,3900.0,13329.7,22289.9,83042.0,24.9,0,
2017-12-22 06:09:19,0,1,2,34.8,3900.1,13129.4,22289.9,83042.0,24.9,0,
2017-12-22 06:09:22,0,1,2,34.9,3900.0,12933.6,22311.5,83126.1,24.9,0,
2017-12-22 06:09:25,0,1,2,34.9,3900.1,12682.5,22311.5,83126.1,24.9,0,
2017-12-22 06:09:28,0,1,2,35.0,3899.9,12455.7,22332.4,83207.4,24.9,0,
2017-12-22 06:09:31,0,1,2,35.0,3900.0,12300.2,22332.4,83207.4,24.9,0,
2017-12-22 06:09:34,0,1,2,35.1,3899.9,12146.3,22352.8,83287.0,24.9,0,
2017-12-22 06:09:38,0,1,2,35.1,3900.2,12000.4,22352.8,83287.0,24.9,0,
2017-12-22 06:09:41,0,1,2,35.2,3900.1,11697.8,22372.4,83363.8,24.9,0,
2017-12-22 06:09:44,0,1,2,35.2,3899.9,11492.9,22372.4,83363.8,24.8,0,
2017-12-22 06:09:47,0,1,2,35.3,3900.0,11406.4,22391.5,83438.1,24.9,0,
2017-12-22 06:09:50,0,1,2,35.3,3900.0,11213.6,22391.5,83438.1,24.8,0,
2017-12-22 06:09:53,0,1,2,35.4,3900.0,11013.8,22410.0,83510.1,24.9,0,
2017-12-22 06:09:57,0,1,2,35.4,3900.1,10903.6,22410.0,83510.1,24.9,0,
2017-12-22 06:10:00,0,1,2,35.5,3900.1,10659.8,22428.0,83580.4,24.8,0,
2017-12-22 06:10:03,0,1,2,35.5,3899.9,10421.6,22428.0,83580.4,24.9,0,
2017-12-22 06:10:06,0,1,2,35.6,3899.9,10290.8,22445.3,83648.0,24.8,0,
2017-12-22 06:10:09,0,1,2,35.6,3900.1,10188.9,22445.3,83648.0,24.9,0,
2017-12-22 06:10:12,0,1,2,35.7,3899.9,10000.0,22462.2,83713.9,24.8,5,终止电流到
2017-12-22 06:10:13,0,1,2,35.7,3893.0,4.9,22462.2,83713.9,24.8,5,终止电流到
2017-12-22 06:10:15,0,1,2,35.8,3891.5,4.2,22462.2,83714.0,24.8,5,终止电流到
2017-12-22 06:10:18,0,1,2,35.8,3890.4,2.5,22462.2,83714.0,24.8,5,终止电流到
2017-12-22 06:10:22,0,1,2,35.9,3889.8,3.1,22462.2,83714.0,24.8,5,终止电流到
2017-12-22 06:10:25,0,1,2,35.9,3889.2,2.0,22462.2,83714.0,24.8,5,终止电流到
2017-12-22 06:10:28,0,1,2,36.0,3888.5,1.9,22462.2,83714.0,24.8,5,终止电流到
2017-12-22 06:10:31,0,1,2,36.0,3888.0,3.6,22462.2,83714.0,24.8,5,终止电流到
2017-12-22 06:10:34,0,1,2,36.1,3887.8,1.7,22462.2,83714.0,24.8,5,终止电流到
2017-12-22 06:10:37,0,1,2,36.1,3887.3,3.4,22462.2,83714.0,24.8,5,终止电流到
2017-12-22 06:10:40,0,1,2,36.2,3887.2,3.4,22462.3,83714.0,24.8,5,终止电流到
2017-12-22 06:10:43,0,1,2,36.2,3886.8,3.1,22462.3,83714.0,24.8,5,终止电流到
2017-12-22 06:10:46,0,1,2,36.3,3886.4,2.6,22462.3,83714.0,24.8,5,终止电流到
2017-12-22 06:10:50,0,1,2,36.3,3886.3,3.2,22462.3,83714.0,24.8,5,终止电流到
2017-12-22 06:10:53,0,1,2,36.4,3886.1,3.6,22462.3,83714.1,24.8,5,终止电流到
2017-12-22 06:10:56,0,1,2,36.4,3885.9,3.4,22462.3,83714.1,24.8,5,终止电流到
2017-12-22 06:10:59,0,1,2,36.5,3885.8,3.2,22462.3,83714.1,24.8,5,终止电流到
2017-12-22 06:11:02,0,1,2,36.5,3885.6,2.3,22462.3,83714.1,24.8,5,终止电流到
2017-12-22 06:11:07,0,2,3,0.0,3885.3,0,0.0,0.0,24.8,0,
2017-12-22 06:11:30,0,2,3,0.4,3884.6,24.5,0.0,0.0,24.8,0,
2017-12-22 06:11:33,0,2,3,0.4,3884.6,22.6,0.0,0.0,24.7,0,
2017-12-22 06:11:36,0,2,3,0.5,3884.5,24.3,0.0,0.0,24.7,0,
2017-12-22 06:11:39,0,2,3,0.5,3884.4,23.8,0.0,0.0,24.8,0,
2017-12-22 06:11:42,0,2,3,0.6,3884.2,23.8,0.0,0.0,24.8,0,
2017-12-22 06:11:45,0,2,3,0.6,3884.1,23.9,0.0,0.0,24.8,0,
2017-12-22 06:11:49,0,2,3,0.7,3884.2,23.3,0.0,0.0,24.8,0,
2017-12-22 06:11:52,0,2,3,0.7,3884.2,22.5,0.0,0.0,24.8,0,
2017-12-22 06:11:55,0,2,3,0.8,3884.0,23.8,0.0,0.0,24.8,0,
2017-12-22 06:11:58,0,2,3,0.8,3883.9,22.5,0.0,0.0,24.8,0,
2017-12-22 06:12:01,0,2,3,0.9,3883.8,22.7,0.0,0.0,24.8,0,
2017-12-22 06:12:04,0,2,3,0.9,3883.9,23.5,0.0,0.0,24.8,0,
2017-12-22 06:12:07,0,2,3,1.0,3883.8,22.7,0.0,0.0,24.7,0,
2017-12-22 06:12:08,0,2,3,1.0,3883.7,23.6,0.0,0.0,24.8,1,时间到
2017-12-22 06:12:12,0,3,4,0.0,3883.6,0,0.0,0.0,24.8,0,
2017-12-22 06:12:34,0,3,4,0.4,3833.5,-40002.5,266.7,1024.9,24.7,0,
2017-12-22 06:12:38,0,3,4,0.4,3831.0,-40000.1,266.7,1024.9,24.8,0,
2017-12-22 06:12:41,0,3,4,0.5,3828.6,-39999.8,333.3,1280.2,24.8,0,
2017-12-22 06:12:44,0,3,4,0.5,3826.3,-39999.7,333.3,1280.2,24.7,0,
2017-12-22 06:12:47,0,3,4,0.6,3824.4,-39999.8,400.0,1535.1,24.7,0,
2017-12-22 06:12:50,0,3,4,0.6,3822.3,-40000.2,400.0,1535.1,24.7,0,
2017-12-22 06:12:53,0,3,4,0.7,3820.6,-40000.2,466.7,1789.9,24.8,0,
2017-12-22 06:12:56,0,3,4,0.7,3818.8,-40000.5,466.7,1789.9,24.8,0,
2017-12-22 06:13:00,0,3,4,0.8,3816.9,-40000.6,533.3,2044.4,24.8,0,
2017-12-22 06:13:03,0,3,4,0.8,3815.2,-40000.1,533.3,2044.4,24.8,0,
2017-12-22 06:13:06,0,3,4,0.9,3813.6,-40000.4,600.0,2298.7,24.8,0,
2017-12-22 06:13:09,0,3,4,0.9,3812.1,-40000.4,600.0,2298.7,24.8,0,
2017-12-22 06:13:12,0,3,4,1.0,3810.6,-40000.2,666.7,2552.8,24.8,0,
2017-12-22 06:13:15,0,3,4,1.0,3809.1,-40001.0,666.7,2552.8,24.8,0,
2017-12-22 06:13:18,0,3,4,1.1,3807.5,-40000.2,733.3,2806.7,24.8,0,
2017-12-22 06:13:22,0,3,4,1.1,3806.1,-40000.5,733.3,2806.7,24.8,0,
2017-12-22 06:13:25,0,3,4,1.2,3804.6,-40000.4,800.0,3060.4,24.8,0,
2017-12-22 06:13:28,0,3,4,1.2,3803.1,-40000.3,800.0,3060.4,24.7,0,
2017-12-22 06:13:31,0,3,4,1.3,3801.6,-40001.1,866.7,3314.0,24.8,0,
2017-12-22 06:13:34,0,3,4,1.3,3800.4,-40000.5,866.7,3314.0,24.8,0,
2017-12-22 06:13:37,0,3,4,1.4,3798.8,-40000.8,933.3,3567.3,24.8,0,
2017-12-22 06:13:40,0,3,4,1.5,3797.6,-40000.5,1000.0,3820.5,24.8,0,
2017-12-22 06:13:44,0,3,4,1.5,3795.9,-40000.7,1000.0,3820.5,24.8,0,
2017-12-22 06:13:47,0,3,4,1.6,3794.7,-40000.5,1066.7,4073.5,24.8,0,
2017-12-22 06:13:50,0,3,4,1.6,3793.2,-40000.4,1066.7,4073.5,24.8,0,
2017-12-22 06:13:53,0,3,4,1.7,3791.8,-40000.7,1133.3,4326.3,24.8,0,
2017-12-22 06:13:56,0,3,4,1.7,3790.6,-40000.5,1133.3,4326.3,24.7,0,
2017-12-22 06:14:00,0,3,4,1.8,3789.2,-40000.6,1200.0,4579.0,24.7,0,
2017-12-22 06:14:03,0,3,4,1.8,3787.7,-40000.8,1200.0,4579.0,24.8,0,
2017-12-22 06:14:06,0,3,4,1.9,3786.4,-40000.8,1266.7,4831.4,24.8,0,
2017-12-22 06:14:09,0,3,4,1.9,3785.0,-40000.6,1266.7,4831.4,24.8,0,
2017-12-22 06:14:12,0,3,4,2.0,3783.8,-40001.1,1333.4,5083.7,24.8,0,
2017-12-22 06:14:15,0,3,4,2.0,3782.3,-40000.8,1333.4,5083.7,24.7,0,
2017-12-22 06:14:18,0,3,4,2.1,3781.1,-40001.0,1400.0,5335.9,24.8,0,
2017-12-22 06:14:22,0,3,4,2.1,3779.7,-40000.7,1400.0,5335.9,24.7,0,
2017-12-22 06:14:25,0,3,4,2.2,3778.3,-40000.8,1466.7,5587.8,24.7,0,
2017-12-22 06:14:28,0,3,4,2.2,3777.1,-40001.0,1466.7,5587.8,24.8,0,
2017-12-22 06:14:31,0,3,4,2.3,3775.7,-40000.5,1533.4,5839.6,24.8,0,
2017-12-22 06:14:34,0,3,4,2.3,3774.2,-40001.0,1533.4,5839.6,24.8,0,
2017-12-22 06:14:37,0,3,4,2.4,3773.0,-40000.3,1600.0,6091.3,24.8,0,
2017-12-22 06:14:40,0,3,4,2.5,3771.6,-40000.8,1666.7,6342.7,24.8,0,
2017-12-22 06:14:44,0,3,4,2.5,3770.4,-40001.0,1666.7,6342.7,24.8,0,
2017-12-22 06:14:47,0,3,4,2.6,3769.2,-40000.5,1733.4,6594.0,24.8,0,
2017-12-22 06:14:50,0,3,4,2.6,3767.7,-40000.8,1733.4,6594.0,24.8,0,
2017-12-22 06:14:53,0,3,4,2.7,3766.4,-40000.5,1800.0,6845.1,24.8,0,
2017-12-22 06:14:56,0,3,4,2.7,3765.2,-40001.0,1800.0,6845.1,24.8,0,
2017-12-22 06:14:59,0,3,4,2.8,3763.9,-40000.6,1866.7,7096.1,24.8,0,
2017-12-22 06:15:02,0,3,4,2.8,3762.5,-40000.5,1866.7,7096.1,24.8,0,
2017-12-22 06:15:06,0,3,4,2.9,3761.2,-40000.8,1933.4,7346.9,24.8,0,
2017-12-22 06:15:09,0,3,4,2.9,3760.0,-40001.0,1933.4,7346.9,24.8,0,
2017-12-22 06:15:12,0,3,4,3.0,3758.6,-40000.9,2000.0,7597.5,24.8,0,
2017-12-22 06:15:15,0,3,4,3.0,3757.3,-40000.8,2000.0,7597.5,24.8,0,
2017-12-22 06:15:18,0,3,4,3.1,3756.1,-40000.7,2066.7,7848.0,24.8,0,
2017-12-22 06:15:21,0,3,4,3.1,3754.8,-40001.0,2066.7,7848.0,24.8,0,
2017-12-22 06:15:24,0,3,4,3.2,3753.6,-40000.7,2133.4,8098.3,24.8,0,
2017-12-22 06:15:28,0,3,4,3.2,3752.4,-40001.1,2133.4,8098.3,24.8,0,
2017-12-22 06:15:31,0,3,4,3.3,3751.1,-40001.3,2200.1,8348.4,24.8,0,
2017-12-22 06:15:34,0,3,4,3.3,3749.9,-40000.9,2200.1,8348.4,24.8,0,
2017-12-22 06:15:37,0,3,4,3.4,3748.6,-40001.0,2266.7,8598.4,24.8,0,
2017-12-22 06:15:40,0,3,4,3.4,3747.4,-40001.0,2266.7,8598.4,24.8,0,
2017-12-22 06:15:43,0,3,4,3.5,3746.1,-40001.4,2333.4,8848.2,24.8,0,
2017-12-22 06:15:46,0,3,4,3.6,3744.9,-40001.0,2400.1,9097.9,24.8,0,
2017-12-22 06:15:49,0,3,4,3.6,3743.7,-40000.7,2400.1,9097.9,24.8,0,
2017-12-22 06:15:53,0,3,4,3.7,3742.5,-40001.0,2466.7,9347.4,24.8,0,
2017-12-22 06:15:56,0,3,4,3.7,3741.4,-40000.7,2466.7,9347.4,24.8,0,
2017-12-22 06:15:59,0,3,4,3.8,3740.2,-40001.8,2533.4,9596.8,24.8,0,
2017-12-22 06:16:02,0,3,4,3.8,3739.1,-40001.2,2533.4,9596.8,24.8,0,
2017-12-22 06:16:05,0,3,4,3.9,3737.7,-40001.5,2600.1,9846.0,24.8,0,
2017-12-22 06:16:08,0,3,4,3.9,3736.6,-40001.5,2600.1,9846.0,24.8,0,
2017-12-22 06:16:11,0,3,4,4.0,3735.5,-40001.0,2666.7,10095.1,24.8,0,
2017-12-22 06:16:15,0,3,4,4.0,3734.2,-40001.5,2666.7,10095.1,24.8,0,
2017-12-22 06:16:18,0,3,4,4.1,3733.1,-40001.6,2733.4,10344.1,24.8,0,
2017-12-22 06:16:21,0,3,4,4.1,3732.2,-40001.7,2733.4,10344.1,24.7,0,
2017-12-22 06:16:24,0,3,4,4.2,3731.0,-40001.3,2800.1,10592.9,24.8,0,
2017-12-22 06:16:27,0,3,4,4.2,3729.9,-40001.0,2800.1,10592.9,24.8,0,
2017-12-22 06:16:30,0,3,4,4.3,3728.7,-40001.5,2866.8,10841.5,24.8,0,
2017-12-22 06:16:33,0,3,4,4.3,3727.5,-40001.1,2866.8,10841.5,24.8,0,
2017-12-22 06:16:37,0,3,4,4.4,3726.6,-40001.6,2933.4,11090.0,24.8,0,
2017-12-22 06:16:40,0,3,4,4.4,3725.5,-40001.2,2933.4,11090.0,24.8,0,
2017-12-22 06:16:43,0,3,4,4.5,3724.3,-40000.9,3000.1,11338.4,24.8,0,
2017-12-22 06:16:46,0,3,4,4.5,3723.3,-40001.6,3000.1,11338.4,24.8,0,
2017-12-22 06:16:49,0,3,4,4.6,3722.3,-40001.2,3066.8,11586.6,24.8,0,
2017-12-22 06:16:52,0,3,4,4.6,3721.2,-40001.4,3066.8,11586.6,24.8,0,
2017-12-22 06:16:55,0,3,4,4.7,3720.0,-40001.5,3133.4,11834.7,24.8,0,
2017-12-22 06:16:58,0,3,4,4.8,3719.1,-40001.4,3200.1,12082.7,24.8,0,
2017-12-22 06:17:02,0,3,4,4.8,3718.1,-40001.5,3200.1,12082.7,24.8,0,
2017-12-22 06:17:05,0,3,4,4.9,3717.0,-40001.4,3266.8,12330.5,24.8,0,
2017-12-22 06:17:08,0,3,4,4.9,3716.0,-40001.4,3266.8,12330.5,24.8,0,
2017-12-22 06:17:11,0,3,4,5.0,3715.0,-40001.2,3333.5,12578.2,24.7,0,
2017-12-22 06:17:14,0,3,4,5.0,3714.0,-40001.7,3333.5,12578.2,24.7,0,
2017-12-22 06:17:17,0,3,4,5.1,3713.1,-40001.4,3400.1,12825.8,24.8,0,
2017-12-22 06:17:20,0,3,4,5.1,3712.0,-40001.2,3400.1,12825.8,24.7,0,
2017-12-22 06:17:24,0,3,4,5.2,3711.2,-40001.2,3466.8,13073.2,24.7,0,
2017-12-22 06:17:27,0,3,4,5.2,3710.2,-40001.3,3466.8,13073.2,24.7,0,
2017-12-22 06:17:30,0,3,4,5.3,3709.2,-40001.5,3533.5,13320.6,24.7,0,
2017-12-22 06:17:33,0,3,4,5.3,3708.1,-40001.6,3533.5,13320.6,24.7,0,
2017-12-22 06:17:36,0,3,4,5.4,3707.2,-40001.3,3600.1,13567.8,24.7,0,
2017-12-22 06:17:39,0,3,4,5.4,3706.2,-40001.8,3600.1,13567.8,24.7,0,
2017-12-22 06:17:42,0,3,4,5.5,3705.4,-40001.5,3666.8,13814.8,24.7,0,
2017-12-22 06:17:46,0,3,4,5.5,3704.3,-40001.7,3666.8,13814.8,24.7,0,
2017-12-22 06:17:49,0,3,4,5.6,3703.4,-40001.1,3733.5,14061.8,24.7,0,
2017-12-22 06:17:52,0,3,4,5.6,3702.6,-40001.2,3733.5,14061.8,24.7,0,
2017-12-22 06:17:55,0,3,4,5.7,3701.6,-40001.8,3800.2,14308.7,24.7,0,
2017-12-22 06:17:58,0,3,4,5.7,3700.7,-40001.5,3800.2,14308.7,24.7,0,
2017-12-22 06:18:01,0,3,4,5.8,3699.8,-40001.5,3866.8,14555.4,24.7,0,
2017-12-22 06:18:04,0,3,4,5.9,3698.9,-40001.7,3933.5,14802.0,24.7,0,
2017-12-22 06:18:07,0,3,4,5.9,3698.2,-40001.4,3933.5,14802.0,24.6,0,
2017-12-22 06:18:11,0,3,4,6.0,3697.1,-40001.7,4000.2,15048.5,24.7,0,
2017-12-22 06:18:14,0,3,4,6.0,3696.2,-40001.2,4000.2,15048.5,24.7,0,
2017-12-22 06:18:17,0,3,4,6.1,3695.4,-40001.8,4066.8,15294.9,24.7,0,
2017-12-22 06:18:20,0,3,4,6.1,3694.5,-40001.7,4066.8,15294.9,24.6,0,
2017-12-22 06:18:23,0,3,4,6.2,3693.7,-40001.5,4133.5,15541.2,24.7,0,
2017-12-22 06:18:26,0,3,4,6.2,3692.8,-40001.5,4133.5,15541.2,24.6,0,
2017-12-22 06:18:29,0,3,4,6.3,3691.9,-40001.8,4200.2,15787.3,24.7,0,
2017-12-22 06:18:33,0,3,4,6.3,3691.1,-40001.7,4200.2,15787.3,24.7,0,
2017-12-22 06:18:36,0,3,4,6.4,3690.3,-40001.5,4266.9,16033.4,24.7,0,
2017-12-22 06:18:39,0,3,4,6.4,3689.4,-40001.9,4266.9,16033.4,24.6,0,
2017-12-22 06:18:42,0,3,4,6.5,3688.7,-40001.8,4333.5,16279.3,24.7,0,
2017-12-22 06:18:45,0,3,4,6.5,3687.9,-40001.9,4333.5,16279.3,24.7,0,
2017-12-22 06:18:48,0,3,4,6.6,3687.0,-40001.8,4400.2,16525.2,24.6,0,
2017-12-22 06:18:51,0,3,4,6.6,3686.1,-40001.5,4400.2,16525.2,24.6,0,
2017-12-22 06:18:54,0,3,4,6.7,3685.3,-40001.7,4466.9,16770.9,24.6,0,
2017-12-22 06:18:58,0,3,4,6.7,3684.6,-40001.5,4466.9,16770.9,24.6,0,
2017-12-22 06:19:01,0,3,4,6.8,3683.7,-40001.8,4533.5,17016.6,24.6,0,
2017-12-22 06:19:04,0,3,4,6.8,3683.0,-40001.8,4533.5,17016.6,24.6,0,
2017-12-22 06:19:07,0,3,4,6.9,3682.0,-40001.5,4600.2,17262.1,24.6,0,
2017-12-22 06:19:10,0,3,4,7.0,3681.3,-40001.5,4666.9,17507.6,24.6,0,
2017-12-22 06:19:13,0,3,4,7.0,3680.5,-40001.2,4666.9,17507.6,24.6,0,
2017-12-22 06:19:17,0,3,4,7.1,3679.8,-40001.5,4733.6,17752.9,24.6,0,
2017-12-22 06:19:20,0,3,4,7.1,3678.9,-40001.8,4733.6,17752.9,24.6,0,
2017-12-22 06:19:23,0,3,4,7.2,3678.2,-40001.7,4800.2,17998.2,24.6,0,
2017-12-22 06:19:26,0,3,4,7.2,3677.4,-40002.5,4800.2,17998.2,24.6,0,
2017-12-22 06:19:29,0,3,4,7.3,3676.6,-40002.2,4866.9,18243.3,24.6,0,
2017-12-22 06:19:32,0,3,4,7.3,3675.9,-40002.4,4866.9,18243.3,24.6,0,
2017-12-22 06:19:35,0,3,4,7.4,3675.2,-40001.7,4933.6,18488.3,24.7,0,
2017-12-22 06:19:38,0,3,4,7.4,3674.4,-40001.8,4933.6,18488.3,24.6,0,
2017-12-22 06:19:41,0,3,4,7.5,3673.6,-40001.8,5000.3,18733.3,24.6,0,
2017-12-22 06:19:45,0,3,4,7.5,3672.9,-40001.8,5000.3,18733.3,24.7,0,
2017-12-22 06:19:48,0,3,4,7.6,3672.0,-40001.6,5066.9,18978.2,24.7,0,
2017-12-22 06:19:51,0,3,4,7.6,3671.5,-40001.5,5066.9,18978.2,24.7,0,
2017-12-22 06:19:54,0,3,4,7.7,3670.7,-40001.8,5133.6,19222.9,24.7,0,
2017-12-22 06:19:57,0,3,4,7.7,3669.8,-40002.3,5133.6,19222.9,24.7,0,
2017-12-22 06:20:00,0,3,4,7.8,3669.1,-40001.5,5200.3,19467.6,24.7,0,
2017-12-22 06:20:03,0,3,4,7.8,3668.3,-40001.8,5200.3,19467.6,24.7,0,
2017-12-22 06:20:07,0,3,4,7.9,3667.7,-40001.2,5266.9,19712.1,24.7,0,
2017-12-22 06:20:10,0,3,4,7.9,3667.0,-40001.9,5266.9,19712.1,24.7,0,
2017-12-22 06:20:13,0,3,4,8.0,3666.2,-40001.8,5333.6,19956.6,24.7,0,
2017-12-22 06:20:16,0,3,4,8.1,3665.4,-40001.7,5400.3,20201.0,24.7,0,
2017-12-22 06:20:19,0,3,4,8.1,3664.9,-40001.5,5400.3,20201.0,24.7,0,
2017-12-22 06:20:23,0,3,4,8.2,3664.0,-40001.9,5467.0,20445.3,24.8,0,
2017-12-22 06:20:26,0,3,4,8.2,3663.3,-40001.5,5467.0,20445.3,24.7,0,
2017-12-22 06:20:29,0,3,4,8.3,3662.6,-40002.0,5533.6,20689.5,24.7,0,
2017-12-22 06:20:32,0,3,4,8.3,3661.8,-40001.4,5533.6,20689.5,24.7,0,
2017-12-22 06:20:35,0,3,4,8.4,3661.2,-40002.2,5600.3,20933.6,24.7,0,
2017-12-22 06:20:38,0,3,4,8.4,3660.5,-40000.8,5600.3,20933.6,24.7,0,
2017-12-22 06:20:41,0,3,4,8.5,3659.8,-40000.8,5667.0,21177.6,24.7,0,
2017-12-22 06:20:45,0,3,4,8.5,3659.1,-40001.3,5667.0,21177.6,24.7,0,
2017-12-22 06:20:48,0,3,4,8.6,3658.3,-40001.6,5733.7,21421.6,24.7,0,
2017-12-22 06:20:51,0,3,4,8.6,3657.7,-40001.8,5733.7,21421.6,24.7,0,
2017-12-22 06:20:54,0,3,4,8.7,3657.1,-40001.5,5800.3,21665.4,24.6,0,
2017-12-22 06:20:57,0,3,4,8.7,3656.3,-40001.1,5800.3,21665.4,24.7,0,
2017-12-22 06:21:00,0,3,4,8.8,3655.7,-40001.9,5867.0,21909.1,24.7,0,
2017-12-22 06:21:03,0,3,4,8.8,3655.0,-40001.7,5867.0,21909.1,24.7,0,
2017-12-22 06:21:06,0,3,4,8.9,3654.4,-40001.9,5933.7,22152.8,24.7,0,
2017-12-22 06:21:10,0,3,4,8.9,3653.6,-40001.7,5933.7,22152.8,24.7,0,
2017-12-22 06:21:13,0,3,4,9.0,3653.0,-40001.3,6000.3,22396.4,24.7,0,
2017-12-22 06:21:16,0,3,4,9.0,3652.3,-40001.5,6000.3,22396.4,24.7,0,
2017-12-22 06:21:19,0,3,4,9.1,3651.6,-40001.5,6067.0,22639.9,24.7,0,
2017-12-22 06:21:22,0,3,4,9.1,3651.1,-40001.5,6067.0,22639.9,24.7,0,
2017-12-22 06:21:25,0,3,4,9.2,3650.4,-40001.2,6133.7,22883.3,24.7,0,
2017-12-22 06:21:28,0,3,4,9.3,3649.6,-40001.8,6200.4,23126.7,24.7,0,
2017-12-22 06:21:32,0,3,4,9.3,3649.1,-40001.5,6200.4,23126.7,24.7,0,
2017-12-22 06:21:35,0,3,4,9.4,3648.4,-40002.0,6267.0,23369.9,24.7,0,
2017-12-22 06:21:38,0,3,4,9.4,3647.8,-40002.0,6267.0,23369.9,24.7,0,
2017-12-22 06:21:41,0,3,4,9.5,3647.1,-40001.3,6333.7,23613.1,24.7,0,
2017-12-22 06:21:44,0,3,4,9.5,3646.5,-40001.7,6333.7,23613.1,24.7,0,
2017-12-22 06:21:47,0,3,4,9.6,3645.8,-40001.7,6400.4,23856.2,24.7,0,
2017-12-22 06:21:51,0,3,4,9.6,3645.1,-40000.8,6400.4,23856.2,24.7,0,
2017-12-22 06:21:54,0,3,4,9.7,3644.5,-40001.0,6467.0,24099.2,24.6,0,
2017-12-22 06:21:57,0,3,4,9.7,3644.0,-40001.0,6467.0,24099.2,24.7,0,
2017-12-22 06:22:00,0,3,4,9.8,3643.4,-40001.2,6533.7,24342.1,24.7,0,
2017-12-22 06:22:03,0,3,4,9.8,3642.7,-40001.2,6533.7,24342.1,24.7,0,
2017-12-22 06:22:06,0,3,4,9.9,3642.0,-40001.0,6600.4,24584.9,24.7,0,
2017-12-22 06:22:09,0,3,4,9.9,3641.4,-40001.5,6600.4,24584.9,24.7,0,
2017-12-22 06:22:13,0,3,4,10.0,3640.8,-40000.8,6667.1,24827.7,24.7,0,
2017-12-22 06:22:16,0,3,4,10.0,3640.2,-40000.6,6667.1,24827.7,24.7,0,
2017-12-22 06:22:19,0,3,4,10.1,3639.6,-40001.2,6733.7,25070.4,24.7,0,
2017-12-22 06:22:22,0,3,4,10.1,3639.0,-40001.4,6733.7,25070.4,24.7,0,
2017-12-22 06:22:25,0,3,4,10.2,3638.4,-40001.8,6800.4,25313.0,24.7,0,
2017-12-22 06:22:28,0,3,4,10.2,3637.8,-40001.5,6800.4,25313.0,24.7,0,
2017-12-22 06:22:31,0,3,4,10.3,3637.2,-40001.3,6867.1,25555.5,24.7,0,
2017-12-22 06:22:34,0,3,4,10.4,3636.6,-40001.0,6933.7,25798.0,24.7,0,
2017-12-22 06:22:38,0,3,4,10.4,3635.9,-40001.0,6933.7,25798.0,24.7,0,
2017-12-22 06:22:41,0,3,4,10.5,3635.3,-40001.0,7000.4,26040.3,24.8,0,
2017-12-22 06:22:44,0,3,4,10.5,3634.8,-40000.8,7000.4,26040.3,24.8,0,
2017-12-22 06:22:47,0,3,4,10.6,3634.3,-40001.3,7067.1,26282.6,24.7,0,
2017-12-22 06:22:50,0,3,4,10.6,3633.6,-40001.0,7067.1,26282.6,24.7,0,
2017-12-22 06:22:53,0,3,4,10.7,3633.0,-40000.8,7133.7,26524.9,24.8,0,
2017-12-22 06:22:56,0,3,4,10.7,3632.4,-40000.6,7133.7,26524.9,24.7,0,
2017-12-22 06:23:00,0,3,4,10.8,3631.7,-40001.2,7200.4,26767.0,24.8,0,
2017-12-22 06:23:03,0,3,4,10.8,3631.2,-40000.9,7200.4,26767.0,24.8,0,
2017-12-22 06:23:06,0,3,4,10.9,3630.6,-40001.0,7267.1,27009.1,24.8,0,
2017-12-22 06:23:09,0,3,4,10.9,3630.0,-40001.0,7267.1,27009.1,24.8,0,
2017-12-22 06:23:12,0,3,4,11.0,3629.5,-40000.7,7333.8,27251.1,24.8,0,
2017-12-22 06:23:15,0,3,4,11.0,3628.8,-40001.2,7333.8,27251.1,24.8,0,
2017-12-22 06:23:18,0,3,4,11.1,3628.3,-40001.2,7400.4,27493.0,24.8,0,
2017-12-22 06:23:21,0,3,4,11.1,3627.8,-40000.9,7400.4,27493.0,24.8,0,
2017-12-22 06:23:25,0,3,4,11.2,3627.2,-40000.8,7467.1,27734.9,24.8,0,
2017-12-22 06:23:28,0,3,4,11.2,3626.6,-40000.8,7467.1,27734.9,24.7,0,
2017-12-22 06:23:31,0,3,4,11.3,3626.2,-40001.1,7533.8,27976.7,24.8,0,
2017-12-22 06:23:34,0,3,4,11.3,3625.5,-40001.0,7533.8,27976.7,24.7,0,
2017-12-22 06:23:37,0,3,4,11.4,3624.9,-40001.0,7600.4,28218.4,24.7,0,
2017-12-22 06:23:40,0,3,4,11.4,3624.4,-40001.0,7600.4,28218.4,24.8,0,
2017-12-22 06:23:43,0,3,4,11.5,3623.9,-40001.0,7667.1,28460.0,24.8,0,
2017-12-22 06:23:46,0,3,4,11.6,3623.3,-40001.3,7733.8,28701.6,24.7,0,
2017-12-22 06:23:49,0,3,4,11.6,3622.7,-40001.2,7733.8,28701.6,24.7,0,
2017-12-22 06:23:53,0,3,4,11.7,3622.1,-40001.0,7800.5,28943.1,24.8,0,
2017-12-22 06:23:56,0,3,4,11.7,3621.5,-40001.1,7800.5,28943.1,24.8,0,
2017-12-22 06:23:59,0,3,4,11.8,3621.0,-40001.3,7867.1,29184.5,24.8,0,
2017-12-22 06:24:02,0,3,4,11.8,3620.5,-40001.8,7867.1,29184.5,24.8,0,
2017-12-22 06:24:05,0,3,4,11.9,3619.9,-40001.3,7933.8,29425.9,24.8,0,
2017-12-22 06:24:08,0,3,4,11.9,3619.5,-40001.2,7933.8,29425.9,24.8,0,
2017-12-22 06:24:11,0,3,4,12.0,3618.9,-40001.2,8000.5,29667.2,24.8,0,
2017-12-22 06:24:15,0,3,4,12.0,3618.3,-40001.5,8000.5,29667.2,24.7,0,
2017-12-22 06:24:18,0,3,4,12.1,3617.7,-40000.7,8067.1,29908.4,24.8,0,
2017-12-22 06:24:21,0,3,4,12.1,3617.2,-40001.5,8067.1,29908.4,24.8,0,
2017-12-22 06:24:24,0,3,4,12.2,3616.6,-40001.0,8133.8,30149.5,24.8,0,
2017-12-22 06:24:27,0,3,4,12.2,3615.9,-40001.0,8133.8,30149.5,24.7,0,
2017-12-22 06:24:30,0,3,4,12.3,3615.5,-40000.8,8200.5,30390.6,24.7,0,
2017-12-22 06:24:33,0,3,4,12.3,3615.0,-40000.4,8200.5,30390.6,24.8,0,
2017-12-22 06:24:37,0,3,4,12.4,3614.5,-40001.4,8267.1,30631.6,24.8,0,
2017-12-22 06:24:40,0,3,4,12.4,3613.9,-40001.3,8267.1,30631.6,24.7,0,
2017-12-22 06:24:43,0,3,4,12.5,3613.2,-40001.2,8333.8,30872.5,24.8,0,
2017-12-22 06:24:46,0,3,4,12.5,3612.8,-40000.8,8333.8,30872.5,24.8,0,
2017-12-22 06:24:49,0,3,4,12.6,3612.1,-40001.2,8400.5,31113.4,24.7,0,
2017-12-22 06:24:52,0,3,4,12.7,3611.6,-40000.7,8467.2,31354.2,24.7,0,
2017-12-22 06:24:56,0,3,4,12.7,3611.2,-40000.8,8467.2,31354.2,24.7,0,
2017-12-22 06:24:59,0,3,4,12.8,3610.6,-40001.0,8533.8,31594.9,24.7,0,
2017-12-22 06:25:02,0,3,4,12.8,3610.2,-40001.1,8533.8,31594.9,24.7,0,
2017-12-22 06:25:05,0,3,4,12.9,3609.5,-40000.9,8600.5,31835.6,24.8,0,
2017-12-22 06:25:08,0,3,4,12.9,3609.1,-40000.7,8600.5,31835.6,24.8,0,
2017-12-22 06:25:11,0,3,4,13.0,3608.6,-40000.5,8667.2,32076.1,24.8,0,
2017-12-22 06:25:14,0,3,4,13.0,3608.0,-40000.8,8667.2,32076.1,24.7,0,
2017-12-22 06:25:18,0,3,4,13.1,3607.5,-40001.4,8733.8,32316.7,24.7,0,
2017-12-22 06:25:21,0,3,4,13.1,3606.9,-40000.8,8733.8,32316.7,24.8,0,
2017-12-22 06:25:24,0,3,4,13.2,3606.5,-40001.2,8800.5,32557.1,24.7,0,
2017-12-22 06:25:27,0,3,4,13.2,3606.0,-40001.2,8800.5,32557.1,24.8,0,
2017-12-22 06:25:30,0,3,4,13.3,3605.4,-40001.5,8867.2,32797.5,24.7,0,
2017-12-22 06:25:34,0,3,4,13.3,3604.9,-40000.1,8867.2,32797.5,24.8,0,
2017-12-22 06:25:37,0,3,4,13.4,3604.3,-40000.7,8933.8,33037.8,24.8,0,
2017-12-22 06:25:40,0,3,4,13.4,3603.9,-40000.0,8933.8,33037.8,24.8,0,
2017-12-22 06:25:43,0,3,4,13.5,3603.4,-40000.8,9000.5,33278.1,24.8,0,
2017-12-22 06:25:46,0,3,4,13.5,3602.9,-40000.5,9000.5,33278.1,24.8,0,
2017-12-22 06:25:49,0,3,4,13.6,3602.3,-40000.5,9067.2,33518.3,24.8,0,
2017-12-22 06:25:52,0,3,4,13.7,3601.8,-40001.2,9133.8,33758.4,24.7,0,
2017-12-22 06:25:56,0,3,4,13.7,3601.3,-40000.5,9133.8,33758.4,24.8,0,
2017-12-22 06:25:59,0,3,4,13.8,3600.8,-40001.2,9200.5,33998.5,24.8,0,
2017-12-22 06:26:02,0,3,4,13.8,3600.2,-40001.0,9200.5,33998.5,24.8,0,
2017-12-22 06:26:05,0,3,4,13.9,3599.8,-40001.5,9267.2,34238.5,24.8,0,
2017-12-22 06:26:08,0,3,4,13.9,3599.3,-40001.3,9267.2,34238.5,24.8,0,
2017-12-22 06:26:11,0,3,4,14.0,3598.7,-40000.9,9333.9,34478.4,24.8,0,
2017-12-22 06:26:14,0,3,4,14.0,3598.2,-40001.0,9333.9,34478.4,24.8,0,
2017-12-22 06:26:18,0,3,4,14.1,3597.7,-40001.2,9400.5,34718.3,24.8,0,
2017-12-22 06:26:21,0,3,4,14.1,3597.3,-40000.8,9400.5,34718.3,24.8,0,
2017-12-22 06:26:24,0,3,4,14.2,3596.7,-40001.0,9467.2,34958.1,24.8,0,
2017-12-22 06:26:27,0,3,4,14.2,3596.2,-40000.7,9467.2,34958.1,24.8,0,
2017-12-22 06:26:30,0,3,4,14.3,3595.7,-40000.7,9533.9,35197.8,24.8,0,
2017-12-22 06:26:33,0,3,4,14.3,3595.3,-40000.8,9533.9,35197.8,24.8,0,
2017-12-22 06:26:36,0,3,4,14.4,3594.8,-40001.0,9600.5,35437.5,24.8,0,
2017-12-22 06:26:40,0,3,4,14.4,3594.3,-40000.8,9600.5,35437.5,24.8,0,
2017-12-22 06:26:43,0,3,4,14.5,3593.7,-40001.1,9667.2,35677.1,24.8,0,
2017-12-22 06:26:46,0,3,4,14.5,3593.3,-40000.8,9667.2,35677.1,24.8,0,
2017-12-22 06:26:49,0,3,4,14.6,3592.6,-40000.5,9733.9,35916.7,24.8,0,
2017-12-22 06:26:52,0,3,4,14.6,3592.2,-40000.7,9733.9,35916.7,24.8,0,
2017-12-22 06:26:55,0,3,4,14.7,3591.7,-40001.0,9800.5,36156.2,24.8,0,
2017-12-22 06:26:58,0,3,4,14.8,3591.3,-40000.2,9867.2,36395.6,24.9,0,
2017-12-22 06:27:01,0,3,4,14.8,3590.8,-40000.8,9867.2,36395.6,24.9,0,
2017-12-22 06:27:04,0,3,4,14.9,3590.2,-40000.8,9933.9,36634.9,24.9,0,
2017-12-22 06:27:08,0,3,4,14.9,3589.8,-40000.6,9933.9,36634.9,24.9,0,
2017-12-22 06:27:11,0,3,4,15.0,3589.2,-40000.5,10000.5,36874.2,24.9,0,
2017-12-22 06:27:14,0,3,4,15.0,3588.9,-40000.9,10000.5,36874.2,24.9,0,
2017-12-22 06:27:17,0,3,4,15.1,3588.4,-40000.3,10067.2,37113.5,24.9,0,
2017-12-22 06:27:20,0,3,4,15.1,3587.9,-40000.6,10067.2,37113.5,24.9,0,
2017-12-22 06:27:23,0,3,4,15.2,3587.3,-40000.2,10133.9,37352.6,24.9,0,
2017-12-22 06:27:26,0,3,4,15.2,3586.8,-40000.7,10133.9,37352.6,24.9,0,
2017-12-22 06:27:30,0,3,4,15.3,3586.3,-40000.9,10200.6,37591.8,24.9,0,
2017-12-22 06:27:33,0,3,4,15.3,3585.7,-40001.0,10200.6,37591.8,24.9,0,
2017-12-22 06:27:36,0,3,4,15.4,3585.4,-40000.4,10267.2,37830.8,24.8,0,
2017-12-22 06:27:39,0,3,4,15.4,3585.0,-40000.8,10267.2,37830.8,24.9,0,
2017-12-22 06:27:42,0,3,4,15.5,3584.3,-40000.2,10333.9,38069.8,24.8,0,
2017-12-22 06:27:45,0,3,4,15.5,3583.9,-40000.5,10333.9,38069.8,24.8,0,
2017-12-22 06:27:48,0,3,4,15.6,3583.4,-40000.9,10400.6,38308.7,24.8,0,
2017-12-22 06:27:51,0,3,4,15.6,3582.9,-40000.4,10400.6,38308.7,24.8,0,
2017-12-22 06:27:54,0,3,4,15.7,3582.4,-40000.5,10467.2,38547.6,24.8,0,
2017-12-22 06:27:58,0,3,4,15.7,3581.9,-40000.7,10467.2,38547.6,24.9,0,
2017-12-22 06:28:01,0,3,4,15.8,3581.5,-40000.5,10533.9,38786.4,24.8,0,
2017-12-22 06:28:04,0,3,4,15.8,3581.0,-40000.3,10533.9,38786.4,24.8,0,
2017-12-22 06:28:07,0,3,4,15.9,3580.4,-40000.6,10600.6,39025.1,24.8,0,
2017-12-22 06:28:10,0,3,4,16.0,3580.0,-40000.2,10667.2,39263.8,24.8,0,
2017-12-22 06:28:13,0,3,4,16.0,3579.4,-40000.1,10667.2,39263.8,24.8,0,
2017-12-22 06:28:17,0,3,4,16.1,3579.1,-40000.7,10733.9,39502.4,24.8,0,
2017-12-22 06:28:20,0,3,4,16.1,3578.5,-40000.4,10733.9,39502.4,24.8,0,
2017-12-22 06:28:23,0,3,4,16.2,3578.0,-40000.8,10800.6,39740.9,24.8,0,
2017-12-22 06:28:26,0,3,4,16.2,3577.5,-40000.5,10800.6,39740.9,24.9,0,
2017-12-22 06:28:29,0,3,4,16.3,3577.0,-40000.2,10867.2,39979.4,24.9,0,
2017-12-22 06:28:32,0,3,4,16.3,3576.5,-40000.5,10867.2,39979.4,24.9,0,
2017-12-22 06:28:35,0,3,4,16.4,3576.1,-40000.3,10933.9,40217.8,24.9,0,
2017-12-22 06:28:38,0,3,4,16.4,3575.7,-40000.5,10933.9,40217.8,24.9,0,
2017-12-22 06:28:42,0,3,4,16.5,3575.1,-40000.4,11000.6,40456.2,24.9,0,
2017-12-22 06:28:45,0,3,4,16.5,3574.7,-40000.7,11000.6,40456.2,24.9,0,
2017-12-22 06:28:48,0,3,4,16.6,3574.2,-40000.8,11067.2,40694.5,24.9,0,
2017-12-22 06:28:51,0,3,4,16.6,3573.8,-40000.3,11067.2,40694.5,24.9,0,
2017-12-22 06:28:54,0,3,4,16.7,3573.1,-40000.7,11133.9,40932.8,24.9,0,
2017-12-22 06:28:57,0,3,4,16.7,3572.7,-40000.3,11133.9,40932.8,24.9,0,
2017-12-22 06:29:00,0,3,4,16.8,3572.3,-40000.4,11200.6,41170.9,24.9,0,
2017-12-22 06:29:04,0,3,4,16.8,3571.7,-40000.5,11200.6,41170.9,24.9,0,
2017-12-22 06:29:07,0,3,4,16.9,3571.2,-40000.3,11267.2,41409.0,24.9,0,
2017-12-22 06:29:10,0,3,4,16.9,3570.8,-40000.5,11267.2,41409.0,24.9,0,
2017-12-22 06:29:13,0,3,4,17.0,3570.2,-40000.8,11333.9,41647.1,24.9,0,
2017-12-22 06:29:16,0,3,4,17.1,3569.8,-40000.7,11400.6,41885.1,24.9,0,
2017-12-22 06:29:20,0,3,4,17.1,3569.2,-40000.8,11400.6,41885.1,24.9,0,
2017-12-22 06:29:23,0,3,4,17.2,3568.7,-40000.2,11467.3,42123.0,24.9,0,
2017-12-22 06:29:26,0,3,4,17.2,3568.2,-40000.7,11467.3,42123.0,24.9,0,
2017-12-22 06:29:29,0,3,4,17.3,3567.9,-40000.5,11533.9,42360.9,24.9,0,
2017-12-22 06:29:32,0,3,4,17.3,3567.4,-40000.2,11533.9,42360.9,24.9,0,
2017-12-22 06:29:35,0,3,4,17.4,3567.0,-40000.8,11600.6,42598.7,24.9,0,
2017-12-22 06:29:38,0,3,4,17.4,3566.5,-40000.8,11600.6,42598.7,24.9,0,
2017-12-22 06:29:41,0,3,4,17.5,3566.0,-40000.8,11667.3,42836.5,24.8,0,
2017-12-22 06:29:44,0,3,4,17.5,3565.5,-40000.8,11667.3,42836.5,24.9,0,
2017-12-22 06:29:47,0,3,4,17.6,3564.9,-40000.8,11733.9,43074.2,24.9,0,
2017-12-22 06:29:51,0,3,4,17.6,3564.5,-40000.4,11733.9,43074.2,24.9,0,
2017-12-22 06:29:54,0,3,4,17.7,3564.1,-40000.5,11800.6,43311.8,25.0,0,
2017-12-22 06:29:57,0,3,4,17.7,3563.7,-40001.0,11800.6,43311.8,24.9,0,
2017-12-22 06:30:00,0,3,4,17.8,3563.0,-40001.0,11867.3,43549.4,24.9,0,
2017-12-22 06:30:03,0,3,4,17.8,3562.7,-40001.0,11867.3,43549.4,24.9,0,
2017-12-22 06:30:06,0,3,4,17.9,3562.1,-40001.0,11933.9,43786.8,24.9,0,
2017-12-22 06:30:09,0,3,4,17.9,3561.6,-40000.7,11933.9,43786.8,24.9,0,
2017-12-22 06:30:12,0,3,4,18.0,3561.1,-40000.7,12000.6,44024.3,24.9,0,
2017-12-22 06:30:16,0,3,4,18.0,3560.7,-40000.8,12000.6,44024.3,25.0,0,
2017-12-22 06:30:19,0,3,4,18.1,3560.2,-40000.9,12067.3,44261.7,24.9,0,
2017-12-22 06:30:22,0,3,4,18.1,3559.8,-40000.5,12067.3,44261.7,24.9,0,
2017-12-22 06:30:25,0,3,4,18.2,3559.2,-40001.5,12133.9,44499.0,25.0,0,
2017-12-22 06:30:28,0,3,4,18.2,3558.8,-40001.0,12133.9,44499.0,25.0,0,
2017-12-22 06:30:31,0,3,4,18.3,3558.3,-40001.0,12200.6,44736.3,25.0,0,
2017-12-22 06:30:34,0,3,4,18.4,3557.9,-40001.5,12267.3,44973.5,25.0,0,
2017-12-22 06:30:38,0,3,4,18.4,3557.3,-40001.0,12267.3,44973.5,25.0,0,
2017-12-22 06:30:41,0,3,4,18.5,3556.9,-40001.0,12334.0,45210.6,25.0,0,
2017-12-22 06:30:44,0,3,4,18.5,3556.4,-40000.5,12334.0,45210.6,25.0,0,
2017-12-22 06:30:47,0,3,4,18.6,3555.8,-40000.8,12400.6,45447.7,25.0,0,
2017-12-22 06:30:50,0,3,4,18.6,3555.4,-40001.2,12400.6,45447.7,25.0,0,
2017-12-22 06:30:53,0,3,4,18.7,3555.0,-40000.9,12467.3,45684.7,25.0,0,
2017-12-22 06:30:56,0,3,4,18.7,3554.4,-40001.1,12467.3,45684.7,25.0,0,
2017-12-22 06:31:00,0,3,4,18.8,3553.9,-40000.7,12534.0,45921.6,25.0,0,
2017-12-22 06:31:03,0,3,4,18.8,3553.4,-40000.5,12534.0,45921.6,25.0,0,
2017-12-22 06:31:06,0,3,4,18.9,3553.0,-40000.8,12600.6,46158.5,25.0,0,
2017-12-22 06:31:09,0,3,4,18.9,3552.4,-40000.8,12600.6,46158.5,25.0,0,
2017-12-22 06:31:12,0,3,4,19.0,3552.0,-40001.2,12667.3,46395.4,25.0,0,
2017-12-22 06:31:15,0,3,4,19.0,3551.5,-40000.7,12667.3,46395.4,25.0,0,
2017-12-22 06:31:18,0,3,4,19.1,3551.0,-40000.8,12734.0,46632.1,24.9,0,
2017-12-22 06:31:21,0,3,4,19.1,3550.7,-40001.3,12734.0,46632.1,24.9,0,
2017-12-22 06:31:25,0,3,4,19.2,3550.1,-40000.7,12800.6,46868.8,24.9,0,
2017-12-22 06:31:28,0,3,4,19.2,3549.5,-40001.0,12800.6,46868.8,24.9,0,
2017-12-22 06:31:31,0,3,4,19.3,3549.1,-40000.5,12867.3,47105.5,24.9,0,
2017-12-22 06:31:34,0,3,4,19.4,3548.5,-40000.8,12934.0,47342.1,24.9,0,
2017-12-22 06:31:37,0,3,4,19.4,3548.0,-40001.0,12934.0,47342.1,24.9,0,
2017-12-22 06:31:41,0,3,4,19.5,3547.7,-40000.7,13000.7,47578.6,24.9,0,
2017-12-22 06:31:44,0,3,4,19.5,3547.2,-40001.0,13000.7,47578.6,24.9,0,
2017-12-22 06:31:47,0,3,4,19.6,3546.6,-40001.3,13067.3,47815.1,24.9,0,
2017-12-22 06:31:50,0,3,4,19.6,3546.0,-40000.7,13067.3,47815.1,25.0,0,
2017-12-22 06:31:53,0,3,4,19.7,3545.7,-40001.1,13134.0,48051.4,25.0,0,
2017-12-22 06:31:56,0,3,4,19.7,3545.1,-40000.8,13134.0,48051.4,25.0,0,
2017-12-22 06:31:59,0,3,4,19.8,3544.7,-40000.8,13200.7,48287.8,25.0,0,
2017-12-22 06:32:03,0,3,4,19.8,3544.1,-40000.4,13200.7,48287.8,25.0,0,
2017-12-22 06:32:06,0,3,4,19.9,3543.8,-40001.0,13267.3,48524.0,25.0,0,
2017-12-22 06:32:09,0,3,4,19.9,3543.1,-40001.2,13267.3,48524.0,25.0,0,
2017-12-22 06:32:12,0,3,4,20.0,3542.8,-40000.4,13334.0,48760.2,25.0,0,
2017-12-22 06:32:15,0,3,4,20.0,3542.3,-40000.6,13334.0,48760.2,25.0,0,
2017-12-22 06:32:18,0,3,4,20.1,3541.9,-40000.4,13400.7,48996.4,25.0,0,
2017-12-22 06:32:21,0,3,4,20.1,3541.3,-40001.1,13400.7,48996.4,25.0,0,
2017-12-22 06:32:24,0,3,4,20.2,3540.7,-40001.0,13467.3,49232.5,25.0,0,
2017-12-22 06:32:28,0,3,4,20.2,3540.3,-40000.8,13467.3,49232.5,25.0,0,
2017-12-22 06:32:31,0,3,4,20.3,3539.7,-40000.8,13534.0,49468.5,25.0,0,
2017-12-22 06:32:34,0,3,4,20.3,3539.3,-40000.8,13534.0,49468.5,25.0,0,
2017-12-22 06:32:37,0,3,4,20.4,3538.7,-40000.9,13600.7,49704.4,25.0,0,
2017-12-22 06:32:40,0,3,4,20.4,3538.3,-40000.6,13600.7,49704.4,25.0,0,
2017-12-22 06:32:43,0,3,4,20.5,3537.7,-40000.7,13667.3,49940.3,25.0,0,
2017-12-22 06:32:46,0,3,4,20.6,3537.3,-40000.8,13734.0,50176.2,25.0,0,
2017-12-22 06:32:50,0,3,4,20.6,3536.9,-40000.7,13734.0,50176.2,25.0,0,
2017-12-22 06:32:53,0,3,4,20.7,3536.4,-40001.0,13800.7,50411.9,25.0,0,
2017-12-22 06:32:56,0,3,4,20.7,3535.8,-40000.7,13800.7,50411.9,25.0,0,
2017-12-22 06:32:59,0,3,4,20.8,3535.3,-40001.2,13867.3,50647.6,25.0,0,
2017-12-22 06:33:02,0,3,4,20.8,3534.9,-40000.8,13867.3,50647.6,25.0,0,
2017-12-22 06:33:05,0,3,4,20.9,3534.3,-40001.0,13934.0,50883.3,25.0,0,
2017-12-22 06:33:08,0,3,4,20.9,3533.8,-40000.9,13934.0,50883.3,25.0,0,
2017-12-22 06:33:11,0,3,4,21.0,3533.4,-40000.7,14000.7,51118.8,25.0,0,
2017-12-22 06:33:15,0,3,4,21.0,3532.8,-40001.0,14000.7,51118.8,25.0,0,
2017-12-22 06:33:18,0,3,4,21.1,3532.4,-40000.8,14067.4,51354.4,25.0,0,
2017-12-22 06:33:21,0,3,4,21.1,3531.8,-40000.3,14067.4,51354.4,24.9,0,
2017-12-22 06:33:24,0,3,4,21.2,3531.3,-40000.7,14134.0,51589.8,24.9,0,
2017-12-22 06:33:27,0,3,4,21.2,3530.8,-40000.8,14134.0,51589.8,24.9,0,
2017-12-22 06:33:30,0,3,4,21.3,3530.4,-40001.0,14200.7,51825.2,24.9,0,
2017-12-22 06:33:34,0,3,4,21.3,3529.9,-40001.0,14200.7,51825.2,24.9,0,
2017-12-22 06:33:37,0,3,4,21.4,3529.2,-40000.7,14267.4,52060.5,24.9,0,
2017-12-22 06:33:40,0,3,4,21.4,3528.8,-40001.0,14267.4,52060.5,24.9,0,
2017-12-22 06:33:43,0,3,4,21.5,3528.4,-40001.0,14334.0,52295.8,25.0,0,
2017-12-22 06:33:46,0,3,4,21.5,3527.8,-40001.3,14334.0,52295.8,24.9,0,
2017-12-22 06:33:49,0,3,4,21.6,3527.4,-40000.8,14400.7,52531.0,24.9,0,
2017-12-22 06:33:52,0,3,4,21.7,3526.9,-40000.8,14467.4,52766.1,25.0,0,
2017-12-22 06:33:55,0,3,4,21.7,3526.2,-40001.2,14467.4,52766.1,25.0,0,
2017-12-22 06:33:59,0,3,4,21.8,3525.8,-40001.2,14534.0,53001.2,25.0,0,
2017-12-22 06:34:02,0,3,4,21.8,3525.2,-40000.9,14534.0,53001.2,25.0,0,
2017-12-22 06:34:05,0,3,4,21.9,3524.9,-40001.0,14600.7,53236.2,25.0,0,
2017-12-22 06:34:08,0,3,4,21.9,3524.3,-40000.4,14600.7,53236.2,25.0,0,
2017-12-22 06:34:11,0,3,4,22.0,3523.9,-40001.2,14667.4,53471.1,25.0,0,
2017-12-22 06:34:14,0,3,4,22.0,3523.1,-40000.7,14667.4,53471.1,25.0,0,
2017-12-22 06:34:17,0,3,4,22.1,3522.8,-40000.7,14734.1,53706.0,25.0,0,
2017-12-22 06:34:21,0,3,4,22.1,3522.3,-40000.8,14734.1,53706.0,25.0,0,
2017-12-22 06:34:24,0,3,4,22.2,3521.8,-40001.4,14800.7,53940.8,25.0,0,
2017-12-22 06:34:27,0,3,4,22.2,3521.1,-40001.1,14800.7,53940.8,25.0,0,
2017-12-22 06:34:30,0,3,4,22.3,3520.7,-40000.8,14867.4,54175.6,25.0,0,
2017-12-22 06:34:33,0,3,4,22.3,3520.2,-40001.0,14867.4,54175.6,25.0,0,
2017-12-22 06:34:36,0,3,4,22.4,3519.8,-40000.8,14934.1,54410.2,25.0,0,
2017-12-22 06:34:39,0,3,4,22.4,3519.1,-40000.9,14934.1,54410.2,25.0,0,
2017-12-22 06:34:43,0,3,4,22.5,3518.7,-40000.8,15000.7,54644.8,25.0,0,
2017-12-22 06:34:46,0,3,4,22.5,3518.1,-40000.7,15000.7,54644.8,25.0,0,
2017-12-22 06:34:49,0,3,4,22.6,3517.7,-40000.8,15067.4,54879.4,25.0,0,
2017-12-22 06:34:52,0,3,4,22.6,3517.1,-40000.5,15067.4,54879.4,25.0,0,
2017-12-22 06:34:55,0,3,4,22.7,3516.6,-40000.8,15134.1,55113.9,25.0,0,
2017-12-22 06:34:58,0,3,4,22.8,3516.0,-40001.0,15200.7,55348.3,25.0,0,
2017-12-22 06:35:01,0,3,4,22.8,3515.5,-40000.8,15200.7,55348.3,25.0,0,
2017-12-22 06:35:04,0,3,4,22.9,3515.1,-40001.0,15267.4,55582.6,25.0,0,
2017-12-22 06:35:08,0,3,4,22.9,3514.6,-40000.8,15267.4,55582.6,25.0,0,
2017-12-22 06:35:11,0,3,4,23.0,3514.0,-40000.8,15334.1,55816.9,25.0,0,
2017-12-22 06:35:14,0,3,4,23.0,3513.4,-40000.5,15334.1,55816.9,25.0,0,
2017-12-22 06:35:17,0,3,4,23.1,3513.0,-40001.0,15400.7,56051.1,25.0,0,
2017-12-22 06:35:20,0,3,4,23.1,3512.4,-40000.8,15400.7,56051.1,25.0,0,
2017-12-22 06:35:23,0,3,4,23.2,3512.0,-40000.8,15467.4,56285.3,25.0,0,
2017-12-22 06:35:26,0,3,4,23.2,3511.5,-40001.2,15467.4,56285.3,25.0,0,
2017-12-22 06:35:30,0,3,4,23.3,3510.9,-40001.1,15534.1,56519.4,25.0,0,
2017-12-22 06:35:33,0,3,4,23.3,3510.3,-40000.8,15534.1,56519.4,25.0,0,
2017-12-22 06:35:36,0,3,4,23.4,3509.8,-40000.8,15600.8,56753.4,25.0,0,
2017-12-22 06:35:39,0,3,4,23.4,3509.4,-40000.7,15600.8,56753.4,25.0,0,
2017-12-22 06:35:42,0,3,4,23.5,3508.8,-40001.0,15667.4,56987.3,25.0,0,
2017-12-22 06:35:45,0,3,4,23.5,3508.2,-40000.7,15667.4,56987.3,25.0,0,
2017-12-22 06:35:48,0,3,4,23.6,3507.6,-40001.0,15734.1,57221.2,25.0,0,
2017-12-22 06:35:52,0,3,4,23.6,3507.1,-40000.6,15734.1,57221.2,25.0,0,
2017-12-22 06:35:55,0,3,4,23.7,3506.5,-40000.8,15800.8,57455.0,25.0,0,
2017-12-22 06:35:58,0,3,4,23.7,3506.0,-40000.8,15800.8,57455.0,25.0,0,
2017-12-22 06:36:01,0,3,4,23.8,3505.6,-40000.6,15867.4,57688.8,25.0,0,
2017-12-22 06:36:04,0,3,4,23.9,3504.9,-40001.2,15934.1,57922.5,25.0,0,
2017-12-22 06:36:07,0,3,4,23.9,3504.5,-40000.7,15934.1,57922.5,25.0,0,
2017-12-22 06:36:10,0,3,4,24.0,3503.9,-40000.6,16000.8,58156.1,25.0,0,
2017-12-22 06:36:14,0,3,4,24.0,3503.4,-40000.8,16000.8,58156.1,25.0,0,
2017-12-22 06:36:17,0,3,4,24.1,3502.9,-40000.9,16067.4,58389.6,25.0,0,
2017-12-22 06:36:20,0,3,4,24.1,3502.2,-40000.8,16067.4,58389.6,25.1,0,
2017-12-22 06:36:23,0,3,4,24.2,3501.8,-40001.1,16134.1,58623.1,25.1,0,
2017-12-22 06:36:26,0,3,4,24.2,3501.2,-40000.5,16134.1,58623.1,25.1,0,
2017-12-22 06:36:29,0,3,4,24.3,3500.6,-40001.2,16200.8,58856.5,25.1,0,
2017-12-22 06:36:32,0,3,4,24.3,3500.1,-40000.7,16200.8,58856.5,25.1,0,
2017-12-22 06:36:36,0,3,4,24.4,3499.6,-40001.2,16267.5,59089.8,25.1,0,
2017-12-22 06:36:39,0,3,4,24.4,3499.1,-40000.8,16267.5,59089.8,25.1,0,
2017-12-22 06:36:42,0,3,4,24.5,3498.4,-40001.0,16334.1,59323.1,25.1,0,
2017-12-22 06:36:45,0,3,4,24.5,3497.9,-40001.0,16334.1,59323.1,25.1,0,
2017-12-22 06:36:48,0,3,4,24.6,3497.2,-40001.0,16400.8,59556.2,25.1,0,
2017-12-22 06:36:51,0,3,4,24.6,3496.7,-40001.2,16400.8,59556.2,25.0,0,
2017-12-22 06:36:54,0,3,4,24.7,3496.2,-40001.0,16467.5,59789.4,25.0,0,
2017-12-22 06:36:57,0,3,4,24.7,3495.6,-40001.3,16467.5,59789.4,25.0,0,
2017-12-22 06:37:01,0,3,4,24.8,3495.1,-40000.7,16534.1,60022.4,25.0,0,
2017-12-22 06:37:04,0,3,4,24.8,3494.4,-40000.5,16534.1,60022.4,25.0,0,
2017-12-22 06:37:07,0,3,4,24.9,3493.9,-40000.8,16600.8,60255.4,25.0,0,
2017-12-22 06:37:10,0,3,4,24.9,3493.3,-40000.8,16600.8,60255.4,25.0,0,
2017-12-22 06:37:13,0,3,4,25.0,3492.8,-40000.8,16667.5,60488.3,25.0,0,
2017-12-22 06:37:16,0,3,4,25.1,3492.3,-40001.0,16734.1,60721.1,25.1,0,
2017-12-22 06:37:19,0,3,4,25.1,3491.7,-40000.7,16734.1,60721.1,25.1,0,
2017-12-22 06:37:23,0,3,4,25.2,3491.2,-40001.1,16800.8,60953.9,25.0,0,
2017-12-22 06:37:26,0,3,4,25.2,3490.6,-40000.8,16800.8,60953.9,25.0,0,
2017-12-22 06:37:29,0,3,4,25.3,3489.9,-40000.9,16867.5,61186.5,25.1,0,
2017-12-22 06:37:32,0,3,4,25.3,3489.4,-40000.7,16867.5,61186.5,25.1,0,
2017-12-22 06:37:35,0,3,4,25.4,3488.9,-40000.3,16934.2,61419.1,25.1,0,
2017-12-22 06:37:38,0,3,4,25.4,3488.2,-40000.3,16934.2,61419.1,25.0,0,
2017-12-22 06:37:41,0,3,4,25.5,3487.7,-40000.4,17000.8,61651.7,25.0,0,
2017-12-22 06:37:44,0,3,4,25.5,3487.0,-40000.6,17000.8,61651.7,25.0,0,
2017-12-22 06:37:48,0,3,4,25.6,3486.6,-40000.5,17067.5,61884.1,25.0,0,
2017-12-22 06:37:51,0,3,4,25.6,3486.0,-40000.8,17067.5,61884.1,25.0,0,
2017-12-22 06:37:54,0,3,4,25.7,3485.4,-40000.9,17134.2,62116.5,25.0,0,
2017-12-22 06:37:57,0,3,4,25.7,3484.7,-40000.5,17134.2,62116.5,25.0,0,
2017-12-22 06:38:00,0,3,4,25.8,3484.2,-40000.5,17200.8,62348.8,25.0,0,
2017-12-22 06:38:03,0,3,4,25.8,3483.5,-40000.5,17200.8,62348.8,25.0,0,
2017-12-22 06:38:06,0,3,4,25.9,3483.0,-40000.5,17267.5,62581.0,25.0,0,
2017-12-22 06:38:10,0,3,4,25.9,3482.3,-40001.0,17267.5,62581.0,25.0,0,
2017-12-22 06:38:13,0,3,4,26.0,3481.8,-40000.7,17334.2,62813.2,25.0,0,
2017-12-22 06:38:16,0,3,4,26.0,3481.2,-40000.7,17334.2,62813.2,25.0,0,
2017-12-22 06:38:19,0,3,4,26.1,3480.6,-40000.4,17400.8,63045.3,25.0,0,
2017-12-22 06:38:22,0,3,4,26.2,3479.8,-40000.8,17467.5,63277.3,25.0,0,
2017-12-22 06:38:25,0,3,4,26.2,3479.3,-40000.5,17467.5,63277.3,25.0,0,
2017-12-22 06:38:29,0,3,4,26.3,3478.6,-40000.5,17534.2,63509.2,25.0,0,
2017-12-22 06:38:32,0,3,4,26.3,3478.2,-40000.7,17534.2,63509.2,25.0,0,
2017-12-22 06:38:35,0,3,4,26.4,3477.5,-40000.7,17600.8,63741.1,25.0,0,
2017-12-22 06:38:38,0,3,4,26.4,3476.8,-40000.7,17600.8,63741.1,25.0,0,
2017-12-22 06:38:41,0,3,4,26.5,3476.2,-40000.8,17667.5,63972.8,25.0,0,
2017-12-22 06:38:44,0,3,4,26.5,3475.5,-40001.0,17667.5,63972.8,25.0,0,
2017-12-22 06:38:47,0,3,4,26.6,3474.9,-40001.2,17734.2,64204.5,25.0,0,
2017-12-22 06:38:50,0,3,4,26.6,3474.3,-40000.3,17734.2,64204.5,25.0,0,
2017-12-22 06:38:54,0,3,4,26.7,3473.6,-40001.0,17800.8,64436.1,25.0,0,
2017-12-22 06:38:57,0,3,4,26.7,3473.0,-40000.6,17800.8,64436.1,25.0,0,
2017-12-22 06:39:00,0,3,4,26.8,3472.3,-40000.7,17867.5,64667.6,25.0,0,
2017-12-22 06:39:03,0,3,4,26.8,3471.8,-40000.4,17867.5,64667.6,25.0,0,
2017-12-22 06:39:06,0,3,4,26.9,3471.0,-40000.7,17934.2,64899.1,25.0,0,
2017-12-22 06:39:09,0,3,4,26.9,3470.3,-40000.8,17934.2,64899.1,25.0,0,
2017-12-22 06:39:12,0,3,4,27.0,3469.8,-40000.6,18000.9,65130.4,25.0,0,
2017-12-22 06:39:16,0,3,4,27.0,3469.0,-40000.5,18000.9,65130.4,25.0,0,
2017-12-22 06:39:19,0,3,4,27.1,3468.3,-40000.5,18067.5,65361.7,25.0,0,
2017-12-22 06:39:22,0,3,4,27.1,3467.6,-40000.7,18067.5,65361.7,25.0,0,
2017-12-22 06:39:25,0,3,4,27.2,3467.0,-40000.6,18134.2,65592.8,25.0,0,
2017-12-22 06:39:28,0,3,4,27.3,3466.3,-40000.8,18200.9,65823.9,25.0,0,
2017-12-22 06:39:31,0,3,4,27.3,3465.5,-40000.7,18200.9,65823.9,25.0,0,
2017-12-22 06:39:35,0,3,4,27.4,3465.0,-40000.8,18267.5,66054.9,25.0,0,
2017-12-22 06:39:38,0,3,4,27.4,3464.2,-40000.4,18267.5,66054.9,25.0,0,
2017-12-22 06:39:41,0,3,4,27.5,3463.5,-40000.3,18334.2,66285.9,25.0,0,
2017-12-22 06:39:44,0,3,4,27.5,3462.7,-40000.7,18334.2,66285.9,25.0,0,
2017-12-22 06:39:47,0,3,4,27.6,3462.1,-40000.6,18400.9,66516.7,25.0,0,
2017-12-22 06:39:50,0,3,4,27.6,3461.4,-40000.6,18400.9,66516.7,25.0,0,
2017-12-22 06:39:54,0,3,4,27.7,3460.6,-40000.4,18467.5,66747.4,25.0,0,
2017-12-22 06:39:57,0,3,4,27.7,3459.9,-40000.5,18467.5,66747.4,25.0,0,
2017-12-22 06:40:00,0,3,4,27.8,3459.1,-40000.7,18534.2,66978.1,25.0,0,
2017-12-22 06:40:03,0,3,4,27.8,3458.4,-40001.0,18534.2,66978.1,25.0,0,
2017-12-22 06:40:06,0,3,4,27.9,3457.6,-40000.4,18600.9,67208.6,25.0,0,
2017-12-22 06:40:09,0,3,4,27.9,3457.0,-40000.5,18600.9,67208.6,25.0,0,
2017-12-22 06:40:12,0,3,4,28.0,3456.3,-40000.7,18667.5,67439.1,25.0,0,
2017-12-22 06:40:16,0,3,4,28.0,3455.5,-40000.5,18667.5,67439.1,25.0,0,
2017-12-22 06:40:19,0,3,4,28.1,3454.8,-40000.5,18734.2,67669.5,25.0,0,
2017-12-22 06:40:22,0,3,4,28.1,3454.1,-40000.3,18734.2,67669.5,25.0,0,
2017-12-22 06:40:25,0,3,4,28.2,3453.4,-40000.5,18800.9,67899.7,25.0,0,
2017-12-22 06:40:28,0,3,4,28.2,3452.7,-40000.6,18800.9,67899.7,25.0,0,
2017-12-22 06:40:31,0,3,4,28.3,3451.7,-40000.8,18867.5,68129.9,25.0,0,
2017-12-22 06:40:34,0,3,4,28.4,3451.1,-40000.3,18934.2,68360.0,25.0,0,
2017-12-22 06:40:37,0,3,4,28.4,3450.3,-40000.3,18934.2,68360.0,25.1,0,
2017-12-22 06:40:41,0,3,4,28.5,3449.5,-40000.5,19000.9,68590.0,25.0,0,
2017-12-22 06:40:44,0,3,4,28.5,3448.7,-40000.3,19000.9,68590.0,25.1,0,
2017-12-22 06:40:47,0,3,4,28.6,3447.9,-40000.1,19067.6,68819.8,25.0,0,
2017-12-22 06:40:50,0,3,4,28.6,3447.3,-40000.3,19067.6,68819.8,25.0,0,
2017-12-22 06:40:53,0,3,4,28.7,3446.5,-40000.3,19134.2,69049.6,25.0,0,
2017-12-22 06:40:56,0,3,4,28.7,3445.7,-40000.3,19134.2,69049.6,25.0,0,
2017-12-22 06:40:59,0,3,4,28.8,3444.9,-40000.5,19200.9,69279.3,25.1,0,
2017-12-22 06:41:03,0,3,4,28.8,3444.0,-40000.2,19200.9,69279.3,25.1,0,
2017-12-22 06:41:06,0,3,4,28.9,3443.3,-40000.7,19267.6,69508.9,25.0,0,
2017-12-22 06:41:09,0,3,4,28.9,3442.5,-40000.3,19267.6,69508.9,25.1,0,
2017-12-22 06:41:12,0,3,4,29.0,3441.7,-40000.5,19334.2,69738.3,25.1,0,
2017-12-22 06:41:15,0,3,4,29.0,3440.9,-40000.2,19334.2,69738.3,25.1,0,
2017-12-22 06:41:18,0,3,4,29.1,3440.1,-39999.8,19400.9,69967.7,25.1,0,
2017-12-22 06:41:21,0,3,4,29.1,3439.3,-40000.5,19400.9,69967.7,25.1,0,
2017-12-22 06:41:25,0,3,4,29.2,3438.5,-40000.0,19467.6,70197.0,25.1,0,
2017-12-22 06:41:28,0,3,4,29.2,3437.6,-40000.6,19467.6,70197.0,25.1,0,
2017-12-22 06:41:31,0,3,4,29.3,3436.8,-40000.2,19534.2,70426.2,25.1,0,
2017-12-22 06:41:34,0,3,4,29.3,3435.9,-40000.3,19534.2,70426.2,25.1,0,
2017-12-22 06:41:37,0,3,4,29.4,3435.2,-40000.5,19600.9,70655.2,25.1,0,
2017-12-22 06:41:40,0,3,4,29.5,3434.3,-40000.0,19667.6,70884.2,25.1,0,
2017-12-22 06:41:43,0,3,4,29.5,3433.6,-40000.0,19667.6,70884.2,25.1,0,
2017-12-22 06:41:47,0,3,4,29.6,3432.6,-40000.3,19734.2,71113.0,25.1,0,
2017-12-22 06:41:50,0,3,4,29.6,3431.8,-40000.1,19734.2,71113.0,25.1,0,
2017-12-22 06:41:53,0,3,4,29.7,3430.8,-40000.3,19800.9,71341.8,25.0,0,
2017-12-22 06:41:56,0,3,4,29.7,3430.0,-40000.0,19800.9,71341.8,25.0,0,
2017-12-22 06:41:59,0,3,4,29.8,3429.0,-40000.1,19867.6,71570.4,25.0,0,
2017-12-22 06:42:02,0,3,4,29.8,3428.3,-39999.8,19867.6,71570.4,25.0,0,
2017-12-22 06:42:05,0,3,4,29.9,3427.3,-40000.5,19934.2,71798.9,25.1,0,
2017-12-22 06:42:09,0,3,4,29.9,3426.5,-39999.7,19934.2,71798.9,25.0,0,
2017-12-22 06:42:12,0,3,4,30.0,3425.6,-40000.5,20000.9,72027.3,25.1,0,
2017-12-22 06:42:15,0,3,4,30.0,3424.7,-40000.2,20000.9,72027.3,25.1,0,
2017-12-22 06:42:18,0,3,4,30.1,3423.7,-39999.7,20067.6,72255.6,25.1,0,
2017-12-22 06:42:21,0,3,4,30.1,3422.8,-40000.2,20067.6,72255.6,25.1,0,
2017-12-22 06:42:24,0,3,4,30.2,3421.9,-40000.0,20134.2,72483.8,25.1,0,
2017-12-22 06:42:28,0,3,4,30.2,3421.0,-40000.2,20134.2,72483.8,25.1,0,
2017-12-22 06:42:31,0,3,4,30.3,3420.0,-40000.3,20200.9,72711.8,25.1,0,
2017-12-22 06:42:34,0,3,4,30.3,3419.0,-39999.9,20200.9,72711.8,25.1,0,
2017-12-22 06:42:37,0,3,4,30.4,3418.2,-39999.7,20267.6,72939.7,25.1,0,
2017-12-22 06:42:40,0,3,4,30.4,3417.2,-40000.3,20267.6,72939.7,25.1,0,
2017-12-22 06:42:43,0,3,4,30.5,3416.2,-40000.0,20334.2,73167.5,25.1,0,
2017-12-22 06:42:46,0,3,4,30.6,3415.2,-39999.7,20400.9,73395.2,25.1,0,
2017-12-22 06:42:49,0,3,4,30.6,3414.2,-39999.6,20400.9,73395.2,25.1,0,
2017-12-22 06:42:53,0,3,4,30.7,3413.3,-40000.0,20467.6,73622.8,25.1,0,
2017-12-22 06:42:56,0,3,4,30.7,3412.2,-40000.0,20467.6,73622.8,25.1,0,
2017-12-22 06:42:59,0,3,4,30.8,3411.1,-39999.6,20534.2,73850.2,25.1,0,
2017-12-22 06:43:02,0,3,4,30.8,3410.1,-40000.0,20534.2,73850.2,25.1,0,
2017-12-22 06:43:05,0,3,4,30.9,3409.1,-39999.8,20600.9,74077.5,25.1,0,
2017-12-22 06:43:08,0,3,4,30.9,3408.0,-40000.7,20600.9,74077.5,25.1,0,
2017-12-22 06:43:11,0,3,4,31.0,3406.8,-40000.0,20667.6,74304.7,25.1,0,
2017-12-22 06:43:15,0,3,4,31.0,3405.7,-39999.7,20667.6,74304.7,25.1,0,
2017-12-22 06:43:18,0,3,4,31.1,3404.7,-40000.2,20734.2,74531.7,25.1,0,
2017-12-22 06:43:21,0,3,4,31.1,3403.4,-39999.4,20734.2,74531.7,25.1,0,
2017-12-22 06:43:24,0,3,4,31.2,3402.2,-40000.2,20800.9,74758.5,25.1,0,
2017-12-22 06:43:27,0,3,4,31.2,3401.1,-39999.5,20800.9,74758.5,25.1,0,
2017-12-22 06:43:30,0,3,4,31.3,3399.8,-39999.7,20867.6,74985.2,25.1,0,
2017-12-22 06:43:33,0,3,4,31.3,3398.7,-39999.7,20867.6,74985.2,25.1,0,
2017-12-22 06:43:37,0,3,4,31.4,3397.3,-40000.0,20934.2,75211.8,25.1,0,
2017-12-22 06:43:40,0,3,4,31.4,3396.2,-39999.6,20934.2,75211.8,25.1,0,
2017-12-22 06:43:43,0,3,4,31.5,3394.9,-39999.7,21000.9,75438.2,25.1,0,
2017-12-22 06:43:46,0,3,4,31.5,3393.5,-39999.2,21000.9,75438.2,25.1,0,
2017-12-22 06:43:49,0,3,4,31.6,3392.1,-39999.8,21067.6,75664.4,25.1,0,
2017-12-22 06:43:52,0,3,4,31.7,3390.8,-39999.5,21134.2,75890.4,25.1,0,
2017-12-22 06:43:55,0,3,4,31.7,3389.3,-39999.5,21134.2,75890.4,25.1,0,
2017-12-22 06:43:59,0,3,4,31.8,3388.0,-40000.0,21200.9,76116.3,25.2,0,
2017-12-22 06:44:02,0,3,4,31.8,3386.5,-39999.8,21200.9,76116.3,25.2,0,
2017-12-22 06:44:05,0,3,4,31.9,3385.0,-40000.0,21267.5,76342.0,25.2,0,
2017-12-22 06:44:08,0,3,4,31.9,3383.4,-39999.9,21267.5,76342.0,25.2,0,
2017-12-22 06:44:11,0,3,4,32.0,3381.9,-39999.7,21334.2,76567.5,25.2,0,
2017-12-22 06:44:14,0,3,4,32.0,3380.4,-39999.7,21334.2,76567.5,25.2,0,
2017-12-22 06:44:18,0,3,4,32.1,3378.6,-39999.7,21400.9,76792.8,25.2,0,
2017-12-22 06:44:21,0,3,4,32.1,3376.8,-40000.0,21400.9,76792.8,25.2,0,
2017-12-22 06:44:24,0,3,4,32.2,3375.2,-39999.8,21467.5,77017.8,25.2,0,
2017-12-22 06:44:27,0,3,4,32.2,3373.3,-39998.8,21467.5,77017.8,25.2,0,
2017-12-22 06:44:30,0,3,4,32.3,3371.6,-39999.0,21534.2,77242.7,25.2,0,
2017-12-22 06:44:33,0,3,4,32.3,3369.6,-39999.3,21534.2,77242.7,25.3,0,
2017-12-22 06:44:36,0,3,4,32.4,3367.7,-39999.7,21600.9,77467.3,25.3,0,
2017-12-22 06:44:39,0,3,4,32.4,3365.8,-39999.6,21600.9,77467.3,25.3,0,
2017-12-22 06:44:43,0,3,4,32.5,3363.7,-39999.0,21667.5,77691.6,25.3,0,
2017-12-22 06:44:46,0,3,4,32.5,3361.7,-39998.8,21667.5,77691.6,25.3,0,
2017-12-22 06:44:49,0,3,4,32.6,3359.3,-39998.8,21734.2,77915.7,25.3,0,
2017-12-22 06:44:52,0,3,4,32.6,3357.2,-39999.2,21734.2,77915.7,25.3,0,
2017-12-22 06:44:55,0,3,4,32.7,3354.7,-39998.5,21800.9,78139.5,25.3,0,
2017-12-22 06:44:58,0,3,4,32.8,3352.4,-39998.9,21867.5,78363.0,25.2,0,
2017-12-22 06:45:02,0,3,4,32.8,3350.0,-39997.8,21867.5,78363.0,25.2,0,
2017-12-22 06:45:05,0,3,4,32.9,3347.4,-39999.5,21934.2,78586.1,25.2,0,
2017-12-22 06:45:08,0,3,4,32.9,3344.8,-39999.7,21934.2,78586.1,25.2,0,
2017-12-22 06:45:11,0,3,4,33.0,3342.1,-39998.8,22000.9,78808.9,25.2,0,
2017-12-22 06:45:14,0,3,4,33.0,3339.2,-39998.7,22000.9,78808.9,25.2,0,
2017-12-22 06:45:17,0,3,4,33.1,3336.4,-39998.6,22067.5,79031.4,25.1,0,
2017-12-22 06:45:20,0,3,4,33.1,3333.2,-39998.4,22067.5,79031.4,25.2,0,
2017-12-22 06:45:23,0,3,4,33.2,3330.1,-39998.2,22134.2,79253.5,25.2,0,
2017-12-22 06:45:27,0,3,4,33.2,3326.8,-39998.2,22134.2,79253.5,25.2,0,
2017-12-22 06:45:30,0,3,4,33.3,3323.5,-39998.2,22200.8,79475.1,25.2,0,
2017-12-22 06:45:33,0,3,4,33.3,3319.8,-39998.0,22200.8,79475.1,25.2,0,
2017-12-22 06:45:36,0,3,4,33.4,3316.3,-39998.2,22267.5,79696.3,25.3,0,
2017-12-22 06:45:39,0,3,4,33.4,3312.4,-39998.3,22267.5,79696.3,25.3,0,
2017-12-22 06:45:42,0,3,4,33.5,3308.7,-39998.0,22334.2,79917.0,25.3,0,
2017-12-22 06:45:45,0,3,4,33.5,3304.5,-39999.0,22334.2,79917.0,25.3,0,
2017-12-22 06:45:49,0,3,4,33.6,3300.4,-40055.0,22400.8,80137.3,25.3,0,
2017-12-22 06:45:49,0,3,4,33.6,3300.0,-40000.5,22400.8,80137.3,25.3,3,下限电压到
2017-12-22 06:45:52,0,3,4,33.6,3370.5,21.0,22400.8,80137.3,25.3,3,下限电压到
2017-12-22 06:45:55,0,3,4,33.7,3379.1,22.0,22400.8,80137.4,25.3,3,下限电压到
2017-12-22 06:45:58,0,3,4,33.7,3384.7,22.0,22400.8,80137.4,25.3,3,下限电压到
2017-12-22 06:46:01,0,3,4,33.8,3388.9,22.9,22400.9,80137.5,25.3,3,下限电压到
2017-12-22 06:46:04,0,3,4,33.8,3392.0,20.6,22400.9,80137.5,25.3,3,下限电压到
2017-12-22 06:46:07,0,3,4,33.9,3394.9,22.6,22400.9,80137.6,25.3,3,下限电压到
2017-12-22 06:46:10,0,3,4,34.0,3397.0,21.5,22401.0,80137.7,25.3,3,下限电压到
2017-12-22 06:46:14,0,3,4,34.0,3399.3,21.2,22401.0,80137.7,25.3,3,下限电压到
2017-12-22 06:46:17,0,3,4,34.1,3401.2,21.1,22401.0,80137.8,25.3,3,下限电压到
2017-12-22 06:46:20,0,3,4,34.1,3402.6,22.3,22401.0,80137.8,25.3,3,下限电压到
2017-12-22 06:46:23,0,3,4,34.2,3404.1,21.2,22401.0,80138.0,25.3,3,下限电压到
2017-12-22 06:46:26,0,3,4,34.2,3405.3,22.6,22401.0,80138.0,25.3,3,下限电压到
2017-12-22 06:46:29,0,3,4,34.3,3406.3,21.2,22401.1,80138.1,25.3,3,下限电压到
2017-12-22 06:46:32,0,3,4,34.3,3407.4,22.7,22401.1,80138.1,25.3,3,下限电压到
2017-12-22 06:46:35,0,3,4,34.4,3408.4,22.7,22401.1,80138.2,25.3,3,下限电压到
2017-12-22 06:46:38,0,3,4,34.4,3409.1,22.7,22401.1,80138.2,25.3,3,下限电压到
2017-12-22 06:46:42,0,3,4,34.5,3410.0,21.3,22401.1,80138.3,25.3,3,下限电压到
2017-12-22 06:46:45,0,3,4,34.5,3410.7,22.3,22401.1,80138.3,25.3,3,下限电压到
2017-12-22 06:46:50,0,4,6,0.0,3411.5,0,0.0,0.0,25.3,0,
