2017-12-22 05:33:19,0,0,3,0.0,3395.3,0,0.0,0.0,24.7,0,
2017-12-22 05:33:47,0,0,3,0.4,3396.5,23.7,0.0,0.0,24.6,0,
2017-12-22 05:33:50,0,0,3,0.4,3396.7,24.5,0.0,0.0,24.6,0,
2017-12-22 05:33:53,0,0,3,0.5,3396.9,25.1,0.0,0.0,24.6,0,
2017-12-22 05:33:56,0,0,3,0.5,3396.8,24.5,0.0,0.0,24.7,0,
2017-12-22 05:33:59,0,0,3,0.6,3397.1,24.8,0.0,0.0,24.7,0,
2017-12-22 05:34:02,0,0,3,0.6,3397.2,23.8,0.0,0.0,24.7,0,
2017-12-22 05:34:05,0,0,3,0.7,3397.2,23.3,0.0,0.0,24.7,0,
2017-12-22 05:34:08,0,0,3,0.7,3397.4,24.4,0.0,0.0,24.7,0,
2017-12-22 05:34:12,0,0,3,0.8,3397.5,24.4,0.0,0.0,24.7,0,
2017-12-22 05:34:15,0,0,3,0.8,3397.5,23.7,0.0,0.0,24.7,0,
2017-12-22 05:34:18,0,0,3,0.9,3397.5,24.3,0.0,0.0,24.7,0,
2017-12-22 05:34:21,0,0,3,0.9,3397.7,23.6,0.0,0.0,24.7,0,
2017-12-22 05:34:24,0,0,3,1.0,3397.7,24.1,0.0,0.0,24.7,0,
2017-12-22 05:34:25,0,0,3,1.0,3397.9,24.1,0.0,0.0,24.7,1,时间到
2017-12-22 05:34:29,0,1,2,0.0,3397.8,0,0.0,0.0,24.7,0,
2017-12-22 05:34:51,0,1,2,0.4,3471.1,40001.4,266.6,920.9,24.8,0,
2017-12-22 05:34:54,0,1,2,0.4,3475.6,40001.7,266.6,920.9,24.8,0,
2017-12-22 05:34:58,0,1,2,0.5,3480.0,40001.8,333.3,1152.9,24.8,0,
2017-12-22 05:35:01,0,1,2,0.5,3484.5,40002.2,333.3,1152.9,24.8,0,
2017-12-22 05:35:04,0,1,2,0.6,3488.4,40002.3,399.9,1385.4,24.8,0,
2017-12-22 05:35:07,0,1,2,0.6,3492.0,40002.5,399.9,1385.4,24.8,0,
2017-12-22 05:35:11,0,1,2,0.7,3495.8,40000.5,466.6,1618.4,24.8,0,
2017-12-22 05:35:14,0,1,2,0.7,3499.2,40000.6,466.6,1618.4,24.8,0,
2017-12-22 05:35:17,0,1,2,0.8,3502.4,40000.5,533.3,1851.8,24.8,0,
2017-12-22 05:35:20,0,1,2,0.8,3505.7,40000.7,533.3,1851.8,24.8,0,
2017-12-22 05:35:23,0,1,2,0.9,3508.7,40000.5,600.0,2085.6,24.8,0,
2017-12-22 05:35:27,0,1,2,0.9,3511.8,40000.8,600.0,2085.6,24.8,0,
2017-12-22 05:35:30,0,1,2,1.0,3514.8,40000.7,666.6,2319.8,24.8,0,
2017-12-22 05:35:33,0,1,2,1.0,3517.5,40000.7,666.6,2319.8,24.8,0,
2017-12-22 05:35:36,0,1,2,1.1,3520.0,40000.6,733.3,2554.3,24.9,0,
2017-12-22 05:35:39,0,1,2,1.1,3522.4,40000.8,733.3,2554.3,24.9,0,
2017-12-22 05:35:42,0,1,2,1.2,3524.6,40001.0,800.0,2789.2,24.9,0,
2017-12-22 05:35:45,0,1,2,1.2,3526.9,40000.8,800.0,2789.2,25.0,0,
2017-12-22 05:35:48,0,1,2,1.3,3529.1,40001.3,866.6,3024.3,25.0,0,
2017-12-22 05:35:51,0,1,2,1.4,3531.1,40001.2,933.3,3259.8,25.0,0,
2017-12-22 05:35:54,0,1,2,1.4,3533.0,40001.3,933.3,3259.8,24.9,0,
2017-12-22 05:35:58,0,1,2,1.5,3534.8,40001.1,1000.0,3495.4,24.9,0,
2017-12-22 05:36:01,0,1,2,1.5,3536.6,40001.3,1000.0,3495.4,24.9,0,
2017-12-22 05:36:04,0,1,2,1.6,3538.1,40001.3,1066.6,3731.3,24.9,0,
2017-12-22 05:36:07,0,1,2,1.6,3539.6,40001.5,1066.6,3731.3,24.9,0,
2017-12-22 05:36:10,0,1,2,1.7,3540.9,40001.2,1133.3,3967.3,24.9,0,
2017-12-22 05:36:13,0,1,2,1.7,3542.0,40001.2,1133.3,3967.3,24.9,0,
2017-12-22 05:36:17,0,1,2,1.8,3543.3,40001.0,1200.0,4203.5,24.9,0,
2017-12-22 05:36:20,0,1,2,1.8,3544.5,40001.2,1200.0,4203.5,24.9,0,
2017-12-22 05:36:23,0,1,2,1.9,3545.5,40001.0,1266.7,4439.9,24.9,0,
2017-12-22 05:36:26,0,1,2,1.9,3546.5,40001.2,1266.7,4439.9,25.0,0,
2017-12-22 05:36:29,0,1,2,2.0,3547.7,40001.2,1333.3,4676.4,24.9,0,
2017-12-22 05:36:32,0,1,2,2.0,3548.6,40001.2,1333.3,4676.4,24.9,0,
2017-12-22 05:36:35,0,1,2,2.1,3549.4,40001.0,1400.0,4913.0,24.9,0,
2017-12-22 05:36:39,0,1,2,2.1,3550.5,40001.0,1400.0,4913.0,24.9,0,
2017-12-22 05:36:42,0,1,2,2.2,3551.4,40001.1,1466.7,5149.7,24.9,0,
2017-12-22 05:36:45,0,1,2,2.2,3552.3,40001.5,1466.7,5149.7,24.9,0,
2017-12-22 05:36:48,0,1,2,2.3,3553.1,40001.0,1533.3,5386.6,24.9,0,
2017-12-22 05:36:52,0,1,2,2.4,3554.0,40001.3,1600.0,5623.5,24.9,0,
2017-12-22 05:36:55,0,1,2,2.4,3554.8,40001.3,1600.0,5623.5,24.9,0,
2017-12-22 05:36:58,0,1,2,2.5,3555.5,40001.0,1666.7,5860.6,24.9,0,
2017-12-22 05:37:01,0,1,2,2.5,3556.5,40001.2,1666.7,5860.6,24.9,0,
2017-12-22 05:37:04,0,1,2,2.6,3557.2,40001.2,1733.4,6097.7,24.8,0,
2017-12-22 05:37:07,0,1,2,2.6,3557.9,40001.4,1733.4,6097.7,24.8,0,
2017-12-22 05:37:10,0,1,2,2.7,3558.7,40001.1,1800.0,6335.0,24.8,0,
2017-12-22 05:37:13,0,1,2,2.7,3559.6,40001.3,1800.0,6335.0,24.8,0,
2017-12-22 05:37:17,0,1,2,2.8,3560.3,40001.2,1866.7,6572.3,24.8,0,
2017-12-22 05:37:20,0,1,2,2.8,3561.1,40001.2,1866.7,6572.3,24.8,0,
2017-12-22 05:37:23,0,1,2,2.9,3561.9,40001.2,1933.4,6809.8,24.8,0,
2017-12-22 05:37:26,0,1,2,2.9,3562.5,40001.3,1933.4,6809.8,24.8,0,
2017-12-22 05:37:29,0,1,2,3.0,3563.4,40001.3,2000.0,7047.3,24.8,0,
2017-12-22 05:37:32,0,1,2,3.0,3564.1,40001.1,2000.0,7047.3,24.7,0,
2017-12-22 05:37:35,0,1,2,3.1,3565.1,40001.3,2066.7,7285.0,24.8,0,
2017-12-22 05:37:38,0,1,2,3.1,3565.6,40001.2,2066.7,7285.0,24.7,0,
2017-12-22 05:37:41,0,1,2,3.2,3566.5,40000.9,2133.4,7522.7,24.7,0,
2017-12-22 05:37:44,0,1,2,3.2,3567.2,40001.3,2133.4,7522.7,24.7,0,
2017-12-22 05:37:47,0,1,2,3.3,3568.1,40001.0,2200.0,7760.6,24.7,0,
2017-12-22 05:37:51,0,1,2,3.3,3568.8,40001.2,2200.0,7760.6,24.7,0,
2017-12-22 05:37:54,0,1,2,3.4,3569.8,40000.8,2266.7,7998.5,24.7,0,
2017-12-22 05:37:57,0,1,2,3.4,3570.6,40001.3,2266.7,7998.5,24.7,0,
2017-12-22 05:38:00,0,1,2,3.5,3571.3,40001.3,2333.4,8236.6,24.6,0,
2017-12-22 05:38:03,0,1,2,3.5,3572.0,40001.0,2333.4,8236.6,24.6,0,
2017-12-22 05:38:06,0,1,2,3.6,3572.7,40001.0,2400.1,8474.8,24.6,0,
2017-12-22 05:38:09,0,1,2,3.6,3573.7,40000.9,2400.1,8474.8,24.6,0,
2017-12-22 05:38:12,0,1,2,3.7,3574.3,40000.8,2466.7,8713.0,24.6,0,
2017-12-22 05:38:15,0,1,2,3.7,3575.1,40001.0,2466.7,8713.0,24.6,0,
2017-12-22 05:38:18,0,1,2,3.8,3576.1,40000.8,2533.4,8951.4,24.6,0,
2017-12-22 05:38:21,0,1,2,3.9,3576.8,40000.9,2600.1,9189.8,24.6,0,
2017-12-22 05:38:24,0,1,2,3.9,3577.4,40001.0,2600.1,9189.8,24.6,0,
2017-12-22 05:38:27,0,1,2,4.0,3578.4,40000.6,2666.7,9428.4,24.6,0,
2017-12-22 05:38:30,0,1,2,4.0,3579.1,40000.6,2666.7,9428.4,24.6,0,
2017-12-22 05:38:33,0,1,2,4.1,3579.8,40001.3,2733.4,9667.1,24.6,0,
2017-12-22 05:38:36,0,1,2,4.1,3580.6,40000.7,2733.4,9667.1,24.6,0,
2017-12-22 05:38:40,0,1,2,4.2,3581.4,40001.0,2800.1,9905.8,24.6,0,
2017-12-22 05:38:43,0,1,2,4.2,3582.4,40000.7,2800.1,9905.8,24.6,0,
2017-12-22 05:38:46,0,1,2,4.3,3583.2,40001.0,2866.7,10144.7,24.7,0,
2017-12-22 05:38:49,0,1,2,4.3,3584.1,40001.3,2866.7,10144.7,24.7,0,
2017-12-22 05:38:52,0,1,2,4.4,3584.7,40001.0,2933.4,10383.7,24.7,0,
2017-12-22 05:38:55,0,1,2,4.4,3585.6,40001.0,2933.4,10383.7,24.7,0,
2017-12-22 05:38:58,0,1,2,4.5,3586.4,40001.0,3000.1,10622.8,24.6,0,
2017-12-22 05:39:01,0,1,2,4.5,3587.2,40001.0,3000.1,10622.8,24.6,0,
2017-12-22 05:39:04,0,1,2,4.6,3587.9,40001.0,3066.8,10862.0,24.6,0,
2017-12-22 05:39:08,0,1,2,4.6,3588.8,40001.0,3066.8,10862.0,24.6,0,
2017-12-22 05:39:11,0,1,2,4.7,3589.7,40001.2,3133.4,11101.3,24.6,0,
2017-12-22 05:39:14,0,1,2,4.7,3590.4,40001.0,3133.4,11101.3,24.7,0,
2017-12-22 05:39:17,0,1,2,4.8,3591.2,40001.2,3200.1,11340.7,24.7,0,
2017-12-22 05:39:20,0,1,2,4.8,3592.1,40001.2,3200.1,11340.7,24.7,0,
2017-12-22 05:39:23,0,1,2,4.9,3592.9,40001.1,3266.8,11580.2,24.6,0,
2017-12-22 05:39:27,0,1,2,4.9,3593.8,40001.0,3266.8,11580.2,24.7,0,
2017-12-22 05:39:30,0,1,2,5.0,3594.8,40001.2,3333.4,11819.8,24.7,0,
2017-12-22 05:39:33,0,1,2,5.0,3595.6,40001.0,3333.4,11819.8,24.7,0,
2017-12-22 05:39:36,0,1,2,5.1,3596.3,40000.9,3400.1,12059.5,24.7,0,
2017-12-22 05:39:39,0,1,2,5.1,3597.1,40000.8,3400.1,12059.5,24.7,0,
2017-12-22 05:39:42,0,1,2,5.2,3597.9,40000.8,3466.8,12299.4,24.7,0,
2017-12-22 05:39:45,0,1,2,5.2,3598.8,40000.7,3466.8,12299.4,24.7,0,
2017-12-22 05:39:48,0,1,2,5.3,3599.7,40000.7,3533.4,12539.3,24.7,0,
2017-12-22 05:39:51,0,1,2,5.3,3600.3,40000.7,3533.4,12539.3,24.7,0,
2017-12-22 05:39:54,0,1,2,5.4,3601.3,40001.0,3600.1,12779.3,24.7,0,
2017-12-22 05:39:58,0,1,2,5.5,3602.1,40001.0,3666.8,13019.5,24.7,0,
2017-12-22 05:40:01,0,1,2,5.5,3602.9,40001.0,3666.8,13019.5,24.7,0,
2017-12-22 05:40:04,0,1,2,5.6,3603.7,40000.8,3733.5,13259.7,24.7,0,
2017-12-22 05:40:07,0,1,2,5.6,3604.6,40001.2,3733.5,13259.7,24.7,0,
2017-12-22 05:40:10,0,1,2,5.7,3605.4,40001.0,3800.1,13500.1,24.7,0,
2017-12-22 05:40:13,0,1,2,5.7,3606.0,40001.0,3800.1,13500.1,24.7,0,
2017-12-22 05:40:16,0,1,2,5.8,3606.9,40000.2,3866.8,13740.6,24.7,0,
2017-12-22 05:40:19,0,1,2,5.8,3607.7,40001.2,3866.8,13740.6,24.7,0,
2017-12-22 05:40:22,0,1,2,5.9,3608.6,40000.7,3933.5,13981.1,24.8,0,
2017-12-22 05:40:25,0,1,2,5.9,3609.3,40001.0,3933.5,13981.1,24.7,0,
2017-12-22 05:40:28,0,1,2,6.0,3610.1,40000.8,4000.1,14221.8,24.8,0,
2017-12-22 05:40:32,0,1,2,6.0,3610.9,40000.7,4000.1,14221.8,24.8,0,
2017-12-22 05:40:35,0,1,2,6.1,3611.9,40001.6,4066.8,14462.6,24.8,0,
2017-12-22 05:40:38,0,1,2,6.1,3612.5,40001.2,4066.8,14462.6,24.8,0,
2017-12-22 05:40:41,0,1,2,6.2,3613.5,40000.7,4133.5,14703.5,24.8,0,
2017-12-22 05:40:44,0,1,2,6.2,3614.2,40000.7,4133.5,14703.5,24.8,0,
2017-12-22 05:40:47,0,1,2,6.3,3615.1,40000.9,4200.1,14944.4,24.7,0,
2017-12-22 05:40:51,0,1,2,6.3,3615.9,40000.2,4200.1,14944.4,24.7,0,
2017-12-22 05:40:54,0,1,2,6.4,3616.7,40001.3,4266.8,15185.5,24.8,0,
2017-12-22 05:40:57,0,1,2,6.4,3617.5,40001.2,4266.8,15185.5,24.7,0,
2017-12-22 05:41:00,0,1,2,6.5,3618.2,40001.3,4333.5,15426.7,24.7,0,
2017-12-22 05:41:03,0,1,2,6.5,3618.9,40001.5,4333.5,15426.7,24.7,0,
2017-12-22 05:41:06,0,1,2,6.6,3619.7,40000.3,4400.2,15668.0,24.8,0,
2017-12-22 05:41:09,0,1,2,6.7,3620.3,40001.3,4466.8,15909.3,24.7,0,
2017-12-22 05:41:13,0,1,2,6.7,3621.2,40000.5,4466.8,15909.3,24.8,0,
2017-12-22 05:41:16,0,1,2,6.8,3621.8,40000.3,4533.5,16150.8,24.8,0,
2017-12-22 05:41:19,0,1,2,6.8,3622.5,40000.3,4533.5,16150.8,24.8,0,
2017-12-22 05:41:22,0,1,2,6.9,3623.2,40000.6,4600.2,16392.3,24.8,0,
2017-12-22 05:41:25,0,1,2,6.9,3624.1,40000.7,4600.2,16392.3,24.8,0,
2017-12-22 05:41:28,0,1,2,7.0,3624.8,40001.2,4666.8,16634.0,24.8,0,
2017-12-22 05:41:31,0,1,2,7.0,3625.6,40000.8,4666.8,16634.0,24.7,0,
2017-12-22 05:41:34,0,1,2,7.1,3626.3,40000.9,4733.5,16875.7,24.7,0,
2017-12-22 05:41:38,0,1,2,7.1,3627.1,40000.8,4733.5,16875.7,24.7,0,
2017-12-22 05:41:41,0,1,2,7.2,3627.6,40000.7,4800.2,17117.6,24.8,0,
2017-12-22 05:41:44,0,1,2,7.2,3628.5,40000.7,4800.2,17117.6,24.8,0,
2017-12-22 05:41:47,0,1,2,7.3,3629.1,40000.7,4866.8,17359.5,24.8,0,
2017-12-22 05:41:50,0,1,2,7.3,3629.9,40001.1,4866.8,17359.5,24.8,0,
2017-12-22 05:41:53,0,1,2,7.4,3630.5,40000.7,4933.5,17601.5,24.8,0,
2017-12-22 05:41:57,0,1,2,7.4,3631.3,40001.0,4933.5,17601.5,24.8,0,
2017-12-22 05:42:00,0,1,2,7.5,3632.0,40000.7,5000.2,17843.6,24.7,0,
2017-12-22 05:42:03,0,1,2,7.5,3632.7,40000.9,5000.2,17843.6,24.7,0,
2017-12-22 05:42:06,0,1,2,7.6,3633.4,40001.1,5066.9,18085.8,24.7,0,
2017-12-22 05:42:09,0,1,2,7.7,3634.0,40001.0,5133.5,18328.1,24.8,0,
2017-12-22 05:42:13,0,1,2,7.7,3634.8,40000.9,5133.5,18328.1,24.8,0,
2017-12-22 05:42:16,0,1,2,7.8,3635.5,40000.6,5200.2,18570.5,24.8,0,
2017-12-22 05:42:19,0,1,2,7.8,3636.1,40000.7,5200.2,18570.5,24.8,0,
2017-12-22 05:42:22,0,1,2,7.9,3636.9,40000.9,5266.9,18813.0,24.8,0,
2017-12-22 05:42:25,0,1,2,7.9,3637.6,40000.8,5266.9,18813.0,24.8,0,
2017-12-22 05:42:28,0,1,2,8.0,3638.2,40000.8,5333.5,19055.5,24.8,0,
2017-12-22 05:42:31,0,1,2,8.0,3638.7,40000.5,5333.5,19055.5,24.8,0,
2017-12-22 05:42:34,0,1,2,8.1,3639.6,40000.9,5400.2,19298.2,24.8,0,
2017-12-22 05:42:37,0,1,2,8.1,3640.2,40000.7,5400.2,19298.2,24.8,0,
2017-12-22 05:42:41,0,1,2,8.2,3640.9,40000.6,5466.9,19540.9,24.8,0,
2017-12-22 05:42:44,0,1,2,8.2,3641.6,40000.7,5466.9,19540.9,24.8,0,
2017-12-22 05:42:47,0,1,2,8.3,3642.3,40000.6,5533.5,19783.7,24.8,0,
2017-12-22 05:42:50,0,1,2,8.3,3642.9,40000.5,5533.5,19783.7,24.8,0,
2017-12-22 05:42:53,0,1,2,8.4,3643.6,40000.5,5600.2,20026.5,24.8,0,
2017-12-22 05:42:56,0,1,2,8.4,3644.0,40000.4,5600.2,20026.5,24.8,0,
2017-12-22 05:43:00,0,1,2,8.5,3644.8,40000.7,5666.9,20269.5,24.8,0,
2017-12-22 05:43:03,0,1,2,8.5,3645.4,40000.7,5666.9,20269.5,24.8,0,
2017-12-22 05:43:06,0,1,2,8.6,3646.2,40001.2,5733.5,20512.6,24.8,0,
2017-12-22 05:43:09,0,1,2,8.6,3646.9,40000.9,5733.5,20512.6,24.8,0,
2017-12-22 05:43:12,0,1,2,8.7,3647.5,40000.8,5800.2,20755.7,24.8,0,
2017-12-22 05:43:16,0,1,2,8.8,3648.2,40000.7,5866.9,20998.9,24.7,0,
2017-12-22 05:43:19,0,1,2,8.8,3648.6,40000.3,5866.9,20998.9,24.8,0,
2017-12-22 05:43:22,0,1,2,8.9,3649.3,40001.0,5933.5,21242.2,24.7,0,
2017-12-22 05:43:25,0,1,2,8.9,3649.9,40000.7,5933.5,21242.2,24.7,0,
2017-12-22 05:43:28,0,1,2,9.0,3650.6,40000.5,6000.2,21485.6,24.7,0,
2017-12-22 05:43:31,0,1,2,9.0,3651.2,40001.0,6000.2,21485.6,24.7,0,
2017-12-22 05:43:34,0,1,2,9.1,3651.7,40000.9,6066.9,21729.0,24.6,0,
2017-12-22 05:43:37,0,1,2,9.1,3652.3,40000.7,6066.9,21729.0,24.6,0,
2017-12-22 05:43:40,0,1,2,9.2,3652.9,40000.5,6133.6,21972.6,24.6,0,
2017-12-22 05:43:43,0,1,2,9.2,3653.4,40001.2,6133.6,21972.6,24.7,0,
2017-12-22 05:43:46,0,1,2,9.3,3654.1,40000.6,6200.2,22216.2,24.7,0,
2017-12-22 05:43:49,0,1,2,9.3,3654.7,40001.4,6200.2,22216.2,24.7,0,
2017-12-22 05:43:53,0,1,2,9.4,3655.3,40000.9,6266.9,22459.9,24.7,0,
2017-12-22 05:43:56,0,1,2,9.4,3655.9,40000.9,6266.9,22459.9,24.7,0,
2017-12-22 05:43:59,0,1,2,9.5,3656.4,40000.8,6333.6,22703.6,24.7,0,
2017-12-22 05:44:02,0,1,2,9.5,3657.2,40000.9,6333.6,22703.6,24.7,0,
2017-12-22 05:44:05,0,1,2,9.6,3657.7,40000.8,6400.2,22947.4,24.7,0,
2017-12-22 05:44:08,0,1,2,9.6,3658.2,40000.8,6400.2,22947.4,24.6,0,
2017-12-22 05:44:11,0,1,2,9.7,3658.8,40001.0,6466.9,23191.3,24.6,0,
2017-12-22 05:44:14,0,1,2,9.7,3659.4,40000.7,6466.9,23191.3,24.6,0,
2017-12-22 05:44:17,0,1,2,9.8,3660.0,40001.0,6533.6,23435.3,24.6,0,
2017-12-22 05:44:20,0,1,2,9.8,3660.6,40000.8,6533.6,23435.3,24.6,0,
2017-12-22 05:44:24,0,1,2,9.9,3661.1,40001.0,6600.2,23679.4,24.6,0,
2017-12-22 05:44:27,0,1,2,9.9,3661.8,40000.9,6600.2,23679.4,24.6,0,
2017-12-22 05:44:30,0,1,2,10.0,3662.2,40000.9,6666.9,23923.5,24.6,0,
2017-12-22 05:44:33,0,1,2,10.0,3662.8,40000.8,6666.9,23923.5,24.6,0,
2017-12-22 05:44:36,0,1,2,10.1,3663.4,40001.2,6733.6,24167.7,24.6,0,
2017-12-22 05:44:40,0,1,2,10.2,3663.9,40000.9,6800.3,24412.0,24.6,0,
2017-12-22 05:44:43,0,1,2,10.2,3664.5,40000.8,6800.3,24412.0,24.6,0,
2017-12-22 05:44:46,0,1,2,10.3,3665.2,40001.2,6866.9,24656.3,24.6,0,
2017-12-22 05:44:49,0,1,2,10.3,3665.6,40001.2,6866.9,24656.3,24.7,0,
2017-12-22 05:44:52,0,1,2,10.4,3666.2,40000.7,6933.6,24900.8,24.7,0,
2017-12-22 05:44:55,0,1,2,10.4,3666.6,40000.7,6933.6,24900.8,24.7,0,
2017-12-22 05:44:58,0,1,2,10.5,3667.3,40000.5,7000.3,25145.2,24.7,0,
2017-12-22 05:45:02,0,1,2,10.5,3667.8,40000.9,7000.3,25145.2,24.7,0,
2017-12-22 05:45:05,0,1,2,10.6,3668.3,40001.0,7066.9,25389.8,24.7,0,
2017-12-22 05:45:08,0,1,2,10.6,3668.9,40000.8,7066.9,25389.8,24.7,0,
2017-12-22 05:45:11,0,1,2,10.7,3669.4,40000.7,7133.6,25634.4,24.7,0,
2017-12-22 05:45:15,0,1,2,10.7,3669.9,40000.5,7133.6,25634.4,24.7,0,
2017-12-22 05:45:18,0,1,2,10.8,3670.3,40000.8,7200.3,25879.1,24.6,0,
2017-12-22 05:45:21,0,1,2,10.8,3671.0,40000.8,7200.3,25879.1,24.6,0,
2017-12-22 05:45:24,0,1,2,10.9,3671.5,40000.5,7266.9,26123.8,24.6,0,
2017-12-22 05:45:27,0,1,2,10.9,3671.8,40000.8,7266.9,26123.8,24.6,0,
2017-12-22 05:45:30,0,1,2,11.0,3672.2,40001.2,7333.6,26368.6,24.6,0,
2017-12-22 05:45:33,0,1,2,11.0,3672.7,40001.2,7333.6,26368.6,24.6,0,
2017-12-22 05:45:36,0,1,2,11.1,3673.2,40000.8,7400.3,26613.5,24.6,0,
2017-12-22 05:45:39,0,1,2,11.1,3673.7,40001.2,7400.3,26613.5,24.6,0,
2017-12-22 05:45:42,0,1,2,11.2,3674.1,40001.1,7466.9,26858.4,24.6,0,
2017-12-22 05:45:45,0,1,2,11.3,3674.7,40001.0,7533.6,27103.4,24.6,0,
2017-12-22 05:45:49,0,1,2,11.3,3675.1,40000.9,7533.6,27103.4,24.6,0,
2017-12-22 05:45:52,0,1,2,11.4,3675.5,40001.0,7600.3,27348.5,24.7,0,
2017-12-22 05:45:55,0,1,2,11.4,3675.9,40000.7,7600.3,27348.5,24.7,0,
2017-12-22 05:45:58,0,1,2,11.5,3676.4,40001.1,7667.0,27593.6,24.7,0,
2017-12-22 05:46:01,0,1,2,11.5,3676.9,40000.8,7667.0,27593.6,24.7,0,
2017-12-22 05:46:04,0,1,2,11.6,3677.3,40000.9,7733.6,27838.7,24.7,0,
2017-12-22 05:46:07,0,1,2,11.6,3677.7,40001.0,7733.6,27838.7,24.6,0,
2017-12-22 05:46:10,0,1,2,11.7,3678.1,40000.8,7800.3,28083.9,24.7,0,
2017-12-22 05:46:13,0,1,2,11.7,3678.5,40001.0,7800.3,28083.9,24.7,0,
2017-12-22 05:46:16,0,1,2,11.8,3678.9,40000.5,7867.0,28329.2,24.6,0,
2017-12-22 05:46:19,0,1,2,11.8,3679.4,40001.0,7867.0,28329.2,24.7,0,
2017-12-22 05:46:22,0,1,2,11.9,3679.9,40000.8,7933.6,28574.5,24.6,0,
2017-12-22 05:46:25,0,1,2,11.9,3680.2,40001.0,7933.6,28574.5,24.6,0,
2017-12-22 05:46:28,0,1,2,12.0,3680.5,40001.0,8000.3,28819.9,24.6,0,
2017-12-22 05:46:32,0,1,2,12.0,3681.0,40001.2,8000.3,28819.9,24.6,0,
2017-12-22 05:46:35,0,1,2,12.1,3681.4,40001.0,8067.0,29065.3,24.6,0,
2017-12-22 05:46:38,0,1,2,12.1,3681.8,40000.8,8067.0,29065.3,24.6,0,
2017-12-22 05:46:41,0,1,2,12.2,3682.3,40000.8,8133.6,29310.8,24.6,0,
2017-12-22 05:46:44,0,1,2,12.2,3682.6,40000.5,8133.6,29310.8,24.6,0,
2017-12-22 05:46:47,0,1,2,12.3,3683.0,40000.6,8200.3,29556.3,24.6,0,
2017-12-22 05:46:50,0,1,2,12.3,3683.4,40001.0,8200.3,29556.3,24.6,0,
2017-12-22 05:46:53,0,1,2,12.4,3683.8,40000.8,8267.0,29801.9,24.6,0,
2017-12-22 05:46:56,0,1,2,12.4,3684.2,40000.6,8267.0,29801.9,24.6,0,
2017-12-22 05:46:59,0,1,2,12.5,3684.6,40000.8,8333.6,30047.5,24.6,0,
2017-12-22 05:47:03,0,1,2,12.5,3685.0,40000.8,8333.6,30047.5,24.6,0,
2017-12-22 05:47:06,0,1,2,12.6,3685.3,40000.3,8400.3,30293.2,24.6,0,
2017-12-22 05:47:09,0,1,2,12.6,3685.7,40000.5,8400.3,30293.2,24.6,0,
2017-12-22 05:47:12,0,1,2,12.7,3686.1,40000.8,8467.0,30538.9,24.6,0,
2017-12-22 05:47:15,0,1,2,12.7,3686.4,40000.7,8467.0,30538.9,24.6,0,
2017-12-22 05:47:18,0,1,2,12.8,3686.7,40001.0,8533.7,30784.7,24.6,0,
2017-12-22 05:47:21,0,1,2,12.8,3687.2,40000.5,8533.7,30784.7,24.6,0,
2017-12-22 05:47:24,0,1,2,12.9,3687.5,40001.0,8600.3,31030.5,24.7,0,
2017-12-22 05:47:27,0,1,2,13.0,3688.0,40000.7,8667.0,31276.4,24.7,0,
2017-12-22 05:47:30,0,1,2,13.0,3688.1,40000.7,8667.0,31276.4,24.7,0,
2017-12-22 05:47:33,0,1,2,13.1,3688.6,40000.6,8733.7,31522.3,24.7,0,
2017-12-22 05:47:36,0,1,2,13.1,3689.0,40000.7,8733.7,31522.3,24.7,0,
2017-12-22 05:47:39,0,1,2,13.2,3689.4,40000.7,8800.3,31768.3,24.7,0,
2017-12-22 05:47:43,0,1,2,13.2,3689.8,40000.8,8800.3,31768.3,24.7,0,
2017-12-22 05:47:46,0,1,2,13.3,3690.1,40001.0,8867.0,32014.3,24.6,0,
2017-12-22 05:47:49,0,1,2,13.3,3690.4,40000.9,8867.0,32014.3,24.6,0,
2017-12-22 05:47:52,0,1,2,13.4,3690.9,40000.7,8933.7,32260.3,24.6,0,
2017-12-22 05:47:55,0,1,2,13.4,3691.1,40000.5,8933.7,32260.3,24.7,0,
2017-12-22 05:47:58,0,1,2,13.5,3691.5,40000.5,9000.3,32506.4,24.8,0,
2017-12-22 05:48:01,0,1,2,13.5,3691.9,40000.5,9000.3,32506.4,24.7,0,
2017-12-22 05:48:04,0,1,2,13.6,3692.2,40000.9,9067.0,32752.6,24.7,0,
2017-12-22 05:48:07,0,1,2,13.6,3692.6,40000.5,9067.0,32752.6,24.7,0,
2017-12-22 05:48:10,0,1,2,13.7,3692.9,40000.5,9133.7,32998.8,24.7,0,
2017-12-22 05:48:13,0,1,2,13.7,3693.2,40000.7,9133.7,32998.8,24.7,0,
2017-12-22 05:48:16,0,1,2,13.8,3693.7,40000.3,9200.3,33245.0,24.7,0,
2017-12-22 05:48:19,0,1,2,13.8,3693.9,40000.6,9200.3,33245.0,24.7,0,
2017-12-22 05:48:22,0,1,2,13.9,3694.3,40000.5,9267.0,33491.3,24.7,0,
2017-12-22 05:48:26,0,1,2,13.9,3694.6,40000.7,9267.0,33491.3,24.7,0,
2017-12-22 05:48:29,0,1,2,14.0,3694.9,40000.3,9333.7,33737.6,24.7,0,
2017-12-22 05:48:32,0,1,2,14.0,3695.2,40000.9,9333.7,33737.6,24.7,0,
2017-12-22 05:48:35,0,1,2,14.1,3695.5,40000.6,9400.3,33984.0,24.7,0,
2017-12-22 05:48:38,0,1,2,14.1,3695.9,40000.5,9400.3,33984.0,24.7,0,
2017-12-22 05:48:41,0,1,2,14.2,3696.3,40000.2,9467.0,34230.4,24.8,0,
2017-12-22 05:48:44,0,1,2,14.2,3696.7,40000.8,9467.0,34230.4,24.7,0,
2017-12-22 05:48:47,0,1,2,14.3,3697.0,40000.9,9533.7,34476.9,24.7,0,
2017-12-22 05:48:50,0,1,2,14.3,3697.4,40000.5,9533.7,34476.9,24.7,0,
2017-12-22 05:48:53,0,1,2,14.4,3697.7,40000.5,9600.4,34723.3,24.7,0,
2017-12-22 05:48:57,0,1,2,14.4,3698.1,40000.8,9600.4,34723.3,24.7,0,
2017-12-22 05:49:00,0,1,2,14.5,3698.4,40000.6,9667.0,34969.9,24.7,0,
2017-12-22 05:49:03,0,1,2,14.5,3698.7,40000.5,9667.0,34969.9,24.7,0,
2017-12-22 05:49:06,0,1,2,14.6,3698.9,40000.5,9733.7,35216.5,24.7,0,
2017-12-22 05:49:09,0,1,2,14.7,3699.3,40000.6,9800.4,35463.1,24.7,0,
2017-12-22 05:49:12,0,1,2,14.7,3699.6,40000.7,9800.4,35463.1,24.7,0,
2017-12-22 05:49:15,0,1,2,14.8,3700.1,40000.5,9867.0,35709.8,24.7,0,
2017-12-22 05:49:19,0,1,2,14.8,3700.4,40000.5,9867.0,35709.8,24.7,0,
2017-12-22 05:49:22,0,1,2,14.9,3700.6,40000.4,9933.7,35956.5,24.7,0,
2017-12-22 05:49:25,0,1,2,14.9,3701.2,40000.4,9933.7,35956.5,24.7,0,
2017-12-22 05:49:28,0,1,2,15.0,3701.4,40000.4,10000.4,36203.3,24.7,0,
2017-12-22 05:49:31,0,1,2,15.0,3701.8,40000.4,10000.4,36203.3,24.6,0,
2017-12-22 05:49:34,0,1,2,15.1,3702.1,40000.5,10067.0,36450.1,24.6,0,
2017-12-22 05:49:37,0,1,2,15.1,3702.4,40000.2,10067.0,36450.1,24.6,0,
2017-12-22 05:49:40,0,1,2,15.2,3702.7,40000.6,10133.7,36696.9,24.6,0,
2017-12-22 05:49:43,0,1,2,15.2,3703.1,40000.6,10133.7,36696.9,24.6,0,
2017-12-22 05:49:47,0,1,2,15.3,3703.5,40000.6,10200.4,36943.8,24.6,0,
2017-12-22 05:49:50,0,1,2,15.3,3703.9,40000.5,10200.4,36943.8,24.6,0,
2017-12-22 05:49:53,0,1,2,15.4,3704.0,40000.7,10267.0,37190.8,24.6,0,
2017-12-22 05:49:56,0,1,2,15.4,3704.3,40000.5,10267.0,37190.8,24.6,0,
2017-12-22 05:49:59,0,1,2,15.5,3704.9,40000.2,10333.7,37437.7,24.6,0,
2017-12-22 05:50:02,0,1,2,15.5,3705.2,40000.5,10333.7,37437.7,24.6,0,
2017-12-22 05:50:05,0,1,2,15.6,3705.4,40000.5,10400.4,37684.8,24.6,0,
2017-12-22 05:50:08,0,1,2,15.6,3705.8,40000.7,10400.4,37684.8,24.6,0,
2017-12-22 05:50:11,0,1,2,15.7,3706.0,40000.8,10467.0,37931.8,24.6,0,
2017-12-22 05:50:14,0,1,2,15.7,3706.4,40000.8,10467.0,37931.8,24.6,0,
2017-12-22 05:50:17,0,1,2,15.8,3706.8,40000.9,10533.7,38178.9,24.6,0,
2017-12-22 05:50:21,0,1,2,15.8,3707.2,40000.7,10533.7,38178.9,24.6,0,
2017-12-22 05:50:24,0,1,2,15.9,3707.5,40000.5,10600.4,38426.1,24.6,0,
2017-12-22 05:50:27,0,1,2,15.9,3708.0,40000.3,10600.4,38426.1,24.6,0,
2017-12-22 05:50:30,0,1,2,16.0,3708.3,40000.5,10667.0,38673.3,24.6,0,
2017-12-22 05:50:33,0,1,2,16.0,3708.6,40000.8,10667.0,38673.3,24.7,0,
2017-12-22 05:50:37,0,1,2,16.1,3709.0,40000.6,10733.7,38920.5,24.6,0,
2017-12-22 05:50:40,0,1,2,16.2,3709.1,40000.5,10800.4,39167.8,24.6,0,
2017-12-22 05:50:43,0,1,2,16.2,3709.6,40000.5,10800.4,39167.8,24.6,0,
2017-12-22 05:50:46,0,1,2,16.3,3710.0,40000.7,10867.1,39415.2,24.6,0,
2017-12-22 05:50:49,0,1,2,16.3,3710.3,40000.3,10867.1,39415.2,24.7,0,
2017-12-22 05:50:52,0,1,2,16.4,3710.5,40000.8,10933.7,39662.5,24.7,0,
2017-12-22 05:50:55,0,1,2,16.4,3710.8,40000.2,10933.7,39662.5,24.7,0,
2017-12-22 05:50:58,0,1,2,16.5,3711.2,40000.3,11000.4,39910.0,24.7,0,
2017-12-22 05:51:01,0,1,2,16.5,3711.5,40000.8,11000.4,39910.0,24.7,0,
2017-12-22 05:51:04,0,1,2,16.6,3711.9,40000.7,11067.1,40157.4,24.7,0,
2017-12-22 05:51:07,0,1,2,16.6,3712.1,40000.3,11067.1,40157.4,24.7,0,
2017-12-22 05:51:10,0,1,2,16.7,3712.6,40000.3,11133.7,40404.9,24.7,0,
2017-12-22 05:51:13,0,1,2,16.7,3712.9,40000.6,11133.7,40404.9,24.6,0,
2017-12-22 05:51:16,0,1,2,16.8,3713.2,40000.3,11200.4,40652.5,24.6,0,
2017-12-22 05:51:19,0,1,2,16.8,3713.6,40000.7,11200.4,40652.5,24.6,0,
2017-12-22 05:51:22,0,1,2,16.9,3713.9,40000.4,11267.1,40900.1,24.6,0,
2017-12-22 05:51:25,0,1,2,16.9,3714.4,40000.7,11267.1,40900.1,24.7,0,
2017-12-22 05:51:28,0,1,2,17.0,3714.6,40000.5,11333.7,41147.7,24.7,0,
2017-12-22 05:51:31,0,1,2,17.0,3714.9,40000.6,11333.7,41147.7,24.6,0,
2017-12-22 05:51:34,0,1,2,17.1,3715.4,40000.3,11400.4,41395.4,24.7,0,
2017-12-22 05:51:37,0,1,2,17.1,3715.7,40000.8,11400.4,41395.4,24.7,0,
2017-12-22 05:51:41,0,1,2,17.2,3716.1,40000.4,11467.1,41643.1,24.7,0,
2017-12-22 05:51:44,0,1,2,17.2,3716.4,40000.5,11467.1,41643.1,24.6,0,
2017-12-22 05:51:47,0,1,2,17.3,3716.7,40000.7,11533.7,41890.9,24.6,0,
2017-12-22 05:51:50,0,1,2,17.3,3717.1,40000.3,11533.7,41890.9,24.6,0,
2017-12-22 05:51:53,0,1,2,17.4,3717.5,40000.3,11600.4,42138.7,24.6,0,
2017-12-22 05:51:56,0,1,2,17.4,3717.8,40000.7,11600.4,42138.7,24.6,0,
2017-12-22 05:51:59,0,1,2,17.5,3718.0,40000.3,11667.1,42386.6,24.7,0,
2017-12-22 05:52:03,0,1,2,17.5,3718.6,40000.5,11667.1,42386.6,24.7,0,
2017-12-22 05:52:06,0,1,2,17.6,3718.8,40000.5,11733.7,42634.5,24.7,0,
2017-12-22 05:52:09,0,1,2,17.6,3719.2,40000.5,11733.7,42634.5,24.8,0,
2017-12-22 05:52:12,0,1,2,17.7,3719.6,40000.5,11800.4,42882.5,24.7,0,
2017-12-22 05:52:15,0,1,2,17.7,3719.9,40000.6,11800.4,42882.5,24.8,0,
2017-12-22 05:52:18,0,1,2,17.8,3720.4,40000.5,11867.1,43130.5,24.8,0,
2017-12-22 05:52:21,0,1,2,17.8,3720.7,40000.5,11867.1,43130.5,24.8,0,
2017-12-22 05:52:25,0,1,2,17.9,3721.1,40000.7,11933.7,43378.6,24.8,0,
2017-12-22 05:52:28,0,1,2,18.0,3721.4,40000.5,12000.4,43626.7,24.7,0,
2017-12-22 05:52:31,0,1,2,18.0,3721.8,40000.6,12000.4,43626.7,24.7,0,
2017-12-22 05:52:34,0,1,2,18.1,3722.2,40000.4,12067.1,43874.8,24.7,0,
2017-12-22 05:52:37,0,1,2,18.1,3722.5,40000.3,12067.1,43874.8,24.8,0,
2017-12-22 05:52:40,0,1,2,18.2,3722.8,40000.4,12133.7,44123.0,24.7,0,
2017-12-22 05:52:43,0,1,2,18.2,3723.2,40000.4,12133.7,44123.0,24.7,0,
2017-12-22 05:52:46,0,1,2,18.3,3723.7,40000.3,12200.4,44371.2,24.7,0,
2017-12-22 05:52:50,0,1,2,18.3,3724.1,40000.7,12200.4,44371.2,24.7,0,
2017-12-22 05:52:53,0,1,2,18.4,3724.3,40000.3,12267.1,44619.5,24.8,0,
2017-12-22 05:52:56,0,1,2,18.4,3724.8,40000.7,12267.1,44619.5,24.8,0,
2017-12-22 05:52:59,0,1,2,18.5,3725.1,40000.5,12333.8,44867.9,24.8,0,
2017-12-22 05:53:02,0,1,2,18.5,3725.6,40000.4,12333.8,44867.9,24.8,0,
2017-12-22 05:53:05,0,1,2,18.6,3725.8,40000.8,12400.4,45116.2,24.7,0,
2017-12-22 05:53:09,0,1,2,18.6,3726.4,40000.2,12400.4,45116.2,24.8,0,
2017-12-22 05:53:12,0,1,2,18.7,3726.7,40000.4,12467.1,45364.7,24.8,0,
2017-12-22 05:53:15,0,1,2,18.7,3727.0,40000.3,12467.1,45364.7,24.8,0,
2017-12-22 05:53:18,0,1,2,18.8,3727.4,40000.2,12533.8,45613.2,24.8,0,
2017-12-22 05:53:21,0,1,2,18.9,3727.9,40000.3,12600.4,45861.7,24.8,0,
2017-12-22 05:53:25,0,1,2,18.9,3728.2,40000.2,12600.4,45861.7,24.8,0,
2017-12-22 05:53:28,0,1,2,19.0,3728.5,40000.3,12667.1,46110.3,24.7,0,
2017-12-22 05:53:31,0,1,2,19.0,3729.0,40000.3,12667.1,46110.3,24.8,0,
2017-12-22 05:53:34,0,1,2,19.1,3729.5,40000.3,12733.8,46358.9,24.8,0,
2017-12-22 05:53:37,0,1,2,19.1,3729.9,40000.2,12733.8,46358.9,24.7,0,
2017-12-22 05:53:41,0,1,2,19.2,3730.3,40000.3,12800.4,46607.6,24.7,0,
2017-12-22 05:53:44,0,1,2,19.2,3730.6,40000.2,12800.4,46607.6,24.7,0,
2017-12-22 05:53:47,0,1,2,19.3,3731.1,40000.2,12867.1,46856.3,24.8,0,
2017-12-22 05:53:50,0,1,2,19.3,3731.4,40000.4,12867.1,46856.3,24.8,0,
2017-12-22 05:53:53,0,1,2,19.4,3731.8,40000.4,12933.8,47105.1,24.7,0,
2017-12-22 05:53:56,0,1,2,19.4,3732.2,40000.3,12933.8,47105.1,24.8,0,
2017-12-22 05:53:59,0,1,2,19.5,3732.8,40000.8,13000.4,47353.9,24.8,0,
2017-12-22 05:54:03,0,1,2,19.5,3733.0,40000.4,13000.4,47353.9,24.8,0,
2017-12-22 05:54:06,0,1,2,19.6,3733.4,40000.3,13067.1,47602.8,24.8,0,
2017-12-22 05:54:09,0,1,2,19.6,3733.9,40000.7,13067.1,47602.8,24.8,0,
2017-12-22 05:54:12,0,1,2,19.7,3734.3,40000.8,13133.8,47851.8,24.8,0,
2017-12-22 05:54:15,0,1,2,19.7,3734.7,40000.5,13133.8,47851.8,24.8,0,
2017-12-22 05:54:18,0,1,2,19.8,3735.1,40000.5,13200.4,48100.7,24.8,0,
2017-12-22 05:54:21,0,1,2,19.8,3735.4,40000.5,13200.4,48100.7,24.8,0,
2017-12-22 05:54:24,0,1,2,19.9,3735.8,40000.3,13267.1,48349.8,24.8,0,
2017-12-22 05:54:28,0,1,2,20.0,3736.4,40000.3,13333.8,48598.9,24.8,0,
2017-12-22 05:54:31,0,1,2,20.0,3736.7,40000.4,13333.8,48598.9,24.8,0,
2017-12-22 05:54:34,0,1,2,20.1,3737.1,40000.3,13400.4,48848.0,24.8,0,
2017-12-22 05:54:37,0,1,2,20.1,3737.6,40000.8,13400.4,48848.0,24.7,0,
2017-12-22 05:54:40,0,1,2,20.2,3738.1,40000.5,13467.1,49097.2,24.7,0,
2017-12-22 05:54:43,0,1,2,20.2,3738.4,40000.3,13467.1,49097.2,24.7,0,
2017-12-22 05:54:46,0,1,2,20.3,3739.0,40000.2,13533.8,49346.5,24.7,0,
2017-12-22 05:54:49,0,1,2,20.3,3739.4,40000.1,13533.8,49346.5,24.7,0,
2017-12-22 05:54:52,0,1,2,20.4,3739.7,40000.2,13600.4,49595.8,24.6,0,
2017-12-22 05:54:55,0,1,2,20.4,3740.3,40000.4,13600.4,49595.8,24.6,0,
2017-12-22 05:54:58,0,1,2,20.5,3740.4,40000.0,13667.1,49845.1,24.6,0,
2017-12-22 05:55:01,0,1,2,20.5,3740.9,40000.2,13667.1,49845.1,24.6,0,
2017-12-22 05:55:04,0,1,2,20.6,3741.4,40000.3,13733.8,50094.6,24.6,0,
2017-12-22 05:55:07,0,1,2,20.6,3741.8,40000.2,13733.8,50094.6,24.6,0,
2017-12-22 05:55:11,0,1,2,20.7,3742.2,40000.2,13800.4,50344.0,24.6,0,
2017-12-22 05:55:14,0,1,2,20.7,3742.7,40000.1,13800.4,50344.0,24.6,0,
2017-12-22 05:55:17,0,1,2,20.8,3743.1,40000.0,13867.1,50593.6,24.7,0,
2017-12-22 05:55:20,0,1,2,20.8,3743.6,40000.2,13867.1,50593.6,24.7,0,
2017-12-22 05:55:23,0,1,2,20.9,3744.0,40000.2,13933.8,50843.1,24.7,0,
2017-12-22 05:55:26,0,1,2,20.9,3744.5,39999.7,13933.8,50843.1,24.7,0,
2017-12-22 05:55:29,0,1,2,21.0,3745.0,40000.3,14000.4,51092.8,24.7,0,
2017-12-22 05:55:33,0,1,2,21.0,3745.5,40000.3,14000.4,51092.8,24.7,0,
2017-12-22 05:55:36,0,1,2,21.1,3745.8,40000.0,14067.1,51342.5,24.8,0,
2017-12-22 05:55:39,0,1,2,21.1,3746.3,40000.1,14067.1,51342.5,24.8,0,
2017-12-22 05:55:42,0,1,2,21.2,3746.7,40000.3,14133.8,51592.2,24.8,0,
2017-12-22 05:55:46,0,1,2,21.3,3747.2,40000.0,14200.5,51842.0,24.8,0,
2017-12-22 05:55:49,0,1,2,21.3,3747.6,40000.3,14200.5,51842.0,24.8,0,
2017-12-22 05:55:52,0,1,2,21.4,3748.1,40000.3,14267.1,52091.9,24.8,0,
2017-12-22 05:55:55,0,1,2,21.4,3748.6,40000.5,14267.1,52091.9,24.8,0,
2017-12-22 05:55:58,0,1,2,21.5,3749.1,40000.1,14333.8,52341.9,24.8,0,
2017-12-22 05:56:01,0,1,2,21.5,3749.6,40000.2,14333.8,52341.9,24.8,0,
2017-12-22 05:56:04,0,1,2,21.6,3749.8,39999.8,14400.5,52591.9,24.8,0,
2017-12-22 05:56:07,0,1,2,21.6,3750.4,40000.2,14400.5,52591.9,24.8,0,
2017-12-22 05:56:10,0,1,2,21.7,3750.7,40000.5,14467.1,52841.9,24.8,0,
2017-12-22 05:56:13,0,1,2,21.7,3751.3,40000.0,14467.1,52841.9,24.8,0,
2017-12-22 05:56:16,0,1,2,21.8,3751.8,40000.0,14533.8,53092.0,24.8,0,
2017-12-22 05:56:19,0,1,2,21.8,3752.2,40000.2,14533.8,53092.0,24.8,0,
2017-12-22 05:56:23,0,1,2,21.9,3752.8,40000.2,14600.5,53342.2,24.8,0,
2017-12-22 05:56:26,0,1,2,21.9,3753.2,40000.3,14600.5,53342.2,24.8,0,
2017-12-22 05:56:29,0,1,2,22.0,3753.6,40000.3,14667.1,53592.4,24.8,0,
2017-12-22 05:56:32,0,1,2,22.0,3754.0,40000.0,14667.1,53592.4,24.8,0,
2017-12-22 05:56:35,0,1,2,22.1,3754.7,40000.2,14733.8,53842.7,24.8,0,
2017-12-22 05:56:38,0,1,2,22.1,3755.2,40000.3,14733.8,53842.7,24.8,0,
2017-12-22 05:56:42,0,1,2,22.2,3755.6,40000.2,14800.5,54093.1,24.8,0,
2017-12-22 05:56:45,0,1,2,22.2,3756.2,40000.0,14800.5,54093.1,24.8,0,
2017-12-22 05:56:48,0,1,2,22.3,3756.7,40000.3,14867.1,54343.5,24.8,0,
2017-12-22 05:56:51,0,1,2,22.3,3757.2,40000.2,14867.1,54343.5,24.8,0,
2017-12-22 05:56:55,0,1,2,22.4,3757.7,40000.0,14933.8,54594.0,24.8,0,
2017-12-22 05:56:58,0,1,2,22.5,3758.2,39999.7,15000.5,54844.5,24.8,0,
2017-12-22 05:57:01,0,1,2,22.5,3758.6,39999.9,15000.5,54844.5,24.8,0,
2017-12-22 05:57:04,0,1,2,22.6,3759.1,40000.2,15067.1,55095.1,24.8,0,
2017-12-22 05:57:07,0,1,2,22.6,3759.7,40000.0,15067.1,55095.1,24.8,0,
2017-12-22 05:57:10,0,1,2,22.7,3760.1,40000.0,15133.8,55345.8,24.8,0,
2017-12-22 05:57:13,0,1,2,22.7,3760.7,40000.2,15133.8,55345.8,24.7,0,
2017-12-22 05:57:16,0,1,2,22.8,3761.2,40000.3,15200.5,55596.5,24.8,0,
2017-12-22 05:57:20,0,1,2,22.8,3761.6,40000.0,15200.5,55596.5,24.8,0,
2017-12-22 05:57:23,0,1,2,22.9,3762.1,40000.3,15267.1,55847.3,24.7,0,
2017-12-22 05:57:26,0,1,2,22.9,3762.8,39999.9,15267.1,55847.3,24.8,0,
2017-12-22 05:57:29,0,1,2,23.0,3763.3,39999.8,15333.8,56098.2,24.8,0,
2017-12-22 05:57:32,0,1,2,23.0,3763.9,40000.0,15333.8,56098.2,24.8,0,
2017-12-22 05:57:36,0,1,2,23.1,3764.4,40000.2,15400.5,56349.2,24.8,0,
2017-12-22 05:57:39,0,1,2,23.1,3764.9,40000.0,15400.5,56349.2,24.8,0,
2017-12-22 05:57:42,0,1,2,23.2,3765.4,40000.1,15467.1,56600.2,24.8,0,
2017-12-22 05:57:45,0,1,2,23.2,3766.0,39999.9,15467.1,56600.2,24.8,0,
2017-12-22 05:57:48,0,1,2,23.3,3766.5,39999.9,15533.8,56851.2,24.8,0,
2017-12-22 05:57:51,0,1,2,23.4,3767.0,39999.8,15600.5,57102.4,24.8,0,
2017-12-22 05:57:55,0,1,2,23.4,3767.4,39999.7,15600.5,57102.4,24.8,0,
2017-12-22 05:57:58,0,1,2,23.5,3768.1,40000.0,15667.1,57353.6,24.8,0,
2017-12-22 05:58:01,0,1,2,23.5,3768.6,39999.7,15667.1,57353.6,24.8,0,
2017-12-22 05:58:04,0,1,2,23.6,3769.1,40000.0,15733.8,57604.8,24.8,0,
2017-12-22 05:58:07,0,1,2,23.6,3769.8,40000.3,15733.8,57604.8,24.8,0,
2017-12-22 05:58:10,0,1,2,23.7,3770.4,40000.5,15800.5,57856.2,24.8,0,
2017-12-22 05:58:14,0,1,2,23.7,3770.9,40000.0,15800.5,57856.2,24.8,0,
2017-12-22 05:58:17,0,1,2,23.8,3771.4,40000.0,15867.1,58107.6,24.8,0,
2017-12-22 05:58:20,0,1,2,23.8,3771.9,40000.0,15867.1,58107.6,24.8,0,
2017-12-22 05:58:23,0,1,2,23.9,3772.5,40000.1,15933.8,58359.1,24.8,0,
2017-12-22 05:58:26,0,1,2,23.9,3773.2,40000.0,15933.8,58359.1,24.9,0,
2017-12-22 05:58:29,0,1,2,24.0,3773.6,40000.3,16000.5,58610.6,24.9,0,
2017-12-22 05:58:33,0,1,2,24.0,3774.1,40000.3,16000.5,58610.6,24.8,0,
2017-12-22 05:58:36,0,1,2,24.1,3774.8,40000.2,16067.1,58862.3,24.9,0,
2017-12-22 05:58:39,0,1,2,24.1,3775.3,40000.2,16067.1,58862.3,24.8,0,
2017-12-22 05:58:42,0,1,2,24.2,3775.9,40000.2,16133.8,59114.0,24.9,0,
2017-12-22 05:58:45,0,1,2,24.3,3776.6,40000.0,16200.5,59365.7,24.9,0,
2017-12-22 05:58:49,0,1,2,24.3,3777.0,40000.2,16200.5,59365.7,24.9,0,
2017-12-22 05:58:52,0,1,2,24.4,3777.7,39999.9,16267.1,59617.6,24.9,0,
2017-12-22 05:58:55,0,1,2,24.4,3778.3,40000.0,16267.1,59617.6,24.8,0,
2017-12-22 05:58:58,0,1,2,24.5,3778.9,40000.4,16333.8,59869.5,24.8,0,
2017-12-22 05:59:01,0,1,2,24.5,3779.4,40000.2,16333.8,59869.5,24.8,0,
2017-12-22 05:59:05,0,1,2,24.6,3779.9,40000.0,16400.5,60121.5,24.8,0,
2017-12-22 05:59:08,0,1,2,24.6,3780.7,39999.8,16400.5,60121.5,24.8,0,
2017-12-22 05:59:11,0,1,2,24.7,3781.3,39999.8,16467.1,60373.5,24.8,0,
2017-12-22 05:59:14,0,1,2,24.7,3781.7,40000.5,16467.1,60373.5,24.8,0,
2017-12-22 05:59:17,0,1,2,24.8,3782.4,40000.0,16533.8,60625.7,24.8,0,
2017-12-22 05:59:20,0,1,2,24.8,3783.0,40000.0,16533.8,60625.7,24.8,0,
2017-12-22 05:59:23,0,1,2,24.9,3783.5,40000.2,16600.5,60877.9,24.8,0,
2017-12-22 05:59:27,0,1,2,24.9,3784.2,39999.8,16600.5,60877.9,24.8,0,
2017-12-22 05:59:30,0,1,2,25.0,3784.8,40000.0,16667.1,61130.2,24.8,0,
2017-12-22 05:59:33,0,1,2,25.0,3785.3,40000.0,16667.1,61130.2,24.8,0,
2017-12-22 05:59:36,0,1,2,25.1,3785.9,39999.7,16733.8,61382.6,24.8,0,
2017-12-22 05:59:39,0,1,2,25.1,3786.5,39999.7,16733.8,61382.6,24.8,0,
2017-12-22 05:59:42,0,1,2,25.2,3787.2,40000.0,16800.5,61635.0,24.8,0,
2017-12-22 05:59:45,0,1,2,25.2,3787.9,39999.7,16800.5,61635.0,24.8,0,
2017-12-22 05:59:48,0,1,2,25.3,3788.4,39999.9,16867.1,61887.5,24.8,0,
2017-12-22 05:59:51,0,1,2,25.3,3788.9,40000.3,16867.1,61887.5,24.8,0,
2017-12-22 05:59:54,0,1,2,25.4,3789.5,40000.3,16933.8,62140.1,24.8,0,
2017-12-22 05:59:57,0,1,2,25.4,3790.1,39999.7,16933.8,62140.1,24.8,0,
2017-12-22 06:00:00,0,1,2,25.5,3790.7,39999.8,17000.5,62392.8,24.8,0,
2017-12-22 06:00:04,0,1,2,25.6,3791.5,40000.2,17067.1,62645.6,24.8,0,
2017-12-22 06:00:07,0,1,2,25.6,3792.1,40000.0,17067.1,62645.6,24.8,0,
2017-12-22 06:00:10,0,1,2,25.7,3792.6,40000.0,17133.8,62898.4,24.8,0,
2017-12-22 06:00:13,0,1,2,25.7,3793.3,40000.0,17133.8,62898.4,24.8,0,
2017-12-22 06:00:17,0,1,2,25.8,3794.0,39999.7,17200.5,63151.3,24.8,0,
2017-12-22 06:00:20,0,1,2,25.8,3794.6,39999.7,17200.5,63151.3,24.8,0,
2017-12-22 06:00:23,0,1,2,25.9,3795.3,39999.8,17267.1,63404.3,24.8,0,
2017-12-22 06:00:26,0,1,2,25.9,3795.9,40000.0,17267.1,63404.3,24.8,0,
2017-12-22 06:00:29,0,1,2,26.0,3796.5,40000.0,17333.8,63657.4,24.8,0,
2017-12-22 06:00:32,0,1,2,26.0,3797.3,39999.7,17333.8,63657.4,24.8,0,
2017-12-22 06:00:36,0,1,2,26.1,3798.0,39999.7,17400.5,63910.6,24.8,0,
2017-12-22 06:00:39,0,1,2,26.1,3798.6,39999.7,17400.5,63910.6,24.8,0,
2017-12-22 06:00:42,0,1,2,26.2,3799.1,40000.0,17467.1,64163.8,24.8,0,
2017-12-22 06:00:45,0,1,2,26.2,3799.9,40000.0,17467.1,64163.8,24.8,0,
2017-12-22 06:00:48,0,1,2,26.3,3800.4,39999.7,17533.8,64417.2,24.8,0,
2017-12-22 06:00:51,0,1,2,26.3,3801.1,40000.2,17533.8,64417.2,24.8,0,
2017-12-22 06:00:54,0,1,2,26.4,3801.9,39999.6,17600.5,64670.6,24.8,0,
2017-12-22 06:00:57,0,1,2,26.5,3802.6,39999.7,17667.1,64924.1,24.8,0,
2017-12-22 06:01:01,0,1,2,26.5,3803.1,40000.0,17667.1,64924.1,24.8,0,
2017-12-22 06:01:04,0,1,2,26.6,3803.8,39999.8,17733.8,65177.6,24.8,0,
2017-12-22 06:01:07,0,1,2,26.6,3804.6,40000.2,17733.8,65177.6,24.8,0,
2017-12-22 06:01:10,0,1,2,26.7,3805.2,39999.7,17800.5,65431.3,24.8,0,
2017-12-22 06:01:14,0,1,2,26.7,3805.9,40000.0,17800.5,65431.3,24.8,0,
2017-12-22 06:01:17,0,1,2,26.8,3806.8,39999.7,17867.1,65685.1,24.8,0,
2017-12-22 06:01:20,0,1,2,26.8,3807.4,39999.7,17867.1,65685.1,24.8,0,
2017-12-22 06:01:23,0,1,2,26.9,3808.1,40000.0,17933.8,65938.9,24.8,0,
2017-12-22 06:01:26,0,1,2,26.9,3808.8,40000.1,17933.8,65938.9,24.8,0,
2017-12-22 06:01:29,0,1,2,27.0,3809.5,39999.7,18000.5,66192.9,24.8,0,
2017-12-22 06:01:32,0,1,2,27.0,3810.1,40000.0,18000.5,66192.9,24.8,0,
2017-12-22 06:01:36,0,1,2,27.1,3810.8,39999.8,18067.1,66446.9,24.8,0,
2017-12-22 06:01:39,0,1,2,27.1,3811.4,40000.1,18067.1,66446.9,24.8,0,
2017-12-22 06:01:42,0,1,2,27.2,3812.1,40000.2,18133.8,66701.0,24.8,0,
2017-12-22 06:01:45,0,1,2,27.2,3812.9,40000.0,18133.8,66701.0,24.9,0,
2017-12-22 06:01:48,0,1,2,27.3,3813.6,39999.9,18200.5,66955.2,24.9,0,
2017-12-22 06:01:51,0,1,2,27.3,3814.4,39999.7,18200.5,66955.2,24.9,0,
2017-12-22 06:01:55,0,1,2,27.4,3815.2,40000.0,18267.1,67209.5,24.9,0,
2017-12-22 06:01:58,0,1,2,27.5,3815.9,40000.0,18333.8,67463.9,24.9,0,
2017-12-22 06:02:01,0,1,2,27.5,3816.4,40000.0,18333.8,67463.9,24.9,0,
2017-12-22 06:02:04,0,1,2,27.6,3817.2,39999.7,18400.5,67718.3,24.9,0,
2017-12-22 06:02:07,0,1,2,27.6,3818.0,39999.5,18400.5,67718.3,24.9,0,
2017-12-22 06:02:10,0,1,2,27.7,3818.8,39999.8,18467.1,67972.9,24.9,0,
2017-12-22 06:02:14,0,1,2,27.7,3819.4,40000.1,18467.1,67972.9,24.9,0,
2017-12-22 06:02:17,0,1,2,27.8,3820.2,40000.4,18533.8,68227.6,24.9,0,
2017-12-22 06:02:20,0,1,2,27.8,3821.0,39999.6,18533.8,68227.6,24.9,0,
2017-12-22 06:02:23,0,1,2,27.9,3821.6,39999.7,18600.5,68482.3,24.9,0,
2017-12-22 06:02:26,0,1,2,27.9,3822.3,39999.6,18600.5,68482.3,24.9,0,
2017-12-22 06:02:29,0,1,2,28.0,3823.0,39999.6,18667.1,68737.1,24.9,0,
2017-12-22 06:02:32,0,1,2,28.0,3823.8,39999.8,18667.1,68737.1,25.0,0,
2017-12-22 06:02:35,0,1,2,28.1,3824.5,39999.7,18733.8,68992.1,25.0,0,
2017-12-22 06:02:38,0,1,2,28.1,3825.2,39999.8,18733.8,68992.1,25.0,0,
2017-12-22 06:02:41,0,1,2,28.2,3825.9,40000.0,18800.5,69247.1,25.0,0,
2017-12-22 06:02:44,0,1,2,28.2,3826.7,39999.7,18800.5,69247.1,25.0,0,
2017-12-22 06:02:47,0,1,2,28.3,3827.5,39999.8,18867.1,69502.3,25.0,0,
2017-12-22 06:02:51,0,1,2,28.3,3828.2,39999.7,18867.1,69502.3,25.0,0,
2017-12-22 06:02:54,0,1,2,28.4,3829.0,39999.9,18933.8,69757.5,25.0,0,
2017-12-22 06:02:57,0,1,2,28.4,3829.9,39999.7,18933.8,69757.5,25.0,0,
2017-12-22 06:03:00,0,1,2,28.5,3830.7,39999.7,19000.5,70012.8,25.0,0,
2017-12-22 06:03:03,0,1,2,28.5,3831.2,40000.0,19000.5,70012.8,25.0,0,
2017-12-22 06:03:06,0,1,2,28.6,3832.1,39999.8,19067.1,70268.2,25.0,0,
2017-12-22 06:03:09,0,1,2,28.6,3832.8,39999.3,19067.1,70268.2,24.9,0,
2017-12-22 06:03:12,0,1,2,28.7,3833.7,40000.0,19133.8,70523.8,24.9,0,
2017-12-22 06:03:16,0,1,2,28.8,3834.5,40000.0,19200.5,70779.4,24.9,0,
2017-12-22 06:03:19,0,1,2,28.8,3835.1,39999.8,19200.5,70779.4,24.8,0,
2017-12-22 06:03:22,0,1,2,28.9,3836.0,39999.7,19267.1,71035.1,24.8,0,
2017-12-22 06:03:25,0,1,2,28.9,3836.8,40000.0,19267.1,71035.1,24.8,0,
2017-12-22 06:03:28,0,1,2,29.0,3837.7,40000.2,19333.8,71291.0,24.8,0,
2017-12-22 06:03:31,0,1,2,29.0,3838.4,40000.0,19333.8,71291.0,24.8,0,
2017-12-22 06:03:34,0,1,2,29.1,3839.2,40000.0,19400.4,71546.9,24.8,0,
2017-12-22 06:03:38,0,1,2,29.1,3840.0,39999.7,19400.4,71546.9,24.8,0,
2017-12-22 06:03:41,0,1,2,29.2,3840.8,39999.9,19467.1,71802.9,24.8,0,
2017-12-22 06:03:44,0,1,2,29.2,3841.6,40000.0,19467.1,71802.9,24.9,0,
2017-12-22 06:03:47,0,1,2,29.3,3842.3,39999.8,19533.8,72059.0,24.8,0,
2017-12-22 06:03:50,0,1,2,29.3,3843.1,40000.2,19533.8,72059.0,24.9,0,
2017-12-22 06:03:53,0,1,2,29.4,3843.8,40000.0,19600.4,72315.3,24.9,0,
2017-12-22 06:03:56,0,1,2,29.4,3844.8,40000.2,19600.4,72315.3,24.9,0,
2017-12-22 06:03:59,0,1,2,29.5,3845.6,40000.0,19667.1,72571.6,24.9,0,
2017-12-22 06:04:02,0,1,2,29.5,3846.3,40000.0,19667.1,72571.6,24.9,0,
2017-12-22 06:04:05,0,1,2,29.6,3847.2,40000.0,19733.8,72828.1,24.9,0,
2017-12-22 06:04:08,0,1,2,29.6,3848.0,40000.0,19733.8,72828.1,24.9,0,
2017-12-22 06:04:12,0,1,2,29.7,3848.9,40000.0,19800.4,73084.6,24.9,0,
2017-12-22 06:04:15,0,1,2,29.7,3849.8,40000.5,19800.4,73084.6,24.9,0,
2017-12-22 06:04:18,0,1,2,29.8,3850.4,40000.3,19867.1,73341.3,24.9,0,
2017-12-22 06:04:21,0,1,2,29.8,3851.4,40000.0,19867.1,73341.3,25.0,0,
2017-12-22 06:04:24,0,1,2,29.9,3852.3,40000.1,19933.8,73598.0,25.0,0,
2017-12-22 06:04:27,0,1,2,30.0,3853.2,39999.7,20000.4,73854.9,25.0,0,
2017-12-22 06:04:30,0,1,2,30.0,3853.8,40000.0,20000.4,73854.9,25.0,0,
2017-12-22 06:04:34,0,1,2,30.1,3854.7,40000.1,20067.1,74111.9,25.0,0,
2017-12-22 06:04:37,0,1,2,30.1,3855.6,40000.0,20067.1,74111.9,25.0,0,
2017-12-22 06:04:40,0,1,2,30.2,3856.4,40000.0,20133.8,74369.0,25.0,0,
2017-12-22 06:04:43,0,1,2,30.2,3857.2,40000.0,20133.8,74369.0,25.0,0,
2017-12-22 06:04:46,0,1,2,30.3,3858.0,39999.8,20200.4,74626.2,25.0,0,
2017-12-22 06:04:49,0,1,2,30.3,3858.8,39999.8,20200.4,74626.2,25.0,0,
2017-12-22 06:04:52,0,1,2,30.4,3859.7,40000.0,20267.1,74883.5,25.0,0,
2017-12-22 06:04:55,0,1,2,30.4,3860.5,40000.0,20267.1,74883.5,25.0,0,
2017-12-22 06:04:58,0,1,2,30.5,3861.4,40000.0,20333.8,75140.9,25.0,0,
2017-12-22 06:05:01,0,1,2,30.5,3862.4,40000.0,20333.8,75140.9,25.0,0,
2017-12-22 06:05:05,0,1,2,30.6,3863.2,39999.7,20400.4,75398.4,25.0,0,
2017-12-22 06:05:08,0,1,2,30.6,3864.3,39999.9,20400.4,75398.4,24.9,0,
2017-12-22 06:05:11,0,1,2,30.7,3864.9,40000.2,20467.1,75656.1,24.9,0,
2017-12-22 06:05:14,0,1,2,30.7,3865.9,39999.8,20467.1,75656.1,25.0,0,
2017-12-22 06:05:17,0,1,2,30.8,3866.8,40000.1,20533.8,75913.8,24.9,0,
2017-12-22 06:05:20,0,1,2,30.8,3867.7,39999.7,20533.8,75913.8,24.9,0,
2017-12-22 06:05:24,0,1,2,30.9,3868.5,40000.0,20600.4,76171.7,25.0,0,
2017-12-22 06:05:27,0,1,2,30.9,3869.5,39999.7,20600.4,76171.7,25.0,0,
2017-12-22 06:05:30,0,1,2,31.0,3870.2,39999.7,20667.1,76429.6,25.0,0,
2017-12-22 06:05:33,0,1,2,31.0,3871.3,39999.9,20667.1,76429.6,25.0,0,
2017-12-22 06:05:36,0,1,2,31.1,3872.1,39999.6,20733.8,76687.7,25.0,0,
2017-12-22 06:05:39,0,1,2,31.1,3873.0,40000.0,20733.8,76687.7,25.0,0,
2017-12-22 06:05:42,0,1,2,31.2,3874.0,40000.0,20800.4,76945.9,25.0,0,
2017-12-22 06:05:45,0,1,2,31.2,3874.8,39999.7,20800.4,76945.9,25.0,0,
2017-12-22 06:05:48,0,1,2,31.3,3875.8,39999.8,20867.1,77204.3,24.9,0,
2017-12-22 06:05:51,0,1,2,31.4,3876.6,39999.7,20933.8,77462.7,25.0,0,
2017-12-22 06:05:54,0,1,2,31.4,3877.5,39999.7,20933.8,77462.7,24.9,0,
2017-12-22 06:05:57,0,1,2,31.5,3878.4,39999.7,21000.4,77721.3,24.9,0,
2017-12-22 06:06:01,0,1,2,31.5,3879.4,39999.5,21000.4,77721.3,25.0,0,
2017-12-22 06:06:04,0,1,2,31.6,3880.3,39999.8,21067.1,77979.9,25.0,0,
2017-12-22 06:06:07,0,1,2,31.6,3881.0,40000.0,21067.1,77979.9,25.0,0,
2017-12-22 06:06:10,0,1,2,31.7,3881.9,40000.1,21133.8,78238.7,25.0,0,
2017-12-22 06:06:13,0,1,2,31.7,3882.8,39999.7,21133.8,78238.7,25.0,0,
2017-12-22 06:06:16,0,1,2,31.8,3883.7,40000.0,21200.4,78497.6,25.0,0,
2017-12-22 06:06:19,0,1,2,31.8,3884.6,39999.5,21200.4,78497.6,25.0,0,
2017-12-22 06:06:22,0,1,2,31.9,3885.7,39999.6,21267.1,78756.6,25.0,0,
2017-12-22 06:06:25,0,1,2,31.9,3886.5,39999.7,21267.1,78756.6,25.0,0,
2017-12-22 06:06:29,0,1,2,32.0,3887.4,40000.0,21333.8,79015.8,25.0,0,
2017-12-22 06:06:32,0,1,2,32.0,3888.4,39999.9,21333.8,79015.8,25.0,0,
2017-12-22 06:06:35,0,1,2,32.1,3889.4,40000.0,21400.4,79275.0,25.0,0,
2017-12-22 06:06:38,0,1,2,32.1,3890.2,39999.7,21400.4,79275.0,25.0,0,
2017-12-22 06:06:41,0,1,2,32.2,3891.1,40000.2,21467.1,79534.4,25.0,0,
2017-12-22 06:06:44,0,1,2,32.2,3892.2,39999.7,21467.1,79534.4,25.0,0,
2017-12-22 06:06:47,0,1,2,32.3,3893.0,40000.5,21533.8,79793.9,25.0,0,
2017-12-22 06:06:50,0,1,2,32.3,3893.9,40001.0,21533.8,79793.9,25.0,0,
2017-12-22 06:06:53,0,1,2,32.4,3894.9,40001.3,21600.4,80053.6,25.0,0,
2017-12-22 06:06:56,0,1,2,32.4,3895.7,40003.0,21600.4,80053.6,25.0,0,
2017-12-22 06:07:00,0,1,2,32.5,3896.6,40004.0,21667.1,80313.3,25.0,0,
2017-12-22 06:07:03,0,1,2,32.5,3897.6,40004.9,21667.1,80313.3,25.0,0,
2017-12-22 06:07:06,0,1,2,32.6,3898.6,39998.3,21733.8,80573.2,25.0,0,
2017-12-22 06:07:09,0,1,2,32.6,3899.7,39998.8,21733.8,80573.2,25.0,0,
2017-12-22 06:07:12,0,1,2,32.7,3900.2,39219.7,21800.5,80833.2,25.0,0,
2017-12-22 06:07:16,0,1,2,32.8,3900.0,38038.8,21863.9,81080.4,25.0,0,
2017-12-22 06:07:19,0,1,2,32.8,3900.0,36912.9,21863.9,81080.4,25.0,0,
2017-12-22 06:07:22,0,1,2,32.9,3900.1,35925.8,21924.3,81316.2,25.0,0,
2017-12-22 06:07:25,0,1,2,32.9,3900.1,35210.1,21924.3,81316.2,25.0,0,
2017-12-22 06:07:28,0,1,2,33.0,3900.0,34405.2,21982.1,81541.5,25.0,0,
2017-12-22 06:07:32,0,1,2,33.0,3900.0,33553.2,21982.1,81541.5,25.0,0,
2017-12-22 06:07:35,0,1,2,33.1,3899.9,32801.7,22037.3,81756.9,25.0,0,
2017-12-22 06:07:38,0,1,2,33.1,3900.0,32085.7,22037.3,81756.9,25.0,0,
2017-12-22 06:07:41,0,1,2,33.2,3900.2,31599.7,22090.5,81964.3,25.0,0,
2017-12-22 06:07:44,0,1,2,33.2,3900.0,30883.5,22090.5,81964.3,25.0,0,
2017-12-22 06:07:48,0,1,2,33.3,3900.1,30346.2,22141.7,82164.0,25.0,0,
2017-12-22 06:07:51,0,1,2,33.3,3900.0,29817.7,22141.7,82164.0,25.0,0,
2017-12-22 06:07:54,0,1,2,33.4,3900.1,29153.1,22191.0,82356.4,25.0,0,
2017-12-22 06:07:57,0,1,2,33.4,3900.1,28500.2,22191.0,82356.4,24.9,0,
2017-12-22 06:08:00,0,1,2,33.5,3899.9,27935.1,22238.4,82541.2,24.9,0,
2017-12-22 06:08:03,0,1,2,33.5,3900.1,27586.6,22238.4,82541.2,24.9,0,
2017-12-22 06:08:06,0,1,2,33.6,3900.1,27038.2,22284.3,82720.1,24.9,0,
2017-12-22 06:08:09,0,1,2,33.7,3900.1,26515.2,22328.5,82892.4,24.9,0,
2017-12-22 06:08:12,0,1,2,33.7,3899.9,26040.6,22328.5,82892.4,24.9,0,
2017-12-22 06:08:16,0,1,2,33.8,3900.0,25588.8,22371.1,83058.7,24.9,0,
2017-12-22 06:08:19,0,1,2,33.8,3900.0,25143.4,22371.1,83058.7,24.9,0,
2017-12-22 06:08:22,0,1,2,33.9,3900.1,24642.1,22412.2,83218.9,24.9,0,
2017-12-22 06:08:25,0,1,2,33.9,3899.9,24163.1,22412.2,83218.9,24.9,0,
2017-12-22 06:08:28,0,1,2,34.0,3900.0,23745.3,22452.0,83374.3,24.8,0,
2017-12-22 06:08:31,0,1,2,34.0,3900.1,23319.3,22452.0,83374.3,24.8,0,
2017-12-22 06:08:34,0,1,2,34.1,3900.1,22915.5,22490.4,83524.0,24.9,0,
2017-12-22 06:08:38,0,1,2,34.1,3900.0,22457.9,22490.4,83524.0,24.9,0,
2017-12-22 06:08:41,0,1,2,34.2,3900.0,22122.9,22527.5,83668.6,24.9,0,
2017-12-22 06:08:44,0,1,2,34.2,3900.0,21685.3,22527.5,83668.6,24.9,0,
2017-12-22 06:08:47,0,1,2,34.3,3899.9,21252.6,22563.3,83808.1,24.9,0,
2017-12-22 06:08:50,0,1,2,34.3,3899.9,20831.4,22563.3,83808.1,24.9,0,
2017-12-22 06:08:53,0,1,2,34.4,3900.1,20520.0,22597.8,83942.9,24.9,0,
2017-12-22 06:08:56,0,1,2,34.4,3899.9,20061.9,22597.8,83942.9,25.0,0,
2017-12-22 06:09:00,0,1,2,34.5,3900.1,19761.7,22631.3,84073.3,25.0,0,
2017-12-22 06:09:03,0,1,2,34.5,3899.9,19418.5,22631.3,84073.3,25.0,0,
2017-12-22 06:09:06,0,1,2,34.6,3900.1,19034.3,22663.6,84199.5,25.0,0,
2017-12-22 06:09:09,0,1,2,34.6,3900.0,18664.6,22663.6,84199.5,25.0,0,
2017-12-22 06:09:12,0,1,2,34.7,3900.0,18331.5,22694.7,84320.8,24.9,0,
2017-12-22 06:09:16,0,1,2,34.8,3899.9,18014.3,22724.8,84438.2,24.9,0,
2017-12-22 06:09:19,0,1,2,34.8,3899.9,17699.6,22724.8,84438.2,24.9,0,
2017-12-22 06:09:22,0,1,2,34.9,3900.1,17392.4,22753.9,84551.8,24.9,0,
2017-12-22 06:09:25,0,1,2,34.9,3900.0,17006.2,22753.9,84551.8,24.9,0,
2017-12-22 06:09:28,0,1,2,35.0,3900.1,16834.6,22782.1,84661.8,24.9,0,
2017-12-22 06:09:31,0,1,2,35.0,3900.1,16467.5,22782.1,84661.8,24.9,0,
2017-12-22 06:09:34,0,1,2,35.1,3900.1,16172.5,22809.3,84767.7,24.9,0,
2017-12-22 06:09:38,0,1,2,35.1,3900.0,15933.3,22809.3,84767.7,24.9,0,
2017-12-22 06:09:41,0,1,2,35.2,3900.1,15616.3,22835.5,84870.0,24.9,0,
2017-12-22 06:09:44,0,1,2,35.2,3900.1,15275.5,22835.5,84870.0,24.8,0,
2017-12-22 06:09:47,0,1,2,35.3,3900.0,15114.4,22860.8,84968.7,24.9,0,
2017-12-22 06:09:50,0,1,2,35.3,3899.9,14820.8,22860.8,84968.7,24.8,0,
2017-12-22 06:09:53,0,1,2,35.4,3900.0,14520.0,22885.2,85063.8,24.9,0,
2017-12-22 06:09:57,0,1,2,35.4,3900.1,14310.6,22885.2,85063.8,24.9,0,
2017-12-22 06:10:00,0,1,2,35.5,3900.0,14089.5,22908.9,85156.1,24.8,0,
2017-12-22 06:10:03,0,1,2,35.5,3899.8,13808.4,22908.9,85156.1,24.9,0,
2017-12-22 06:10:06,0,1,2,35.6,3900.0,13567.4,22931.9,85245.8,24.8,0,
2017-12-22 06:10:09,0,1,2,35.6,3900.0,13264.8,22931.9,85245.8,24.9,0,
2017-12-22 06:10:13,0,1,2,35.7,3899.9,13099.2,22954.0,85332.0,24.8,0,
2017-12-22 06:10:15,0,1,2,35.8,3900.1,12968.6,22975.6,85416.3,24.8,0,
2017-12-22 06:10:18,0,1,2,35.8,3899.9,12615.4,22975.6,85416.3,24.8,0,
2017-12-22 06:10:22,0,1,2,35.9,3899.9,12457.8,22996.4,85497.3,24.8,0,
2017-12-22 06:10:25,0,1,2,35.9,3900.0,12216.1,22996.4,85497.3,24.8,0,
2017-12-22 06:10:28,0,1,2,36.0,3899.9,11972.6,23016.4,85575.3,24.8,0,
2017-12-22 06:10:31,0,1,2,36.0,3900.0,11788.2,23016.4,85575.3,24.8,0,
2017-12-22 06:10:34,0,1,2,36.1,3900.1,11587.5,23035.8,85650.9,24.8,0,
2017-12-22 06:10:37,0,1,2,36.1,3900.1,11465.7,23035.8,85650.9,24.8,0,
2017-12-22 06:10:40,0,1,2,36.2,3899.8,11208.7,23054.5,85724.0,24.8,0,
2017-12-22 06:10:43,0,1,2,36.2,3900.0,11119.2,23054.5,85724.0,24.8,0,
2017-12-22 06:10:46,0,1,2,36.3,3900.1,11035.0,23073.0,85796.1,24.8,0,
2017-12-22 06:10:50,0,1,2,36.3,3900.0,10789.0,23073.0,85796.1,24.8,0,
2017-12-22 06:10:53,0,1,2,36.4,3900.1,10654.3,23090.9,85865.9,24.8,0,
2017-12-22 06:10:56,0,1,2,36.4,3900.1,10468.4,23090.9,85865.9,24.8,0,
2017-12-22 06:10:59,0,1,2,36.5,3900.1,10233.6,23108.2,85933.2,24.8,0,
2017-12-22 06:11:02,0,1,2,36.5,3900.0,10080.4,23108.2,85933.2,24.8,0,
2017-12-22 06:11:03,0,1,2,36.6,3900.0,9979.7,23124.8,85998.1,24.8,5,终止电流到
2017-12-22 06:11:07,0,2,3,0.0,3892.4,0,0.0,0.0,24.8,0,
2017-12-22 06:11:30,0,2,3,0.4,3888.5,25.3,0.0,0.0,24.8,0,
2017-12-22 06:11:33,0,2,3,0.4,3888.3,25.1,0.0,0.0,24.7,0,
2017-12-22 06:11:36,0,2,3,0.5,3888.0,25.0,0.0,0.0,24.7,0,
2017-12-22 06:11:39,0,2,3,0.5,3887.8,24.4,0.0,0.0,24.7,0,
2017-12-22 06:11:42,0,2,3,0.6,3887.5,25.1,0.0,0.0,24.8,0,
2017-12-22 06:11:45,0,2,3,0.6,3887.2,24.2,0.0,0.0,24.8,0,
2017-12-22 06:11:49,0,2,3,0.7,3887.1,23.9,0.0,0.0,24.8,0,
2017-12-22 06:11:52,0,2,3,0.7,3887.1,25.1,0.0,0.0,24.8,0,
2017-12-22 06:11:55,0,2,3,0.8,3886.8,24.3,0.0,0.0,24.8,0,
2017-12-22 06:11:58,0,2,3,0.8,3886.7,23.5,0.0,0.0,24.8,0,
2017-12-22 06:12:01,0,2,3,0.9,3886.6,23.7,0.0,0.0,24.8,0,
2017-12-22 06:12:04,0,2,3,0.9,3886.5,24.5,0.0,0.0,24.8,0,
2017-12-22 06:12:07,0,2,3,1.0,3886.4,24.5,0.0,0.0,24.7,0,
2017-12-22 06:12:08,0,2,3,1.0,3886.4,24.5,0.0,0.0,24.8,1,时间到
2017-12-22 06:12:12,0,3,4,0.0,3886.2,0,0.0,0.0,24.8,0,
2017-12-22 06:12:34,0,3,4,0.4,3840.3,-40001.8,266.8,1027.0,24.7,0,
2017-12-22 06:12:38,0,3,4,0.4,3837.9,-40000.8,266.8,1027.0,24.8,0,
2017-12-22 06:12:41,0,3,4,0.5,3835.7,-40001.3,333.4,1282.7,24.8,0,
2017-12-22 06:12:44,0,3,4,0.5,3833.6,-40001.4,333.4,1282.7,24.7,0,
2017-12-22 06:12:47,0,3,4,0.6,3831.5,-40001.0,400.1,1538.2,24.7,0,
2017-12-22 06:12:50,0,3,4,0.6,3829.7,-40001.0,400.1,1538.2,24.7,0,
2017-12-22 06:12:53,0,3,4,0.7,3827.9,-40001.3,466.8,1793.5,24.8,0,
2017-12-22 06:12:56,0,3,4,0.7,3826.3,-40001.0,466.8,1793.5,24.8,0,
2017-12-22 06:13:00,0,3,4,0.8,3824.5,-40001.5,533.4,2048.5,24.8,0,
2017-12-22 06:13:03,0,3,4,0.8,3823.0,-40001.1,533.4,2048.5,24.8,0,
2017-12-22 06:13:06,0,3,4,0.9,3821.5,-40001.3,600.1,2303.3,24.8,0,
2017-12-22 06:13:09,0,3,4,0.9,3819.9,-40001.2,600.1,2303.3,24.8,0,
2017-12-22 06:13:12,0,3,4,1.0,3818.5,-40001.3,666.8,2557.9,24.8,0,
2017-12-22 06:13:15,0,3,4,1.0,3817.1,-40001.2,666.8,2557.9,24.8,0,
2017-12-22 06:13:18,0,3,4,1.1,3815.6,-40000.8,733.5,2812.4,24.8,0,
2017-12-22 06:13:22,0,3,4,1.1,3814.2,-40001.3,733.5,2812.4,24.8,0,
2017-12-22 06:13:25,0,3,4,1.2,3812.8,-40001.1,800.1,3066.7,24.8,0,
2017-12-22 06:13:28,0,3,4,1.2,3811.3,-40001.5,800.1,3066.7,24.7,0,
2017-12-22 06:13:31,0,3,4,1.3,3809.9,-40001.5,866.8,3320.8,24.8,0,
2017-12-22 06:13:34,0,3,4,1.3,3808.7,-40001.8,866.8,3320.8,24.8,0,
2017-12-22 06:13:37,0,3,4,1.4,3807.1,-40000.7,933.5,3574.7,24.8,0,
2017-12-22 06:13:40,0,3,4,1.5,3805.9,-40001.1,1000.1,3828.4,24.8,0,
2017-12-22 06:13:44,0,3,4,1.5,3804.7,-40001.5,1000.1,3828.4,24.8,0,
2017-12-22 06:13:47,0,3,4,1.6,3803.2,-40001.5,1066.8,4082.0,24.8,0,
2017-12-22 06:13:50,0,3,4,1.6,3802.0,-40001.3,1066.8,4082.0,24.8,0,
2017-12-22 06:13:53,0,3,4,1.7,3800.5,-40002.0,1133.5,4335.4,24.8,0,
2017-12-22 06:13:56,0,3,4,1.7,3799.1,-40001.4,1133.5,4335.4,24.7,0,
2017-12-22 06:14:00,0,3,4,1.8,3798.0,-40001.8,1200.2,4588.7,24.7,0,
2017-12-22 06:14:03,0,3,4,1.8,3796.5,-40002.0,1200.2,4588.7,24.8,0,
2017-12-22 06:14:06,0,3,4,1.9,3795.2,-40001.3,1266.8,4841.8,24.8,0,
2017-12-22 06:14:09,0,3,4,1.9,3793.9,-40001.5,1266.8,4841.8,24.8,0,
2017-12-22 06:14:12,0,3,4,2.0,3792.6,-40001.1,1333.5,5094.7,24.8,0,
2017-12-22 06:14:15,0,3,4,2.0,3791.3,-40001.5,1333.5,5094.7,24.7,0,
2017-12-22 06:14:18,0,3,4,2.1,3790.1,-40001.7,1400.2,5347.4,24.8,0,
2017-12-22 06:14:22,0,3,4,2.1,3788.6,-40002.0,1400.2,5347.4,24.7,0,
2017-12-22 06:14:25,0,3,4,2.2,3787.3,-40002.0,1466.8,5600.0,24.7,0,
2017-12-22 06:14:28,0,3,4,2.2,3786.0,-40001.5,1466.8,5600.0,24.8,0,
2017-12-22 06:14:31,0,3,4,2.3,3784.7,-40001.4,1533.5,5852.4,24.8,0,
2017-12-22 06:14:34,0,3,4,2.3,3783.5,-40001.6,1533.5,5852.4,24.8,0,
2017-12-22 06:14:37,0,3,4,2.4,3782.2,-40001.0,1600.2,6104.7,24.8,0,
2017-12-22 06:14:40,0,3,4,2.5,3780.9,-40001.5,1666.9,6356.7,24.8,0,
2017-12-22 06:14:44,0,3,4,2.5,3779.7,-40001.4,1666.9,6356.7,24.8,0,
2017-12-22 06:14:47,0,3,4,2.6,3778.3,-40001.8,1733.5,6608.7,24.8,0,
2017-12-22 06:14:50,0,3,4,2.6,3776.9,-40001.3,1733.5,6608.7,24.8,0,
2017-12-22 06:14:53,0,3,4,2.7,3775.7,-40001.6,1800.2,6860.4,24.8,0,
2017-12-22 06:14:56,0,3,4,2.7,3774.5,-40001.7,1800.2,6860.4,24.8,0,
2017-12-22 06:14:59,0,3,4,2.8,3773.2,-40001.9,1866.9,7112.0,24.8,0,
2017-12-22 06:15:02,0,3,4,2.8,3771.9,-40001.8,1866.9,7112.0,24.8,0,
2017-12-22 06:15:06,0,3,4,2.9,3770.7,-40001.8,1933.5,7363.4,24.8,0,
2017-12-22 06:15:09,0,3,4,2.9,3769.2,-40000.9,1933.5,7363.4,24.8,0,
2017-12-22 06:15:12,0,3,4,3.0,3768.0,-40001.0,2000.2,7614.7,24.8,0,
2017-12-22 06:15:15,0,3,4,3.0,3766.7,-40001.7,2000.2,7614.7,24.8,0,
2017-12-22 06:15:18,0,3,4,3.1,3765.4,-40001.8,2066.9,7865.8,24.8,0,
2017-12-22 06:15:21,0,3,4,3.1,3764.3,-40001.4,2066.9,7865.8,24.8,0,
2017-12-22 06:15:24,0,3,4,3.2,3763.0,-40001.3,2133.6,8116.7,24.8,0,
2017-12-22 06:15:28,0,3,4,3.2,3761.7,-40002.1,2133.6,8116.7,24.8,0,
2017-12-22 06:15:31,0,3,4,3.3,3760.6,-40001.4,2200.2,8367.5,24.8,0,
2017-12-22 06:15:34,0,3,4,3.3,3759.1,-40002.0,2200.2,8367.5,24.8,0,
2017-12-22 06:15:37,0,3,4,3.4,3758.1,-40001.3,2266.9,8618.1,24.8,0,
2017-12-22 06:15:40,0,3,4,3.4,3756.8,-40001.5,2266.9,8618.1,24.8,0,
2017-12-22 06:15:43,0,3,4,3.5,3755.6,-40001.7,2333.6,8868.6,24.8,0,
2017-12-22 06:15:46,0,3,4,3.6,3754.3,-40001.3,2400.3,9118.9,24.8,0,
2017-12-22 06:15:49,0,3,4,3.6,3753.1,-40001.6,2400.3,9118.9,24.8,0,
2017-12-22 06:15:53,0,3,4,3.7,3751.8,-40001.3,2466.9,9369.1,24.8,0,
2017-12-22 06:15:56,0,3,4,3.7,3750.6,-40001.8,2466.9,9369.1,24.8,0,
2017-12-22 06:15:59,0,3,4,3.8,3749.5,-40001.6,2533.6,9619.1,24.8,0,
2017-12-22 06:16:02,0,3,4,3.8,3748.2,-40002.1,2533.6,9619.1,24.8,0,
2017-12-22 06:16:05,0,3,4,3.9,3747.1,-40001.3,2600.3,9868.9,24.8,0,
2017-12-22 06:16:08,0,3,4,3.9,3746.0,-40001.4,2600.3,9868.9,24.8,0,
2017-12-22 06:16:11,0,3,4,4.0,3744.7,-40001.3,2666.9,10118.6,24.8,0,
2017-12-22 06:16:15,0,3,4,4.0,3743.6,-40001.3,2666.9,10118.6,24.8,0,
2017-12-22 06:16:18,0,3,4,4.1,3742.5,-40001.2,2733.6,10368.2,24.8,0,
2017-12-22 06:16:21,0,3,4,4.1,3741.3,-40001.0,2733.6,10368.2,24.7,0,
2017-12-22 06:16:24,0,3,4,4.2,3740.1,-40001.2,2800.3,10617.6,24.8,0,
2017-12-22 06:16:27,0,3,4,4.2,3738.9,-40001.3,2800.3,10617.6,24.8,0,
2017-12-22 06:16:30,0,3,4,4.3,3737.9,-40001.5,2867.0,10866.8,24.8,0,
2017-12-22 06:16:33,0,3,4,4.3,3736.7,-40001.5,2867.0,10866.8,24.8,0,
2017-12-22 06:16:37,0,3,4,4.4,3735.6,-40001.3,2933.6,11115.9,24.8,0,
2017-12-22 06:16:40,0,3,4,4.4,3734.4,-40001.3,2933.6,11115.9,24.8,0,
2017-12-22 06:16:43,0,3,4,4.5,3733.4,-40001.8,3000.3,11364.9,24.8,0,
2017-12-22 06:16:46,0,3,4,4.5,3732.3,-40001.8,3000.3,11364.9,24.8,0,
2017-12-22 06:16:49,0,3,4,4.6,3731.3,-40001.6,3067.0,11613.7,24.8,0,
2017-12-22 06:16:52,0,3,4,4.6,3730.2,-40001.7,3067.0,11613.7,24.8,0,
2017-12-22 06:16:55,0,3,4,4.7,3729.1,-40001.7,3133.6,11862.4,24.8,0,
2017-12-22 06:16:58,0,3,4,4.8,3728.2,-40001.3,3200.3,12111.0,24.8,0,
2017-12-22 06:17:02,0,3,4,4.8,3727.0,-40001.8,3200.3,12111.0,24.8,0,
2017-12-22 06:17:05,0,3,4,4.9,3725.9,-40002.0,3267.0,12359.4,24.8,0,
2017-12-22 06:17:08,0,3,4,4.9,3725.1,-40001.3,3267.0,12359.4,24.8,0,
2017-12-22 06:17:11,0,3,4,5.0,3723.9,-40001.5,3333.7,12607.7,24.7,0,
2017-12-22 06:17:14,0,3,4,5.0,3722.9,-40001.5,3333.7,12607.7,24.7,0,
2017-12-22 06:17:17,0,3,4,5.1,3722.0,-40002.0,3400.3,12855.9,24.8,0,
2017-12-22 06:17:20,0,3,4,5.1,3720.9,-40001.8,3400.3,12855.9,24.7,0,
2017-12-22 06:17:24,0,3,4,5.2,3720.0,-40001.7,3467.0,13104.0,24.7,0,
2017-12-22 06:17:27,0,3,4,5.2,3719.0,-40002.2,3467.0,13104.0,24.7,0,
2017-12-22 06:17:30,0,3,4,5.3,3718.0,-40002.0,3533.7,13351.9,24.7,0,
2017-12-22 06:17:33,0,3,4,5.3,3717.0,-40001.5,3533.7,13351.9,24.7,0,
2017-12-22 06:17:36,0,3,4,5.4,3716.1,-40001.5,3600.4,13599.7,24.7,0,
2017-12-22 06:17:39,0,3,4,5.4,3715.1,-40002.1,3600.4,13599.7,24.7,0,
2017-12-22 06:17:42,0,3,4,5.5,3714.1,-40001.8,3667.0,13847.4,24.7,0,
2017-12-22 06:17:46,0,3,4,5.5,3713.2,-40001.3,3667.0,13847.4,24.7,0,
2017-12-22 06:17:49,0,3,4,5.6,3712.4,-40001.5,3733.7,14094.9,24.7,0,
2017-12-22 06:17:52,0,3,4,5.6,3711.5,-40002.2,3733.7,14094.9,24.7,0,
2017-12-22 06:17:55,0,3,4,5.7,3710.4,-40002.0,3800.4,14342.4,24.7,0,
2017-12-22 06:17:58,0,3,4,5.7,3709.7,-40001.4,3800.4,14342.4,24.7,0,
2017-12-22 06:18:01,0,3,4,5.8,3708.6,-40001.8,3867.0,14589.7,24.7,0,
2017-12-22 06:18:04,0,3,4,5.9,3707.7,-40002.5,3933.7,14836.9,24.7,0,
2017-12-22 06:18:07,0,3,4,5.9,3707.0,-40002.0,3933.7,14836.9,24.6,0,
2017-12-22 06:18:11,0,3,4,6.0,3706.1,-40002.3,4000.4,15084.0,24.7,0,
2017-12-22 06:18:14,0,3,4,6.0,3705.1,-40001.9,4000.4,15084.0,24.7,0,
2017-12-22 06:18:17,0,3,4,6.1,3704.3,-40001.9,4067.1,15331.0,24.7,0,
2017-12-22 06:18:20,0,3,4,6.1,3703.3,-40002.2,4067.1,15331.0,24.6,0,
2017-12-22 06:18:23,0,3,4,6.2,3702.5,-40001.9,4133.7,15577.9,24.7,0,
2017-12-22 06:18:26,0,3,4,6.2,3701.7,-40001.7,4133.7,15577.9,24.6,0,
2017-12-22 06:18:29,0,3,4,6.3,3700.8,-40002.0,4200.4,15824.6,24.7,0,
2017-12-22 06:18:33,0,3,4,6.3,3700.0,-40001.5,4200.4,15824.6,24.7,0,
2017-12-22 06:18:36,0,3,4,6.4,3699.1,-40001.1,4267.1,16071.3,24.7,0,
2017-12-22 06:18:39,0,3,4,6.4,3698.3,-40002.0,4267.1,16071.3,24.6,0,
2017-12-22 06:18:42,0,3,4,6.5,3697.4,-39998.8,4333.7,16317.8,24.7,0,
2017-12-22 06:18:45,0,3,4,6.5,3696.6,-39998.5,4333.7,16317.8,24.7,0,
2017-12-22 06:18:48,0,3,4,6.6,3695.8,-39998.7,4400.4,16564.2,24.6,0,
2017-12-22 06:18:51,0,3,4,6.6,3694.9,-39998.4,4400.4,16564.2,24.6,0,
2017-12-22 06:18:54,0,3,4,6.7,3694.2,-39998.4,4467.1,16810.5,24.6,0,
2017-12-22 06:18:58,0,3,4,6.7,3693.2,-39999.0,4467.1,16810.5,24.6,0,
2017-12-22 06:19:01,0,3,4,6.8,3692.6,-39998.7,4533.7,17056.7,24.6,0,
2017-12-22 06:19:04,0,3,4,6.8,3691.7,-39998.7,4533.7,17056.7,24.6,0,
2017-12-22 06:19:07,0,3,4,6.9,3690.8,-39998.5,4600.4,17302.8,24.6,0,
2017-12-22 06:19:10,0,3,4,7.0,3690.1,-39999.1,4667.1,17548.8,24.6,0,
2017-12-22 06:19:13,0,3,4,7.0,3689.3,-39998.7,4667.1,17548.8,24.6,0,
2017-12-22 06:19:17,0,3,4,7.1,3688.6,-39999.5,4733.7,17794.7,24.6,0,
2017-12-22 06:19:20,0,3,4,7.1,3687.7,-39998.3,4733.7,17794.7,24.6,0,
2017-12-22 06:19:23,0,3,4,7.2,3687.0,-39998.6,4800.4,18040.5,24.6,0,
2017-12-22 06:19:26,0,3,4,7.2,3686.2,-39999.2,4800.4,18040.5,24.6,0,
2017-12-22 06:19:29,0,3,4,7.3,3685.5,-39998.7,4867.0,18286.1,24.6,0,
2017-12-22 06:19:32,0,3,4,7.3,3684.7,-39999.0,4867.0,18286.1,24.6,0,
2017-12-22 06:19:35,0,3,4,7.4,3684.0,-39999.0,4933.7,18531.7,24.7,0,
2017-12-22 06:19:38,0,3,4,7.4,3683.1,-39999.4,4933.7,18531.7,24.6,0,
2017-12-22 06:19:41,0,3,4,7.5,3682.4,-39998.8,5000.4,18777.2,24.6,0,
2017-12-22 06:19:45,0,3,4,7.5,3681.8,-39999.0,5000.4,18777.2,24.7,0,
2017-12-22 06:19:48,0,3,4,7.6,3680.9,-39998.7,5067.0,19022.6,24.7,0,
2017-12-22 06:19:51,0,3,4,7.6,3680.1,-39999.0,5067.0,19022.6,24.7,0,
2017-12-22 06:19:54,0,3,4,7.7,3679.5,-39999.5,5133.7,19268.0,24.7,0,
2017-12-22 06:19:57,0,3,4,7.7,3678.7,-39999.3,5133.7,19268.0,24.7,0,
2017-12-22 06:20:00,0,3,4,7.8,3678.1,-39999.2,5200.4,19513.2,24.7,0,
2017-12-22 06:20:03,0,3,4,7.8,3677.2,-39999.2,5200.4,19513.2,24.7,0,
2017-12-22 06:20:07,0,3,4,7.9,3676.4,-39999.2,5267.0,19758.3,24.7,0,
2017-12-22 06:20:10,0,3,4,7.9,3675.7,-39998.8,5267.0,19758.3,24.7,0,
2017-12-22 06:20:13,0,3,4,8.0,3675.0,-39998.8,5333.7,20003.3,24.7,0,
2017-12-22 06:20:16,0,3,4,8.1,3674.3,-39998.8,5400.4,20248.3,24.7,0,
2017-12-22 06:20:19,0,3,4,8.1,3673.5,-39999.1,5400.4,20248.3,24.7,0,
2017-12-22 06:20:23,0,3,4,8.2,3672.8,-39998.8,5467.0,20493.1,24.8,0,
2017-12-22 06:20:26,0,3,4,8.2,3672.2,-39999.6,5467.0,20493.1,24.7,0,
2017-12-22 06:20:29,0,3,4,8.3,3671.4,-39998.8,5533.7,20737.9,24.7,0,
2017-12-22 06:20:32,0,3,4,8.3,3670.7,-39999.0,5533.7,20737.9,24.7,0,
2017-12-22 06:20:35,0,3,4,8.4,3670.0,-39999.2,5600.3,20982.6,24.7,0,
2017-12-22 06:20:38,0,3,4,8.4,3669.4,-39999.0,5600.3,20982.6,24.7,0,
2017-12-22 06:20:41,0,3,4,8.5,3668.6,-39999.5,5667.0,21227.1,24.7,0,
2017-12-22 06:20:45,0,3,4,8.5,3668.0,-39998.7,5667.0,21227.1,24.7,0,
2017-12-22 06:20:48,0,3,4,8.6,3667.3,-39999.0,5733.7,21471.6,24.7,0,
2017-12-22 06:20:51,0,3,4,8.6,3666.7,-39999.0,5733.7,21471.6,24.7,0,
2017-12-22 06:20:54,0,3,4,8.7,3665.9,-39998.7,5800.3,21716.0,24.6,0,
2017-12-22 06:20:57,0,3,4,8.7,3665.3,-39999.0,5800.3,21716.0,24.7,0,
2017-12-22 06:21:00,0,3,4,8.8,3664.6,-39999.0,5867.0,21960.4,24.7,0,
2017-12-22 06:21:03,0,3,4,8.8,3664.0,-39999.0,5867.0,21960.4,24.7,0,
2017-12-22 06:21:06,0,3,4,8.9,3663.2,-39998.6,5933.7,22204.6,24.7,0,
2017-12-22 06:21:10,0,3,4,8.9,3662.6,-39998.8,5933.7,22204.6,24.7,0,
2017-12-22 06:21:13,0,3,4,9.0,3661.8,-39998.7,6000.3,22448.8,24.7,0,
2017-12-22 06:21:16,0,3,4,9.0,3661.3,-39999.3,6000.3,22448.8,24.7,0,
2017-12-22 06:21:19,0,3,4,9.1,3660.7,-39998.9,6067.0,22692.8,24.7,0,
2017-12-22 06:21:22,0,3,4,9.1,3660.0,-39999.3,6067.0,22692.8,24.7,0,
2017-12-22 06:21:25,0,3,4,9.2,3659.4,-39998.8,6133.7,22936.8,24.7,0,
2017-12-22 06:21:28,0,3,4,9.3,3658.7,-39999.0,6200.3,23180.7,24.7,0,
2017-12-22 06:21:32,0,3,4,9.3,3658.0,-39999.2,6200.3,23180.7,24.7,0,
2017-12-22 06:21:35,0,3,4,9.4,3657.3,-39999.2,6267.0,23424.5,24.7,0,
2017-12-22 06:21:38,0,3,4,9.4,3656.6,-39999.4,6267.0,23424.5,24.7,0,
2017-12-22 06:21:41,0,3,4,9.5,3656.1,-39999.0,6333.6,23668.3,24.7,0,
2017-12-22 06:21:44,0,3,4,9.5,3655.5,-39999.0,6333.6,23668.3,24.7,0,
2017-12-22 06:21:47,0,3,4,9.6,3654.7,-39999.0,6400.3,23911.9,24.7,0,
2017-12-22 06:21:51,0,3,4,9.6,3654.1,-39999.0,6400.3,23911.9,24.7,0,
2017-12-22 06:21:54,0,3,4,9.7,3653.5,-39999.0,6467.0,24155.5,24.6,0,
2017-12-22 06:21:57,0,3,4,9.7,3652.9,-39999.2,6467.0,24155.5,24.7,0,
2017-12-22 06:22:00,0,3,4,9.8,3652.1,-39998.8,6533.6,24399.0,24.7,0,
2017-12-22 06:22:03,0,3,4,9.8,3651.7,-39999.2,6533.6,24399.0,24.7,0,
2017-12-22 06:22:06,0,3,4,9.9,3651.0,-39999.2,6600.3,24642.4,24.7,0,
2017-12-22 06:22:09,0,3,4,9.9,3650.4,-39998.8,6600.3,24642.4,24.7,0,
2017-12-22 06:22:13,0,3,4,10.0,3649.8,-39999.0,6667.0,24885.7,24.7,0,
2017-12-22 06:22:16,0,3,4,10.0,3649.1,-39999.0,6667.0,24885.7,24.7,0,
2017-12-22 06:22:19,0,3,4,10.1,3648.5,-39999.0,6733.6,25129.0,24.7,0,
2017-12-22 06:22:22,0,3,4,10.1,3647.8,-39999.2,6733.6,25129.0,24.7,0,
2017-12-22 06:22:25,0,3,4,10.2,3647.3,-39998.9,6800.3,25372.2,24.7,0,
2017-12-22 06:22:28,0,3,4,10.2,3646.7,-39998.8,6800.3,25372.2,24.7,0,
2017-12-22 06:22:31,0,3,4,10.3,3646.2,-39998.7,6867.0,25615.3,24.7,0,
2017-12-22 06:22:34,0,3,4,10.4,3645.6,-39998.7,6933.6,25858.3,24.7,0,
2017-12-22 06:22:38,0,3,4,10.4,3644.8,-39998.5,6933.6,25858.3,24.7,0,
2017-12-22 06:22:41,0,3,4,10.5,3644.2,-39998.9,7000.3,26101.2,24.8,0,
2017-12-22 06:22:44,0,3,4,10.5,3643.8,-39998.8,7000.3,26101.2,24.8,0,
2017-12-22 06:22:47,0,3,4,10.6,3643.2,-39998.8,7066.9,26344.1,24.7,0,
2017-12-22 06:22:50,0,3,4,10.6,3642.6,-39998.8,7066.9,26344.1,24.7,0,
2017-12-22 06:22:53,0,3,4,10.7,3641.9,-39998.9,7133.6,26586.9,24.8,0,
2017-12-22 06:22:56,0,3,4,10.7,3641.4,-39998.7,7133.6,26586.9,24.7,0,
2017-12-22 06:23:00,0,3,4,10.8,3640.7,-39999.0,7200.3,26829.6,24.8,0,
2017-12-22 06:23:03,0,3,4,10.8,3640.2,-39998.5,7200.3,26829.6,24.8,0,
2017-12-22 06:23:06,0,3,4,10.9,3639.6,-39999.0,7266.9,27072.3,24.8,0,
2017-12-22 06:23:09,0,3,4,10.9,3639.0,-39999.0,7266.9,27072.3,24.8,0,
2017-12-22 06:23:12,0,3,4,11.0,3638.4,-39998.8,7333.6,27314.8,24.8,0,
2017-12-22 06:23:15,0,3,4,11.0,3637.8,-39999.0,7333.6,27314.8,24.8,0,
2017-12-22 06:23:18,0,3,4,11.1,3637.2,-39998.8,7400.3,27557.3,24.8,0,
2017-12-22 06:23:21,0,3,4,11.1,3636.7,-39998.6,7400.3,27557.3,24.8,0,
2017-12-22 06:23:25,0,3,4,11.2,3636.2,-39998.8,7466.9,27799.7,24.8,0,
2017-12-22 06:23:28,0,3,4,11.2,3635.6,-39999.0,7466.9,27799.7,24.7,0,
2017-12-22 06:23:31,0,3,4,11.3,3635.1,-39999.0,7533.6,28042.1,24.8,0,
2017-12-22 06:23:34,0,3,4,11.3,3634.4,-39999.2,7533.6,28042.1,24.7,0,
2017-12-22 06:23:37,0,3,4,11.4,3633.8,-39998.7,7600.2,28284.4,24.7,0,
2017-12-22 06:23:40,0,3,4,11.4,3633.4,-39998.9,7600.2,28284.4,24.8,0,
2017-12-22 06:23:43,0,3,4,11.5,3632.8,-39999.2,7666.9,28526.6,24.8,0,
2017-12-22 06:23:46,0,3,4,11.6,3632.3,-39999.4,7733.6,28768.7,24.7,0,
2017-12-22 06:23:49,0,3,4,11.6,3631.7,-39999.0,7733.6,28768.7,24.7,0,
2017-12-22 06:23:53,0,3,4,11.7,3631.2,-39999.7,7800.2,29010.8,24.8,0,
2017-12-22 06:23:56,0,3,4,11.7,3630.6,-39999.2,7800.2,29010.8,24.8,0,
2017-12-22 06:23:59,0,3,4,11.8,3629.9,-39998.6,7866.9,29252.8,24.8,0,
2017-12-22 06:24:02,0,3,4,11.8,3629.4,-39999.0,7866.9,29252.8,24.8,0,
2017-12-22 06:24:05,0,3,4,11.9,3628.9,-39998.9,7933.6,29494.7,24.8,0,
2017-12-22 06:24:08,0,3,4,11.9,3628.3,-39998.8,7933.6,29494.7,24.8,0,
2017-12-22 06:24:11,0,3,4,12.0,3627.9,-39998.7,8000.2,29736.6,24.8,0,
2017-12-22 06:24:15,0,3,4,12.0,3627.2,-39998.8,8000.2,29736.6,24.7,0,
2017-12-22 06:24:18,0,3,4,12.1,3626.8,-39998.8,8066.9,29978.3,24.8,0,
2017-12-22 06:24:21,0,3,4,12.1,3626.2,-39998.4,8066.9,29978.3,24.8,0,
2017-12-22 06:24:24,0,3,4,12.2,3625.7,-39999.0,8133.5,30220.1,24.7,0,
2017-12-22 06:24:27,0,3,4,12.2,3625.2,-39998.9,8133.5,30220.1,24.7,0,
2017-12-22 06:24:30,0,3,4,12.3,3624.6,-39999.0,8200.2,30461.7,24.7,0,
2017-12-22 06:24:33,0,3,4,12.3,3624.1,-39999.3,8200.2,30461.7,24.8,0,
2017-12-22 06:24:37,0,3,4,12.4,3623.5,-39999.2,8266.9,30703.3,24.7,0,
2017-12-22 06:24:40,0,3,4,12.4,3623.0,-39999.3,8266.9,30703.3,24.7,0,
2017-12-22 06:24:43,0,3,4,12.5,3622.6,-39998.5,8333.5,30944.8,24.8,0,
2017-12-22 06:24:46,0,3,4,12.5,3622.0,-39999.0,8333.5,30944.8,24.8,0,
2017-12-22 06:24:49,0,3,4,12.6,3621.5,-39999.1,8400.2,31186.3,24.7,0,
2017-12-22 06:24:52,0,3,4,12.7,3620.8,-39997.8,8466.9,31427.6,24.7,0,
2017-12-22 06:24:56,0,3,4,12.7,3620.3,-39999.0,8466.9,31427.6,24.7,0,
2017-12-22 06:24:59,0,3,4,12.8,3619.8,-39999.3,8533.5,31668.9,24.7,0,
2017-12-22 06:25:02,0,3,4,12.8,3619.2,-39998.2,8533.5,31668.9,24.7,0,
2017-12-22 06:25:05,0,3,4,12.9,3618.8,-39998.8,8600.2,31910.2,24.8,0,
2017-12-22 06:25:08,0,3,4,12.9,3618.2,-39998.7,8600.2,31910.2,24.8,0,
2017-12-22 06:25:11,0,3,4,13.0,3617.7,-39999.0,8666.8,32151.4,24.8,0,
2017-12-22 06:25:14,0,3,4,13.0,3617.2,-39998.8,8666.8,32151.4,24.7,0,
2017-12-22 06:25:18,0,3,4,13.1,3616.7,-39999.2,8733.5,32392.5,24.7,0,
2017-12-22 06:25:21,0,3,4,13.1,3616.1,-39998.5,8733.5,32392.5,24.8,0,
2017-12-22 06:25:24,0,3,4,13.2,3615.7,-39999.0,8800.2,32633.5,24.7,0,
2017-12-22 06:25:27,0,3,4,13.2,3615.1,-39999.0,8800.2,32633.5,24.8,0,
2017-12-22 06:25:30,0,3,4,13.3,3614.6,-39999.0,8866.8,32874.5,24.7,0,
2017-12-22 06:25:34,0,3,4,13.3,3614.2,-39998.8,8866.8,32874.5,24.8,0,
2017-12-22 06:25:37,0,3,4,13.4,3613.6,-39998.8,8933.5,33115.4,24.8,0,
2017-12-22 06:25:40,0,3,4,13.4,3613.0,-39999.0,8933.5,33115.4,24.8,0,
2017-12-22 06:25:43,0,3,4,13.5,3612.5,-39998.8,9000.2,33356.3,24.8,0,
2017-12-22 06:25:46,0,3,4,13.5,3612.1,-39998.5,9000.2,33356.3,24.8,0,
2017-12-22 06:25:49,0,3,4,13.6,3611.6,-39999.1,9066.8,33597.0,24.8,0,
2017-12-22 06:25:52,0,3,4,13.7,3611.1,-39998.9,9133.5,33837.8,24.7,0,
2017-12-22 06:25:56,0,3,4,13.7,3610.5,-39998.7,9133.5,33837.8,24.8,0,
2017-12-22 06:25:59,0,3,4,13.8,3610.1,-39998.6,9200.1,34078.4,24.8,0,
2017-12-22 06:26:02,0,3,4,13.8,3609.5,-39999.0,9200.1,34078.4,24.8,0,
2017-12-22 06:26:05,0,3,4,13.9,3609.0,-39998.7,9266.8,34319.0,24.8,0,
2017-12-22 06:26:08,0,3,4,13.9,3608.4,-39998.7,9266.8,34319.0,24.8,0,
2017-12-22 06:26:11,0,3,4,14.0,3608.0,-39999.5,9333.5,34559.5,24.8,0,
2017-12-22 06:26:14,0,3,4,14.0,3607.4,-39999.0,9333.5,34559.5,24.8,0,
2017-12-22 06:26:18,0,3,4,14.1,3607.0,-39998.8,9400.1,34800.0,24.8,0,
2017-12-22 06:26:21,0,3,4,14.1,3606.5,-39998.9,9400.1,34800.0,24.8,0,
2017-12-22 06:26:24,0,3,4,14.2,3606.0,-39998.9,9466.8,35040.4,24.8,0,
2017-12-22 06:26:27,0,3,4,14.2,3605.4,-39999.0,9466.8,35040.4,24.8,0,
2017-12-22 06:26:30,0,3,4,14.3,3605.0,-39999.0,9533.5,35280.7,24.8,0,
2017-12-22 06:26:33,0,3,4,14.3,3604.6,-39998.8,9533.5,35280.7,24.8,0,
2017-12-22 06:26:36,0,3,4,14.4,3604.0,-39998.8,9600.1,35521.0,24.8,0,
2017-12-22 06:26:40,0,3,4,14.4,3603.4,-39999.0,9600.1,35521.0,24.8,0,
2017-12-22 06:26:43,0,3,4,14.5,3602.9,-39998.5,9666.8,35761.2,24.8,0,
2017-12-22 06:26:46,0,3,4,14.5,3602.4,-39998.8,9666.8,35761.2,24.8,0,
2017-12-22 06:26:49,0,3,4,14.6,3602.0,-39999.0,9733.5,36001.3,24.8,0,
2017-12-22 06:26:52,0,3,4,14.6,3601.4,-39999.2,9733.5,36001.3,24.8,0,
2017-12-22 06:26:55,0,3,4,14.7,3601.0,-39999.0,9800.1,36241.4,24.8,0,
2017-12-22 06:26:58,0,3,4,14.8,3600.5,-39998.5,9866.8,36481.4,24.9,0,
2017-12-22 06:27:01,0,3,4,14.8,3600.0,-39998.7,9866.8,36481.4,24.9,0,
2017-12-22 06:27:04,0,3,4,14.9,3599.6,-39999.0,9933.4,36721.4,24.9,0,
2017-12-22 06:27:08,0,3,4,14.9,3599.0,-39999.2,9933.4,36721.4,24.9,0,
2017-12-22 06:27:11,0,3,4,15.0,3598.6,-39999.0,10000.1,36961.3,24.9,0,
2017-12-22 06:27:14,0,3,4,15.0,3598.1,-39998.8,10000.1,36961.3,24.9,0,
2017-12-22 06:27:17,0,3,4,15.1,3597.6,-39998.5,10066.8,37201.1,24.9,0,
2017-12-22 06:27:20,0,3,4,15.1,3597.1,-39998.8,10066.8,37201.1,24.9,0,
2017-12-22 06:27:23,0,3,4,15.2,3596.7,-39999.1,10133.4,37440.9,24.9,0,
2017-12-22 06:27:26,0,3,4,15.2,3596.2,-39998.7,10133.4,37440.9,24.9,0,
2017-12-22 06:27:30,0,3,4,15.3,3595.7,-39999.2,10200.1,37680.6,24.9,0,
2017-12-22 06:27:33,0,3,4,15.3,3595.2,-39999.0,10200.1,37680.6,24.9,0,
2017-12-22 06:27:36,0,3,4,15.4,3594.8,-39998.8,10266.8,37920.3,24.8,0,
2017-12-22 06:27:39,0,3,4,15.4,3594.1,-39999.2,10266.8,37920.3,24.9,0,
2017-12-22 06:27:42,0,3,4,15.5,3593.8,-39998.9,10333.4,38159.9,24.8,0,
2017-12-22 06:27:45,0,3,4,15.5,3593.3,-39998.8,10333.4,38159.9,24.8,0,
2017-12-22 06:27:48,0,3,4,15.6,3592.8,-39999.0,10400.1,38399.4,24.8,0,
2017-12-22 06:27:51,0,3,4,15.6,3592.4,-39999.0,10400.1,38399.4,24.8,0,
2017-12-22 06:27:54,0,3,4,15.7,3591.8,-39999.0,10466.7,38638.9,24.8,0,
2017-12-22 06:27:58,0,3,4,15.7,3591.4,-39998.5,10466.7,38638.9,24.9,0,
2017-12-22 06:28:01,0,3,4,15.8,3590.9,-39999.0,10533.4,38878.3,24.8,0,
2017-12-22 06:28:04,0,3,4,15.8,3590.5,-39998.6,10533.4,38878.3,24.8,0,
2017-12-22 06:28:07,0,3,4,15.9,3590.0,-39998.8,10600.1,39117.6,24.8,0,
2017-12-22 06:28:10,0,3,4,16.0,3589.4,-39998.8,10666.7,39356.9,24.8,0,
2017-12-22 06:28:13,0,3,4,16.0,3589.0,-39998.7,10666.7,39356.9,24.8,0,
2017-12-22 06:28:17,0,3,4,16.1,3588.6,-39998.5,10733.4,39596.1,24.8,0,
2017-12-22 06:28:20,0,3,4,16.1,3588.1,-39998.0,10733.4,39596.1,24.8,0,
2017-12-22 06:28:23,0,3,4,16.2,3587.5,-39999.0,10800.1,39835.3,24.8,0,
2017-12-22 06:28:26,0,3,4,16.2,3587.0,-39998.9,10800.1,39835.3,24.9,0,
2017-12-22 06:28:29,0,3,4,16.3,3586.7,-39999.2,10866.7,40074.4,24.9,0,
2017-12-22 06:28:32,0,3,4,16.3,3586.1,-39998.7,10866.7,40074.4,24.9,0,
2017-12-22 06:28:35,0,3,4,16.4,3585.7,-39998.7,10933.4,40313.4,24.9,0,
2017-12-22 06:28:38,0,3,4,16.4,3585.1,-39998.6,10933.4,40313.4,24.9,0,
2017-12-22 06:28:42,0,3,4,16.5,3584.7,-39998.6,11000.0,40552.4,24.9,0,
2017-12-22 06:28:45,0,3,4,16.5,3584.2,-39998.3,11000.0,40552.4,24.9,0,
2017-12-22 06:28:48,0,3,4,16.6,3583.8,-39999.0,11066.7,40791.3,24.9,0,
2017-12-22 06:28:51,0,3,4,16.6,3583.2,-39998.8,11066.7,40791.3,24.9,0,
2017-12-22 06:28:54,0,3,4,16.7,3582.8,-39998.8,11133.4,41030.2,24.9,0,
2017-12-22 06:28:57,0,3,4,16.7,3582.2,-39998.5,11133.4,41030.2,24.9,0,
2017-12-22 06:29:00,0,3,4,16.8,3581.8,-39998.9,11200.0,41269.0,24.9,0,
2017-12-22 06:29:04,0,3,4,16.8,3581.4,-39998.7,11200.0,41269.0,24.9,0,
2017-12-22 06:29:07,0,3,4,16.9,3580.9,-39998.8,11266.7,41507.7,24.9,0,
2017-12-22 06:29:10,0,3,4,16.9,3580.3,-39998.8,11266.7,41507.7,24.9,0,
2017-12-22 06:29:13,0,3,4,17.0,3580.0,-39999.0,11333.4,41746.4,24.9,0,
2017-12-22 06:29:16,0,3,4,17.1,3579.4,-39998.9,11400.0,41985.0,24.9,0,
2017-12-22 06:29:20,0,3,4,17.1,3578.8,-39998.8,11400.0,41985.0,24.9,0,
2017-12-22 06:29:23,0,3,4,17.2,3578.5,-39998.8,11466.7,42223.5,24.9,0,
2017-12-22 06:29:26,0,3,4,17.2,3578.0,-39998.8,11466.7,42223.5,24.9,0,
2017-12-22 06:29:29,0,3,4,17.3,3577.5,-39999.0,11533.3,42462.0,24.9,0,
2017-12-22 06:29:32,0,3,4,17.3,3577.1,-39998.8,11533.3,42462.0,24.9,0,
2017-12-22 06:29:35,0,3,4,17.4,3576.5,-39998.7,11600.0,42700.5,24.9,0,
2017-12-22 06:29:38,0,3,4,17.4,3576.1,-39999.0,11600.0,42700.5,24.9,0,
2017-12-22 06:29:41,0,3,4,17.5,3575.7,-39998.8,11666.7,42938.8,24.8,0,
2017-12-22 06:29:44,0,3,4,17.5,3575.2,-39998.8,11666.7,42938.8,24.9,0,
2017-12-22 06:29:47,0,3,4,17.6,3574.8,-39998.9,11733.3,43177.2,24.9,0,
2017-12-22 06:29:51,0,3,4,17.6,3574.3,-39999.2,11733.3,43177.2,24.9,0,
2017-12-22 06:29:54,0,3,4,17.7,3573.7,-39998.7,11800.0,43415.4,25.0,0,
2017-12-22 06:29:57,0,3,4,17.7,3573.2,-39999.0,11800.0,43415.4,24.9,0,
2017-12-22 06:30:00,0,3,4,17.8,3572.9,-39998.7,11866.7,43653.6,24.9,0,
2017-12-22 06:30:03,0,3,4,17.8,3572.4,-39998.9,11866.7,43653.6,24.9,0,
2017-12-22 06:30:06,0,3,4,17.9,3572.0,-39999.0,11933.3,43891.7,24.9,0,
2017-12-22 06:30:09,0,3,4,17.9,3571.3,-39998.5,11933.3,43891.7,24.9,0,
2017-12-22 06:30:12,0,3,4,18.0,3571.0,-39998.7,12000.0,44129.8,24.9,0,
2017-12-22 06:30:16,0,3,4,18.0,3570.4,-39998.3,12000.0,44129.8,25.0,0,
2017-12-22 06:30:19,0,3,4,18.1,3569.9,-39998.7,12066.7,44367.8,24.9,0,
2017-12-22 06:30:22,0,3,4,18.1,3569.6,-39998.5,12066.7,44367.8,24.9,0,
2017-12-22 06:30:25,0,3,4,18.2,3569.1,-39998.8,12133.3,44605.8,25.0,0,
2017-12-22 06:30:28,0,3,4,18.2,3568.6,-39998.7,12133.3,44605.8,25.0,0,
2017-12-22 06:30:31,0,3,4,18.3,3568.0,-39998.9,12200.0,44843.6,25.0,0,
2017-12-22 06:30:34,0,3,4,18.4,3567.7,-39998.7,12266.6,45081.5,25.0,0,
2017-12-22 06:30:38,0,3,4,18.4,3567.1,-39998.7,12266.6,45081.5,25.0,0,
2017-12-22 06:30:41,0,3,4,18.5,3566.6,-39998.5,12333.3,45319.2,25.0,0,
2017-12-22 06:30:44,0,3,4,18.5,3566.1,-39999.0,12333.3,45319.2,25.0,0,
2017-12-22 06:30:47,0,3,4,18.6,3565.7,-39998.8,12400.0,45556.9,25.0,0,
2017-12-22 06:30:50,0,3,4,18.6,3565.2,-39998.8,12400.0,45556.9,25.0,0,
2017-12-22 06:30:53,0,3,4,18.7,3564.8,-39998.8,12466.6,45794.6,25.0,0,
2017-12-22 06:30:56,0,3,4,18.7,3564.3,-39998.9,12466.6,45794.6,25.0,0,
2017-12-22 06:31:00,0,3,4,18.8,3563.8,-39998.4,12533.3,46032.1,25.0,0,
2017-12-22 06:31:03,0,3,4,18.8,3563.3,-39999.0,12533.3,46032.1,25.0,0,
2017-12-22 06:31:06,0,3,4,18.9,3562.8,-39998.6,12599.9,46269.7,25.0,0,
2017-12-22 06:31:09,0,3,4,18.9,3562.3,-39998.8,12599.9,46269.7,25.0,0,
2017-12-22 06:31:12,0,3,4,19.0,3561.9,-39998.7,12666.6,46507.1,25.0,0,
2017-12-22 06:31:15,0,3,4,19.0,3561.4,-39998.9,12666.6,46507.1,25.0,0,
2017-12-22 06:31:18,0,3,4,19.1,3561.0,-39998.7,12733.3,46744.5,24.9,0,
2017-12-22 06:31:21,0,3,4,19.1,3560.5,-39998.8,12733.3,46744.5,24.9,0,
2017-12-22 06:31:25,0,3,4,19.2,3560.0,-39998.7,12799.9,46981.9,24.9,0,
2017-12-22 06:31:28,0,3,4,19.2,3559.4,-39998.8,12799.9,46981.9,24.9,0,
2017-12-22 06:31:31,0,3,4,19.3,3559.0,-39998.7,12866.6,47219.1,24.9,0,
2017-12-22 06:31:34,0,3,4,19.4,3558.6,-39998.8,12933.3,47456.4,24.9,0,
2017-12-22 06:31:37,0,3,4,19.4,3558.0,-39998.5,12933.3,47456.4,24.9,0,
2017-12-22 06:31:41,0,3,4,19.5,3557.6,-39998.9,12999.9,47693.5,24.9,0,
2017-12-22 06:31:44,0,3,4,19.5,3557.2,-39998.6,12999.9,47693.5,24.9,0,
2017-12-22 06:31:47,0,3,4,19.6,3556.7,-39998.6,13066.6,47930.6,24.9,0,
2017-12-22 06:31:50,0,3,4,19.6,3556.1,-39998.5,13066.6,47930.6,25.0,0,
2017-12-22 06:31:53,0,3,4,19.7,3555.7,-39998.7,13133.2,48167.7,25.0,0,
2017-12-22 06:31:56,0,3,4,19.7,3555.3,-39998.7,13133.2,48167.7,25.0,0,
2017-12-22 06:31:59,0,3,4,19.8,3554.7,-39998.9,13199.9,48404.6,25.0,0,
2017-12-22 06:32:03,0,3,4,19.8,3554.2,-39998.4,13199.9,48404.6,25.0,0,
2017-12-22 06:32:06,0,3,4,19.9,3553.8,-39998.7,13266.6,48641.6,25.0,0,
2017-12-22 06:32:09,0,3,4,19.9,3553.3,-39998.9,13266.6,48641.6,25.0,0,
2017-12-22 06:32:12,0,3,4,20.0,3552.9,-39999.0,13333.2,48878.4,25.0,0,
2017-12-22 06:32:15,0,3,4,20.0,3552.4,-39998.8,13333.2,48878.4,25.0,0,
2017-12-22 06:32:18,0,3,4,20.1,3551.9,-39998.7,13399.9,49115.2,25.0,0,
2017-12-22 06:32:21,0,3,4,20.1,3551.3,-39999.0,13399.9,49115.2,25.0,0,
2017-12-22 06:32:24,0,3,4,20.2,3550.8,-39998.8,13466.6,49351.9,25.0,0,
2017-12-22 06:32:28,0,3,4,20.2,3550.5,-39998.5,13466.6,49351.9,25.0,0,
2017-12-22 06:32:31,0,3,4,20.3,3549.9,-39998.5,13533.2,49588.6,25.0,0,
2017-12-22 06:32:34,0,3,4,20.3,3549.5,-39998.6,13533.2,49588.6,25.0,0,
2017-12-22 06:32:37,0,3,4,20.4,3548.9,-39998.7,13599.9,49825.2,25.0,0,
2017-12-22 06:32:40,0,3,4,20.4,3548.5,-39998.4,13599.9,49825.2,25.0,0,
2017-12-22 06:32:43,0,3,4,20.5,3547.9,-39998.8,13666.5,50061.7,25.0,0,
2017-12-22 06:32:46,0,3,4,20.6,3547.6,-39998.7,13733.2,50298.2,25.0,0,
2017-12-22 06:32:50,0,3,4,20.6,3547.1,-39998.6,13733.2,50298.2,25.0,0,
2017-12-22 06:32:53,0,3,4,20.7,3546.6,-39998.0,13799.9,50534.7,25.0,0,
2017-12-22 06:32:56,0,3,4,20.7,3546.1,-39998.0,13799.9,50534.7,25.0,0,
2017-12-22 06:32:59,0,3,4,20.8,3545.6,-39998.5,13866.5,50771.0,25.0,0,
2017-12-22 06:33:02,0,3,4,20.8,3545.2,-39998.5,13866.5,50771.0,25.0,0,
2017-12-22 06:33:05,0,3,4,20.9,3544.7,-39998.6,13933.2,51007.3,25.0,0,
2017-12-22 06:33:08,0,3,4,20.9,3544.0,-39998.2,13933.2,51007.3,25.0,0,
2017-12-22 06:33:11,0,3,4,21.0,3543.6,-39998.2,13999.8,51243.5,25.0,0,
2017-12-22 06:33:15,0,3,4,21.0,3543.1,-39998.7,13999.8,51243.5,25.0,0,
2017-12-22 06:33:18,0,3,4,21.1,3542.6,-39998.5,14066.5,51479.7,25.0,0,
2017-12-22 06:33:21,0,3,4,21.1,3542.1,-39998.2,14066.5,51479.7,24.9,0,
2017-12-22 06:33:24,0,3,4,21.2,3541.7,-39998.5,14133.2,51715.8,24.9,0,
2017-12-22 06:33:27,0,3,4,21.2,3541.0,-39998.3,14133.2,51715.8,24.9,0,
2017-12-22 06:33:30,0,3,4,21.3,3540.6,-39998.4,14199.8,51951.8,24.9,0,
2017-12-22 06:33:34,0,3,4,21.3,3540.2,-39998.0,14199.8,51951.8,24.9,0,
2017-12-22 06:33:37,0,3,4,21.4,3539.7,-39998.7,14266.5,52187.8,24.9,0,
2017-12-22 06:33:40,0,3,4,21.4,3539.2,-39998.5,14266.5,52187.8,24.9,0,
2017-12-22 06:33:43,0,3,4,21.5,3538.6,-39998.2,14333.1,52423.7,25.0,0,
2017-12-22 06:33:46,0,3,4,21.5,3538.1,-39998.6,14333.1,52423.7,24.9,0,
2017-12-22 06:33:49,0,3,4,21.6,3537.8,-39998.6,14399.8,52659.6,24.9,0,
2017-12-22 06:33:52,0,3,4,21.7,3537.2,-39998.4,14466.5,52895.4,25.0,0,
2017-12-22 06:33:55,0,3,4,21.7,3536.7,-39998.8,14466.5,52895.4,25.0,0,
2017-12-22 06:33:59,0,3,4,21.8,3536.1,-39998.3,14533.1,53131.1,25.0,0,
2017-12-22 06:34:02,0,3,4,21.8,3535.7,-39998.7,14533.1,53131.1,25.0,0,
2017-12-22 06:34:05,0,3,4,21.9,3535.1,-39998.5,14599.8,53366.8,25.0,0,
2017-12-22 06:34:08,0,3,4,21.9,3534.7,-39998.9,14599.8,53366.8,25.0,0,
2017-12-22 06:34:11,0,3,4,22.0,3534.1,-39998.0,14666.5,53602.4,25.0,0,
2017-12-22 06:34:14,0,3,4,22.0,3533.7,-39998.3,14666.5,53602.4,25.0,0,
2017-12-22 06:34:17,0,3,4,22.1,3533.1,-39998.5,14733.1,53838.0,25.0,0,
2017-12-22 06:34:21,0,3,4,22.1,3532.6,-39998.5,14733.1,53838.0,25.0,0,
2017-12-22 06:34:24,0,3,4,22.2,3532.1,-39998.5,14799.8,54073.4,25.0,0,
2017-12-22 06:34:27,0,3,4,22.2,3531.8,-39998.5,14799.8,54073.4,25.0,0,
2017-12-22 06:34:30,0,3,4,22.3,3531.2,-39998.7,14866.4,54308.8,25.0,0,
2017-12-22 06:34:33,0,3,4,22.3,3530.8,-39998.2,14866.4,54308.8,25.0,0,
2017-12-22 06:34:36,0,3,4,22.4,3530.2,-39998.5,14933.1,54544.2,25.0,0,
2017-12-22 06:34:39,0,3,4,22.4,3529.8,-39998.7,14933.1,54544.2,25.0,0,
2017-12-22 06:34:43,0,3,4,22.5,3529.3,-39998.5,14999.8,54779.5,25.0,0,
2017-12-22 06:34:46,0,3,4,22.5,3528.8,-39998.5,14999.8,54779.5,25.0,0,
2017-12-22 06:34:49,0,3,4,22.6,3528.2,-39997.8,15066.4,55014.7,25.0,0,
2017-12-22 06:34:52,0,3,4,22.6,3527.8,-39998.2,15066.4,55014.7,25.0,0,
2017-12-22 06:34:55,0,3,4,22.7,3527.2,-39998.0,15133.1,55249.9,25.0,0,
2017-12-22 06:34:58,0,3,4,22.8,3526.7,-39998.5,15199.8,55485.0,25.0,0,
2017-12-22 06:35:01,0,3,4,22.8,3526.2,-39998.5,15199.8,55485.0,25.0,0,
2017-12-22 06:35:04,0,3,4,22.9,3525.7,-39998.5,15266.4,55720.0,25.0,0,
2017-12-22 06:35:08,0,3,4,22.9,3525.2,-39998.7,15266.4,55720.0,25.0,0,
2017-12-22 06:35:11,0,3,4,23.0,3524.7,-39998.4,15333.1,55955.0,25.0,0,
2017-12-22 06:35:14,0,3,4,23.0,3524.1,-39998.7,15333.1,55955.0,25.0,0,
2017-12-22 06:35:17,0,3,4,23.1,3523.7,-39998.3,15399.7,56189.9,25.0,0,
2017-12-22 06:35:20,0,3,4,23.1,3523.1,-39998.3,15399.7,56189.9,25.0,0,
2017-12-22 06:35:23,0,3,4,23.2,3522.7,-39998.3,15466.4,56424.7,25.0,0,
2017-12-22 06:35:26,0,3,4,23.2,3522.2,-39998.7,15466.4,56424.7,25.0,0,
2017-12-22 06:35:30,0,3,4,23.3,3521.6,-39997.8,15533.1,56659.5,25.0,0,
2017-12-22 06:35:33,0,3,4,23.3,3521.1,-39998.0,15533.1,56659.5,25.0,0,
2017-12-22 06:35:36,0,3,4,23.4,3520.6,-39998.4,15599.7,56894.2,25.0,0,
2017-12-22 06:35:39,0,3,4,23.4,3520.0,-39998.7,15599.7,56894.2,25.0,0,
2017-12-22 06:35:42,0,3,4,23.5,3519.6,-39998.0,15666.4,57128.8,25.0,0,
2017-12-22 06:35:45,0,3,4,23.5,3519.2,-39998.7,15666.4,57128.8,25.0,0,
2017-12-22 06:35:48,0,3,4,23.6,3518.7,-39998.7,15733.0,57363.4,25.0,0,
2017-12-22 06:35:52,0,3,4,23.6,3518.1,-39998.2,15733.0,57363.4,25.0,0,
2017-12-22 06:35:55,0,3,4,23.7,3517.6,-39998.5,15799.7,57597.9,25.0,0,
2017-12-22 06:35:58,0,3,4,23.7,3517.0,-39998.2,15799.7,57597.9,25.0,0,
2017-12-22 06:36:01,0,3,4,23.8,3516.5,-39998.2,15866.4,57832.4,25.0,0,
2017-12-22 06:36:04,0,3,4,23.9,3516.0,-39998.3,15933.0,58066.7,25.0,0,
2017-12-22 06:36:07,0,3,4,23.9,3515.5,-39998.0,15933.0,58066.7,25.0,0,
2017-12-22 06:36:10,0,3,4,24.0,3515.1,-39998.3,15999.7,58301.1,25.0,0,
2017-12-22 06:36:14,0,3,4,24.0,3514.4,-39997.8,15999.7,58301.1,25.0,0,
2017-12-22 06:36:17,0,3,4,24.1,3514.0,-39998.2,16066.3,58535.3,25.0,0,
2017-12-22 06:36:20,0,3,4,24.1,3513.5,-39998.3,16066.3,58535.3,25.1,0,
2017-12-22 06:36:23,0,3,4,24.2,3512.8,-39997.7,16133.0,58769.5,25.1,0,
2017-12-22 06:36:26,0,3,4,24.2,3512.3,-39998.0,16133.0,58769.5,25.1,0,
2017-12-22 06:36:29,0,3,4,24.3,3511.9,-39998.6,16199.7,59003.6,25.1,0,
2017-12-22 06:36:32,0,3,4,24.3,3511.4,-39998.7,16199.7,59003.6,25.1,0,
2017-12-22 06:36:36,0,3,4,24.4,3510.8,-39998.4,16266.3,59237.6,25.1,0,
2017-12-22 06:36:39,0,3,4,24.4,3510.3,-39998.7,16266.3,59237.6,25.1,0,
2017-12-22 06:36:42,0,3,4,24.5,3509.8,-39998.2,16333.0,59471.6,25.1,0,
2017-12-22 06:36:45,0,3,4,24.5,3509.3,-39998.3,16333.0,59471.6,25.1,0,
2017-12-22 06:36:48,0,3,4,24.6,3508.7,-39999.3,16399.6,59705.5,25.1,0,
2017-12-22 06:36:51,0,3,4,24.6,3508.2,-39997.7,16399.6,59705.5,25.0,0,
2017-12-22 06:36:54,0,3,4,24.7,3507.6,-39997.7,16466.3,59939.4,25.0,0,
2017-12-22 06:36:57,0,3,4,24.7,3507.2,-39998.3,16466.3,59939.4,25.0,0,
2017-12-22 06:37:01,0,3,4,24.8,3506.5,-39998.5,16533.0,60173.2,25.0,0,
2017-12-22 06:37:04,0,3,4,24.8,3506.0,-39998.6,16533.0,60173.2,25.0,0,
2017-12-22 06:37:07,0,3,4,24.9,3505.5,-39998.5,16599.6,60406.9,25.0,0,
2017-12-22 06:37:10,0,3,4,24.9,3505.0,-39998.3,16599.6,60406.9,25.0,0,
2017-12-22 06:37:13,0,3,4,25.0,3504.6,-39998.3,16666.3,60640.5,25.0,0,
2017-12-22 06:37:16,0,3,4,25.1,3503.9,-39998.5,16733.0,60874.1,25.1,0,
2017-12-22 06:37:19,0,3,4,25.1,3503.5,-39999.1,16733.0,60874.1,25.1,0,
2017-12-22 06:37:23,0,3,4,25.2,3502.9,-39998.2,16799.6,61107.6,25.0,0,
2017-12-22 06:37:26,0,3,4,25.2,3502.3,-39998.4,16799.6,61107.6,25.0,0,
2017-12-22 06:37:29,0,3,4,25.3,3501.7,-39998.0,16866.3,61341.1,25.1,0,
2017-12-22 06:37:32,0,3,4,25.3,3501.3,-39998.0,16866.3,61341.1,25.1,0,
2017-12-22 06:37:35,0,3,4,25.4,3500.8,-39998.0,16932.9,61574.4,25.1,0,
2017-12-22 06:37:38,0,3,4,25.4,3500.1,-39998.0,16932.9,61574.4,25.0,0,
2017-12-22 06:37:41,0,3,4,25.5,3499.7,-39998.2,16999.6,61807.7,25.0,0,
2017-12-22 06:37:44,0,3,4,25.5,3499.0,-39998.7,16999.6,61807.7,25.0,0,
2017-12-22 06:37:48,0,3,4,25.6,3498.6,-39998.5,17066.3,62041.0,25.0,0,
2017-12-22 06:37:51,0,3,4,25.6,3498.0,-39998.7,17066.3,62041.0,25.0,0,
2017-12-22 06:37:54,0,3,4,25.7,3497.4,-39998.0,17132.9,62274.1,25.0,0,
2017-12-22 06:37:57,0,3,4,25.7,3496.8,-39997.8,17132.9,62274.1,25.0,0,
2017-12-22 06:38:00,0,3,4,25.8,3496.2,-39998.5,17199.6,62507.2,25.0,0,
2017-12-22 06:38:03,0,3,4,25.8,3495.7,-39998.7,17199.6,62507.2,25.0,0,
2017-12-22 06:38:06,0,3,4,25.9,3495.2,-39998.5,17266.2,62740.2,25.0,0,
2017-12-22 06:38:10,0,3,4,25.9,3494.7,-39998.4,17266.2,62740.2,25.0,0,
2017-12-22 06:38:13,0,3,4,26.0,3494.1,-39997.8,17332.9,62973.2,25.0,0,
2017-12-22 06:38:16,0,3,4,26.0,3493.6,-39998.2,17332.9,62973.2,25.0,0,
2017-12-22 06:38:19,0,3,4,26.1,3493.0,-39998.5,17399.6,63206.1,25.0,0,
2017-12-22 06:38:22,0,3,4,26.2,3492.4,-39998.4,17466.2,63438.9,25.0,0,
2017-12-22 06:38:25,0,3,4,26.2,3491.8,-39998.5,17466.2,63438.9,25.0,0,
2017-12-22 06:38:29,0,3,4,26.3,3491.3,-39998.4,17532.9,63671.6,25.0,0,
2017-12-22 06:38:32,0,3,4,26.3,3490.7,-39998.4,17532.9,63671.6,25.0,0,
2017-12-22 06:38:35,0,3,4,26.4,3490.1,-39998.6,17599.6,63904.3,25.0,0,
2017-12-22 06:38:38,0,3,4,26.4,3489.5,-39998.2,17599.6,63904.3,25.0,0,
2017-12-22 06:38:41,0,3,4,26.5,3489.0,-39998.2,17666.2,64136.9,25.0,0,
2017-12-22 06:38:44,0,3,4,26.5,3488.3,-39998.0,17666.2,64136.9,25.0,0,
2017-12-22 06:38:47,0,3,4,26.6,3487.7,-39998.2,17732.9,64369.4,25.0,0,
2017-12-22 06:38:50,0,3,4,26.6,3487.1,-39998.6,17732.9,64369.4,25.0,0,
2017-12-22 06:38:54,0,3,4,26.7,3486.6,-39998.0,17799.5,64601.8,25.0,0,
2017-12-22 06:38:57,0,3,4,26.7,3485.9,-39998.4,17799.5,64601.8,25.0,0,
2017-12-22 06:39:00,0,3,4,26.8,3485.5,-39998.3,17866.2,64834.2,25.0,0,
2017-12-22 06:39:03,0,3,4,26.8,3484.8,-39998.0,17866.2,64834.2,25.0,0,
2017-12-22 06:39:06,0,3,4,26.9,3484.3,-39999.0,17932.9,65066.4,25.0,0,
2017-12-22 06:39:09,0,3,4,26.9,3483.6,-39998.0,17932.9,65066.4,25.0,0,
2017-12-22 06:39:12,0,3,4,27.0,3483.0,-39998.0,17999.5,65298.6,25.0,0,
2017-12-22 06:39:16,0,3,4,27.0,3482.4,-39998.3,17999.5,65298.6,25.0,0,
2017-12-22 06:39:19,0,3,4,27.1,3481.9,-39998.2,18066.2,65530.8,25.0,0,
2017-12-22 06:39:22,0,3,4,27.1,3481.1,-39998.0,18066.2,65530.8,25.0,0,
2017-12-22 06:39:25,0,3,4,27.2,3480.5,-39998.3,18132.8,65762.8,25.0,0,
2017-12-22 06:39:28,0,3,4,27.3,3479.9,-39999.0,18199.5,65994.8,25.0,0,
2017-12-22 06:39:31,0,3,4,27.3,3479.4,-39998.2,18199.5,65994.8,25.0,0,
2017-12-22 06:39:35,0,3,4,27.4,3478.6,-39997.8,18266.2,66226.7,25.0,0,
2017-12-22 06:39:38,0,3,4,27.4,3477.9,-39998.5,18266.2,66226.7,25.0,0,
2017-12-22 06:39:41,0,3,4,27.5,3477.3,-39998.0,18332.8,66458.5,25.0,0,
2017-12-22 06:39:44,0,3,4,27.5,3476.7,-39998.3,18332.8,66458.5,25.0,0,
2017-12-22 06:39:47,0,3,4,27.6,3476.1,-39998.7,18399.5,66690.2,25.0,0,
2017-12-22 06:39:50,0,3,4,27.6,3475.4,-39998.0,18399.5,66690.2,25.0,0,
2017-12-22 06:39:54,0,3,4,27.7,3474.7,-39998.0,18466.1,66921.9,25.0,0,
2017-12-22 06:39:57,0,3,4,27.7,3474.0,-39998.2,18466.1,66921.9,25.0,0,
2017-12-22 06:40:00,0,3,4,27.8,3473.4,-39998.0,18532.8,67153.4,25.0,0,
2017-12-22 06:40:03,0,3,4,27.8,3472.7,-39998.9,18532.8,67153.4,25.0,0,
2017-12-22 06:40:06,0,3,4,27.9,3472.0,-39998.2,18599.5,67384.9,25.0,0,
2017-12-22 06:40:09,0,3,4,27.9,3471.4,-40000.8,18599.5,67384.9,25.0,0,
2017-12-22 06:40:12,0,3,4,28.0,3470.8,-40001.3,18666.1,67616.4,25.0,0,
2017-12-22 06:40:16,0,3,4,28.0,3470.0,-40001.1,18666.1,67616.4,25.0,0,
2017-12-22 06:40:19,0,3,4,28.1,3469.4,-40001.0,18732.8,67847.7,25.0,0,
2017-12-22 06:40:22,0,3,4,28.1,3468.6,-40001.5,18732.8,67847.7,25.0,0,
2017-12-22 06:40:25,0,3,4,28.2,3468.0,-40001.0,18799.5,68078.9,25.0,0,
2017-12-22 06:40:28,0,3,4,28.2,3467.4,-40001.3,18799.5,68078.9,25.0,0,
2017-12-22 06:40:31,0,3,4,28.3,3466.6,-40000.8,18866.1,68310.1,25.0,0,
2017-12-22 06:40:34,0,3,4,28.4,3466.0,-40000.8,18932.8,68541.2,25.0,0,
2017-12-22 06:40:37,0,3,4,28.4,3465.1,-40000.7,18932.8,68541.2,25.1,0,
2017-12-22 06:40:41,0,3,4,28.5,3464.5,-40001.3,18999.5,68772.2,25.0,0,
2017-12-22 06:40:44,0,3,4,28.5,3463.7,-40001.3,18999.5,68772.2,25.1,0,
2017-12-22 06:40:47,0,3,4,28.6,3463.1,-40001.3,19066.2,69003.0,25.0,0,
2017-12-22 06:40:50,0,3,4,28.6,3462.4,-40001.3,19066.2,69003.0,25.0,0,
2017-12-22 06:40:53,0,3,4,28.7,3461.7,-40000.5,19132.8,69233.8,25.0,0,
2017-12-22 06:40:56,0,3,4,28.7,3461.0,-40001.0,19132.8,69233.8,25.0,0,
2017-12-22 06:40:59,0,3,4,28.8,3460.3,-40001.0,19199.5,69464.5,25.1,0,
2017-12-22 06:41:03,0,3,4,28.8,3459.4,-40001.0,19199.5,69464.5,25.1,0,
2017-12-22 06:41:06,0,3,4,28.9,3458.8,-40001.0,19266.2,69695.2,25.0,0,
2017-12-22 06:41:09,0,3,4,28.9,3458.0,-40000.8,19266.2,69695.2,25.1,0,
2017-12-22 06:41:12,0,3,4,29.0,3457.2,-40000.9,19332.8,69925.7,25.1,0,
2017-12-22 06:41:15,0,3,4,29.0,3456.5,-40001.1,19332.8,69925.7,25.1,0,
2017-12-22 06:41:18,0,3,4,29.1,3455.9,-40000.8,19399.5,70156.1,25.1,0,
2017-12-22 06:41:21,0,3,4,29.1,3455.1,-40001.0,19399.5,70156.1,25.1,0,
2017-12-22 06:41:25,0,3,4,29.2,3454.4,-40001.0,19466.2,70386.5,25.1,0,
2017-12-22 06:41:28,0,3,4,29.2,3453.5,-40001.1,19466.2,70386.5,25.1,0,
2017-12-22 06:41:31,0,3,4,29.3,3452.8,-40000.8,19532.8,70616.7,25.1,0,
2017-12-22 06:41:34,0,3,4,29.3,3452.0,-40001.3,19532.8,70616.7,25.1,0,
2017-12-22 06:41:37,0,3,4,29.4,3451.3,-40000.9,19599.5,70846.8,25.1,0,
2017-12-22 06:41:40,0,3,4,29.5,3450.4,-40001.0,19666.2,71076.9,25.1,0,
2017-12-22 06:41:43,0,3,4,29.5,3449.8,-40001.5,19666.2,71076.9,25.1,0,
2017-12-22 06:41:47,0,3,4,29.6,3448.9,-40001.5,19732.9,71306.8,25.1,0,
2017-12-22 06:41:50,0,3,4,29.6,3448.0,-40001.3,19732.9,71306.8,25.1,0,
2017-12-22 06:41:53,0,3,4,29.7,3447.4,-40000.8,19799.5,71536.7,25.0,0,
2017-12-22 06:41:56,0,3,4,29.7,3446.6,-40001.1,19799.5,71536.7,25.0,0,
2017-12-22 06:41:59,0,3,4,29.8,3445.8,-40001.3,19866.2,71766.4,25.0,0,
2017-12-22 06:42:02,0,3,4,29.8,3445.0,-40001.0,19866.2,71766.4,25.0,0,
2017-12-22 06:42:05,0,3,4,29.9,3444.2,-40001.3,19932.9,71996.1,25.1,0,
2017-12-22 06:42:09,0,3,4,29.9,3443.5,-40001.2,19932.9,71996.1,25.0,0,
2017-12-22 06:42:12,0,3,4,30.0,3442.7,-40000.9,19999.5,72225.6,25.1,0,
2017-12-22 06:42:15,0,3,4,30.0,3442.0,-40000.8,19999.5,72225.6,25.1,0,
2017-12-22 06:42:18,0,3,4,30.1,3441.0,-40001.3,20066.2,72455.0,25.1,0,
2017-12-22 06:42:21,0,3,4,30.1,3440.2,-40001.0,20066.2,72455.0,25.1,0,
2017-12-22 06:42:24,0,3,4,30.2,3439.5,-40001.0,20132.9,72684.4,25.1,0,
2017-12-22 06:42:28,0,3,4,30.2,3438.6,-40001.0,20132.9,72684.4,25.1,0,
2017-12-22 06:42:31,0,3,4,30.3,3437.9,-40000.8,20199.5,72913.6,25.1,0,
2017-12-22 06:42:34,0,3,4,30.3,3437.0,-40000.8,20199.5,72913.6,25.1,0,
2017-12-22 06:42:37,0,3,4,30.4,3436.1,-40001.0,20266.2,73142.8,25.1,0,
2017-12-22 06:42:40,0,3,4,30.4,3435.4,-40001.0,20266.2,73142.8,25.1,0,
2017-12-22 06:42:43,0,3,4,30.5,3434.4,-40001.3,20332.9,73371.8,25.1,0,
2017-12-22 06:42:46,0,3,4,30.6,3433.6,-40000.8,20399.6,73600.7,25.1,0,
2017-12-22 06:42:49,0,3,4,30.6,3432.8,-40000.7,20399.6,73600.7,25.1,0,
2017-12-22 06:42:53,0,3,4,30.7,3432.0,-40001.0,20466.2,73829.5,25.1,0,
2017-12-22 06:42:56,0,3,4,30.7,3431.2,-40000.3,20466.2,73829.5,25.1,0,
2017-12-22 06:42:59,0,3,4,30.8,3430.4,-40000.7,20532.9,74058.2,25.1,0,
2017-12-22 06:43:02,0,3,4,30.8,3429.4,-40000.5,20532.9,74058.2,25.1,0,
2017-12-22 06:43:05,0,3,4,30.9,3428.6,-40000.8,20599.6,74286.8,25.1,0,
2017-12-22 06:43:08,0,3,4,30.9,3427.7,-40001.0,20599.6,74286.8,25.1,0,
2017-12-22 06:43:11,0,3,4,31.0,3426.9,-40000.7,20666.2,74515.3,25.1,0,
2017-12-22 06:43:15,0,3,4,31.0,3425.9,-40000.8,20666.2,74515.3,25.1,0,
2017-12-22 06:43:18,0,3,4,31.1,3425.1,-40000.9,20732.9,74743.7,25.1,0,
2017-12-22 06:43:21,0,3,4,31.1,3424.1,-40000.4,20732.9,74743.7,25.1,0,
2017-12-22 06:43:24,0,3,4,31.2,3423.2,-40000.9,20799.6,74971.9,25.1,0,
2017-12-22 06:43:27,0,3,4,31.2,3422.2,-40000.5,20799.6,74971.9,25.1,0,
2017-12-22 06:43:30,0,3,4,31.3,3421.4,-40000.3,20866.2,75200.1,25.1,0,
2017-12-22 06:43:33,0,3,4,31.3,3420.5,-40000.8,20866.2,75200.1,25.1,0,
2017-12-22 06:43:37,0,3,4,31.4,3419.5,-40000.7,20932.9,75428.1,25.1,0,
2017-12-22 06:43:40,0,3,4,31.4,3418.6,-40001.0,20932.9,75428.1,25.1,0,
2017-12-22 06:43:43,0,3,4,31.5,3417.7,-40000.6,20999.6,75656.0,25.1,0,
2017-12-22 06:43:46,0,3,4,31.5,3416.6,-40001.0,20999.6,75656.0,25.1,0,
2017-12-22 06:43:49,0,3,4,31.6,3415.7,-40000.8,21066.2,75883.8,25.1,0,
2017-12-22 06:43:52,0,3,4,31.7,3414.7,-40000.5,21132.9,76111.5,25.1,0,
2017-12-22 06:43:55,0,3,4,31.7,3413.7,-40000.9,21132.9,76111.5,25.1,0,
2017-12-22 06:43:59,0,3,4,31.8,3412.6,-40000.7,21199.6,76339.0,25.2,0,
2017-12-22 06:44:02,0,3,4,31.8,3411.7,-40000.7,21199.6,76339.0,25.2,0,
2017-12-22 06:44:05,0,3,4,31.9,3410.4,-40000.5,21266.3,76566.4,25.2,0,
2017-12-22 06:44:08,0,3,4,31.9,3409.5,-40000.5,21266.3,76566.4,25.2,0,
2017-12-22 06:44:11,0,3,4,32.0,3408.3,-40000.5,21332.9,76793.6,25.2,0,
2017-12-22 06:44:14,0,3,4,32.0,3407.2,-40000.7,21332.9,76793.6,25.2,0,
2017-12-22 06:44:18,0,3,4,32.1,3406.2,-40000.5,21399.6,77020.7,25.2,0,
2017-12-22 06:44:21,0,3,4,32.1,3405.0,-40000.3,21399.6,77020.7,25.2,0,
2017-12-22 06:44:24,0,3,4,32.2,3403.8,-40000.7,21466.3,77247.7,25.2,0,
2017-12-22 06:44:27,0,3,4,32.2,3402.8,-40000.5,21466.3,77247.7,25.2,0,
2017-12-22 06:44:30,0,3,4,32.3,3401.6,-40000.7,21532.9,77474.5,25.2,0,
2017-12-22 06:44:33,0,3,4,32.3,3400.3,-40000.5,21532.9,77474.5,25.3,0,
2017-12-22 06:44:36,0,3,4,32.4,3399.1,-40000.6,21599.6,77701.2,25.3,0,
2017-12-22 06:44:39,0,3,4,32.4,3397.9,-40000.5,21599.6,77701.2,25.3,0,
2017-12-22 06:44:43,0,3,4,32.5,3396.5,-40000.1,21666.3,77927.7,25.3,0,
2017-12-22 06:44:46,0,3,4,32.5,3395.2,-40000.3,21666.3,77927.7,25.3,0,
2017-12-22 06:44:49,0,3,4,32.6,3393.9,-40000.9,21732.9,78154.0,25.3,0,
2017-12-22 06:44:52,0,3,4,32.6,3392.4,-40000.4,21732.9,78154.0,25.3,0,
2017-12-22 06:44:55,0,3,4,32.7,3391.0,-40000.5,21799.6,78380.2,25.3,0,
2017-12-22 06:44:58,0,3,4,32.8,3389.6,-40000.8,21866.3,78606.2,25.2,0,
2017-12-22 06:45:02,0,3,4,32.8,3388.1,-40000.3,21866.3,78606.2,25.2,0,
2017-12-22 06:45:05,0,3,4,32.9,3386.5,-40000.3,21932.9,78831.9,25.2,0,
2017-12-22 06:45:08,0,3,4,32.9,3385.0,-40000.6,21932.9,78831.9,25.2,0,
2017-12-22 06:45:11,0,3,4,33.0,3383.4,-40000.4,21999.6,79057.5,25.2,0,
2017-12-22 06:45:14,0,3,4,33.0,3381.7,-40000.6,21999.6,79057.5,25.2,0,
2017-12-22 06:45:17,0,3,4,33.1,3380.1,-40000.6,22066.3,79282.9,25.1,0,
2017-12-22 06:45:20,0,3,4,33.1,3378.3,-40000.5,22066.3,79282.9,25.2,0,
2017-12-22 06:45:23,0,3,4,33.2,3376.5,-40000.7,22132.9,79508.0,25.2,0,
2017-12-22 06:45:27,0,3,4,33.2,3374.6,-40000.5,22132.9,79508.0,25.2,0,
2017-12-22 06:45:30,0,3,4,33.3,3372.8,-40000.7,22199.6,79733.0,25.2,0,
2017-12-22 06:45:33,0,3,4,33.3,3370.9,-40000.3,22199.6,79733.0,25.2,0,
2017-12-22 06:45:36,0,3,4,33.4,3368.8,-40000.8,22266.3,79957.6,25.3,0,
2017-12-22 06:45:39,0,3,4,33.4,3366.7,-40000.3,22266.3,79957.6,25.3,0,
2017-12-22 06:45:42,0,3,4,33.5,3364.3,-40000.6,22332.9,80182.0,25.3,0,
2017-12-22 06:45:45,0,3,4,33.5,3362.2,-39999.3,22332.9,80182.0,25.3,0,
2017-12-22 06:45:49,0,3,4,33.6,3359.6,-39998.5,22399.6,80406.1,25.3,0,
2017-12-22 06:45:52,0,3,4,33.6,3357.3,-40001.0,22399.6,80406.1,25.3,0,
2017-12-22 06:45:55,0,3,4,33.7,3354.7,-40000.5,22466.3,80629.9,25.3,0,
2017-12-22 06:45:58,0,3,4,33.7,3352.1,-40000.3,22466.3,80629.9,25.3,0,
2017-12-22 06:46:01,0,3,4,33.8,3349.3,-40000.4,22532.9,80853.4,25.3,0,
2017-12-22 06:46:04,0,3,4,33.8,3346.8,-40000.5,22532.9,80853.4,25.3,0,
2017-12-22 06:46:07,0,3,4,33.9,3343.8,-40000.3,22599.6,81076.5,25.3,0,
2017-12-22 06:46:10,0,3,4,34.0,3340.8,-40000.1,22666.3,81299.2,25.3,0,
2017-12-22 06:46:14,0,3,4,34.0,3337.7,-40000.1,22666.3,81299.2,25.3,0,
2017-12-22 06:46:17,0,3,4,34.1,3334.6,-39998.7,22732.9,81521.5,25.3,0,
2017-12-22 06:46:20,0,3,4,34.1,3331.3,-39998.7,22732.9,81521.5,25.3,0,
2017-12-22 06:46:23,0,3,4,34.2,3327.9,-39998.7,22799.6,81743.4,25.3,0,
2017-12-22 06:46:26,0,3,4,34.2,3324.5,-39999.5,22799.6,81743.4,25.3,0,
2017-12-22 06:46:29,0,3,4,34.3,3320.9,-39999.3,22866.3,81964.9,25.3,0,
2017-12-22 06:46:32,0,3,4,34.3,3317.1,-39999.4,22866.3,81964.9,25.3,0,
2017-12-22 06:46:35,0,3,4,34.4,3313.3,-39999.3,22932.9,82185.8,25.3,0,
2017-12-22 06:46:38,0,3,4,34.4,3309.6,-39998.9,22932.9,82185.8,25.3,0,
2017-12-22 06:46:42,0,3,4,34.5,3305.2,-39999.1,22999.6,82406.3,25.3,0,
2017-12-22 06:46:45,0,3,4,34.5,3301.4,-39998.7,22999.6,82406.3,25.3,0,
2017-12-22 06:46:46,0,3,4,34.5,3300.0,-39999.0,22999.6,82406.3,25.3,3,下限电压到
2017-12-22 06:46:50,0,4,6,0.0,3357.5,0,0.0,0.0,25.3,0,
