2017-12-22 05:33:19,0,0,3,0.0,3395.6,0,0.0,0.0,24.7,0,
2017-12-22 05:33:47,0,0,3,0.4,3396.6,23.5,0.0,0.0,24.6,0,
2017-12-22 05:33:50,0,0,3,0.4,3396.8,22.7,0.0,0.0,24.6,0,
2017-12-22 05:33:53,0,0,3,0.5,3396.8,22.6,0.0,0.0,24.6,0,
2017-12-22 05:33:56,0,0,3,0.5,3396.8,23.3,0.0,0.0,24.7,0,
2017-12-22 05:33:59,0,0,3,0.6,3397.0,23.4,0.0,0.0,24.7,0,
2017-12-22 05:34:02,0,0,3,0.6,3397.1,23.6,0.0,0.0,24.7,0,
2017-12-22 05:34:05,0,0,3,0.7,3397.2,23.0,0.0,0.0,24.7,0,
2017-12-22 05:34:08,0,0,3,0.7,3397.3,21.8,0.0,0.0,24.7,0,
2017-12-22 05:34:12,0,0,3,0.8,3397.4,22.6,0.0,0.0,24.7,0,
2017-12-22 05:34:15,0,0,3,0.8,3397.5,21.7,0.0,0.0,24.7,0,
2017-12-22 05:34:18,0,0,3,0.9,3397.4,23.4,0.0,0.0,24.7,0,
2017-12-22 05:34:21,0,0,3,0.9,3397.6,23.1,0.0,0.0,24.7,0,
2017-12-22 05:34:24,0,0,3,1.0,3397.6,22.3,0.0,0.0,24.7,0,
2017-12-22 05:34:25,0,0,3,1.0,3397.7,22.6,0.0,0.0,24.7,1,时间到
2017-12-22 05:34:29,0,1,2,0.0,3397.7,0,0.0,0.0,24.7,0,
2017-12-22 05:34:51,0,1,2,0.4,3471.5,40002.0,266.7,921.3,24.8,0,
2017-12-22 05:34:54,0,1,2,0.4,3476.0,40002.3,266.7,921.3,24.8,0,
2017-12-22 05:34:58,0,1,2,0.5,3480.4,40002.7,333.4,1153.3,24.8,0,
2017-12-22 05:35:01,0,1,2,0.5,3484.7,40000.2,333.4,1153.3,24.8,0,
2017-12-22 05:35:04,0,1,2,0.6,3488.8,40000.1,400.1,1385.8,24.8,0,
2017-12-22 05:35:07,0,1,2,0.6,3492.6,40000.7,400.1,1385.8,24.8,0,
2017-12-22 05:35:11,0,1,2,0.7,3496.4,40001.3,466.7,1618.9,24.8,0,
2017-12-22 05:35:14,0,1,2,0.7,3499.9,40001.0,466.7,1618.9,24.8,0,
2017-12-22 05:35:17,0,1,2,0.8,3503.1,40001.1,533.4,1852.3,24.8,0,
2017-12-22 05:35:20,0,1,2,0.8,3506.4,40001.3,533.4,1852.3,24.8,0,
2017-12-22 05:35:23,0,1,2,0.9,3509.6,40001.5,600.1,2086.2,24.8,0,
2017-12-22 05:35:27,0,1,2,0.9,3512.7,40002.0,600.1,2086.2,24.8,0,
2017-12-22 05:35:30,0,1,2,1.0,3515.6,40001.8,666.7,2320.4,24.8,0,
2017-12-22 05:35:33,0,1,2,1.0,3518.4,40002.0,666.7,2320.4,24.8,0,
2017-12-22 05:35:36,0,1,2,1.1,3520.7,40001.8,733.4,2555.0,24.9,0,
2017-12-22 05:35:39,0,1,2,1.1,3523.4,40002.3,733.4,2555.0,24.9,0,
2017-12-22 05:35:42,0,1,2,1.2,3525.6,40001.9,800.1,2789.9,24.9,0,
2017-12-22 05:35:45,0,1,2,1.2,3527.8,40001.8,800.1,2789.9,25.0,0,
2017-12-22 05:35:48,0,1,2,1.3,3530.0,40002.4,866.8,3025.2,25.0,0,
2017-12-22 05:35:51,0,1,2,1.4,3532.2,40002.4,933.4,3260.7,25.0,0,
2017-12-22 05:35:54,0,1,2,1.4,3534.2,40002.6,933.4,3260.7,24.9,0,
2017-12-22 05:35:58,0,1,2,1.5,3535.9,40002.8,1000.1,3496.4,24.9,0,
2017-12-22 05:36:01,0,1,2,1.5,3537.8,39999.7,1000.1,3496.4,24.9,0,
2017-12-22 05:36:04,0,1,2,1.6,3539.5,39999.4,1066.8,3732.4,24.9,0,
2017-12-22 05:36:07,0,1,2,1.6,3541.0,39999.4,1066.8,3732.4,24.9,0,
2017-12-22 05:36:10,0,1,2,1.7,3542.2,39999.2,1133.4,3968.5,24.9,0,
2017-12-22 05:36:13,0,1,2,1.7,3543.6,39999.2,1133.4,3968.5,24.9,0,
2017-12-22 05:36:17,0,1,2,1.8,3544.8,39999.7,1200.1,4204.8,24.9,0,
2017-12-22 05:36:20,0,1,2,1.8,3546.0,39999.7,1200.1,4204.8,24.9,0,
2017-12-22 05:36:23,0,1,2,1.9,3547.0,39999.3,1266.8,4441.2,24.9,0,
2017-12-22 05:36:26,0,1,2,1.9,3548.1,39999.8,1266.8,4441.2,25.0,0,
2017-12-22 05:36:29,0,1,2,2.0,3549.1,39999.6,1333.4,4677.8,24.9,0,
2017-12-22 05:36:32,0,1,2,2.0,3550.2,39999.5,1333.4,4677.8,24.9,0,
2017-12-22 05:36:35,0,1,2,2.1,3551.1,39999.4,1400.1,4914.4,24.9,0,
2017-12-22 05:36:39,0,1,2,2.1,3552.0,39999.6,1400.1,4914.4,24.9,0,
2017-12-22 05:36:42,0,1,2,2.2,3553.0,39999.5,1466.8,5151.2,24.9,0,
2017-12-22 05:36:45,0,1,2,2.2,3553.8,39999.8,1466.8,5151.2,24.9,0,
2017-12-22 05:36:48,0,1,2,2.3,3554.7,39999.7,1533.4,5388.2,24.9,0,
2017-12-22 05:36:52,0,1,2,2.4,3555.6,39999.7,1600.1,5625.2,24.9,0,
2017-12-22 05:36:55,0,1,2,2.4,3556.4,39999.7,1600.1,5625.2,24.9,0,
2017-12-22 05:36:58,0,1,2,2.5,3557.2,39999.7,1666.8,5862.3,24.9,0,
2017-12-22 05:37:01,0,1,2,2.5,3558.0,39999.6,1666.8,5862.3,24.9,0,
2017-12-22 05:37:04,0,1,2,2.6,3558.9,39999.3,1733.4,6099.6,24.8,0,
2017-12-22 05:37:07,0,1,2,2.6,3559.7,39999.8,1733.4,6099.6,24.8,0,
2017-12-22 05:37:10,0,1,2,2.7,3560.3,39999.2,1800.1,6336.9,24.8,0,
2017-12-22 05:37:13,0,1,2,2.7,3561.2,39999.7,1800.1,6336.9,24.8,0,
2017-12-22 05:37:17,0,1,2,2.8,3562.0,39999.2,1866.8,6574.4,24.8,0,
2017-12-22 05:37:20,0,1,2,2.8,3562.7,39999.7,1866.8,6574.4,24.8,0,
2017-12-22 05:37:23,0,1,2,2.9,3563.5,39999.6,1933.4,6811.9,24.8,0,
2017-12-22 05:37:26,0,1,2,2.9,3564.1,39999.5,1933.4,6811.9,24.8,0,
2017-12-22 05:37:29,0,1,2,3.0,3564.9,39999.7,2000.1,7049.6,24.8,0,
2017-12-22 05:37:32,0,1,2,3.0,3565.7,39999.5,2000.1,7049.6,24.7,0,
2017-12-22 05:37:35,0,1,2,3.1,3566.6,39999.8,2066.8,7287.3,24.8,0,
2017-12-22 05:37:38,0,1,2,3.1,3567.2,39999.2,2066.8,7287.3,24.7,0,
2017-12-22 05:37:41,0,1,2,3.2,3568.0,39999.2,2133.4,7525.1,24.7,0,
2017-12-22 05:37:44,0,1,2,3.2,3568.8,39999.2,2133.4,7525.1,24.7,0,
2017-12-22 05:37:47,0,1,2,3.3,3569.6,39999.4,2200.1,7763.1,24.7,0,
2017-12-22 05:37:51,0,1,2,3.3,3570.5,39999.5,2200.1,7763.1,24.7,0,
2017-12-22 05:37:54,0,1,2,3.4,3571.3,39999.4,2266.7,8001.1,24.7,0,
2017-12-22 05:37:57,0,1,2,3.4,3572.1,39999.5,2266.7,8001.1,24.7,0,
2017-12-22 05:38:00,0,1,2,3.5,3572.8,39999.5,2333.4,8239.3,24.6,0,
2017-12-22 05:38:03,0,1,2,3.5,3573.5,39999.3,2333.4,8239.3,24.6,0,
2017-12-22 05:38:06,0,1,2,3.6,3574.3,39999.4,2400.1,8477.5,24.6,0,
2017-12-22 05:38:09,0,1,2,3.6,3575.1,39999.5,2400.1,8477.5,24.6,0,
2017-12-22 05:38:12,0,1,2,3.7,3575.9,39999.5,2466.7,8715.9,24.6,0,
2017-12-22 05:38:15,0,1,2,3.7,3576.6,39999.2,2466.7,8715.9,24.6,0,
2017-12-22 05:38:18,0,1,2,3.8,3577.4,39999.2,2533.4,8954.3,24.6,0,
2017-12-22 05:38:21,0,1,2,3.9,3578.2,39999.4,2600.1,9192.8,24.6,0,
2017-12-22 05:38:24,0,1,2,3.9,3579.1,39999.4,2600.1,9192.8,24.6,0,
2017-12-22 05:38:27,0,1,2,4.0,3579.9,39999.1,2666.7,9431.5,24.6,0,
2017-12-22 05:38:30,0,1,2,4.0,3580.6,39999.4,2666.7,9431.5,24.6,0,
2017-12-22 05:38:33,0,1,2,4.1,3581.4,39999.0,2733.4,9670.2,24.6,0,
2017-12-22 05:38:36,0,1,2,4.1,3582.2,39999.0,2733.4,9670.2,24.6,0,
2017-12-22 05:38:40,0,1,2,4.2,3582.9,39999.5,2800.1,9909.1,24.6,0,
2017-12-22 05:38:43,0,1,2,4.2,3583.8,39999.5,2800.1,9909.1,24.6,0,
2017-12-22 05:38:46,0,1,2,4.3,3584.7,39999.2,2866.7,10148.0,24.7,0,
2017-12-22 05:38:49,0,1,2,4.3,3585.5,39999.3,2866.7,10148.0,24.7,0,
2017-12-22 05:38:52,0,1,2,4.4,3586.3,39999.4,2933.4,10387.1,24.7,0,
2017-12-22 05:38:55,0,1,2,4.4,3587.1,39999.5,2933.4,10387.1,24.7,0,
2017-12-22 05:38:58,0,1,2,4.5,3588.0,39999.6,3000.1,10626.3,24.6,0,
2017-12-22 05:39:01,0,1,2,4.5,3588.8,39999.8,3000.1,10626.3,24.6,0,
2017-12-22 05:39:04,0,1,2,4.6,3589.4,39999.5,3066.7,10865.5,24.6,0,
2017-12-22 05:39:08,0,1,2,4.6,3590.4,39999.2,3066.7,10865.5,24.6,0,
2017-12-22 05:39:11,0,1,2,4.7,3591.2,39999.7,3133.4,11104.9,24.6,0,
2017-12-22 05:39:14,0,1,2,4.7,3591.9,39999.5,3133.4,11104.9,24.7,0,
2017-12-22 05:39:17,0,1,2,4.8,3592.7,39999.7,3200.1,11344.4,24.7,0,
2017-12-22 05:39:20,0,1,2,4.8,3593.6,39999.3,3200.1,11344.4,24.7,0,
2017-12-22 05:39:23,0,1,2,4.9,3594.4,39999.3,3266.7,11584.0,24.6,0,
2017-12-22 05:39:27,0,1,2,4.9,3595.4,39999.2,3266.7,11584.0,24.7,0,
2017-12-22 05:39:30,0,1,2,5.0,3596.1,39999.5,3333.4,11823.7,24.7,0,
2017-12-22 05:39:33,0,1,2,5.0,3597.0,39999.3,3333.4,11823.7,24.7,0,
2017-12-22 05:39:36,0,1,2,5.1,3597.7,39999.2,3400.0,12063.5,24.7,0,
2017-12-22 05:39:39,0,1,2,5.1,3598.6,39999.5,3400.0,12063.5,24.7,0,
2017-12-22 05:39:42,0,1,2,5.2,3599.2,39999.2,3466.7,12303.4,24.7,0,
2017-12-22 05:39:45,0,1,2,5.2,3600.2,39999.5,3466.7,12303.4,24.7,0,
2017-12-22 05:39:48,0,1,2,5.3,3600.9,39999.2,3533.4,12543.4,24.7,0,
2017-12-22 05:39:51,0,1,2,5.3,3601.9,39998.8,3533.4,12543.4,24.7,0,
2017-12-22 05:39:54,0,1,2,5.4,3602.7,39999.2,3600.0,12783.5,24.7,0,
2017-12-22 05:39:58,0,1,2,5.5,3603.5,39999.0,3666.7,13023.7,24.7,0,
2017-12-22 05:40:01,0,1,2,5.5,3604.4,39998.8,3666.7,13023.7,24.7,0,
2017-12-22 05:40:04,0,1,2,5.6,3605.3,39998.9,3733.4,13264.1,24.7,0,
2017-12-22 05:40:07,0,1,2,5.6,3605.9,39999.2,3733.4,13264.1,24.7,0,
2017-12-22 05:40:10,0,1,2,5.7,3606.8,39999.0,3800.0,13504.5,24.7,0,
2017-12-22 05:40:13,0,1,2,5.7,3607.5,39999.1,3800.0,13504.5,24.7,0,
2017-12-22 05:40:16,0,1,2,5.8,3608.3,39999.1,3866.7,13745.0,24.7,0,
2017-12-22 05:40:19,0,1,2,5.8,3609.1,39999.2,3866.7,13745.0,24.7,0,
2017-12-22 05:40:22,0,1,2,5.9,3610.0,39999.2,3933.4,13985.7,24.8,0,
2017-12-22 05:40:25,0,1,2,5.9,3610.8,39999.1,3933.4,13985.7,24.7,0,
2017-12-22 05:40:28,0,1,2,6.0,3611.4,39999.3,4000.0,14226.4,24.8,0,
2017-12-22 05:40:32,0,1,2,6.0,3612.3,39999.0,4000.0,14226.4,24.8,0,
2017-12-22 05:40:35,0,1,2,6.1,3613.1,39999.0,4066.7,14467.3,24.8,0,
2017-12-22 05:40:38,0,1,2,6.1,3614.0,39999.2,4066.7,14467.3,24.8,0,
2017-12-22 05:40:41,0,1,2,6.2,3614.8,39999.2,4133.3,14708.2,24.8,0,
2017-12-22 05:40:44,0,1,2,6.2,3615.5,39999.6,4133.3,14708.2,24.8,0,
2017-12-22 05:40:47,0,1,2,6.3,3616.3,39999.2,4200.0,14949.3,24.7,0,
2017-12-22 05:40:51,0,1,2,6.3,3617.1,39999.1,4200.0,14949.3,24.7,0,
2017-12-22 05:40:54,0,1,2,6.4,3617.9,39999.5,4266.7,15190.4,24.8,0,
2017-12-22 05:40:57,0,1,2,6.4,3618.8,39999.0,4266.7,15190.4,24.7,0,
2017-12-22 05:41:00,0,1,2,6.5,3619.5,39999.0,4333.3,15431.7,24.7,0,
2017-12-22 05:41:03,0,1,2,6.5,3620.3,39999.2,4333.3,15431.7,24.7,0,
2017-12-22 05:41:06,0,1,2,6.6,3621.0,39999.0,4400.0,15673.0,24.8,0,
2017-12-22 05:41:09,0,1,2,6.7,3621.8,39999.3,4466.7,15914.4,24.7,0,
2017-12-22 05:41:13,0,1,2,6.7,3622.5,39998.9,4466.7,15914.4,24.8,0,
2017-12-22 05:41:16,0,1,2,6.8,3623.2,39999.1,4533.3,16156.0,24.8,0,
2017-12-22 05:41:19,0,1,2,6.8,3623.8,39999.0,4533.3,16156.0,24.8,0,
2017-12-22 05:41:22,0,1,2,6.9,3624.5,39998.9,4600.0,16397.6,24.8,0,
2017-12-22 05:41:25,0,1,2,6.9,3625.4,39998.8,4600.0,16397.6,24.8,0,
2017-12-22 05:41:28,0,1,2,7.0,3626.0,39999.0,4666.7,16639.3,24.8,0,
2017-12-22 05:41:31,0,1,2,7.0,3626.9,39999.1,4666.7,16639.3,24.7,0,
2017-12-22 05:41:34,0,1,2,7.1,3627.6,39999.0,4733.3,16881.1,24.7,0,
2017-12-22 05:41:38,0,1,2,7.1,3628.3,39999.0,4733.3,16881.1,24.7,0,
2017-12-22 05:41:41,0,1,2,7.2,3629.0,39999.2,4800.0,17123.0,24.8,0,
2017-12-22 05:41:44,0,1,2,7.2,3629.8,39999.0,4800.0,17123.0,24.8,0,
2017-12-22 05:41:47,0,1,2,7.3,3630.4,39998.7,4866.6,17365.0,24.8,0,
2017-12-22 05:41:50,0,1,2,7.3,3631.2,39999.2,4866.6,17365.0,24.8,0,
2017-12-22 05:41:53,0,1,2,7.4,3631.8,39999.0,4933.3,17607.1,24.8,0,
2017-12-22 05:41:57,0,1,2,7.4,3632.6,39999.0,4933.3,17607.1,24.8,0,
2017-12-22 05:42:00,0,1,2,7.5,3633.5,39999.0,5000.0,17849.3,24.7,0,
2017-12-22 05:42:03,0,1,2,7.5,3634.1,39999.5,5000.0,17849.3,24.7,0,
2017-12-22 05:42:06,0,1,2,7.6,3634.7,39999.1,5066.6,18091.6,24.7,0,
2017-12-22 05:42:09,0,1,2,7.7,3635.4,39999.1,5133.3,18333.9,24.8,0,
2017-12-22 05:42:13,0,1,2,7.7,3636.2,39999.0,5133.3,18333.9,24.8,0,
2017-12-22 05:42:16,0,1,2,7.8,3637.0,39999.2,5200.0,18576.4,24.8,0,
2017-12-22 05:42:19,0,1,2,7.8,3637.5,39999.1,5200.0,18576.4,24.8,0,
2017-12-22 05:42:22,0,1,2,7.9,3638.2,39999.5,5266.6,18818.9,24.8,0,
2017-12-22 05:42:25,0,1,2,7.9,3639.0,39999.2,5266.6,18818.9,24.8,0,
2017-12-22 05:42:28,0,1,2,8.0,3639.5,39999.2,5333.3,19061.5,24.8,0,
2017-12-22 05:42:31,0,1,2,8.0,3640.2,39999.1,5333.3,19061.5,24.8,0,
2017-12-22 05:42:34,0,1,2,8.1,3641.0,39999.5,5400.0,19304.2,24.8,0,
2017-12-22 05:42:37,0,1,2,8.1,3641.7,39999.4,5400.0,19304.2,24.8,0,
2017-12-22 05:42:41,0,1,2,8.2,3642.3,39999.1,5466.6,19547.0,24.8,0,
2017-12-22 05:42:44,0,1,2,8.2,3642.8,39999.1,5466.6,19547.0,24.8,0,
2017-12-22 05:42:47,0,1,2,8.3,3643.6,39999.2,5533.3,19789.9,24.8,0,
2017-12-22 05:42:50,0,1,2,8.3,3644.3,39999.1,5533.3,19789.9,24.8,0,
2017-12-22 05:42:53,0,1,2,8.4,3644.9,39999.0,5599.9,20032.9,24.8,0,
2017-12-22 05:42:56,0,1,2,8.4,3645.5,39999.0,5599.9,20032.9,24.8,0,
2017-12-22 05:43:00,0,1,2,8.5,3646.1,39999.5,5666.6,20275.9,24.8,0,
2017-12-22 05:43:03,0,1,2,8.5,3646.8,39999.8,5666.6,20275.9,24.8,0,
2017-12-22 05:43:06,0,1,2,8.6,3647.6,39999.2,5733.3,20519.0,24.8,0,
2017-12-22 05:43:09,0,1,2,8.6,3648.3,39999.0,5733.3,20519.0,24.8,0,
2017-12-22 05:43:12,0,1,2,8.7,3648.9,39999.2,5799.9,20762.2,24.8,0,
2017-12-22 05:43:16,0,1,2,8.8,3649.4,39999.1,5866.6,21005.5,24.7,0,
2017-12-22 05:43:19,0,1,2,8.8,3650.0,39999.2,5866.6,21005.5,24.8,0,
2017-12-22 05:43:22,0,1,2,8.9,3650.6,39999.1,5933.3,21248.9,24.7,0,
2017-12-22 05:43:25,0,1,2,8.9,3651.3,39998.9,5933.3,21248.9,24.7,0,
2017-12-22 05:43:28,0,1,2,9.0,3652.0,39999.2,5999.9,21492.3,24.7,0,
2017-12-22 05:43:31,0,1,2,9.0,3652.5,39998.7,5999.9,21492.3,24.7,0,
2017-12-22 05:43:34,0,1,2,9.1,3653.3,39998.8,6066.6,21735.8,24.6,0,
2017-12-22 05:43:37,0,1,2,9.1,3653.9,39999.5,6066.6,21735.8,24.6,0,
2017-12-22 05:43:40,0,1,2,9.2,3654.4,39999.2,6133.3,21979.5,24.6,0,
2017-12-22 05:43:43,0,1,2,9.2,3655.0,39999.2,6133.3,21979.5,24.7,0,
2017-12-22 05:43:46,0,1,2,9.3,3655.7,39999.2,6199.9,22223.1,24.7,0,
2017-12-22 05:43:49,0,1,2,9.3,3656.2,39999.5,6199.9,22223.1,24.7,0,
2017-12-22 05:43:53,0,1,2,9.4,3656.8,39999.5,6266.6,22466.9,24.7,0,
2017-12-22 05:43:56,0,1,2,9.4,3657.5,39999.5,6266.6,22466.9,24.7,0,
2017-12-22 05:43:59,0,1,2,9.5,3658.0,39999.0,6333.2,22710.7,24.7,0,
2017-12-22 05:44:02,0,1,2,9.5,3658.7,39999.0,6333.2,22710.7,24.7,0,
2017-12-22 05:44:05,0,1,2,9.6,3659.1,39999.3,6399.9,22954.7,24.7,0,
2017-12-22 05:44:08,0,1,2,9.6,3659.7,39999.0,6399.9,22954.7,24.6,0,
2017-12-22 05:44:11,0,1,2,9.7,3660.4,39999.3,6466.6,23198.7,24.6,0,
2017-12-22 05:44:14,0,1,2,9.7,3660.8,39999.2,6466.6,23198.7,24.6,0,
2017-12-22 05:44:17,0,1,2,9.8,3661.4,39999.5,6533.2,23442.7,24.6,0,
2017-12-22 05:44:20,0,1,2,9.8,3662.0,39999.2,6533.2,23442.7,24.6,0,
2017-12-22 05:44:24,0,1,2,9.9,3662.6,39999.2,6599.9,23686.9,24.6,0,
2017-12-22 05:44:27,0,1,2,9.9,3663.2,39999.5,6599.9,23686.9,24.6,0,
2017-12-22 05:44:30,0,1,2,10.0,3663.7,39999.0,6666.6,23931.1,24.6,0,
2017-12-22 05:44:33,0,1,2,10.0,3664.3,39999.0,6666.6,23931.1,24.6,0,
2017-12-22 05:44:36,0,1,2,10.1,3665.0,39999.2,6733.2,24175.4,24.6,0,
2017-12-22 05:44:40,0,1,2,10.2,3665.5,39999.2,6799.9,24419.7,24.6,0,
2017-12-22 05:44:43,0,1,2,10.2,3666.1,39999.0,6799.9,24419.7,24.6,0,
2017-12-22 05:44:46,0,1,2,10.3,3666.7,39999.1,6866.6,24664.1,24.6,0,
2017-12-22 05:44:49,0,1,2,10.3,3667.2,39998.9,6866.6,24664.1,24.7,0,
2017-12-22 05:44:52,0,1,2,10.4,3667.8,39998.8,6933.2,24908.6,24.7,0,
2017-12-22 05:44:55,0,1,2,10.4,3668.1,39999.0,6933.2,24908.6,24.7,0,
2017-12-22 05:44:58,0,1,2,10.5,3668.7,39999.1,6999.9,25153.2,24.7,0,
2017-12-22 05:45:02,0,1,2,10.5,3669.3,39998.7,6999.9,25153.2,24.7,0,
2017-12-22 05:45:05,0,1,2,10.6,3669.8,39999.0,7066.6,25397.8,24.7,0,
2017-12-22 05:45:08,0,1,2,10.6,3670.5,39998.7,7066.6,25397.8,24.7,0,
2017-12-22 05:45:11,0,1,2,10.7,3671.0,39998.5,7133.2,25642.5,24.7,0,
2017-12-22 05:45:15,0,1,2,10.7,3671.6,39998.8,7133.2,25642.5,24.7,0,
2017-12-22 05:45:18,0,1,2,10.8,3672.0,39998.5,7199.9,25887.3,24.6,0,
2017-12-22 05:45:21,0,1,2,10.8,3672.6,39998.6,7199.9,25887.3,24.6,0,
2017-12-22 05:45:24,0,1,2,10.9,3673.0,39998.8,7266.5,26132.1,24.6,0,
2017-12-22 05:45:27,0,1,2,10.9,3673.5,39998.2,7266.5,26132.1,24.6,0,
2017-12-22 05:45:30,0,1,2,11.0,3674.0,39998.7,7333.2,26377.0,24.6,0,
2017-12-22 05:45:33,0,1,2,11.0,3674.3,39998.7,7333.2,26377.0,24.6,0,
2017-12-22 05:45:36,0,1,2,11.1,3674.8,39998.8,7399.9,26622.0,24.6,0,
2017-12-22 05:45:39,0,1,2,11.1,3675.3,39998.7,7399.9,26622.0,24.6,0,
2017-12-22 05:45:42,0,1,2,11.2,3675.8,39998.8,7466.5,26867.0,24.6,0,
2017-12-22 05:45:45,0,1,2,11.3,3676.3,39998.8,7533.2,27112.0,24.6,0,
2017-12-22 05:45:49,0,1,2,11.3,3676.7,39998.7,7533.2,27112.0,24.6,0,
2017-12-22 05:45:52,0,1,2,11.4,3677.1,39998.8,7599.9,27357.2,24.7,0,
2017-12-22 05:45:55,0,1,2,11.4,3677.7,39998.8,7599.9,27357.2,24.7,0,
2017-12-22 05:45:58,0,1,2,11.5,3678.0,39998.7,7666.5,27602.4,24.7,0,
2017-12-22 05:46:01,0,1,2,11.5,3678.6,39998.6,7666.5,27602.4,24.7,0,
2017-12-22 05:46:04,0,1,2,11.6,3679.0,39999.0,7733.2,27847.6,24.7,0,
2017-12-22 05:46:07,0,1,2,11.6,3679.3,39998.8,7733.2,27847.6,24.6,0,
2017-12-22 05:46:10,0,1,2,11.7,3679.8,39998.8,7799.8,28092.9,24.7,0,
2017-12-22 05:46:13,0,1,2,11.7,3680.3,39998.7,7799.8,28092.9,24.7,0,
2017-12-22 05:46:16,0,1,2,11.8,3680.7,39998.6,7866.5,28338.2,24.6,0,
2017-12-22 05:46:19,0,1,2,11.8,3681.2,39998.7,7866.5,28338.2,24.7,0,
2017-12-22 05:46:22,0,1,2,11.9,3681.6,39998.3,7933.2,28583.7,24.6,0,
2017-12-22 05:46:25,0,1,2,11.9,3682.1,39998.3,7933.2,28583.7,24.6,0,
2017-12-22 05:46:28,0,1,2,12.0,3682.4,39999.0,7999.8,28829.1,24.6,0,
2017-12-22 05:46:32,0,1,2,12.0,3682.7,39998.5,7999.8,28829.1,24.6,0,
2017-12-22 05:46:35,0,1,2,12.1,3683.2,39999.0,8066.5,29074.6,24.6,0,
2017-12-22 05:46:38,0,1,2,12.1,3683.6,39998.2,8066.5,29074.6,24.6,0,
2017-12-22 05:46:41,0,1,2,12.2,3684.1,39998.8,8133.1,29320.2,24.6,0,
2017-12-22 05:46:44,0,1,2,12.2,3684.4,39998.5,8133.1,29320.2,24.6,0,
2017-12-22 05:46:47,0,1,2,12.3,3684.9,39998.5,8199.8,29565.8,24.6,0,
2017-12-22 05:46:50,0,1,2,12.3,3685.2,39998.5,8199.8,29565.8,24.6,0,
2017-12-22 05:46:53,0,1,2,12.4,3685.6,39998.5,8266.5,29811.5,24.6,0,
2017-12-22 05:46:56,0,1,2,12.4,3686.1,39998.5,8266.5,29811.5,24.6,0,
2017-12-22 05:46:59,0,1,2,12.5,3686.4,39998.5,8333.1,30057.2,24.6,0,
2017-12-22 05:47:03,0,1,2,12.5,3686.9,39998.6,8333.1,30057.2,24.6,0,
2017-12-22 05:47:06,0,1,2,12.6,3687.2,39998.0,8399.8,30303.0,24.6,0,
2017-12-22 05:47:09,0,1,2,12.6,3687.7,39998.2,8399.8,30303.0,24.6,0,
2017-12-22 05:47:12,0,1,2,12.7,3687.9,39998.3,8466.5,30548.8,24.6,0,
2017-12-22 05:47:15,0,1,2,12.7,3688.4,39998.5,8466.5,30548.8,24.6,0,
2017-12-22 05:47:18,0,1,2,12.8,3688.6,39998.0,8533.1,30794.7,24.6,0,
2017-12-22 05:47:21,0,1,2,12.8,3689.1,39998.5,8533.1,30794.7,24.6,0,
2017-12-22 05:47:24,0,1,2,12.9,3689.6,39998.2,8599.8,31040.6,24.7,0,
2017-12-22 05:47:27,0,1,2,13.0,3690.0,39998.2,8666.4,31286.6,24.7,0,
2017-12-22 05:47:30,0,1,2,13.0,3690.1,39998.5,8666.4,31286.6,24.7,0,
2017-12-22 05:47:33,0,1,2,13.1,3690.5,39998.6,8733.1,31532.6,24.7,0,
2017-12-22 05:47:36,0,1,2,13.1,3690.9,39998.5,8733.1,31532.6,24.7,0,
2017-12-22 05:47:39,0,1,2,13.2,3691.3,39998.4,8799.8,31778.7,24.7,0,
2017-12-22 05:47:43,0,1,2,13.2,3691.8,39998.6,8799.8,31778.7,24.7,0,
2017-12-22 05:47:46,0,1,2,13.3,3692.1,39998.2,8866.4,32024.8,24.6,0,
2017-12-22 05:47:49,0,1,2,13.3,3692.3,39998.4,8866.4,32024.8,24.6,0,
2017-12-22 05:47:52,0,1,2,13.4,3692.8,39998.8,8933.1,32271.0,24.6,0,
2017-12-22 05:47:55,0,1,2,13.4,3693.1,39998.4,8933.1,32271.0,24.7,0,
2017-12-22 05:47:58,0,1,2,13.5,3693.5,39998.7,8999.7,32517.2,24.8,0,
2017-12-22 05:48:01,0,1,2,13.5,3693.9,39998.0,8999.7,32517.2,24.7,0,
2017-12-22 05:48:04,0,1,2,13.6,3694.2,39998.2,9066.4,32763.4,24.7,0,
2017-12-22 05:48:07,0,1,2,13.6,3694.7,39998.5,9066.4,32763.4,24.7,0,
2017-12-22 05:48:10,0,1,2,13.7,3694.9,39998.2,9133.1,33009.7,24.7,0,
2017-12-22 05:48:13,0,1,2,13.7,3695.3,39998.3,9133.1,33009.7,24.7,0,
2017-12-22 05:48:16,0,1,2,13.8,3695.8,39998.2,9199.7,33256.1,24.7,0,
2017-12-22 05:48:19,0,1,2,13.8,3695.9,39998.5,9199.7,33256.1,24.7,0,
2017-12-22 05:48:22,0,1,2,13.9,3696.4,39998.2,9266.4,33502.5,24.7,0,
2017-12-22 05:48:26,0,1,2,13.9,3696.8,39998.7,9266.4,33502.5,24.7,0,
2017-12-22 05:48:29,0,1,2,14.0,3697.1,39997.8,9333.0,33748.9,24.7,0,
2017-12-22 05:48:32,0,1,2,14.0,3697.3,39998.5,9333.0,33748.9,24.7,0,
2017-12-22 05:48:35,0,1,2,14.1,3697.8,39998.5,9399.7,33995.4,24.7,0,
2017-12-22 05:48:38,0,1,2,14.1,3698.1,39998.0,9399.7,33995.4,24.7,0,
2017-12-22 05:48:41,0,1,2,14.2,3698.5,39998.3,9466.4,34241.9,24.8,0,
2017-12-22 05:48:44,0,1,2,14.2,3698.8,39998.5,9466.4,34241.9,24.7,0,
2017-12-22 05:48:47,0,1,2,14.3,3699.2,39998.5,9533.0,34488.5,24.7,0,
2017-12-22 05:48:50,0,1,2,14.3,3699.5,39997.9,9533.0,34488.5,24.7,0,
2017-12-22 05:48:53,0,1,2,14.4,3699.9,39998.3,9599.7,34735.1,24.7,0,
2017-12-22 05:48:57,0,1,2,14.4,3700.3,39998.4,9599.7,34735.1,24.7,0,
2017-12-22 05:49:00,0,1,2,14.5,3700.6,39998.1,9666.4,34981.8,24.7,0,
2017-12-22 05:49:03,0,1,2,14.5,3700.9,39998.2,9666.4,34981.8,24.7,0,
2017-12-22 05:49:06,0,1,2,14.6,3701.3,39997.8,9733.0,35228.5,24.7,0,
2017-12-22 05:49:09,0,1,2,14.7,3701.7,39998.3,9799.7,35475.3,24.7,0,
2017-12-22 05:49:12,0,1,2,14.7,3702.0,39998.2,9799.7,35475.3,24.7,0,
2017-12-22 05:49:15,0,1,2,14.8,3702.5,39998.2,9866.3,35722.1,24.7,0,
2017-12-22 05:49:19,0,1,2,14.8,3702.8,39998.1,9866.3,35722.1,24.7,0,
2017-12-22 05:49:22,0,1,2,14.9,3703.1,39998.3,9933.0,35968.9,24.7,0,
2017-12-22 05:49:25,0,1,2,14.9,3703.5,39998.5,9933.0,35968.9,24.7,0,
2017-12-22 05:49:28,0,1,2,15.0,3703.9,39998.2,9999.7,36215.8,24.7,0,
2017-12-22 05:49:31,0,1,2,15.0,3704.1,39998.2,9999.7,36215.8,24.6,0,
2017-12-22 05:49:34,0,1,2,15.1,3704.5,39998.3,10066.3,36462.8,24.6,0,
2017-12-22 05:49:37,0,1,2,15.1,3704.9,39997.8,10066.3,36462.8,24.6,0,
2017-12-22 05:49:40,0,1,2,15.2,3705.2,39998.1,10133.0,36709.8,24.6,0,
2017-12-22 05:49:43,0,1,2,15.2,3705.6,39998.1,10133.0,36709.8,24.6,0,
2017-12-22 05:49:47,0,1,2,15.3,3706.0,39998.3,10199.6,36956.8,24.6,0,
2017-12-22 05:49:50,0,1,2,15.3,3706.2,39998.0,10199.6,36956.8,24.6,0,
2017-12-22 05:49:53,0,1,2,15.4,3706.5,39998.3,10266.3,37203.9,24.6,0,
2017-12-22 05:49:56,0,1,2,15.4,3706.8,39998.2,10266.3,37203.9,24.6,0,
2017-12-22 05:49:59,0,1,2,15.5,3707.3,39998.1,10333.0,37451.0,24.6,0,
2017-12-22 05:50:02,0,1,2,15.5,3707.6,39998.5,10333.0,37451.0,24.6,0,
2017-12-22 05:50:05,0,1,2,15.6,3708.1,39998.2,10399.6,37698.1,24.6,0,
2017-12-22 05:50:08,0,1,2,15.6,3708.4,39998.5,10399.6,37698.1,24.6,0,
2017-12-22 05:50:11,0,1,2,15.7,3708.7,39998.4,10466.3,37945.3,24.6,0,
2017-12-22 05:50:14,0,1,2,15.7,3709.1,39998.2,10466.3,37945.3,24.6,0,
2017-12-22 05:50:17,0,1,2,15.8,3709.4,39998.0,10532.9,38192.6,24.6,0,
2017-12-22 05:50:21,0,1,2,15.8,3709.8,39998.3,10532.9,38192.6,24.6,0,
2017-12-22 05:50:24,0,1,2,15.9,3710.0,39998.2,10599.6,38439.9,24.6,0,
2017-12-22 05:50:27,0,1,2,15.9,3710.5,39997.8,10599.6,38439.9,24.6,0,
2017-12-22 05:50:30,0,1,2,16.0,3710.8,39998.2,10666.3,38687.2,24.6,0,
2017-12-22 05:50:33,0,1,2,16.0,3711.1,39998.0,10666.3,38687.2,24.7,0,
2017-12-22 05:50:37,0,1,2,16.1,3711.5,39998.0,10732.9,38934.6,24.6,0,
2017-12-22 05:50:40,0,1,2,16.2,3711.8,39998.1,10799.6,39182.1,24.6,0,
2017-12-22 05:50:43,0,1,2,16.2,3712.1,39998.5,10799.6,39182.1,24.6,0,
2017-12-22 05:50:46,0,1,2,16.3,3712.6,39998.2,10866.2,39429.5,24.6,0,
2017-12-22 05:50:49,0,1,2,16.3,3712.9,39998.1,10866.2,39429.5,24.7,0,
2017-12-22 05:50:52,0,1,2,16.4,3713.3,39998.1,10932.9,39677.1,24.7,0,
2017-12-22 05:50:55,0,1,2,16.4,3713.5,39997.7,10932.9,39677.1,24.7,0,
2017-12-22 05:50:58,0,1,2,16.5,3713.9,39998.5,10999.6,39924.6,24.7,0,
2017-12-22 05:51:01,0,1,2,16.5,3714.3,39998.4,10999.6,39924.6,24.7,0,
2017-12-22 05:51:04,0,1,2,16.6,3714.5,39998.6,11066.2,40172.3,24.7,0,
2017-12-22 05:51:07,0,1,2,16.6,3714.9,39998.0,11066.2,40172.3,24.7,0,
2017-12-22 05:51:10,0,1,2,16.7,3715.4,39997.8,11132.9,40419.9,24.7,0,
2017-12-22 05:51:13,0,1,2,16.7,3715.6,39998.0,11132.9,40419.9,24.6,0,
2017-12-22 05:51:16,0,1,2,16.8,3716.1,39997.8,11199.6,40667.6,24.6,0,
2017-12-22 05:51:19,0,1,2,16.8,3716.4,39998.1,11199.6,40667.6,24.6,0,
2017-12-22 05:51:22,0,1,2,16.9,3716.7,39998.2,11266.2,40915.4,24.6,0,
2017-12-22 05:51:25,0,1,2,16.9,3717.1,39998.0,11266.2,40915.4,24.7,0,
2017-12-22 05:51:28,0,1,2,17.0,3717.4,39998.0,11332.9,41163.2,24.7,0,
2017-12-22 05:51:31,0,1,2,17.0,3717.8,39998.2,11332.9,41163.2,24.6,0,
2017-12-22 05:51:34,0,1,2,17.1,3718.0,39998.1,11399.5,41411.1,24.7,0,
2017-12-22 05:51:37,0,1,2,17.1,3718.4,39998.0,11399.5,41411.1,24.7,0,
2017-12-22 05:51:41,0,1,2,17.2,3718.9,39998.0,11466.2,41658.9,24.7,0,
2017-12-22 05:51:44,0,1,2,17.2,3719.3,39998.0,11466.2,41658.9,24.6,0,
2017-12-22 05:51:47,0,1,2,17.3,3719.6,39998.2,11532.9,41906.9,24.6,0,
2017-12-22 05:51:50,0,1,2,17.3,3720.1,39998.2,11532.9,41906.9,24.6,0,
2017-12-22 05:51:53,0,1,2,17.4,3720.4,39998.0,11599.5,42154.9,24.6,0,
2017-12-22 05:51:56,0,1,2,17.4,3720.6,39998.0,11599.5,42154.9,24.6,0,
2017-12-22 05:51:59,0,1,2,17.5,3721.1,39997.8,11666.2,42402.9,24.7,0,
2017-12-22 05:52:03,0,1,2,17.5,3721.5,39998.2,11666.2,42402.9,24.7,0,
2017-12-22 05:52:06,0,1,2,17.6,3721.9,39998.2,11732.8,42651.0,24.7,0,
2017-12-22 05:52:09,0,1,2,17.6,3722.3,39998.1,11732.8,42651.0,24.8,0,
2017-12-22 05:52:12,0,1,2,17.7,3722.7,39998.0,11799.5,42899.1,24.7,0,
2017-12-22 05:52:15,0,1,2,17.7,3723.0,39997.9,11799.5,42899.1,24.8,0,
2017-12-22 05:52:18,0,1,2,17.8,3723.3,39998.1,11866.2,43147.3,24.8,0,
2017-12-22 05:52:21,0,1,2,17.8,3723.8,39998.0,11866.2,43147.3,24.8,0,
2017-12-22 05:52:25,0,1,2,17.9,3724.1,39998.1,11932.8,43395.5,24.8,0,
2017-12-22 05:52:28,0,1,2,18.0,3724.6,39997.7,11999.5,43643.8,24.7,0,
2017-12-22 05:52:31,0,1,2,18.0,3725.0,39998.0,11999.5,43643.8,24.7,0,
2017-12-22 05:52:34,0,1,2,18.1,3725.4,39997.9,12066.1,43892.1,24.7,0,
2017-12-22 05:52:37,0,1,2,18.1,3725.5,39997.8,12066.1,43892.1,24.8,0,
2017-12-22 05:52:40,0,1,2,18.2,3726.0,39998.0,12132.8,44140.5,24.7,0,
2017-12-22 05:52:43,0,1,2,18.2,3726.4,39998.0,12132.8,44140.5,24.7,0,
2017-12-22 05:52:46,0,1,2,18.3,3726.9,39998.2,12199.5,44388.9,24.7,0,
2017-12-22 05:52:50,0,1,2,18.3,3727.2,39997.9,12199.5,44388.9,24.7,0,
2017-12-22 05:52:53,0,1,2,18.4,3727.7,39998.1,12266.1,44637.4,24.8,0,
2017-12-22 05:52:56,0,1,2,18.4,3728.0,39997.8,12266.1,44637.4,24.8,0,
2017-12-22 05:52:59,0,1,2,18.5,3728.3,39997.9,12332.8,44885.9,24.8,0,
2017-12-22 05:53:02,0,1,2,18.5,3728.8,39997.6,12332.8,44885.9,24.8,0,
2017-12-22 05:53:05,0,1,2,18.6,3729.2,39997.7,12399.4,45134.5,24.7,0,
2017-12-22 05:53:09,0,1,2,18.6,3729.6,39997.7,12399.4,45134.5,24.8,0,
2017-12-22 05:53:12,0,1,2,18.7,3730.1,39998.0,12466.1,45383.1,24.8,0,
2017-12-22 05:53:15,0,1,2,18.7,3730.4,40000.8,12466.1,45383.1,24.8,0,
2017-12-22 05:53:18,0,1,2,18.8,3730.8,40000.8,12532.8,45631.8,24.8,0,
2017-12-22 05:53:21,0,1,2,18.9,3731.3,40001.0,12599.4,45880.6,24.8,0,
2017-12-22 05:53:25,0,1,2,18.9,3731.6,40000.9,12599.4,45880.6,24.8,0,
2017-12-22 05:53:28,0,1,2,19.0,3732.0,40000.7,12666.1,46129.4,24.7,0,
2017-12-22 05:53:31,0,1,2,19.0,3732.5,40001.2,12666.1,46129.4,24.8,0,
2017-12-22 05:53:34,0,1,2,19.1,3732.9,40001.1,12732.8,46378.3,24.8,0,
2017-12-22 05:53:37,0,1,2,19.1,3733.3,40001.0,12732.8,46378.3,24.7,0,
2017-12-22 05:53:41,0,1,2,19.2,3733.8,40000.8,12799.4,46627.2,24.7,0,
2017-12-22 05:53:44,0,1,2,19.2,3734.2,40000.7,12799.4,46627.2,24.7,0,
2017-12-22 05:53:47,0,1,2,19.3,3734.6,40000.8,12866.1,46876.2,24.8,0,
2017-12-22 05:53:50,0,1,2,19.3,3734.9,40001.0,12866.1,46876.2,24.8,0,
2017-12-22 05:53:53,0,1,2,19.4,3735.4,40001.1,12932.8,47125.2,24.7,0,
2017-12-22 05:53:56,0,1,2,19.4,3735.8,40001.0,12932.8,47125.2,24.8,0,
2017-12-22 05:53:59,0,1,2,19.5,3736.2,40001.0,12999.5,47374.3,24.8,0,
2017-12-22 05:54:03,0,1,2,19.5,3736.7,40001.2,12999.5,47374.3,24.8,0,
2017-12-22 05:54:06,0,1,2,19.6,3737.1,40000.8,13066.1,47623.4,24.8,0,
2017-12-22 05:54:09,0,1,2,19.6,3737.5,40001.1,13066.1,47623.4,24.8,0,
2017-12-22 05:54:12,0,1,2,19.7,3738.1,40001.2,13132.8,47872.6,24.8,0,
2017-12-22 05:54:15,0,1,2,19.7,3738.4,40001.0,13132.8,47872.6,24.8,0,
2017-12-22 05:54:18,0,1,2,19.8,3738.8,40000.7,13199.5,48121.8,24.8,0,
2017-12-22 05:54:21,0,1,2,19.8,3739.2,40001.0,13199.5,48121.8,24.8,0,
2017-12-22 05:54:24,0,1,2,19.9,3739.7,40000.9,13266.1,48371.1,24.8,0,
2017-12-22 05:54:28,0,1,2,20.0,3740.1,40000.9,13332.8,48620.5,24.8,0,
2017-12-22 05:54:31,0,1,2,20.0,3740.6,40000.8,13332.8,48620.5,24.8,0,
2017-12-22 05:54:34,0,1,2,20.1,3741.0,40000.8,13399.5,48869.9,24.8,0,
2017-12-22 05:54:37,0,1,2,20.1,3741.5,40000.7,13399.5,48869.9,24.7,0,
2017-12-22 05:54:40,0,1,2,20.2,3741.8,40000.8,13466.1,49119.4,24.7,0,
2017-12-22 05:54:43,0,1,2,20.2,3742.2,40000.9,13466.1,49119.4,24.7,0,
2017-12-22 05:54:46,0,1,2,20.3,3742.8,40000.7,13532.8,49368.9,24.7,0,
2017-12-22 05:54:49,0,1,2,20.3,3743.1,40001.2,13532.8,49368.9,24.7,0,
2017-12-22 05:54:52,0,1,2,20.4,3743.6,40000.8,13599.5,49618.5,24.6,0,
2017-12-22 05:54:55,0,1,2,20.4,3744.0,40000.7,13599.5,49618.5,24.6,0,
2017-12-22 05:54:58,0,1,2,20.5,3744.3,40000.8,13666.1,49868.1,24.6,0,
2017-12-22 05:55:01,0,1,2,20.5,3744.8,40000.5,13666.1,49868.1,24.6,0,
2017-12-22 05:55:04,0,1,2,20.6,3745.4,40000.8,13732.8,50117.8,24.6,0,
2017-12-22 05:55:07,0,1,2,20.6,3745.7,40000.7,13732.8,50117.8,24.6,0,
2017-12-22 05:55:11,0,1,2,20.7,3746.2,40000.5,13799.5,50367.5,24.6,0,
2017-12-22 05:55:14,0,1,2,20.7,3746.6,40000.8,13799.5,50367.5,24.6,0,
2017-12-22 05:55:17,0,1,2,20.8,3747.2,40000.7,13866.2,50617.3,24.7,0,
2017-12-22 05:55:20,0,1,2,20.8,3747.6,40000.7,13866.2,50617.3,24.7,0,
2017-12-22 05:55:23,0,1,2,20.9,3748.1,40000.6,13932.8,50867.2,24.7,0,
2017-12-22 05:55:26,0,1,2,20.9,3748.6,40000.7,13932.8,50867.2,24.7,0,
2017-12-22 05:55:29,0,1,2,21.0,3749.1,40000.5,13999.5,51117.1,24.7,0,
2017-12-22 05:55:33,0,1,2,21.0,3749.5,40000.5,13999.5,51117.1,24.7,0,
2017-12-22 05:55:36,0,1,2,21.1,3749.9,40000.5,14066.2,51367.1,24.8,0,
2017-12-22 05:55:39,0,1,2,21.1,3750.4,40000.5,14066.2,51367.1,24.8,0,
2017-12-22 05:55:42,0,1,2,21.2,3750.9,40000.3,14132.8,51617.1,24.8,0,
2017-12-22 05:55:46,0,1,2,21.3,3751.5,40000.8,14199.5,51867.2,24.8,0,
2017-12-22 05:55:49,0,1,2,21.3,3751.9,40000.8,14199.5,51867.2,24.8,0,
2017-12-22 05:55:52,0,1,2,21.4,3752.4,40000.8,14266.2,52117.4,24.8,0,
2017-12-22 05:55:55,0,1,2,21.4,3752.9,40000.8,14266.2,52117.4,24.8,0,
2017-12-22 05:55:58,0,1,2,21.5,3753.4,40001.1,14332.8,52367.6,24.8,0,
2017-12-22 05:56:01,0,1,2,21.5,3753.7,40001.0,14332.8,52367.6,24.8,0,
2017-12-22 05:56:04,0,1,2,21.6,3754.1,40000.8,14399.5,52617.9,24.8,0,
2017-12-22 05:56:07,0,1,2,21.6,3754.6,40000.8,14399.5,52617.9,24.8,0,
2017-12-22 05:56:10,0,1,2,21.7,3755.1,40000.6,14466.2,52868.3,24.8,0,
2017-12-22 05:56:13,0,1,2,21.7,3755.6,40000.8,14466.2,52868.3,24.8,0,
2017-12-22 05:56:16,0,1,2,21.8,3756.0,40000.6,14532.8,53118.7,24.8,0,
2017-12-22 05:56:19,0,1,2,21.8,3756.6,40000.3,14532.8,53118.7,24.8,0,
2017-12-22 05:56:23,0,1,2,21.9,3757.1,40000.7,14599.5,53369.1,24.8,0,
2017-12-22 05:56:26,0,1,2,21.9,3757.6,40000.5,14599.5,53369.1,24.8,0,
2017-12-22 05:56:29,0,1,2,22.0,3758.1,40000.8,14666.2,53619.7,24.8,0,
2017-12-22 05:56:32,0,1,2,22.0,3758.6,40000.7,14666.2,53619.7,24.8,0,
2017-12-22 05:56:35,0,1,2,22.1,3759.1,40000.9,14732.9,53870.2,24.8,0,
2017-12-22 05:56:38,0,1,2,22.1,3759.6,40001.0,14732.9,53870.2,24.8,0,
2017-12-22 05:56:42,0,1,2,22.2,3760.1,40000.8,14799.5,54120.9,24.8,0,
2017-12-22 05:56:45,0,1,2,22.2,3760.6,40000.7,14799.5,54120.9,24.8,0,
2017-12-22 05:56:48,0,1,2,22.3,3761.3,40000.5,14866.2,54371.6,24.8,0,
2017-12-22 05:56:51,0,1,2,22.3,3761.8,40000.4,14866.2,54371.6,24.8,0,
2017-12-22 05:56:55,0,1,2,22.4,3762.3,40000.7,14932.9,54622.4,24.8,0,
2017-12-22 05:56:58,0,1,2,22.5,3762.7,40000.5,14999.5,54873.3,24.8,0,
2017-12-22 05:57:01,0,1,2,22.5,3763.2,40000.5,14999.5,54873.3,24.8,0,
2017-12-22 05:57:04,0,1,2,22.6,3763.6,40000.3,15066.2,55124.2,24.8,0,
2017-12-22 05:57:07,0,1,2,22.6,3764.1,40000.5,15066.2,55124.2,24.8,0,
2017-12-22 05:57:10,0,1,2,22.7,3764.8,40000.6,15132.9,55375.2,24.8,0,
2017-12-22 05:57:13,0,1,2,22.7,3765.4,40000.5,15132.9,55375.2,24.7,0,
2017-12-22 05:57:16,0,1,2,22.8,3765.9,40000.9,15199.5,55626.2,24.8,0,
2017-12-22 05:57:20,0,1,2,22.8,3766.4,40000.3,15199.5,55626.2,24.8,0,
2017-12-22 05:57:23,0,1,2,22.9,3766.9,40000.3,15266.2,55877.3,24.7,0,
2017-12-22 05:57:26,0,1,2,22.9,3767.6,40000.5,15266.2,55877.3,24.8,0,
2017-12-22 05:57:29,0,1,2,23.0,3768.1,40000.4,15332.9,56128.5,24.8,0,
2017-12-22 05:57:32,0,1,2,23.0,3768.6,40000.8,15332.9,56128.5,24.8,0,
2017-12-22 05:57:36,0,1,2,23.1,3769.1,40000.7,15399.5,56379.8,24.8,0,
2017-12-22 05:57:39,0,1,2,23.1,3769.6,40000.4,15399.5,56379.8,24.8,0,
2017-12-22 05:57:42,0,1,2,23.2,3770.2,40000.6,15466.2,56631.1,24.8,0,
2017-12-22 05:57:45,0,1,2,23.2,3770.7,40000.5,15466.2,56631.1,24.8,0,
2017-12-22 05:57:48,0,1,2,23.3,3771.2,40000.5,15532.9,56882.5,24.8,0,
2017-12-22 05:57:51,0,1,2,23.4,3772.0,40000.3,15599.5,57134.0,24.8,0,
2017-12-22 05:57:55,0,1,2,23.4,3772.4,40000.5,15599.5,57134.0,24.8,0,
2017-12-22 05:57:58,0,1,2,23.5,3773.0,40000.5,15666.2,57385.5,24.8,0,
2017-12-22 05:58:01,0,1,2,23.5,3773.7,40000.5,15666.2,57385.5,24.8,0,
2017-12-22 05:58:04,0,1,2,23.6,3774.1,40000.8,15732.9,57637.1,24.8,0,
2017-12-22 05:58:07,0,1,2,23.6,3774.8,40000.8,15732.9,57637.1,24.8,0,
2017-12-22 05:58:10,0,1,2,23.7,3775.3,40000.5,15799.5,57888.8,24.8,0,
2017-12-22 05:58:14,0,1,2,23.7,3776.0,40000.6,15799.5,57888.8,24.8,0,
2017-12-22 05:58:17,0,1,2,23.8,3776.4,40000.8,15866.2,58140.6,24.8,0,
2017-12-22 05:58:20,0,1,2,23.8,3777.0,40000.5,15866.2,58140.6,24.8,0,
2017-12-22 05:58:23,0,1,2,23.9,3777.6,40001.0,15932.9,58392.4,24.8,0,
2017-12-22 05:58:26,0,1,2,23.9,3778.2,40000.4,15932.9,58392.4,24.9,0,
2017-12-22 05:58:29,0,1,2,24.0,3778.7,40000.8,15999.6,58644.3,24.9,0,
2017-12-22 05:58:33,0,1,2,24.0,3779.4,40000.8,15999.6,58644.3,24.8,0,
2017-12-22 05:58:36,0,1,2,24.1,3780.0,40000.5,16066.2,58896.3,24.9,0,
2017-12-22 05:58:39,0,1,2,24.1,3780.4,40000.5,16066.2,58896.3,24.8,0,
2017-12-22 05:58:42,0,1,2,24.2,3781.2,40000.8,16132.9,59148.3,24.9,0,
2017-12-22 05:58:45,0,1,2,24.3,3781.7,40000.5,16199.6,59400.4,24.9,0,
2017-12-22 05:58:49,0,1,2,24.3,3782.3,40000.7,16199.6,59400.4,24.9,0,
2017-12-22 05:58:52,0,1,2,24.4,3783.0,40000.4,16266.2,59652.6,24.9,0,
2017-12-22 05:58:55,0,1,2,24.4,3783.5,40000.5,16266.2,59652.6,24.8,0,
2017-12-22 05:58:58,0,1,2,24.5,3784.2,40000.5,16332.9,59904.9,24.8,0,
2017-12-22 05:59:01,0,1,2,24.5,3784.8,40000.4,16332.9,59904.9,24.8,0,
2017-12-22 05:59:05,0,1,2,24.6,3785.3,40000.8,16399.6,60157.3,24.8,0,
2017-12-22 05:59:08,0,1,2,24.6,3786.0,40000.8,16399.6,60157.3,24.8,0,
2017-12-22 05:59:11,0,1,2,24.7,3786.6,40000.1,16466.2,60409.7,24.8,0,
2017-12-22 05:59:14,0,1,2,24.7,3787.2,40000.5,16466.2,60409.7,24.8,0,
2017-12-22 05:59:17,0,1,2,24.8,3787.8,40000.3,16532.9,60662.2,24.8,0,
2017-12-22 05:59:20,0,1,2,24.8,3788.3,40000.3,16532.9,60662.2,24.8,0,
2017-12-22 05:59:23,0,1,2,24.9,3789.0,40000.3,16599.6,60914.8,24.8,0,
2017-12-22 05:59:27,0,1,2,24.9,3789.7,40000.2,16599.6,60914.8,24.8,0,
2017-12-22 05:59:30,0,1,2,25.0,3790.1,40000.3,16666.2,61167.4,24.8,0,
2017-12-22 05:59:33,0,1,2,25.0,3790.7,40000.2,16666.2,61167.4,24.8,0,
2017-12-22 05:59:36,0,1,2,25.1,3791.5,40000.0,16732.9,61420.2,24.8,0,
2017-12-22 05:59:39,0,1,2,25.1,3792.1,40000.5,16732.9,61420.2,24.8,0,
2017-12-22 05:59:42,0,1,2,25.2,3792.8,40000.7,16799.6,61673.0,24.8,0,
2017-12-22 05:59:45,0,1,2,25.2,3793.3,40000.2,16799.6,61673.0,24.8,0,
2017-12-22 05:59:48,0,1,2,25.3,3794.0,40000.3,16866.2,61925.9,24.8,0,
2017-12-22 05:59:51,0,1,2,25.3,3794.6,40000.4,16866.2,61925.9,24.8,0,
2017-12-22 05:59:54,0,1,2,25.4,3795.1,40000.8,16932.9,62178.9,24.8,0,
2017-12-22 05:59:57,0,1,2,25.4,3795.7,40000.4,16932.9,62178.9,24.8,0,
2017-12-22 06:00:00,0,1,2,25.5,3796.4,40000.4,16999.6,62431.9,24.8,0,
2017-12-22 06:00:04,0,1,2,25.6,3797.1,40000.6,17066.2,62685.1,24.8,0,
2017-12-22 06:00:07,0,1,2,25.6,3797.7,40000.2,17066.2,62685.1,24.8,0,
2017-12-22 06:00:10,0,1,2,25.7,3798.3,40000.2,17132.9,62938.3,24.8,0,
2017-12-22 06:00:13,0,1,2,25.7,3799.0,40000.4,17132.9,62938.3,24.8,0,
2017-12-22 06:00:17,0,1,2,25.8,3799.7,40000.2,17199.6,63191.6,24.8,0,
2017-12-22 06:00:20,0,1,2,25.8,3800.3,40000.5,17199.6,63191.6,24.8,0,
2017-12-22 06:00:23,0,1,2,25.9,3801.2,40000.4,17266.2,63445.0,24.8,0,
2017-12-22 06:00:26,0,1,2,25.9,3801.8,40000.3,17266.2,63445.0,24.8,0,
2017-12-22 06:00:29,0,1,2,26.0,3802.4,40000.4,17332.9,63698.5,24.8,0,
2017-12-22 06:00:32,0,1,2,26.0,3803.1,40000.3,17332.9,63698.5,24.8,0,
2017-12-22 06:00:36,0,1,2,26.1,3803.7,40000.1,17399.6,63952.0,24.8,0,
2017-12-22 06:00:39,0,1,2,26.1,3804.3,40000.0,17399.6,63952.0,24.8,0,
2017-12-22 06:00:42,0,1,2,26.2,3805.1,40000.3,17466.2,64205.7,24.8,0,
2017-12-22 06:00:45,0,1,2,26.2,3805.8,40000.2,17466.2,64205.7,24.8,0,
2017-12-22 06:00:48,0,1,2,26.3,3806.5,40000.0,17532.9,64459.4,24.8,0,
2017-12-22 06:00:51,0,1,2,26.3,3807.1,40000.2,17532.9,64459.4,24.8,0,
2017-12-22 06:00:54,0,1,2,26.4,3807.8,40000.4,17599.6,64713.2,24.8,0,
2017-12-22 06:00:57,0,1,2,26.5,3808.6,40000.4,17666.3,64967.1,24.8,0,
2017-12-22 06:01:01,0,1,2,26.5,3809.3,40000.4,17666.3,64967.1,24.8,0,
2017-12-22 06:01:04,0,1,2,26.6,3810.0,39999.9,17732.9,65221.1,24.8,0,
2017-12-22 06:01:07,0,1,2,26.6,3810.7,40000.5,17732.9,65221.1,24.8,0,
2017-12-22 06:01:10,0,1,2,26.7,3811.3,40000.2,17799.6,65475.2,24.8,0,
2017-12-22 06:01:14,0,1,2,26.7,3812.2,40000.0,17799.6,65475.2,24.8,0,
2017-12-22 06:01:17,0,1,2,26.8,3812.9,40000.0,17866.3,65729.4,24.8,0,
2017-12-22 06:01:20,0,1,2,26.8,3813.6,39999.7,17866.3,65729.4,24.8,0,
2017-12-22 06:01:23,0,1,2,26.9,3814.3,40000.5,17932.9,65983.7,24.8,0,
2017-12-22 06:01:26,0,1,2,26.9,3815.0,40000.3,17932.9,65983.7,24.8,0,
2017-12-22 06:01:29,0,1,2,27.0,3815.7,40000.2,17999.6,66238.0,24.8,0,
2017-12-22 06:01:32,0,1,2,27.0,3816.5,40000.4,17999.6,66238.0,24.8,0,
2017-12-22 06:01:36,0,1,2,27.1,3817.2,39999.9,18066.3,66492.5,24.8,0,
2017-12-22 06:01:39,0,1,2,27.1,3817.8,40000.2,18066.3,66492.5,24.8,0,
2017-12-22 06:01:42,0,1,2,27.2,3818.6,40000.0,18132.9,66747.0,24.8,0,
2017-12-22 06:01:45,0,1,2,27.2,3819.2,40000.2,18132.9,66747.0,24.9,0,
2017-12-22 06:01:48,0,1,2,27.3,3820.0,40000.0,18199.6,67001.6,24.9,0,
2017-12-22 06:01:51,0,1,2,27.3,3820.9,39999.8,18199.6,67001.6,24.9,0,
2017-12-22 06:01:55,0,1,2,27.4,3821.5,39999.8,18266.3,67256.4,24.9,0,
2017-12-22 06:01:58,0,1,2,27.5,3822.2,39999.8,18332.9,67511.2,24.9,0,
2017-12-22 06:02:01,0,1,2,27.5,3822.9,39999.5,18332.9,67511.2,24.9,0,
2017-12-22 06:02:04,0,1,2,27.6,3823.8,40000.0,18399.6,67766.1,24.9,0,
2017-12-22 06:02:07,0,1,2,27.6,3824.4,39999.8,18399.6,67766.1,24.9,0,
2017-12-22 06:02:10,0,1,2,27.7,3825.1,39999.8,18466.3,68021.1,24.9,0,
2017-12-22 06:02:14,0,1,2,27.7,3826.1,40000.5,18466.3,68021.1,24.9,0,
2017-12-22 06:02:17,0,1,2,27.8,3826.8,40000.0,18532.9,68276.1,24.9,0,
2017-12-22 06:02:20,0,1,2,27.8,3827.6,40000.0,18532.9,68276.1,24.9,0,
2017-12-22 06:02:23,0,1,2,27.9,3828.2,40000.0,18599.6,68531.3,24.9,0,
2017-12-22 06:02:26,0,1,2,27.9,3829.1,40000.1,18599.6,68531.3,24.9,0,
2017-12-22 06:02:29,0,1,2,28.0,3829.7,40000.0,18666.3,68786.6,24.9,0,
2017-12-22 06:02:32,0,1,2,28.0,3830.4,39999.6,18666.3,68786.6,25.0,0,
2017-12-22 06:02:35,0,1,2,28.1,3831.1,39999.8,18732.9,69042.0,25.0,0,
2017-12-22 06:02:38,0,1,2,28.1,3831.9,40000.1,18732.9,69042.0,25.0,0,
2017-12-22 06:02:41,0,1,2,28.2,3832.6,40000.3,18799.6,69297.5,25.0,0,
2017-12-22 06:02:44,0,1,2,28.2,3833.3,40000.5,18799.6,69297.5,25.0,0,
2017-12-22 06:02:47,0,1,2,28.3,3834.2,40000.1,18866.3,69553.1,25.0,0,
2017-12-22 06:02:51,0,1,2,28.3,3834.9,40000.0,18866.3,69553.1,25.0,0,
2017-12-22 06:02:54,0,1,2,28.4,3835.7,40000.1,18932.9,69808.8,25.0,0,
2017-12-22 06:02:57,0,1,2,28.4,3836.6,39999.9,18932.9,69808.8,25.0,0,
2017-12-22 06:03:00,0,1,2,28.5,3837.4,40000.0,18999.6,70064.6,25.0,0,
2017-12-22 06:03:03,0,1,2,28.5,3838.1,40000.1,18999.6,70064.6,25.0,0,
2017-12-22 06:03:06,0,1,2,28.6,3838.9,40000.1,19066.3,70320.5,25.0,0,
2017-12-22 06:03:09,0,1,2,28.6,3839.7,40000.1,19066.3,70320.5,24.9,0,
2017-12-22 06:03:12,0,1,2,28.7,3840.5,40000.1,19132.9,70576.5,24.9,0,
2017-12-22 06:03:16,0,1,2,28.8,3841.3,40000.0,19199.6,70832.5,24.9,0,
2017-12-22 06:03:19,0,1,2,28.8,3842.1,40000.3,19199.6,70832.5,24.8,0,
2017-12-22 06:03:22,0,1,2,28.9,3843.0,40000.0,19266.3,71088.7,24.8,0,
2017-12-22 06:03:25,0,1,2,28.9,3843.8,40000.1,19266.3,71088.7,24.8,0,
2017-12-22 06:03:28,0,1,2,29.0,3844.7,40000.1,19332.9,71345.0,24.8,0,
2017-12-22 06:03:31,0,1,2,29.0,3845.4,40000.0,19332.9,71345.0,24.8,0,
2017-12-22 06:03:34,0,1,2,29.1,3846.2,40000.0,19399.6,71601.4,24.8,0,
2017-12-22 06:03:38,0,1,2,29.1,3847.0,39999.8,19399.6,71601.4,24.8,0,
2017-12-22 06:03:41,0,1,2,29.2,3847.9,40000.0,19466.3,71857.9,24.8,0,
2017-12-22 06:03:44,0,1,2,29.2,3848.6,40000.0,19466.3,71857.9,24.9,0,
2017-12-22 06:03:47,0,1,2,29.3,3849.4,40000.1,19532.9,72114.5,24.8,0,
2017-12-22 06:03:50,0,1,2,29.3,3850.3,39999.8,19532.9,72114.5,24.9,0,
2017-12-22 06:03:53,0,1,2,29.4,3851.0,40000.2,19599.6,72371.2,24.9,0,
2017-12-22 06:03:56,0,1,2,29.4,3851.9,39999.8,19599.6,72371.2,24.9,0,
2017-12-22 06:03:59,0,1,2,29.5,3852.8,40000.0,19666.3,72628.1,24.9,0,
2017-12-22 06:04:02,0,1,2,29.5,3853.6,40000.3,19666.3,72628.1,24.9,0,
2017-12-22 06:04:05,0,1,2,29.6,3854.4,40000.3,19732.9,72885.0,24.9,0,
2017-12-22 06:04:08,0,1,2,29.6,3855.3,39999.9,19732.9,72885.0,24.9,0,
2017-12-22 06:04:12,0,1,2,29.7,3856.2,40000.0,19799.6,73142.0,24.9,0,
2017-12-22 06:04:15,0,1,2,29.7,3856.9,40000.3,19799.6,73142.0,24.9,0,
2017-12-22 06:04:18,0,1,2,29.8,3857.8,40000.5,19866.3,73399.2,24.9,0,
2017-12-22 06:04:21,0,1,2,29.8,3858.6,40000.1,19866.3,73399.2,25.0,0,
2017-12-22 06:04:24,0,1,2,29.9,3859.4,40000.3,19932.9,73656.4,25.0,0,
2017-12-22 06:04:27,0,1,2,30.0,3860.4,40000.1,19999.6,73913.8,25.0,0,
2017-12-22 06:04:30,0,1,2,30.0,3861.1,40000.3,19999.6,73913.8,25.0,0,
2017-12-22 06:04:34,0,1,2,30.1,3862.0,39999.9,20066.3,74171.2,25.0,0,
2017-12-22 06:04:37,0,1,2,30.1,3862.9,39999.7,20066.3,74171.2,25.0,0,
2017-12-22 06:04:40,0,1,2,30.2,3863.7,40000.2,20132.9,74428.8,25.0,0,
2017-12-22 06:04:43,0,1,2,30.2,3864.7,40000.5,20132.9,74428.8,25.0,0,
2017-12-22 06:04:46,0,1,2,30.3,3865.4,40000.0,20199.6,74686.5,25.0,0,
2017-12-22 06:04:49,0,1,2,30.3,3866.2,39999.7,20199.6,74686.5,25.0,0,
2017-12-22 06:04:52,0,1,2,30.4,3867.1,40000.5,20266.3,74944.3,25.0,0,
2017-12-22 06:04:55,0,1,2,30.4,3868.0,40000.0,20266.3,74944.3,25.0,0,
2017-12-22 06:04:58,0,1,2,30.5,3869.0,39999.5,20332.9,75202.2,25.0,0,
2017-12-22 06:05:01,0,1,2,30.5,3870.0,39999.7,20332.9,75202.2,25.0,0,
2017-12-22 06:05:05,0,1,2,30.6,3870.9,39999.5,20399.6,75460.3,25.0,0,
2017-12-22 06:05:08,0,1,2,30.6,3871.8,40000.2,20399.6,75460.3,24.9,0,
2017-12-22 06:05:11,0,1,2,30.7,3872.7,40000.2,20466.3,75718.4,24.9,0,
2017-12-22 06:05:14,0,1,2,30.7,3873.6,39999.7,20466.3,75718.4,25.0,0,
2017-12-22 06:05:17,0,1,2,30.8,3874.4,40000.0,20532.9,75976.7,24.9,0,
2017-12-22 06:05:20,0,1,2,30.8,3875.5,39999.7,20532.9,75976.7,24.9,0,
2017-12-22 06:05:24,0,1,2,30.9,3876.2,39999.8,20599.6,76235.0,25.0,0,
2017-12-22 06:05:27,0,1,2,30.9,3877.2,39999.8,20599.6,76235.0,25.0,0,
2017-12-22 06:05:30,0,1,2,31.0,3877.9,39999.7,20666.3,76493.5,25.0,0,
2017-12-22 06:05:33,0,1,2,31.0,3879.0,39999.8,20666.3,76493.5,25.0,0,
2017-12-22 06:05:36,0,1,2,31.1,3879.9,39999.9,20732.9,76752.1,25.0,0,
2017-12-22 06:05:39,0,1,2,31.1,3880.6,39999.8,20732.9,76752.1,25.0,0,
2017-12-22 06:05:42,0,1,2,31.2,3881.6,40000.1,20799.6,77010.9,25.0,0,
2017-12-22 06:05:45,0,1,2,31.2,3882.5,40000.3,20799.6,77010.9,25.0,0,
2017-12-22 06:05:48,0,1,2,31.3,3883.4,39999.7,20866.3,77269.7,24.9,0,
2017-12-22 06:05:51,0,1,2,31.4,3884.4,40000.0,20932.9,77528.7,25.0,0,
2017-12-22 06:05:54,0,1,2,31.4,3885.3,40000.0,20932.9,77528.7,24.9,0,
2017-12-22 06:05:57,0,1,2,31.5,3886.2,39999.8,20999.6,77787.7,24.9,0,
2017-12-22 06:06:01,0,1,2,31.5,3887.1,39999.8,20999.6,77787.7,25.0,0,
2017-12-22 06:06:04,0,1,2,31.6,3888.1,39999.7,21066.3,78046.9,25.0,0,
2017-12-22 06:06:07,0,1,2,31.6,3888.9,40000.0,21066.3,78046.9,25.0,0,
2017-12-22 06:06:10,0,1,2,31.7,3889.8,39999.8,21132.9,78306.2,25.0,0,
2017-12-22 06:06:13,0,1,2,31.7,3890.7,39999.7,21132.9,78306.2,25.0,0,
2017-12-22 06:06:16,0,1,2,31.8,3891.6,40000.0,21199.6,78565.6,25.0,0,
2017-12-22 06:06:19,0,1,2,31.8,3892.5,39999.7,21199.6,78565.6,25.0,0,
2017-12-22 06:06:22,0,1,2,31.9,3893.5,40000.2,21266.3,78825.2,25.0,0,
2017-12-22 06:06:25,0,1,2,31.9,3894.3,39999.6,21266.3,78825.2,25.0,0,
2017-12-22 06:06:29,0,1,2,32.0,3895.3,40000.0,21332.9,79084.9,25.0,0,
2017-12-22 06:06:32,0,1,2,32.0,3896.4,39999.4,21332.9,79084.9,25.0,0,
2017-12-22 06:06:35,0,1,2,32.1,3897.2,40000.3,21399.6,79344.6,25.0,0,
2017-12-22 06:06:38,0,1,2,32.1,3898.2,39999.8,21399.6,79344.6,25.0,0,
2017-12-22 06:06:41,0,1,2,32.2,3899.2,39999.0,21466.3,79604.6,25.0,0,
2017-12-22 06:06:44,0,1,2,32.2,3900.2,39999.9,21466.3,79604.6,25.0,0,
2017-12-22 06:06:47,0,1,2,32.3,3900.1,38619.3,21531.8,79860.0,25.0,0,
2017-12-22 06:06:50,0,1,2,32.3,3900.0,37666.9,21531.8,79860.0,25.0,0,
2017-12-22 06:06:53,0,1,2,32.4,3900.2,36732.4,21593.9,80102.6,25.0,0,
2017-12-22 06:06:56,0,1,2,32.4,3900.0,35751.4,21593.9,80102.6,25.0,0,
2017-12-22 06:07:00,0,1,2,32.5,3900.0,34954.3,21653.1,80333.1,25.0,0,
2017-12-22 06:07:03,0,1,2,32.5,3900.0,34245.4,21653.1,80333.1,25.0,0,
2017-12-22 06:07:06,0,1,2,32.6,3900.0,33564.4,21710.0,80555.1,25.0,0,
2017-12-22 06:07:09,0,1,2,32.6,3900.0,32899.0,21710.0,80555.1,25.0,0,
2017-12-22 06:07:12,0,1,2,32.7,3900.0,32021.0,21764.7,80768.5,25.0,0,
2017-12-22 06:07:16,0,1,2,32.8,3900.1,31527.1,21817.4,80973.9,25.0,0,
2017-12-22 06:07:19,0,1,2,32.8,3900.1,30976.5,21817.4,80973.9,25.0,0,
2017-12-22 06:07:22,0,1,2,32.9,3900.0,30361.5,21868.1,81171.8,25.0,0,
2017-12-22 06:07:25,0,1,2,32.9,3900.0,29684.7,21868.1,81171.8,25.0,0,
2017-12-22 06:07:28,0,1,2,33.0,3900.0,29329.5,21917.2,81363.3,25.0,0,
2017-12-22 06:07:32,0,1,2,33.0,3900.0,28658.9,21917.2,81363.3,25.0,0,
2017-12-22 06:07:35,0,1,2,33.1,3900.1,28160.3,21964.5,81547.7,25.0,0,
2017-12-22 06:07:38,0,1,2,33.1,3900.1,27603.5,21964.5,81547.7,25.0,0,
2017-12-22 06:07:41,0,1,2,33.2,3900.0,26999.8,22009.8,81724.4,25.0,0,
2017-12-22 06:07:44,0,1,2,33.2,3900.1,26582.1,22009.8,81724.4,25.0,0,
2017-12-22 06:07:48,0,1,2,33.3,3900.0,26055.3,22053.8,81895.9,25.0,0,
2017-12-22 06:07:51,0,1,2,33.3,3900.1,25614.5,22053.8,81895.9,25.0,0,
2017-12-22 06:07:54,0,1,2,33.4,3900.0,25103.8,22096.1,82061.1,25.0,0,
2017-12-22 06:07:57,0,1,2,33.4,3899.9,24729.6,22096.1,82061.1,24.9,0,
2017-12-22 06:08:00,0,1,2,33.5,3900.1,24285.6,22137.2,82221.3,24.9,0,
2017-12-22 06:08:03,0,1,2,33.5,3900.0,23754.2,22137.2,82221.3,24.9,0,
2017-12-22 06:08:06,0,1,2,33.6,3900.0,23445.4,22176.7,82375.3,24.9,0,
2017-12-22 06:08:09,0,1,2,33.7,3900.0,22980.7,22215.0,82524.7,24.9,0,
2017-12-22 06:08:12,0,1,2,33.7,3900.1,22582.5,22215.0,82524.7,24.9,0,
2017-12-22 06:08:16,0,1,2,33.8,3900.0,22131.3,22251.9,82668.6,24.9,0,
2017-12-22 06:08:19,0,1,2,33.8,3899.9,21745.8,22251.9,82668.6,24.9,0,
2017-12-22 06:08:22,0,1,2,33.9,3899.9,21377.0,22287.7,82808.2,24.9,0,
2017-12-22 06:08:25,0,1,2,33.9,3900.0,21109.4,22287.7,82808.2,24.9,0,
2017-12-22 06:08:28,0,1,2,34.0,3899.9,20628.9,22322.1,82942.6,24.8,0,
2017-12-22 06:08:31,0,1,2,34.0,3899.9,20268.4,22322.1,82942.6,24.8,0,
2017-12-22 06:08:34,0,1,2,34.1,3900.0,19966.7,22355.6,83073.0,24.9,0,
2017-12-22 06:08:38,0,1,2,34.1,3900.1,19580.2,22355.6,83073.0,24.9,0,
2017-12-22 06:08:41,0,1,2,34.2,3900.1,19275.4,22387.9,83198.9,24.9,0,
2017-12-22 06:08:44,0,1,2,34.2,3899.9,18939.4,22387.9,83198.9,24.9,0,
2017-12-22 06:08:47,0,1,2,34.3,3899.8,18564.4,22419.1,83320.5,24.9,0,
2017-12-22 06:08:50,0,1,2,34.3,3900.1,18283.8,22419.1,83320.5,24.9,0,
2017-12-22 06:08:53,0,1,2,34.4,3900.0,17922.3,22449.2,83438.2,24.9,0,
2017-12-22 06:08:56,0,1,2,34.4,3900.1,17663.1,22449.2,83438.2,25.0,0,
2017-12-22 06:09:00,0,1,2,34.5,3899.9,17259.2,22478.3,83551.5,25.0,0,
2017-12-22 06:09:03,0,1,2,34.5,3899.9,16958.0,22478.3,83551.5,25.0,0,
2017-12-22 06:09:06,0,1,2,34.6,3899.9,16661.5,22506.4,83661.2,25.0,0,
2017-12-22 06:09:09,0,1,2,34.6,3900.1,16419.3,22506.4,83661.2,25.0,0,
2017-12-22 06:09:12,0,1,2,34.7,3899.9,16126.2,22533.7,83767.6,24.9,0,
2017-12-22 06:09:16,0,1,2,34.8,3900.1,15884.7,22560.2,83870.8,24.9,0,
2017-12-22 06:09:19,0,1,2,34.8,3900.1,15607.3,22560.2,83870.8,24.9,0,
2017-12-22 06:09:22,0,1,2,34.9,3899.9,15261.2,22585.7,83970.3,24.9,0,
2017-12-22 06:09:25,0,1,2,34.9,3900.0,15031.3,22585.7,83970.3,24.9,0,
2017-12-22 06:09:28,0,1,2,35.0,3900.0,14770.4,22610.4,84066.8,24.9,0,
2017-12-22 06:09:31,0,1,2,35.0,3899.9,14519.2,22610.4,84066.8,24.9,0,
2017-12-22 06:09:34,0,1,2,35.1,3900.0,14296.5,22634.4,84160.2,24.9,0,
2017-12-22 06:09:38,0,1,2,35.1,3900.1,14117.4,22634.4,84160.2,24.9,0,
2017-12-22 06:09:41,0,1,2,35.2,3899.9,13732.7,22657.5,84250.4,24.9,0,
2017-12-22 06:09:44,0,1,2,35.2,3899.9,13567.4,22657.5,84250.4,24.8,0,
2017-12-22 06:09:47,0,1,2,35.3,3900.1,13392.9,22680.0,84338.1,24.9,0,
2017-12-22 06:09:50,0,1,2,35.3,3900.1,13133.7,22680.0,84338.1,24.8,0,
2017-12-22 06:09:53,0,1,2,35.4,3900.0,12872.4,22701.6,84422.6,24.9,0,
2017-12-22 06:09:57,0,1,2,35.4,3899.9,12615.4,22701.6,84422.6,24.9,0,
2017-12-22 06:10:00,0,1,2,35.5,3899.9,12453.1,22722.6,84504.4,24.8,0,
2017-12-22 06:10:03,0,1,2,35.5,3900.0,12235.8,22722.6,84504.4,24.9,0,
2017-12-22 06:10:06,0,1,2,35.6,3900.1,11998.5,22742.9,84583.5,24.8,0,
2017-12-22 06:10:09,0,1,2,35.6,3900.0,11784.0,22742.9,84583.5,24.9,0,
2017-12-22 06:10:13,0,1,2,35.7,3899.9,11636.5,22762.5,84660.0,24.8,0,
2017-12-22 06:10:15,0,1,2,35.8,3899.9,11383.0,22781.5,84734.0,24.8,0,
2017-12-22 06:10:18,0,1,2,35.8,3900.1,11264.3,22781.5,84734.0,24.8,0,
2017-12-22 06:10:22,0,1,2,35.9,3899.9,11047.0,22799.9,84805.9,24.8,0,
2017-12-22 06:10:25,0,1,2,35.9,3899.9,10875.8,22799.9,84805.9,24.8,0,
2017-12-22 06:10:28,0,1,2,36.0,3900.1,10713.1,22817.8,84875.6,24.8,0,
2017-12-22 06:10:31,0,1,2,36.0,3900.1,10506.3,22817.8,84875.6,24.8,0,
2017-12-22 06:10:34,0,1,2,36.1,3899.9,10370.0,22835.1,84943.1,24.8,0,
2017-12-22 06:10:37,0,1,2,36.1,3899.9,10163.3,22835.1,84943.1,24.8,0,
2017-12-22 06:10:40,0,1,2,36.2,3900.0,10035.7,22851.9,85008.5,24.8,0,
2017-12-22 06:10:41,0,1,2,36.2,3900.0,9967.3,22851.9,85008.5,24.8,5,终止电流到
2017-12-22 06:10:43,0,1,2,36.2,3893.0,3.1,22851.9,85008.5,24.8,5,终止电流到
2017-12-22 06:10:46,0,1,2,36.3,3891.6,2.9,22851.9,85008.6,24.8,5,终止电流到
2017-12-22 06:10:50,0,1,2,36.3,3890.8,3.7,22851.9,85008.6,24.8,5,终止电流到
2017-12-22 06:10:53,0,1,2,36.4,3890.2,3.6,22851.9,85008.6,24.8,5,终止电流到
2017-12-22 06:10:56,0,1,2,36.4,3889.6,2.1,22851.9,85008.6,24.8,5,终止电流到
2017-12-22 06:10:59,0,1,2,36.5,3889.1,3.1,22851.9,85008.6,24.8,5,终止电流到
2017-12-22 06:11:02,0,1,2,36.5,3888.7,2.6,22851.9,85008.6,24.8,5,终止电流到
2017-12-22 06:11:07,0,2,3,0.0,3888.1,0,0.0,0.0,24.8,0,
2017-12-22 06:11:30,0,2,3,0.4,3886.8,23.8,0.0,0.0,24.8,0,
2017-12-22 06:11:33,0,2,3,0.4,3886.6,23.5,0.0,0.0,24.7,0,
2017-12-22 06:11:36,0,2,3,0.5,3886.4,23.9,0.0,0.0,24.7,0,
2017-12-22 06:11:39,0,2,3,0.5,3886.3,23.5,0.0,0.0,24.7,0,
2017-12-22 06:11:42,0,2,3,0.6,3886.1,22.9,0.0,0.0,24.8,0,
2017-12-22 06:11:45,0,2,3,0.6,3886.0,23.8,0.0,0.0,24.8,0,
2017-12-22 06:11:49,0,2,3,0.7,3885.8,22.9,0.0,0.0,24.8,0,
2017-12-22 06:11:52,0,2,3,0.7,3885.9,23.1,0.0,0.0,24.8,0,
2017-12-22 06:11:55,0,2,3,0.8,3885.8,21.9,0.0,0.0,24.8,0,
2017-12-22 06:11:58,0,2,3,0.8,3885.6,22.4,0.0,0.0,24.8,0,
2017-12-22 06:12:01,0,2,3,0.9,3885.6,23.4,0.0,0.0,24.8,0,
2017-12-22 06:12:04,0,2,3,0.9,3885.4,23.0,0.0,0.0,24.8,0,
2017-12-22 06:12:07,0,2,3,1.0,3885.5,23.3,0.0,0.0,24.7,0,
2017-12-22 06:12:08,0,2,3,1.0,3885.4,23.6,0.0,0.0,24.8,1,时间到
2017-12-22 06:12:12,0,3,4,0.0,3885.2,0,0.0,0.0,24.8,0,
2017-12-22 06:12:34,0,3,4,0.4,3838.7,-39999.8,266.5,1025.7,24.7,0,
2017-12-22 06:12:38,0,3,4,0.4,3836.2,-39999.7,266.5,1025.7,24.8,0,
2017-12-22 06:12:41,0,3,4,0.5,3834.0,-40000.0,333.2,1281.3,24.8,0,
2017-12-22 06:12:44,0,3,4,0.5,3831.6,-40000.2,333.2,1281.3,24.7,0,
2017-12-22 06:12:47,0,3,4,0.6,3829.7,-40000.5,399.9,1536.7,24.7,0,
2017-12-22 06:12:50,0,3,4,0.6,3827.9,-40000.8,399.9,1536.7,24.7,0,
2017-12-22 06:12:53,0,3,4,0.7,3826.0,-40000.9,466.5,1791.8,24.8,0,
2017-12-22 06:12:56,0,3,4,0.7,3824.2,-40000.9,466.5,1791.8,24.8,0,
2017-12-22 06:13:00,0,3,4,0.8,3822.5,-40000.8,533.2,2046.7,24.8,0,
2017-12-22 06:13:03,0,3,4,0.8,3820.9,-40001.0,533.2,2046.7,24.8,0,
2017-12-22 06:13:06,0,3,4,0.9,3819.3,-40001.4,599.9,2301.4,24.8,0,
2017-12-22 06:13:09,0,3,4,0.9,3817.7,-40001.3,599.9,2301.4,24.8,0,
2017-12-22 06:13:12,0,3,4,1.0,3816.3,-40001.5,666.6,2555.9,24.8,0,
2017-12-22 06:13:15,0,3,4,1.0,3814.8,-40001.4,666.6,2555.9,24.8,0,
2017-12-22 06:13:18,0,3,4,1.1,3813.3,-40001.9,733.2,2810.1,24.8,0,
2017-12-22 06:13:22,0,3,4,1.1,3811.9,-40001.8,733.2,2810.1,24.8,0,
2017-12-22 06:13:25,0,3,4,1.2,3810.4,-40001.7,799.9,3064.3,24.8,0,
2017-12-22 06:13:28,0,3,4,1.2,3809.0,-40001.6,799.9,3064.3,24.7,0,
2017-12-22 06:13:31,0,3,4,1.3,3807.5,-40001.5,866.6,3318.2,24.8,0,
2017-12-22 06:13:34,0,3,4,1.3,3806.3,-40001.7,866.6,3318.2,24.8,0,
2017-12-22 06:13:37,0,3,4,1.4,3804.8,-40002.2,933.2,3572.0,24.8,0,
2017-12-22 06:13:40,0,3,4,1.5,3803.5,-40001.5,999.9,3825.6,24.8,0,
2017-12-22 06:13:44,0,3,4,1.5,3802.1,-40001.7,999.9,3825.6,24.8,0,
2017-12-22 06:13:47,0,3,4,1.6,3800.6,-40001.4,1066.6,4079.0,24.8,0,
2017-12-22 06:13:50,0,3,4,1.6,3799.3,-40001.8,1066.6,4079.0,24.8,0,
2017-12-22 06:13:53,0,3,4,1.7,3798.0,-40001.8,1133.3,4332.2,24.8,0,
2017-12-22 06:13:56,0,3,4,1.7,3796.6,-40001.3,1133.3,4332.2,24.7,0,
2017-12-22 06:14:00,0,3,4,1.8,3795.2,-40001.7,1199.9,4585.3,24.7,0,
2017-12-22 06:14:03,0,3,4,1.8,3793.8,-40001.3,1199.9,4585.3,24.8,0,
2017-12-22 06:14:06,0,3,4,1.9,3792.6,-40001.3,1266.6,4838.2,24.8,0,
2017-12-22 06:14:09,0,3,4,1.9,3791.1,-40001.5,1266.6,4838.2,24.8,0,
2017-12-22 06:14:12,0,3,4,2.0,3789.8,-40001.1,1333.3,5090.9,24.8,0,
2017-12-22 06:14:15,0,3,4,2.0,3788.4,-40001.6,1333.3,5090.9,24.7,0,
2017-12-22 06:14:18,0,3,4,2.1,3787.2,-40001.3,1399.9,5343.5,24.8,0,
2017-12-22 06:14:22,0,3,4,2.1,3785.9,-40002.0,1399.9,5343.5,24.7,0,
2017-12-22 06:14:25,0,3,4,2.2,3784.6,-40001.9,1466.6,5595.9,24.7,0,
2017-12-22 06:14:28,0,3,4,2.2,3783.2,-40001.5,1466.6,5595.9,24.8,0,
2017-12-22 06:14:31,0,3,4,2.3,3782.0,-40002.1,1533.3,5848.1,24.8,0,
2017-12-22 06:14:34,0,3,4,2.3,3780.5,-40001.8,1533.3,5848.1,24.8,0,
2017-12-22 06:14:37,0,3,4,2.4,3779.2,-40001.2,1600.0,6100.1,24.8,0,
2017-12-22 06:14:40,0,3,4,2.5,3777.9,-40001.3,1666.6,6352.0,24.8,0,
2017-12-22 06:14:44,0,3,4,2.5,3776.7,-40001.5,1666.6,6352.0,24.8,0,
2017-12-22 06:14:47,0,3,4,2.6,3775.4,-40001.6,1733.3,6603.7,24.8,0,
2017-12-22 06:14:50,0,3,4,2.6,3774.1,-40001.5,1733.3,6603.7,24.8,0,
2017-12-22 06:14:53,0,3,4,2.7,3772.6,-40001.2,1800.0,6855.3,24.8,0,
2017-12-22 06:14:56,0,3,4,2.7,3771.5,-40001.2,1800.0,6855.3,24.8,0,
2017-12-22 06:14:59,0,3,4,2.8,3770.2,-40001.2,1866.7,7106.7,24.8,0,
2017-12-22 06:15:02,0,3,4,2.8,3768.9,-40001.0,1866.7,7106.7,24.8,0,
2017-12-22 06:15:06,0,3,4,2.9,3767.6,-40001.3,1933.3,7357.9,24.8,0,
2017-12-22 06:15:09,0,3,4,2.9,3766.3,-40001.2,1933.3,7357.9,24.8,0,
2017-12-22 06:15:12,0,3,4,3.0,3765.0,-40001.3,2000.0,7609.0,24.8,0,
2017-12-22 06:15:15,0,3,4,3.0,3763.8,-40000.8,2000.0,7609.0,24.8,0,
2017-12-22 06:15:18,0,3,4,3.1,3762.5,-40001.0,2066.7,7859.9,24.8,0,
2017-12-22 06:15:21,0,3,4,3.1,3761.3,-40000.7,2066.7,7859.9,24.8,0,
2017-12-22 06:15:24,0,3,4,3.2,3760.1,-40001.0,2133.3,8110.6,24.8,0,
2017-12-22 06:15:28,0,3,4,3.2,3758.7,-40001.3,2133.3,8110.6,24.8,0,
2017-12-22 06:15:31,0,3,4,3.3,3757.5,-40000.7,2200.0,8361.2,24.8,0,
2017-12-22 06:15:34,0,3,4,3.3,3756.3,-40001.3,2200.0,8361.2,24.8,0,
2017-12-22 06:15:37,0,3,4,3.4,3755.1,-40000.8,2266.7,8611.6,24.8,0,
2017-12-22 06:15:40,0,3,4,3.4,3754.0,-40000.8,2266.7,8611.6,24.8,0,
2017-12-22 06:15:43,0,3,4,3.5,3752.7,-40000.8,2333.3,8861.9,24.8,0,
2017-12-22 06:15:46,0,3,4,3.6,3751.5,-40000.5,2400.0,9112.0,24.8,0,
2017-12-22 06:15:49,0,3,4,3.6,3750.4,-40001.0,2400.0,9112.0,24.8,0,
2017-12-22 06:15:53,0,3,4,3.7,3749.1,-40000.8,2466.7,9361.9,24.8,0,
2017-12-22 06:15:56,0,3,4,3.7,3747.9,-40000.5,2466.7,9361.9,24.8,0,
2017-12-22 06:15:59,0,3,4,3.8,3746.8,-40001.0,2533.4,9611.7,24.8,0,
2017-12-22 06:16:02,0,3,4,3.8,3745.6,-40000.5,2533.4,9611.7,24.8,0,
2017-12-22 06:16:05,0,3,4,3.9,3744.6,-40000.7,2600.0,9861.4,24.8,0,
2017-12-22 06:16:08,0,3,4,3.9,3743.5,-40000.7,2600.0,9861.4,24.8,0,
2017-12-22 06:16:11,0,3,4,4.0,3742.2,-40001.0,2666.7,10110.9,24.8,0,
2017-12-22 06:16:15,0,3,4,4.0,3741.2,-40000.8,2666.7,10110.9,24.8,0,
2017-12-22 06:16:18,0,3,4,4.1,3740.0,-40000.8,2733.4,10360.3,24.8,0,
2017-12-22 06:16:21,0,3,4,4.1,3738.8,-40000.8,2733.4,10360.3,24.7,0,
2017-12-22 06:16:24,0,3,4,4.2,3737.8,-40000.7,2800.0,10609.5,24.8,0,
2017-12-22 06:16:27,0,3,4,4.2,3736.5,-40000.8,2800.0,10609.5,24.8,0,
2017-12-22 06:16:30,0,3,4,4.3,3735.4,-40000.9,2866.7,10858.6,24.8,0,
2017-12-22 06:16:33,0,3,4,4.3,3734.4,-40001.0,2866.7,10858.6,24.8,0,
2017-12-22 06:16:37,0,3,4,4.4,3733.4,-40000.8,2933.4,11107.6,24.8,0,
2017-12-22 06:16:40,0,3,4,4.4,3732.3,-40000.8,2933.4,11107.6,24.8,0,
2017-12-22 06:16:43,0,3,4,4.5,3731.3,-40000.8,3000.0,11356.4,24.8,0,
2017-12-22 06:16:46,0,3,4,4.5,3730.3,-40000.8,3000.0,11356.4,24.8,0,
2017-12-22 06:16:49,0,3,4,4.6,3729.2,-40000.5,3066.7,11605.1,24.8,0,
2017-12-22 06:16:52,0,3,4,4.6,3728.2,-40000.9,3066.7,11605.1,24.8,0,
2017-12-22 06:16:55,0,3,4,4.7,3727.1,-40000.3,3133.4,11853.6,24.8,0,
2017-12-22 06:16:58,0,3,4,4.8,3726.2,-40000.5,3200.0,12102.0,24.8,0,
2017-12-22 06:17:02,0,3,4,4.8,3725.1,-40000.7,3200.0,12102.0,24.8,0,
2017-12-22 06:17:05,0,3,4,4.9,3724.2,-40001.0,3266.7,12350.4,24.8,0,
2017-12-22 06:17:08,0,3,4,4.9,3723.2,-40000.8,3266.7,12350.4,24.8,0,
2017-12-22 06:17:11,0,3,4,5.0,3722.2,-40000.1,3333.4,12598.5,24.7,0,
2017-12-22 06:17:14,0,3,4,5.0,3721.2,-40001.0,3333.4,12598.5,24.7,0,
2017-12-22 06:17:17,0,3,4,5.1,3720.4,-40000.7,3400.1,12846.6,24.8,0,
2017-12-22 06:17:20,0,3,4,5.1,3719.3,-40000.5,3400.1,12846.6,24.7,0,
2017-12-22 06:17:24,0,3,4,5.2,3718.4,-40000.3,3466.7,13094.5,24.7,0,
2017-12-22 06:17:27,0,3,4,5.2,3717.5,-40000.5,3466.7,13094.5,24.7,0,
2017-12-22 06:17:30,0,3,4,5.3,3716.5,-40000.9,3533.4,13342.3,24.7,0,
2017-12-22 06:17:33,0,3,4,5.3,3715.5,-40000.5,3533.4,13342.3,24.7,0,
2017-12-22 06:17:36,0,3,4,5.4,3714.5,-40000.8,3600.1,13590.0,24.7,0,
2017-12-22 06:17:39,0,3,4,5.4,3713.6,-40000.2,3600.1,13590.0,24.7,0,
2017-12-22 06:17:42,0,3,4,5.5,3712.7,-40000.5,3666.7,13837.6,24.7,0,
2017-12-22 06:17:46,0,3,4,5.5,3711.8,-40000.8,3666.7,13837.6,24.7,0,
2017-12-22 06:17:49,0,3,4,5.6,3711.0,-40000.3,3733.4,14085.0,24.7,0,
2017-12-22 06:17:52,0,3,4,5.6,3710.2,-39999.9,3733.4,14085.0,24.7,0,
2017-12-22 06:17:55,0,3,4,5.7,3709.1,-40000.3,3800.1,14332.4,24.7,0,
2017-12-22 06:17:58,0,3,4,5.7,3708.4,-40000.4,3800.1,14332.4,24.7,0,
2017-12-22 06:18:01,0,3,4,5.8,3707.4,-40000.8,3866.7,14579.6,24.7,0,
2017-12-22 06:18:04,0,3,4,5.9,3706.5,-40000.3,3933.4,14826.7,24.7,0,
2017-12-22 06:18:07,0,3,4,5.9,3705.8,-40000.5,3933.4,14826.7,24.6,0,
2017-12-22 06:18:11,0,3,4,6.0,3704.9,-40000.5,4000.1,15073.7,24.7,0,
2017-12-22 06:18:14,0,3,4,6.0,3703.9,-40000.5,4000.1,15073.7,24.7,0,
2017-12-22 06:18:17,0,3,4,6.1,3703.1,-40000.8,4066.7,15320.6,24.7,0,
2017-12-22 06:18:20,0,3,4,6.1,3702.1,-40000.1,4066.7,15320.6,24.6,0,
2017-12-22 06:18:23,0,3,4,6.2,3701.3,-40000.3,4133.4,15567.3,24.7,0,
2017-12-22 06:18:26,0,3,4,6.2,3700.7,-40000.1,4133.4,15567.3,24.6,0,
2017-12-22 06:18:29,0,3,4,6.3,3699.8,-40000.7,4200.1,15814.0,24.7,0,
2017-12-22 06:18:33,0,3,4,6.3,3698.9,-40000.0,4200.1,15814.0,24.7,0,
2017-12-22 06:18:36,0,3,4,6.4,3698.2,-40000.0,4266.7,16060.6,24.7,0,
2017-12-22 06:18:39,0,3,4,6.4,3697.3,-40000.3,4266.7,16060.6,24.6,0,
2017-12-22 06:18:42,0,3,4,6.5,3696.5,-39999.7,4333.4,16307.0,24.7,0,
2017-12-22 06:18:45,0,3,4,6.5,3695.6,-40000.3,4333.4,16307.0,24.7,0,
2017-12-22 06:18:48,0,3,4,6.6,3694.9,-40000.0,4400.1,16553.4,24.6,0,
2017-12-22 06:18:51,0,3,4,6.6,3694.0,-40000.5,4400.1,16553.4,24.6,0,
2017-12-22 06:18:54,0,3,4,6.7,3693.3,-40000.0,4466.7,16799.6,24.6,0,
2017-12-22 06:18:58,0,3,4,6.7,3692.4,-40000.2,4466.7,16799.6,24.6,0,
2017-12-22 06:19:01,0,3,4,6.8,3691.7,-40000.2,4533.4,17045.8,24.6,0,
2017-12-22 06:19:04,0,3,4,6.8,3690.8,-40000.2,4533.4,17045.8,24.6,0,
2017-12-22 06:19:07,0,3,4,6.9,3690.0,-40000.0,4600.1,17291.8,24.6,0,
2017-12-22 06:19:10,0,3,4,7.0,3689.2,-39999.9,4666.7,17537.8,24.6,0,
2017-12-22 06:19:13,0,3,4,7.0,3688.5,-40000.4,4666.7,17537.8,24.6,0,
2017-12-22 06:19:17,0,3,4,7.1,3687.7,-39999.7,4733.4,17783.6,24.6,0,
2017-12-22 06:19:20,0,3,4,7.1,3686.9,-40000.0,4733.4,17783.6,24.6,0,
2017-12-22 06:19:23,0,3,4,7.2,3686.3,-40000.5,4800.1,18029.4,24.6,0,
2017-12-22 06:19:26,0,3,4,7.2,3685.5,-40000.3,4800.1,18029.4,24.6,0,
2017-12-22 06:19:29,0,3,4,7.3,3684.7,-40000.3,4866.7,18275.1,24.6,0,
2017-12-22 06:19:32,0,3,4,7.3,3684.0,-40000.4,4866.7,18275.1,24.6,0,
2017-12-22 06:19:35,0,3,4,7.4,3683.2,-40000.3,4933.4,18520.6,24.7,0,
2017-12-22 06:19:38,0,3,4,7.4,3682.4,-40000.7,4933.4,18520.6,24.6,0,
2017-12-22 06:19:41,0,3,4,7.5,3681.8,-40000.5,5000.1,18766.1,24.6,0,
2017-12-22 06:19:45,0,3,4,7.5,3680.9,-40000.8,5000.1,18766.1,24.7,0,
2017-12-22 06:19:48,0,3,4,7.6,3680.3,-40000.0,5066.7,19011.5,24.7,0,
2017-12-22 06:19:51,0,3,4,7.6,3679.5,-40000.4,5066.7,19011.5,24.7,0,
2017-12-22 06:19:54,0,3,4,7.7,3678.8,-40000.3,5133.4,19256.8,24.7,0,
2017-12-22 06:19:57,0,3,4,7.7,3678.1,-40000.1,5133.4,19256.8,24.7,0,
2017-12-22 06:20:00,0,3,4,7.8,3677.4,-39999.9,5200.1,19501.9,24.7,0,
2017-12-22 06:20:03,0,3,4,7.8,3676.6,-40000.2,5200.1,19501.9,24.7,0,
2017-12-22 06:20:07,0,3,4,7.9,3675.8,-39999.8,5266.7,19747.0,24.7,0,
2017-12-22 06:20:10,0,3,4,7.9,3675.2,-40000.0,5266.7,19747.0,24.7,0,
2017-12-22 06:20:13,0,3,4,8.0,3674.4,-39999.8,5333.4,19992.0,24.7,0,
2017-12-22 06:20:16,0,3,4,8.1,3673.8,-40000.1,5400.1,20237.0,24.7,0,
2017-12-22 06:20:19,0,3,4,8.1,3673.0,-39999.5,5400.1,20237.0,24.7,0,
2017-12-22 06:20:23,0,3,4,8.2,3672.3,-39999.8,5466.7,20481.8,24.8,0,
2017-12-22 06:20:26,0,3,4,8.2,3671.5,-39999.8,5466.7,20481.8,24.7,0,
2017-12-22 06:20:29,0,3,4,8.3,3671.0,-39999.9,5533.4,20726.5,24.7,0,
2017-12-22 06:20:32,0,3,4,8.3,3670.1,-39999.8,5533.4,20726.5,24.7,0,
2017-12-22 06:20:35,0,3,4,8.4,3669.4,-39999.7,5600.1,20971.1,24.7,0,
2017-12-22 06:20:38,0,3,4,8.4,3668.8,-39999.7,5600.1,20971.1,24.7,0,
2017-12-22 06:20:41,0,3,4,8.5,3668.1,-39999.5,5666.7,21215.7,24.7,0,
2017-12-22 06:20:45,0,3,4,8.5,3667.5,-39999.0,5666.7,21215.7,24.7,0,
2017-12-22 06:20:48,0,3,4,8.6,3666.7,-39999.7,5733.4,21460.2,24.7,0,
2017-12-22 06:20:51,0,3,4,8.6,3666.1,-39999.4,5733.4,21460.2,24.7,0,
2017-12-22 06:20:54,0,3,4,8.7,3665.4,-39999.7,5800.1,21704.5,24.6,0,
2017-12-22 06:20:57,0,3,4,8.7,3664.8,-39999.0,5800.1,21704.5,24.7,0,
2017-12-22 06:21:00,0,3,4,8.8,3664.1,-39999.5,5866.7,21948.8,24.7,0,
2017-12-22 06:21:03,0,3,4,8.8,3663.4,-39999.5,5866.7,21948.8,24.7,0,
2017-12-22 06:21:06,0,3,4,8.9,3662.7,-39999.4,5933.4,22193.0,24.7,0,
2017-12-22 06:21:10,0,3,4,8.9,3662.1,-39999.3,5933.4,22193.0,24.7,0,
2017-12-22 06:21:13,0,3,4,9.0,3661.4,-39999.0,6000.1,22437.1,24.7,0,
2017-12-22 06:21:16,0,3,4,9.0,3660.8,-39999.4,6000.1,22437.1,24.7,0,
2017-12-22 06:21:19,0,3,4,9.1,3660.1,-39999.5,6066.7,22681.2,24.7,0,
2017-12-22 06:21:22,0,3,4,9.1,3659.6,-39999.1,6066.7,22681.2,24.7,0,
2017-12-22 06:21:25,0,3,4,9.2,3658.8,-39999.5,6133.4,22925.1,24.7,0,
2017-12-22 06:21:28,0,3,4,9.3,3658.1,-39999.3,6200.1,23169.0,24.7,0,
2017-12-22 06:21:32,0,3,4,9.3,3657.6,-39999.2,6200.1,23169.0,24.7,0,
2017-12-22 06:21:35,0,3,4,9.4,3656.8,-39999.5,6266.7,23412.8,24.7,0,
2017-12-22 06:21:38,0,3,4,9.4,3656.2,-39999.5,6266.7,23412.8,24.7,0,
2017-12-22 06:21:41,0,3,4,9.5,3655.6,-39999.7,6333.4,23656.5,24.7,0,
2017-12-22 06:21:44,0,3,4,9.5,3655.0,-39999.4,6333.4,23656.5,24.7,0,
2017-12-22 06:21:47,0,3,4,9.6,3654.3,-39999.4,6400.1,23900.1,24.7,0,
2017-12-22 06:21:51,0,3,4,9.6,3653.7,-39999.2,6400.1,23900.1,24.7,0,
2017-12-22 06:21:54,0,3,4,9.7,3653.1,-39999.1,6466.7,24143.7,24.6,0,
2017-12-22 06:21:57,0,3,4,9.7,3652.5,-39999.3,6466.7,24143.7,24.7,0,
2017-12-22 06:22:00,0,3,4,9.8,3651.8,-39999.7,6533.4,24387.2,24.7,0,
2017-12-22 06:22:03,0,3,4,9.8,3651.3,-39999.3,6533.4,24387.2,24.7,0,
2017-12-22 06:22:06,0,3,4,9.9,3650.5,-39999.1,6600.0,24630.5,24.7,0,
2017-12-22 06:22:09,0,3,4,9.9,3649.9,-39999.2,6600.0,24630.5,24.7,0,
2017-12-22 06:22:13,0,3,4,10.0,3649.3,-39999.5,6666.7,24873.9,24.7,0,
2017-12-22 06:22:16,0,3,4,10.0,3648.6,-39999.2,6666.7,24873.9,24.7,0,
2017-12-22 06:22:19,0,3,4,10.1,3648.2,-39999.0,6733.4,25117.1,24.7,0,
2017-12-22 06:22:22,0,3,4,10.1,3647.4,-39999.7,6733.4,25117.1,24.7,0,
2017-12-22 06:22:25,0,3,4,10.2,3646.9,-39999.3,6800.0,25360.2,24.7,0,
2017-12-22 06:22:28,0,3,4,10.2,3646.2,-39999.2,6800.0,25360.2,24.7,0,
2017-12-22 06:22:31,0,3,4,10.3,3645.6,-39999.5,6866.7,25603.3,24.7,0,
2017-12-22 06:22:34,0,3,4,10.4,3645.1,-39999.0,6933.4,25846.3,24.7,0,
2017-12-22 06:22:38,0,3,4,10.4,3644.6,-39998.8,6933.4,25846.3,24.7,0,
2017-12-22 06:22:41,0,3,4,10.5,3643.9,-39999.0,7000.0,26089.2,24.8,0,
2017-12-22 06:22:44,0,3,4,10.5,3643.3,-39999.3,7000.0,26089.2,24.8,0,
2017-12-22 06:22:47,0,3,4,10.6,3642.7,-39999.0,7066.7,26332.1,24.7,0,
2017-12-22 06:22:50,0,3,4,10.6,3642.1,-39998.8,7066.7,26332.1,24.7,0,
2017-12-22 06:22:53,0,3,4,10.7,3641.6,-39999.0,7133.4,26574.8,24.8,0,
2017-12-22 06:22:56,0,3,4,10.7,3641.0,-39999.2,7133.4,26574.8,24.7,0,
2017-12-22 06:23:00,0,3,4,10.8,3640.3,-39999.3,7200.0,26817.5,24.8,0,
2017-12-22 06:23:03,0,3,4,10.8,3639.8,-39998.5,7200.0,26817.5,24.8,0,
2017-12-22 06:23:06,0,3,4,10.9,3639.2,-39998.9,7266.7,27060.1,24.8,0,
2017-12-22 06:23:09,0,3,4,10.9,3638.7,-39998.7,7266.7,27060.1,24.8,0,
2017-12-22 06:23:12,0,3,4,11.0,3637.9,-39998.7,7333.3,27302.7,24.8,0,
2017-12-22 06:23:15,0,3,4,11.0,3637.6,-39999.3,7333.3,27302.7,24.8,0,
2017-12-22 06:23:18,0,3,4,11.1,3636.9,-39998.9,7400.0,27545.2,24.8,0,
2017-12-22 06:23:21,0,3,4,11.1,3636.2,-39999.7,7400.0,27545.2,24.8,0,
2017-12-22 06:23:25,0,3,4,11.2,3635.8,-39999.2,7466.7,27787.5,24.8,0,
2017-12-22 06:23:28,0,3,4,11.2,3635.2,-39998.8,7466.7,27787.5,24.7,0,
2017-12-22 06:23:31,0,3,4,11.3,3634.6,-39998.5,7533.3,28029.9,24.8,0,
2017-12-22 06:23:34,0,3,4,11.3,3634.1,-39999.0,7533.3,28029.9,24.7,0,
2017-12-22 06:23:37,0,3,4,11.4,3633.5,-39999.1,7600.0,28272.1,24.7,0,
2017-12-22 06:23:40,0,3,4,11.4,3633.0,-39998.8,7600.0,28272.1,24.8,0,
2017-12-22 06:23:43,0,3,4,11.5,3632.4,-39998.9,7666.7,28514.3,24.8,0,
2017-12-22 06:23:46,0,3,4,11.6,3631.7,-39999.0,7733.3,28756.4,24.7,0,
2017-12-22 06:23:49,0,3,4,11.6,3631.2,-39999.2,7733.3,28756.4,24.7,0,
2017-12-22 06:23:53,0,3,4,11.7,3630.8,-39999.2,7800.0,28998.5,24.8,0,
2017-12-22 06:23:56,0,3,4,11.7,3630.2,-39998.4,7800.0,28998.5,24.8,0,
2017-12-22 06:23:59,0,3,4,11.8,3629.6,-39998.8,7866.7,29240.4,24.8,0,
2017-12-22 06:24:02,0,3,4,11.8,3629.1,-39999.5,7866.7,29240.4,24.8,0,
2017-12-22 06:24:05,0,3,4,11.9,3628.5,-39999.3,7933.3,29482.3,24.8,0,
2017-12-22 06:24:08,0,3,4,11.9,3628.0,-39999.4,7933.3,29482.3,24.8,0,
2017-12-22 06:24:11,0,3,4,12.0,3627.3,-39999.3,8000.0,29724.2,24.8,0,
2017-12-22 06:24:15,0,3,4,12.0,3626.8,-39999.7,8000.0,29724.2,24.7,0,
2017-12-22 06:24:18,0,3,4,12.1,3626.2,-39999.1,8066.6,29965.9,24.8,0,
2017-12-22 06:24:21,0,3,4,12.1,3625.8,-39999.1,8066.6,29965.9,24.8,0,
2017-12-22 06:24:24,0,3,4,12.2,3625.2,-39999.5,8133.3,30207.6,24.7,0,
2017-12-22 06:24:27,0,3,4,12.2,3624.7,-39999.2,8133.3,30207.6,24.7,0,
2017-12-22 06:24:30,0,3,4,12.3,3624.2,-39999.5,8200.0,30449.2,24.7,0,
2017-12-22 06:24:33,0,3,4,12.3,3623.6,-39999.2,8200.0,30449.2,24.8,0,
2017-12-22 06:24:37,0,3,4,12.4,3623.1,-39999.3,8266.6,30690.8,24.7,0,
2017-12-22 06:24:40,0,3,4,12.4,3622.4,-39999.1,8266.6,30690.8,24.7,0,
2017-12-22 06:24:43,0,3,4,12.5,3622.0,-39999.3,8333.3,30932.3,24.8,0,
2017-12-22 06:24:46,0,3,4,12.5,3621.5,-39999.3,8333.3,30932.3,24.8,0,
2017-12-22 06:24:49,0,3,4,12.6,3620.8,-39999.2,8400.0,31173.7,24.7,0,
2017-12-22 06:24:52,0,3,4,12.7,3620.2,-39998.2,8466.6,31415.0,24.7,0,
2017-12-22 06:24:56,0,3,4,12.7,3619.7,-39999.5,8466.6,31415.0,24.7,0,
2017-12-22 06:24:59,0,3,4,12.8,3619.3,-39999.0,8533.3,31656.3,24.7,0,
2017-12-22 06:25:02,0,3,4,12.8,3618.6,-39999.3,8533.3,31656.3,24.7,0,
2017-12-22 06:25:05,0,3,4,12.9,3618.3,-39999.0,8600.0,31897.5,24.8,0,
2017-12-22 06:25:08,0,3,4,12.9,3617.6,-39999.3,8600.0,31897.5,24.8,0,
2017-12-22 06:25:11,0,3,4,13.0,3617.1,-39999.4,8666.6,32138.7,24.8,0,
2017-12-22 06:25:14,0,3,4,13.0,3616.6,-39999.4,8666.6,32138.7,24.7,0,
2017-12-22 06:25:18,0,3,4,13.1,3616.1,-39999.5,8733.3,32379.8,24.7,0,
2017-12-22 06:25:21,0,3,4,13.1,3615.6,-39999.2,8733.3,32379.8,24.8,0,
2017-12-22 06:25:24,0,3,4,13.2,3615.1,-39999.7,8800.0,32620.8,24.7,0,
2017-12-22 06:25:27,0,3,4,13.2,3614.5,-39999.7,8800.0,32620.8,24.8,0,
2017-12-22 06:25:30,0,3,4,13.3,3614.1,-39999.7,8866.6,32861.7,24.7,0,
2017-12-22 06:25:34,0,3,4,13.3,3613.4,-39999.4,8866.6,32861.7,24.8,0,
2017-12-22 06:25:37,0,3,4,13.4,3613.0,-39998.8,8933.3,33102.6,24.8,0,
2017-12-22 06:25:40,0,3,4,13.4,3612.5,-39998.7,8933.3,33102.6,24.8,0,
2017-12-22 06:25:43,0,3,4,13.5,3611.9,-39999.0,8999.9,33343.4,24.8,0,
2017-12-22 06:25:46,0,3,4,13.5,3611.4,-39999.0,8999.9,33343.4,24.8,0,
2017-12-22 06:25:49,0,3,4,13.6,3611.0,-39999.0,9066.6,33584.1,24.8,0,
2017-12-22 06:25:52,0,3,4,13.7,3610.4,-39999.2,9133.3,33824.8,24.7,0,
2017-12-22 06:25:56,0,3,4,13.7,3609.9,-39999.3,9133.3,33824.8,24.8,0,
2017-12-22 06:25:59,0,3,4,13.8,3609.3,-39999.2,9199.9,34065.5,24.8,0,
2017-12-22 06:26:02,0,3,4,13.8,3608.9,-39999.2,9199.9,34065.5,24.8,0,
2017-12-22 06:26:05,0,3,4,13.9,3608.2,-39999.7,9266.6,34306.0,24.8,0,
2017-12-22 06:26:08,0,3,4,13.9,3607.8,-39999.2,9266.6,34306.0,24.8,0,
2017-12-22 06:26:11,0,3,4,14.0,3607.2,-39999.8,9333.3,34546.5,24.8,0,
2017-12-22 06:26:14,0,3,4,14.0,3606.8,-39999.2,9333.3,34546.5,24.8,0,
2017-12-22 06:26:18,0,3,4,14.1,3606.3,-39999.3,9399.9,34786.9,24.8,0,
2017-12-22 06:26:21,0,3,4,14.1,3605.8,-39999.4,9399.9,34786.9,24.8,0,
2017-12-22 06:26:24,0,3,4,14.2,3605.3,-39999.1,9466.6,35027.3,24.8,0,
2017-12-22 06:26:27,0,3,4,14.2,3604.8,-39999.0,9466.6,35027.3,24.8,0,
2017-12-22 06:26:30,0,3,4,14.3,3604.2,-39999.0,9533.3,35267.6,24.8,0,
2017-12-22 06:26:33,0,3,4,14.3,3603.7,-39998.8,9533.3,35267.6,24.8,0,
2017-12-22 06:26:36,0,3,4,14.4,3603.2,-39999.2,9599.9,35507.8,24.8,0,
2017-12-22 06:26:40,0,3,4,14.4,3602.8,-39998.8,9599.9,35507.8,24.8,0,
2017-12-22 06:26:43,0,3,4,14.5,3602.1,-39998.7,9666.6,35747.9,24.8,0,
2017-12-22 06:26:46,0,3,4,14.5,3601.7,-39999.0,9666.6,35747.9,24.8,0,
2017-12-22 06:26:49,0,3,4,14.6,3601.2,-39998.7,9733.2,35988.0,24.8,0,
2017-12-22 06:26:52,0,3,4,14.6,3600.6,-39999.0,9733.2,35988.0,24.8,0,
2017-12-22 06:26:55,0,3,4,14.7,3600.1,-39999.0,9799.9,36228.0,24.8,0,
2017-12-22 06:26:58,0,3,4,14.8,3599.7,-39998.8,9866.6,36468.0,24.9,0,
2017-12-22 06:27:01,0,3,4,14.8,3599.2,-39998.5,9866.6,36468.0,24.9,0,
2017-12-22 06:27:04,0,3,4,14.9,3598.6,-39998.8,9933.2,36707.9,24.9,0,
2017-12-22 06:27:08,0,3,4,14.9,3598.1,-39998.6,9933.2,36707.9,24.9,0,
2017-12-22 06:27:11,0,3,4,15.0,3597.7,-39999.0,9999.9,36947.7,24.9,0,
2017-12-22 06:27:14,0,3,4,15.0,3597.1,-39999.2,9999.9,36947.7,24.9,0,
2017-12-22 06:27:17,0,3,4,15.1,3596.8,-39999.0,10066.6,37187.5,24.9,0,
2017-12-22 06:27:20,0,3,4,15.1,3596.1,-39998.8,10066.6,37187.5,24.9,0,
2017-12-22 06:27:23,0,3,4,15.2,3595.7,-39998.7,10133.2,37427.2,24.9,0,
2017-12-22 06:27:26,0,3,4,15.2,3595.3,-39999.1,10133.2,37427.2,24.9,0,
2017-12-22 06:27:30,0,3,4,15.3,3594.8,-39999.0,10199.9,37666.9,24.9,0,
2017-12-22 06:27:33,0,3,4,15.3,3594.4,-39998.2,10199.9,37666.9,24.9,0,
2017-12-22 06:27:36,0,3,4,15.4,3593.7,-39998.7,10266.5,37906.4,24.8,0,
2017-12-22 06:27:39,0,3,4,15.4,3593.2,-39999.0,10266.5,37906.4,24.9,0,
2017-12-22 06:27:42,0,3,4,15.5,3592.8,-39998.8,10333.2,38146.0,24.8,0,
2017-12-22 06:27:45,0,3,4,15.5,3592.4,-39998.2,10333.2,38146.0,24.8,0,
2017-12-22 06:27:48,0,3,4,15.6,3591.7,-39999.0,10399.9,38385.4,24.8,0,
2017-12-22 06:27:51,0,3,4,15.6,3591.4,-39998.6,10399.9,38385.4,24.8,0,
2017-12-22 06:27:54,0,3,4,15.7,3590.9,-39998.7,10466.5,38624.8,24.8,0,
2017-12-22 06:27:58,0,3,4,15.7,3590.3,-39998.7,10466.5,38624.8,24.9,0,
2017-12-22 06:28:01,0,3,4,15.8,3589.9,-39999.2,10533.2,38864.2,24.8,0,
2017-12-22 06:28:04,0,3,4,15.8,3589.4,-39998.6,10533.2,38864.2,24.8,0,
2017-12-22 06:28:07,0,3,4,15.9,3588.9,-39998.7,10599.9,39103.4,24.8,0,
2017-12-22 06:28:10,0,3,4,16.0,3588.3,-39998.5,10666.5,39342.6,24.8,0,
2017-12-22 06:28:13,0,3,4,16.0,3587.9,-39998.8,10666.5,39342.6,24.8,0,
2017-12-22 06:28:17,0,3,4,16.1,3587.5,-39998.6,10733.2,39581.8,24.8,0,
2017-12-22 06:28:20,0,3,4,16.1,3587.0,-39998.6,10733.2,39581.8,24.8,0,
2017-12-22 06:28:23,0,3,4,16.2,3586.3,-39998.7,10799.8,39820.8,24.8,0,
2017-12-22 06:28:26,0,3,4,16.2,3585.9,-39998.5,10799.8,39820.8,24.9,0,
2017-12-22 06:28:29,0,3,4,16.3,3585.5,-39999.0,10866.5,40059.9,24.9,0,
2017-12-22 06:28:32,0,3,4,16.3,3584.9,-39999.0,10866.5,40059.9,24.9,0,
2017-12-22 06:28:35,0,3,4,16.4,3584.4,-39998.6,10933.2,40298.8,24.9,0,
2017-12-22 06:28:38,0,3,4,16.4,3584.0,-39999.0,10933.2,40298.8,24.9,0,
2017-12-22 06:28:42,0,3,4,16.5,3583.5,-39998.8,10999.8,40537.7,24.9,0,
2017-12-22 06:28:45,0,3,4,16.5,3582.9,-39998.8,10999.8,40537.7,24.9,0,
2017-12-22 06:28:48,0,3,4,16.6,3582.6,-39998.8,11066.5,40776.5,24.9,0,
2017-12-22 06:28:51,0,3,4,16.6,3582.1,-39998.7,11066.5,40776.5,24.9,0,
2017-12-22 06:28:54,0,3,4,16.7,3581.4,-39998.2,11133.1,41015.3,24.9,0,
2017-12-22 06:28:57,0,3,4,16.7,3581.1,-39998.3,11133.1,41015.3,24.9,0,
2017-12-22 06:29:00,0,3,4,16.8,3580.6,-39998.2,11199.8,41254.0,24.9,0,
2017-12-22 06:29:04,0,3,4,16.8,3580.1,-39998.5,11199.8,41254.0,24.9,0,
2017-12-22 06:29:07,0,3,4,16.9,3579.6,-39999.0,11266.5,41492.7,24.9,0,
2017-12-22 06:29:10,0,3,4,16.9,3579.1,-39998.8,11266.5,41492.7,24.9,0,
2017-12-22 06:29:13,0,3,4,17.0,3578.5,-39999.0,11333.1,41731.3,24.9,0,
2017-12-22 06:29:16,0,3,4,17.1,3578.2,-39999.2,11399.8,41969.8,24.9,0,
2017-12-22 06:29:20,0,3,4,17.1,3577.6,-39998.6,11399.8,41969.8,24.9,0,
2017-12-22 06:29:23,0,3,4,17.2,3577.2,-39998.5,11466.5,42208.3,24.9,0,
2017-12-22 06:29:26,0,3,4,17.2,3576.6,-39999.2,11466.5,42208.3,24.9,0,
2017-12-22 06:29:29,0,3,4,17.3,3576.3,-39998.5,11533.1,42446.7,24.9,0,
2017-12-22 06:29:32,0,3,4,17.3,3575.6,-39999.0,11533.1,42446.7,24.9,0,
2017-12-22 06:29:35,0,3,4,17.4,3575.2,-39998.7,11599.8,42685.0,24.9,0,
2017-12-22 06:29:38,0,3,4,17.4,3574.8,-39998.8,11599.8,42685.0,24.9,0,
2017-12-22 06:29:41,0,3,4,17.5,3574.3,-39998.8,11666.5,42923.3,24.8,0,
2017-12-22 06:29:44,0,3,4,17.5,3573.8,-39998.8,11666.5,42923.3,24.9,0,
2017-12-22 06:29:47,0,3,4,17.6,3573.3,-39998.9,11733.1,43161.5,24.9,0,
2017-12-22 06:29:51,0,3,4,17.6,3572.8,-39999.0,11733.1,43161.5,24.9,0,
2017-12-22 06:29:54,0,3,4,17.7,3572.4,-39998.8,11799.8,43399.6,25.0,0,
2017-12-22 06:29:57,0,3,4,17.7,3571.9,-39998.5,11799.8,43399.6,24.9,0,
2017-12-22 06:30:00,0,3,4,17.8,3571.5,-39999.0,11866.4,43637.7,24.9,0,
2017-12-22 06:30:03,0,3,4,17.8,3570.9,-39998.8,11866.4,43637.7,24.9,0,
2017-12-22 06:30:06,0,3,4,17.9,3570.5,-39998.9,11933.1,43875.8,24.9,0,
2017-12-22 06:30:09,0,3,4,17.9,3569.9,-39999.1,11933.1,43875.8,24.9,0,
2017-12-22 06:30:12,0,3,4,18.0,3569.5,-39998.7,11999.8,44113.7,24.9,0,
2017-12-22 06:30:16,0,3,4,18.0,3569.0,-39998.5,11999.8,44113.7,25.0,0,
2017-12-22 06:30:19,0,3,4,18.1,3568.5,-39998.7,12066.4,44351.6,24.9,0,
2017-12-22 06:30:22,0,3,4,18.1,3568.0,-39998.6,12066.4,44351.6,24.9,0,
2017-12-22 06:30:25,0,3,4,18.2,3567.6,-39999.0,12133.1,44589.5,25.0,0,
2017-12-22 06:30:28,0,3,4,18.2,3567.0,-39998.5,12133.1,44589.5,25.0,0,
2017-12-22 06:30:31,0,3,4,18.3,3566.5,-39999.2,12199.8,44827.3,25.0,0,
2017-12-22 06:30:34,0,3,4,18.4,3566.1,-39998.7,12266.4,45065.0,25.0,0,
2017-12-22 06:30:38,0,3,4,18.4,3565.5,-39999.0,12266.4,45065.0,25.0,0,
2017-12-22 06:30:41,0,3,4,18.5,3565.0,-39999.0,12333.1,45302.7,25.0,0,
2017-12-22 06:30:44,0,3,4,18.5,3564.7,-39998.5,12333.1,45302.7,25.0,0,
2017-12-22 06:30:47,0,3,4,18.6,3564.0,-39998.9,12399.7,45540.3,25.0,0,
2017-12-22 06:30:50,0,3,4,18.6,3563.7,-39998.7,12399.7,45540.3,25.0,0,
2017-12-22 06:30:53,0,3,4,18.7,3563.2,-39998.7,12466.4,45777.8,25.0,0,
2017-12-22 06:30:56,0,3,4,18.7,3562.7,-39999.0,12466.4,45777.8,25.0,0,
2017-12-22 06:31:00,0,3,4,18.8,3562.3,-39998.2,12533.1,46015.3,25.0,0,
2017-12-22 06:31:03,0,3,4,18.8,3561.7,-39998.8,12533.1,46015.3,25.0,0,
2017-12-22 06:31:06,0,3,4,18.9,3561.2,-39998.8,12599.7,46252.7,25.0,0,
2017-12-22 06:31:09,0,3,4,18.9,3560.7,-39999.2,12599.7,46252.7,25.0,0,
2017-12-22 06:31:12,0,3,4,19.0,3560.3,-39998.4,12666.4,46490.0,25.0,0,
2017-12-22 06:31:15,0,3,4,19.0,3559.8,-39998.6,12666.4,46490.0,25.0,0,
2017-12-22 06:31:18,0,3,4,19.1,3559.2,-39999.2,12733.1,46727.3,24.9,0,
2017-12-22 06:31:21,0,3,4,19.1,3558.7,-39998.7,12733.1,46727.3,24.9,0,
2017-12-22 06:31:25,0,3,4,19.2,3558.4,-39999.0,12799.7,46964.6,24.9,0,
2017-12-22 06:31:28,0,3,4,19.2,3557.7,-39999.0,12799.7,46964.6,24.9,0,
2017-12-22 06:31:31,0,3,4,19.3,3557.3,-39998.6,12866.4,47201.7,24.9,0,
2017-12-22 06:31:34,0,3,4,19.4,3556.8,-39998.8,12933.0,47438.8,24.9,0,
2017-12-22 06:31:37,0,3,4,19.4,3556.3,-39998.9,12933.0,47438.8,24.9,0,
2017-12-22 06:31:41,0,3,4,19.5,3555.8,-39998.8,12999.7,47675.9,24.9,0,
2017-12-22 06:31:44,0,3,4,19.5,3555.3,-39998.6,12999.7,47675.9,24.9,0,
2017-12-22 06:31:47,0,3,4,19.6,3554.8,-39998.4,13066.4,47912.9,24.9,0,
2017-12-22 06:31:50,0,3,4,19.6,3554.3,-39998.6,13066.4,47912.9,25.0,0,
2017-12-22 06:31:53,0,3,4,19.7,3553.9,-39998.4,13133.0,48149.8,25.0,0,
2017-12-22 06:31:56,0,3,4,19.7,3553.3,-39998.6,13133.0,48149.8,25.0,0,
2017-12-22 06:31:59,0,3,4,19.8,3552.9,-39998.8,13199.7,48386.6,25.0,0,
2017-12-22 06:32:03,0,3,4,19.8,3552.3,-39998.8,13199.7,48386.6,25.0,0,
2017-12-22 06:32:06,0,3,4,19.9,3551.9,-39998.5,13266.3,48623.4,25.0,0,
2017-12-22 06:32:09,0,3,4,19.9,3551.4,-39998.7,13266.3,48623.4,25.0,0,
2017-12-22 06:32:12,0,3,4,20.0,3551.1,-39998.5,13333.0,48860.2,25.0,0,
2017-12-22 06:32:15,0,3,4,20.0,3550.4,-39998.5,13333.0,48860.2,25.0,0,
2017-12-22 06:32:18,0,3,4,20.1,3550.1,-39998.6,13399.7,49096.8,25.0,0,
2017-12-22 06:32:21,0,3,4,20.1,3549.4,-39998.8,13399.7,49096.8,25.0,0,
2017-12-22 06:32:24,0,3,4,20.2,3548.9,-39998.5,13466.3,49333.4,25.0,0,
2017-12-22 06:32:28,0,3,4,20.2,3548.5,-39998.3,13466.3,49333.4,25.0,0,
2017-12-22 06:32:31,0,3,4,20.3,3547.9,-39998.3,13533.0,49569.9,25.0,0,
2017-12-22 06:32:34,0,3,4,20.3,3547.6,-39998.3,13533.0,49569.9,25.0,0,
2017-12-22 06:32:37,0,3,4,20.4,3546.9,-39998.7,13599.7,49806.4,25.0,0,
2017-12-22 06:32:40,0,3,4,20.4,3546.5,-39998.2,13599.7,49806.4,25.0,0,
2017-12-22 06:32:43,0,3,4,20.5,3546.0,-39998.5,13666.3,50042.8,25.0,0,
2017-12-22 06:32:46,0,3,4,20.6,3545.5,-39998.4,13733.0,50279.2,25.0,0,
2017-12-22 06:32:50,0,3,4,20.6,3545.2,-39998.2,13733.0,50279.2,25.0,0,
2017-12-22 06:32:53,0,3,4,20.7,3544.6,-39998.3,13799.6,50515.5,25.0,0,
2017-12-22 06:32:56,0,3,4,20.7,3544.0,-39998.2,13799.6,50515.5,25.0,0,
2017-12-22 06:32:59,0,3,4,20.8,3543.5,-39998.6,13866.3,50751.7,25.0,0,
2017-12-22 06:33:02,0,3,4,20.8,3543.1,-39998.2,13866.3,50751.7,25.0,0,
2017-12-22 06:33:05,0,3,4,20.9,3542.6,-39998.5,13933.0,50987.9,25.0,0,
2017-12-22 06:33:08,0,3,4,20.9,3542.0,-39998.0,13933.0,50987.9,25.0,0,
2017-12-22 06:33:11,0,3,4,21.0,3541.5,-39998.4,13999.6,51224.0,25.0,0,
2017-12-22 06:33:15,0,3,4,21.0,3541.0,-39998.6,13999.6,51224.0,25.0,0,
2017-12-22 06:33:18,0,3,4,21.1,3540.6,-39998.3,14066.3,51460.0,25.0,0,
2017-12-22 06:33:21,0,3,4,21.1,3540.0,-39998.5,14066.3,51460.0,24.9,0,
2017-12-22 06:33:24,0,3,4,21.2,3539.5,-39998.2,14132.9,51696.0,24.9,0,
2017-12-22 06:33:27,0,3,4,21.2,3539.0,-39998.2,14132.9,51696.0,24.9,0,
2017-12-22 06:33:30,0,3,4,21.3,3538.5,-39998.2,14199.6,51931.9,24.9,0,
2017-12-22 06:33:34,0,3,4,21.3,3538.1,-39998.2,14199.6,51931.9,24.9,0,
2017-12-22 06:33:37,0,3,4,21.4,3537.5,-39999.0,14266.3,52167.7,24.9,0,
2017-12-22 06:33:40,0,3,4,21.4,3537.1,-39998.3,14266.3,52167.7,24.9,0,
2017-12-22 06:33:43,0,3,4,21.5,3536.5,-39998.7,14332.9,52403.5,25.0,0,
2017-12-22 06:33:46,0,3,4,21.5,3536.1,-39998.5,14332.9,52403.5,24.9,0,
2017-12-22 06:33:49,0,3,4,21.6,3535.6,-39998.5,14399.6,52639.2,24.9,0,
2017-12-22 06:33:52,0,3,4,21.7,3535.1,-39998.5,14466.3,52874.9,25.0,0,
2017-12-22 06:33:55,0,3,4,21.7,3534.5,-39998.2,14466.3,52874.9,25.0,0,
2017-12-22 06:33:59,0,3,4,21.8,3534.1,-39998.9,14532.9,53110.5,25.0,0,
2017-12-22 06:34:02,0,3,4,21.8,3533.5,-39998.4,14532.9,53110.5,25.0,0,
2017-12-22 06:34:05,0,3,4,21.9,3533.0,-39998.2,14599.6,53346.0,25.0,0,
2017-12-22 06:34:08,0,3,4,21.9,3532.6,-39998.5,14599.6,53346.0,25.0,0,
2017-12-22 06:34:11,0,3,4,22.0,3532.0,-39998.5,14666.2,53581.4,25.0,0,
2017-12-22 06:34:14,0,3,4,22.0,3531.4,-39998.3,14666.2,53581.4,25.0,0,
2017-12-22 06:34:17,0,3,4,22.1,3530.9,-39998.2,14732.9,53816.8,25.0,0,
2017-12-22 06:34:21,0,3,4,22.1,3530.5,-39998.2,14732.9,53816.8,25.0,0,
2017-12-22 06:34:24,0,3,4,22.2,3529.9,-39998.5,14799.6,54052.2,25.0,0,
2017-12-22 06:34:27,0,3,4,22.2,3529.4,-39997.9,14799.6,54052.2,25.0,0,
2017-12-22 06:34:30,0,3,4,22.3,3528.9,-39998.3,14866.2,54287.4,25.0,0,
2017-12-22 06:34:33,0,3,4,22.3,3528.5,-39997.7,14866.2,54287.4,25.0,0,
2017-12-22 06:34:36,0,3,4,22.4,3528.0,-39998.2,14932.9,54522.6,25.0,0,
2017-12-22 06:34:39,0,3,4,22.4,3527.4,-39998.2,14932.9,54522.6,25.0,0,
2017-12-22 06:34:43,0,3,4,22.5,3527.0,-39998.2,14999.5,54757.7,25.0,0,
2017-12-22 06:34:46,0,3,4,22.5,3526.4,-39998.0,14999.5,54757.7,25.0,0,
2017-12-22 06:34:49,0,3,4,22.6,3525.9,-39998.2,15066.2,54992.8,25.0,0,
2017-12-22 06:34:52,0,3,4,22.6,3525.4,-39998.5,15066.2,54992.8,25.0,0,
2017-12-22 06:34:55,0,3,4,22.7,3524.9,-39998.7,15132.9,55227.8,25.0,0,
2017-12-22 06:34:58,0,3,4,22.8,3524.3,-39998.5,15199.5,55462.7,25.0,0,
2017-12-22 06:35:01,0,3,4,22.8,3523.8,-39998.7,15199.5,55462.7,25.0,0,
2017-12-22 06:35:04,0,3,4,22.9,3523.3,-39998.2,15266.2,55697.6,25.0,0,
2017-12-22 06:35:08,0,3,4,22.9,3522.8,-39998.8,15266.2,55697.6,25.0,0,
2017-12-22 06:35:11,0,3,4,23.0,3522.2,-39998.7,15332.9,55932.4,25.0,0,
2017-12-22 06:35:14,0,3,4,23.0,3521.8,-39998.2,15332.9,55932.4,25.0,0,
2017-12-22 06:35:17,0,3,4,23.1,3521.3,-39998.3,15399.5,56167.2,25.0,0,
2017-12-22 06:35:20,0,3,4,23.1,3520.8,-39998.5,15399.5,56167.2,25.0,0,
2017-12-22 06:35:23,0,3,4,23.2,3520.3,-39998.3,15466.2,56401.8,25.0,0,
2017-12-22 06:35:26,0,3,4,23.2,3519.6,-39998.2,15466.2,56401.8,25.0,0,
2017-12-22 06:35:30,0,3,4,23.3,3519.1,-39998.3,15532.8,56636.4,25.0,0,
2017-12-22 06:35:33,0,3,4,23.3,3518.7,-39998.1,15532.8,56636.4,25.0,0,
2017-12-22 06:35:36,0,3,4,23.4,3518.2,-39998.5,15599.5,56871.0,25.0,0,
2017-12-22 06:35:39,0,3,4,23.4,3517.6,-39998.6,15599.5,56871.0,25.0,0,
2017-12-22 06:35:42,0,3,4,23.5,3517.0,-39998.8,15666.2,57105.4,25.0,0,
2017-12-22 06:35:45,0,3,4,23.5,3516.6,-39998.0,15666.2,57105.4,25.0,0,
2017-12-22 06:35:48,0,3,4,23.6,3516.1,-39998.4,15732.8,57339.8,25.0,0,
2017-12-22 06:35:52,0,3,4,23.6,3515.5,-39998.2,15732.8,57339.8,25.0,0,
2017-12-22 06:35:55,0,3,4,23.7,3515.0,-39998.5,15799.5,57574.2,25.0,0,
2017-12-22 06:35:58,0,3,4,23.7,3514.4,-39998.2,15799.5,57574.2,25.0,0,
2017-12-22 06:36:01,0,3,4,23.8,3513.8,-39998.0,15866.1,57808.4,25.0,0,
2017-12-22 06:36:04,0,3,4,23.9,3513.3,-39998.3,15932.8,58042.6,25.0,0,
2017-12-22 06:36:07,0,3,4,23.9,3512.7,-39998.0,15932.8,58042.6,25.0,0,
2017-12-22 06:36:10,0,3,4,24.0,3512.4,-39998.5,15999.5,58276.8,25.0,0,
2017-12-22 06:36:14,0,3,4,24.0,3511.7,-39998.5,15999.5,58276.8,25.0,0,
2017-12-22 06:36:17,0,3,4,24.1,3511.2,-39998.5,16066.1,58510.8,25.0,0,
2017-12-22 06:36:20,0,3,4,24.1,3510.7,-39998.5,16066.1,58510.8,25.1,0,
2017-12-22 06:36:23,0,3,4,24.2,3510.2,-39998.4,16132.8,58744.8,25.1,0,
2017-12-22 06:36:26,0,3,4,24.2,3509.6,-39998.5,16132.8,58744.8,25.1,0,
2017-12-22 06:36:29,0,3,4,24.3,3509.2,-39998.5,16199.4,58978.8,25.1,0,
2017-12-22 06:36:32,0,3,4,24.3,3508.7,-39998.5,16199.4,58978.8,25.1,0,
2017-12-22 06:36:36,0,3,4,24.4,3508.0,-39998.4,16266.1,59212.6,25.1,0,
2017-12-22 06:36:39,0,3,4,24.4,3507.4,-39997.5,16266.1,59212.6,25.1,0,
2017-12-22 06:36:42,0,3,4,24.5,3507.1,-39998.2,16332.8,59446.4,25.1,0,
2017-12-22 06:36:45,0,3,4,24.5,3506.5,-39997.8,16332.8,59446.4,25.1,0,
2017-12-22 06:36:48,0,3,4,24.6,3506.0,-39997.5,16399.4,59680.2,25.1,0,
2017-12-22 06:36:51,0,3,4,24.6,3505.3,-39998.2,16399.4,59680.2,25.0,0,
2017-12-22 06:36:54,0,3,4,24.7,3504.8,-39998.3,16466.1,59913.8,25.0,0,
2017-12-22 06:36:57,0,3,4,24.7,3504.4,-39998.4,16466.1,59913.8,25.0,0,
2017-12-22 06:37:01,0,3,4,24.8,3503.7,-39998.3,16532.7,60147.4,25.0,0,
2017-12-22 06:37:04,0,3,4,24.8,3503.2,-39998.5,16532.7,60147.4,25.0,0,
2017-12-22 06:37:07,0,3,4,24.9,3502.6,-39998.2,16599.4,60380.9,25.0,0,
2017-12-22 06:37:10,0,3,4,24.9,3502.1,-39998.0,16599.4,60380.9,25.0,0,
2017-12-22 06:37:13,0,3,4,25.0,3501.6,-39998.3,16666.1,60614.4,25.0,0,
2017-12-22 06:37:16,0,3,4,25.1,3501.1,-39998.0,16732.7,60847.7,25.1,0,
2017-12-22 06:37:19,0,3,4,25.1,3500.5,-39998.0,16732.7,60847.7,25.1,0,
2017-12-22 06:37:23,0,3,4,25.2,3500.0,-39998.7,16799.4,61081.1,25.0,0,
2017-12-22 06:37:26,0,3,4,25.2,3499.4,-39999.0,16799.4,61081.1,25.0,0,
2017-12-22 06:37:29,0,3,4,25.3,3498.9,-39998.7,16866.0,61314.3,25.1,0,
2017-12-22 06:37:32,0,3,4,25.3,3498.3,-39998.5,16866.0,61314.3,25.1,0,
2017-12-22 06:37:35,0,3,4,25.4,3497.7,-39998.5,16932.7,61547.5,25.1,0,
2017-12-22 06:37:38,0,3,4,25.4,3497.1,-39998.2,16932.7,61547.5,25.0,0,
2017-12-22 06:37:41,0,3,4,25.5,3496.6,-39998.3,16999.4,61780.5,25.0,0,
2017-12-22 06:37:44,0,3,4,25.5,3496.1,-39997.5,16999.4,61780.5,25.0,0,
2017-12-22 06:37:48,0,3,4,25.6,3495.5,-39997.6,17066.0,62013.6,25.0,0,
2017-12-22 06:37:51,0,3,4,25.6,3495.0,-39998.5,17066.0,62013.6,25.0,0,
2017-12-22 06:37:54,0,3,4,25.7,3494.3,-39997.9,17132.7,62246.5,25.0,0,
2017-12-22 06:37:57,0,3,4,25.7,3493.8,-39998.5,17132.7,62246.5,25.0,0,
2017-12-22 06:38:00,0,3,4,25.8,3493.1,-39998.5,17199.3,62479.4,25.0,0,
2017-12-22 06:38:03,0,3,4,25.8,3492.6,-39997.5,17199.3,62479.4,25.0,0,
2017-12-22 06:38:06,0,3,4,25.9,3491.9,-39997.8,17266.0,62712.2,25.0,0,
2017-12-22 06:38:10,0,3,4,25.9,3491.5,-39998.3,17266.0,62712.2,25.0,0,
2017-12-22 06:38:13,0,3,4,26.0,3490.9,-39998.0,17332.7,62944.9,25.0,0,
2017-12-22 06:38:16,0,3,4,26.0,3490.3,-39998.2,17332.7,62944.9,25.0,0,
2017-12-22 06:38:19,0,3,4,26.1,3489.8,-39998.8,17399.3,63177.6,25.0,0,
2017-12-22 06:38:22,0,3,4,26.2,3489.1,-39998.3,17466.0,63410.2,25.0,0,
2017-12-22 06:38:25,0,3,4,26.2,3488.5,-39997.9,17466.0,63410.2,25.0,0,
2017-12-22 06:38:29,0,3,4,26.3,3487.9,-39998.2,17532.6,63642.7,25.0,0,
2017-12-22 06:38:32,0,3,4,26.3,3487.4,-39997.9,17532.6,63642.7,25.0,0,
2017-12-22 06:38:35,0,3,4,26.4,3486.8,-39998.5,17599.3,63875.1,25.0,0,
2017-12-22 06:38:38,0,3,4,26.4,3486.2,-39998.2,17599.3,63875.1,25.0,0,
2017-12-22 06:38:41,0,3,4,26.5,3485.5,-39997.9,17666.0,64107.5,25.0,0,
2017-12-22 06:38:44,0,3,4,26.5,3484.8,-39998.0,17666.0,64107.5,25.0,0,
2017-12-22 06:38:47,0,3,4,26.6,3484.2,-39997.8,17732.6,64339.7,25.0,0,
2017-12-22 06:38:50,0,3,4,26.6,3483.6,-39997.7,17732.6,64339.7,25.0,0,
2017-12-22 06:38:54,0,3,4,26.7,3483.0,-39998.2,17799.3,64571.9,25.0,0,
2017-12-22 06:38:57,0,3,4,26.7,3482.3,-39998.0,17799.3,64571.9,25.0,0,
2017-12-22 06:39:00,0,3,4,26.8,3481.8,-39997.8,17865.9,64804.0,25.0,0,
2017-12-22 06:39:03,0,3,4,26.8,3481.3,-39998.1,17865.9,64804.0,25.0,0,
2017-12-22 06:39:06,0,3,4,26.9,3480.6,-39997.9,17932.6,65036.1,25.0,0,
2017-12-22 06:39:09,0,3,4,26.9,3479.8,-39998.0,17932.6,65036.1,25.0,0,
2017-12-22 06:39:12,0,3,4,27.0,3479.3,-39998.3,17999.3,65268.0,25.0,0,
2017-12-22 06:39:16,0,3,4,27.0,3478.6,-39998.0,17999.3,65268.0,25.0,0,
2017-12-22 06:39:19,0,3,4,27.1,3478.0,-39997.9,18065.9,65499.9,25.0,0,
2017-12-22 06:39:22,0,3,4,27.1,3477.4,-39998.5,18065.9,65499.9,25.0,0,
2017-12-22 06:39:25,0,3,4,27.2,3476.6,-39997.1,18132.6,65731.7,25.0,0,
2017-12-22 06:39:28,0,3,4,27.3,3476.1,-39997.5,18199.2,65963.4,25.0,0,
2017-12-22 06:39:31,0,3,4,27.3,3475.5,-39997.8,18199.2,65963.4,25.0,0,
2017-12-22 06:39:35,0,3,4,27.4,3474.8,-40001.0,18265.9,66195.1,25.0,0,
2017-12-22 06:39:38,0,3,4,27.4,3474.0,-40000.7,18265.9,66195.1,25.0,0,
2017-12-22 06:39:41,0,3,4,27.5,3473.4,-40001.0,18332.6,66426.6,25.0,0,
2017-12-22 06:39:44,0,3,4,27.5,3472.8,-40001.1,18332.6,66426.6,25.0,0,
2017-12-22 06:39:47,0,3,4,27.6,3472.0,-40000.8,18399.2,66658.1,25.0,0,
2017-12-22 06:39:50,0,3,4,27.6,3471.5,-40000.8,18399.2,66658.1,25.0,0,
2017-12-22 06:39:54,0,3,4,27.7,3470.7,-40001.0,18465.9,66889.5,25.0,0,
2017-12-22 06:39:57,0,3,4,27.7,3469.9,-40000.5,18465.9,66889.5,25.0,0,
2017-12-22 06:40:00,0,3,4,27.8,3469.1,-40001.3,18532.6,67120.9,25.0,0,
2017-12-22 06:40:03,0,3,4,27.8,3468.5,-40001.2,18532.6,67120.9,25.0,0,
2017-12-22 06:40:06,0,3,4,27.9,3467.8,-40000.8,18599.3,67352.1,25.0,0,
2017-12-22 06:40:09,0,3,4,27.9,3467.2,-40001.0,18599.3,67352.1,25.0,0,
2017-12-22 06:40:12,0,3,4,28.0,3466.5,-40001.2,18665.9,67583.2,25.0,0,
2017-12-22 06:40:16,0,3,4,28.0,3465.8,-40000.8,18665.9,67583.2,25.0,0,
2017-12-22 06:40:19,0,3,4,28.1,3465.1,-40000.9,18732.6,67814.3,25.0,0,
2017-12-22 06:40:22,0,3,4,28.1,3464.3,-40001.0,18732.6,67814.3,25.0,0,
2017-12-22 06:40:25,0,3,4,28.2,3463.7,-40001.0,18799.3,68045.2,25.0,0,
2017-12-22 06:40:28,0,3,4,28.2,3463.0,-40000.3,18799.3,68045.2,25.0,0,
2017-12-22 06:40:31,0,3,4,28.3,3462.3,-40000.8,18865.9,68276.1,25.0,0,
2017-12-22 06:40:34,0,3,4,28.4,3461.5,-40001.0,18932.6,68506.9,25.0,0,
2017-12-22 06:40:37,0,3,4,28.4,3460.8,-40000.8,18932.6,68506.9,25.1,0,
2017-12-22 06:40:41,0,3,4,28.5,3460.0,-40001.3,18999.3,68737.6,25.0,0,
2017-12-22 06:40:44,0,3,4,28.5,3459.4,-40000.5,18999.3,68737.6,25.1,0,
2017-12-22 06:40:47,0,3,4,28.6,3458.6,-40001.0,19065.9,68968.2,25.0,0,
2017-12-22 06:40:50,0,3,4,28.6,3457.9,-40000.7,19065.9,68968.2,25.0,0,
2017-12-22 06:40:53,0,3,4,28.7,3457.2,-40000.8,19132.6,69198.7,25.0,0,
2017-12-22 06:40:56,0,3,4,28.7,3456.4,-40001.1,19132.6,69198.7,25.0,0,
2017-12-22 06:40:59,0,3,4,28.8,3455.7,-40000.5,19199.3,69429.1,25.1,0,
2017-12-22 06:41:03,0,3,4,28.8,3454.9,-40000.9,19199.3,69429.1,25.1,0,
2017-12-22 06:41:06,0,3,4,28.9,3454.2,-40000.8,19266.0,69659.4,25.0,0,
2017-12-22 06:41:09,0,3,4,28.9,3453.4,-40000.8,19266.0,69659.4,25.1,0,
2017-12-22 06:41:12,0,3,4,29.0,3452.6,-40000.8,19332.6,69889.6,25.1,0,
2017-12-22 06:41:15,0,3,4,29.0,3452.0,-40000.3,19332.6,69889.6,25.1,0,
2017-12-22 06:41:18,0,3,4,29.1,3451.2,-40000.7,19399.3,70119.7,25.1,0,
2017-12-22 06:41:21,0,3,4,29.1,3450.3,-40001.0,19399.3,70119.7,25.1,0,
2017-12-22 06:41:25,0,3,4,29.2,3449.6,-40001.0,19466.0,70349.8,25.1,0,
2017-12-22 06:41:28,0,3,4,29.2,3448.9,-40000.5,19466.0,70349.8,25.1,0,
2017-12-22 06:41:31,0,3,4,29.3,3448.1,-40000.7,19532.6,70579.7,25.1,0,
2017-12-22 06:41:34,0,3,4,29.3,3447.3,-40000.8,19532.6,70579.7,25.1,0,
2017-12-22 06:41:37,0,3,4,29.4,3446.5,-40001.1,19599.3,70809.5,25.1,0,
2017-12-22 06:41:40,0,3,4,29.5,3445.8,-40000.8,19666.0,71039.2,25.1,0,
2017-12-22 06:41:43,0,3,4,29.5,3445.0,-40001.0,19666.0,71039.2,25.1,0,
2017-12-22 06:41:47,0,3,4,29.6,3444.1,-40000.5,19732.6,71268.9,25.1,0,
2017-12-22 06:41:50,0,3,4,29.6,3443.4,-40000.9,19732.6,71268.9,25.1,0,
2017-12-22 06:41:53,0,3,4,29.7,3442.5,-40000.2,19799.3,71498.4,25.0,0,
2017-12-22 06:41:56,0,3,4,29.7,3441.8,-40001.0,19799.3,71498.4,25.0,0,
2017-12-22 06:41:59,0,3,4,29.8,3440.9,-40001.0,19866.0,71727.8,25.0,0,
2017-12-22 06:42:02,0,3,4,29.8,3440.2,-40001.2,19866.0,71727.8,25.0,0,
2017-12-22 06:42:05,0,3,4,29.9,3439.3,-40001.0,19932.7,71957.1,25.1,0,
2017-12-22 06:42:09,0,3,4,29.9,3438.5,-40001.1,19932.7,71957.1,25.0,0,
2017-12-22 06:42:12,0,3,4,30.0,3437.8,-40001.2,19999.3,72186.3,25.1,0,
2017-12-22 06:42:15,0,3,4,30.0,3436.9,-40000.5,19999.3,72186.3,25.1,0,
2017-12-22 06:42:18,0,3,4,30.1,3436.1,-40000.3,20066.0,72415.4,25.1,0,
2017-12-22 06:42:21,0,3,4,30.1,3435.2,-40000.7,20066.0,72415.4,25.1,0,
2017-12-22 06:42:24,0,3,4,30.2,3434.5,-40000.8,20132.7,72644.4,25.1,0,
2017-12-22 06:42:28,0,3,4,30.2,3433.6,-40000.8,20132.7,72644.4,25.1,0,
2017-12-22 06:42:31,0,3,4,30.3,3432.8,-40000.5,20199.3,72873.3,25.1,0,
2017-12-22 06:42:34,0,3,4,30.3,3431.9,-40000.3,20199.3,72873.3,25.1,0,
2017-12-22 06:42:37,0,3,4,30.4,3431.0,-40000.5,20266.0,73102.1,25.1,0,
2017-12-22 06:42:40,0,3,4,30.4,3430.2,-40000.7,20266.0,73102.1,25.1,0,
2017-12-22 06:42:43,0,3,4,30.5,3429.4,-40000.7,20332.7,73330.8,25.1,0,
2017-12-22 06:42:46,0,3,4,30.6,3428.5,-40001.0,20399.3,73559.4,25.1,0,
2017-12-22 06:42:49,0,3,4,30.6,3427.7,-40001.0,20399.3,73559.4,25.1,0,
2017-12-22 06:42:53,0,3,4,30.7,3426.8,-40000.7,20466.0,73787.9,25.1,0,
2017-12-22 06:42:56,0,3,4,30.7,3425.8,-40000.5,20466.0,73787.9,25.1,0,
2017-12-22 06:42:59,0,3,4,30.8,3425.0,-40000.7,20532.7,74016.2,25.1,0,
2017-12-22 06:43:02,0,3,4,30.8,3424.2,-40000.0,20532.7,74016.2,25.1,0,
2017-12-22 06:43:05,0,3,4,30.9,3423.2,-40000.5,20599.3,74244.5,25.1,0,
2017-12-22 06:43:08,0,3,4,30.9,3422.2,-40000.5,20599.3,74244.5,25.1,0,
2017-12-22 06:43:11,0,3,4,31.0,3421.4,-40000.0,20666.0,74472.6,25.1,0,
2017-12-22 06:43:15,0,3,4,31.0,3420.4,-40000.8,20666.0,74472.6,25.1,0,
2017-12-22 06:43:18,0,3,4,31.1,3419.4,-40000.4,20732.7,74700.6,25.1,0,
2017-12-22 06:43:21,0,3,4,31.1,3418.5,-40000.0,20732.7,74700.6,25.1,0,
2017-12-22 06:43:24,0,3,4,31.2,3417.5,-40000.3,20799.3,74928.4,25.1,0,
2017-12-22 06:43:27,0,3,4,31.2,3416.5,-40000.5,20799.3,74928.4,25.1,0,
2017-12-22 06:43:30,0,3,4,31.3,3415.5,-40000.2,20866.0,75156.2,25.1,0,
2017-12-22 06:43:33,0,3,4,31.3,3414.7,-40000.8,20866.0,75156.2,25.1,0,
2017-12-22 06:43:37,0,3,4,31.4,3413.4,-40000.5,20932.7,75383.8,25.1,0,
2017-12-22 06:43:40,0,3,4,31.4,3412.5,-40000.3,20932.7,75383.8,25.1,0,
2017-12-22 06:43:43,0,3,4,31.5,3411.4,-40000.0,20999.3,75611.3,25.1,0,
2017-12-22 06:43:46,0,3,4,31.5,3410.4,-40000.8,20999.3,75611.3,25.1,0,
2017-12-22 06:43:49,0,3,4,31.6,3409.3,-40000.3,21066.0,75838.7,25.1,0,
2017-12-22 06:43:52,0,3,4,31.7,3408.2,-40000.5,21132.7,76065.9,25.1,0,
2017-12-22 06:43:55,0,3,4,31.7,3407.1,-40000.5,21132.7,76065.9,25.1,0,
2017-12-22 06:43:59,0,3,4,31.8,3405.9,-40000.0,21199.4,76292.9,25.2,0,
2017-12-22 06:44:02,0,3,4,31.8,3404.8,-40000.5,21199.4,76292.9,25.2,0,
2017-12-22 06:44:05,0,3,4,31.9,3403.5,-40000.3,21266.0,76519.9,25.2,0,
2017-12-22 06:44:08,0,3,4,31.9,3402.4,-40000.2,21266.0,76519.9,25.2,0,
2017-12-22 06:44:11,0,3,4,32.0,3401.0,-40000.7,21332.7,76746.6,25.2,0,
2017-12-22 06:44:14,0,3,4,32.0,3400.0,-40000.3,21332.7,76746.6,25.2,0,
2017-12-22 06:44:18,0,3,4,32.1,3398.6,-40000.3,21399.4,76973.3,25.2,0,
2017-12-22 06:44:21,0,3,4,32.1,3397.3,-40000.2,21399.4,76973.3,25.2,0,
2017-12-22 06:44:24,0,3,4,32.2,3395.9,-40000.7,21466.0,77199.7,25.2,0,
2017-12-22 06:44:27,0,3,4,32.2,3394.6,-40000.3,21466.0,77199.7,25.2,0,
2017-12-22 06:44:30,0,3,4,32.3,3393.2,-40000.5,21532.7,77426.0,25.2,0,
2017-12-22 06:44:33,0,3,4,32.3,3391.8,-40000.5,21532.7,77426.0,25.3,0,
2017-12-22 06:44:36,0,3,4,32.4,3390.3,-40000.3,21599.4,77652.1,25.3,0,
2017-12-22 06:44:39,0,3,4,32.4,3388.9,-40000.8,21599.4,77652.1,25.3,0,
2017-12-22 06:44:43,0,3,4,32.5,3387.3,-40000.0,21666.0,77878.0,25.3,0,
2017-12-22 06:44:46,0,3,4,32.5,3385.8,-40000.3,21666.0,77878.0,25.3,0,
2017-12-22 06:44:49,0,3,4,32.6,3384.1,-40000.1,21732.7,78103.6,25.3,0,
2017-12-22 06:44:52,0,3,4,32.6,3382.5,-40000.3,21732.7,78103.6,25.3,0,
2017-12-22 06:44:55,0,3,4,32.7,3380.9,-40000.3,21799.4,78329.1,25.3,0,
2017-12-22 06:44:58,0,3,4,32.8,3379.0,-40000.0,21866.0,78554.4,25.2,0,
2017-12-22 06:45:02,0,3,4,32.8,3377.1,-39999.5,21866.0,78554.4,25.2,0,
2017-12-22 06:45:05,0,3,4,32.9,3375.3,-40000.0,21932.7,78779.4,25.2,0,
2017-12-22 06:45:08,0,3,4,32.9,3373.3,-40000.5,21932.7,78779.4,25.2,0,
2017-12-22 06:45:11,0,3,4,33.0,3371.4,-40000.0,21999.4,79004.2,25.2,0,
2017-12-22 06:45:14,0,3,4,33.0,3369.3,-40000.0,21999.4,79004.2,25.2,0,
2017-12-22 06:45:17,0,3,4,33.1,3367.2,-40000.2,22066.0,79228.7,25.1,0,
2017-12-22 06:45:20,0,3,4,33.1,3364.9,-40000.2,22066.0,79228.7,25.2,0,
2017-12-22 06:45:23,0,3,4,33.2,3362.8,-39999.9,22132.7,79453.0,25.2,0,
2017-12-22 06:45:27,0,3,4,33.2,3360.4,-40000.1,22132.7,79453.0,25.2,0,
2017-12-22 06:45:30,0,3,4,33.3,3358.0,-39999.9,22199.4,79676.9,25.2,0,
2017-12-22 06:45:33,0,3,4,33.3,3355.4,-39999.7,22199.4,79676.9,25.2,0,
2017-12-22 06:45:36,0,3,4,33.4,3352.8,-40000.0,22266.0,79900.5,25.3,0,
2017-12-22 06:45:39,0,3,4,33.4,3350.0,-39999.5,22266.0,79900.5,25.3,0,
2017-12-22 06:45:42,0,3,4,33.5,3347.3,-40000.5,22332.7,80123.8,25.3,0,
2017-12-22 06:45:45,0,3,4,33.5,3344.5,-40000.0,22332.7,80123.8,25.3,0,
2017-12-22 06:45:49,0,3,4,33.6,3341.4,-40001.0,22399.4,80346.7,25.3,0,
2017-12-22 06:45:52,0,3,4,33.6,3338.1,-40001.6,22399.4,80346.7,25.3,0,
2017-12-22 06:45:55,0,3,4,33.7,3334.9,-40001.3,22466.0,80569.3,25.3,0,
2017-12-22 06:45:58,0,3,4,33.7,3331.7,-40001.3,22466.0,80569.3,25.3,0,
2017-12-22 06:46:01,0,3,4,33.8,3328.3,-40001.0,22532.7,80791.4,25.3,0,
2017-12-22 06:46:04,0,3,4,33.8,3325.0,-40001.8,22532.7,80791.4,25.3,0,
2017-12-22 06:46:07,0,3,4,33.9,3321.5,-40002.1,22599.4,81013.0,25.3,0,
2017-12-22 06:46:10,0,3,4,34.0,3317.8,-40002.0,22666.1,81234.2,25.3,0,
2017-12-22 06:46:14,0,3,4,34.0,3314.1,-40001.9,22666.1,81234.2,25.3,0,
2017-12-22 06:46:17,0,3,4,34.1,3310.2,-39999.8,22732.7,81454.9,25.3,0,
2017-12-22 06:46:20,0,3,4,34.1,3306.2,-40000.5,22732.7,81454.9,25.3,0,
2017-12-22 06:46:23,0,3,4,34.2,3302.2,-39999.9,22799.4,81675.1,25.3,0,
2017-12-22 06:46:25,0,3,4,34.2,3300.0,-40000.0,22799.4,81675.1,25.3,3,下限电压到
2017-12-22 06:46:26,0,3,4,34.2,3349.0,20.6,22799.4,81675.1,25.3,3,下限电压到
2017-12-22 06:46:29,0,3,4,34.3,3358.8,20.9,22799.4,81675.2,25.3,3,下限电压到
2017-12-22 06:46:32,0,3,4,34.3,3364.2,21.9,22799.4,81675.2,25.3,3,下限电压到
2017-12-22 06:46:35,0,3,4,34.4,3368.0,22.3,22799.5,81675.4,25.3,3,下限电压到
2017-12-22 06:46:38,0,3,4,34.4,3371.2,20.8,22799.5,81675.4,25.3,3,下限电压到
2017-12-22 06:46:42,0,3,4,34.5,3374.0,21.9,22799.5,81675.5,25.3,3,下限电压到
2017-12-22 06:46:45,0,3,4,34.5,3376.1,21.1,22799.5,81675.5,25.3,3,下限电压到
2017-12-22 06:46:50,0,4,6,0.0,3378.4,0,0.0,0.0,25.3,0,
